#!ascii label  , from subject 3276 vox2ras=TkReg
1771
67151  -51.580  16.349  38.851 0.6999999881
66487  -51.296  15.207  38.244 0.6999999881
67847  -51.679  17.254  38.253 0.6999999881
67156  -51.904  16.221  37.773 0.6999999881
67841  -51.393  17.370  39.330 0.6000000238
67142  -51.470  16.533  39.905 0.5000000000
65854  -47.801  14.384  35.665 0.8999999762
65860  -46.856  14.339  35.708 0.8999999762
63745  -49.533  11.538  31.595 0.8000000119
67854  -51.999  17.171  37.045 0.6999999881
67157  -52.109  16.211  36.946 0.6999999881
66490  -52.113  15.819  36.656 0.6999999881
66489  -51.777  15.358  36.964 0.8000000119
65838  -51.058  14.681  37.238 0.6999999881
66494  -52.127  15.608  36.216 0.6999999881
65845  -50.281  14.417  36.696 0.6999999881
65846  -51.111  14.608  36.374 0.8000000119
65851  -50.281  14.367  35.744 0.8000000119
65850  -49.387  14.294  36.021 0.8000000119
65855  -48.508  14.244  35.379 0.8999999762
65861  -47.680  14.236  34.864 0.8999999762
64514  -46.992  13.164  34.905 0.8999999762
65192  -46.985  13.621  34.569 0.8999999762
64507  -46.957  12.566  35.192 0.8000000119
64508  -47.161  12.090  34.630 0.8000000119
98925  -45.893  8.616  33.289 0.8000000119
60727  -46.500  6.209  30.807 0.8000000119
60722  -46.277  7.349  31.149 0.8000000119
61449  -47.111  7.454  30.930 0.8000000119
61446  -48.445  8.855  32.344 0.8999999762
62174  -48.768  9.310  32.080 0.8000000119
62181  -49.231  9.878  31.674 0.8000000119
64531  -49.052  12.035  31.560 0.8000000119
68535  -51.546  18.176  37.682 0.5000000000
67855  -52.109  16.591  36.653 0.6999999881
66493  -51.790  14.968  35.979 0.6999999881
65856  -49.367  14.172  35.085 1.0000000000
65862  -48.445  14.230  34.424 0.8999999762
65867  -47.191  14.091  34.324 0.8999999762
64515  -47.163  12.580  34.189 0.8999999762
62925  -46.827  10.786  34.315 0.8000000119
63719  -46.968  11.624  34.827 0.8000000119
62157  -46.430  10.134  34.436 0.8000000119
62926  -47.227  10.973  33.730 0.8000000119
61437  -46.756  9.052  32.629 0.8000000119
63720  -47.146  11.601  34.203 0.8999999762
62172  -47.386  9.187  32.360 0.8999999762
62166  -47.745  9.787  32.509 0.8999999762
61444  -46.933  8.354  31.782 0.8000000119
62173  -48.151  9.287  32.087 0.8000000119
62938  -48.271  10.383  32.266 0.8999999762
62939  -48.702  10.650  31.785 0.8000000119
63735  -48.514  11.359  32.176 0.8000000119
64522  -48.175  11.970  32.480 0.8999999762
62945  -48.615  10.031  31.717 0.8000000119
63744  -48.896  11.376  31.696 0.8000000119
62946  -49.059  10.438  31.523 0.8000000119
99485  -49.866  14.642  28.768 0.1000000015
64539  -48.495  13.175  31.327 0.6999999881
99480  -50.006  14.419  28.989 0.2000000030
65211  -49.609  14.384  29.227 0.2000000030
65208  -50.010  13.665  29.444 0.2000000030
64540  -49.223  12.756  30.997 0.6999999881
65207  -49.137  13.956  29.871 0.4000000060
64550  -49.991  12.930  30.077 0.5000000000
67160  -52.179  16.190  36.392 0.6999999881
66499  -52.129  15.380  35.558 0.6999999881
65852  -51.088  14.534  35.419 0.8000000119
66508  -52.198  15.702  33.860 0.6999999881
66504  -52.205  15.527  34.821 0.6999999881
65857  -50.262  14.317  34.783 1.0000000000
66503  -51.839  14.941  34.159 0.6999999881
65868  -47.660  14.275  33.799 1.0000000000
65195  -47.118  13.811  33.768 1.0000000000
65193  -47.202  13.289  33.676 1.0000000000
63726  -47.439  11.603  33.465 0.8999999762
63734  -47.967  11.387  32.730 1.0000000000
62933  -47.603  10.572  33.050 0.8999999762
64521  -47.564  12.520  32.937 1.0000000000
64530  -48.380  12.583  31.942 0.8000000119
65896  -50.304  14.718  27.847 0.1000000015
99469  -47.320  14.669  27.905 0.1000000015
65214  -50.961  13.785  28.039 0.1000000015
99471  -48.699  14.628  28.599 0.1000000015
65202  -48.205  13.638  30.764 0.6999999881
64549  -49.338  13.345  30.380 0.6000000238
64541  -49.901  12.422  30.573 0.6000000238
67861  -52.112  16.797  36.181 0.6999999881
67162  -52.248  16.134  35.599 0.6999999881
66498  -51.793  14.885  35.087 0.6999999881
65858  -51.099  14.532  34.482 0.6999999881
66522  -52.100  15.819  32.017 0.6999999881
66514  -52.166  15.797  32.874 0.6999999881
66507  -51.801  15.082  33.199 0.6999999881
65863  -49.320  14.235  34.088 1.0000000000
67171  -52.109  16.346  31.298 0.8000000119
66513  -51.697  15.276  32.282 0.8000000119
65865  -51.105  14.603  33.508 0.8000000119
65869  -48.368  14.430  33.358 1.0000000000
67174  -52.076  16.751  30.786 0.8000000119
67170  -51.826  15.875  30.796 0.8000000119
65872  -51.092  14.748  32.559 0.8000000119
67173  -51.751  16.396  30.195 0.8000000119
66521  -51.582  15.490  31.336 0.8000000119
65879  -51.064  14.961  31.717 0.8000000119
67881  -51.761  17.452  29.583 0.8000000119
65874  -47.214  14.132  33.442 1.0000000000
67177  -50.937  16.615  28.828 0.8000000119
66531  -50.851  15.777  29.784 0.8000000119
66528  -51.289  15.620  30.533 0.8000000119
66520  -50.964  15.259  30.898 0.8000000119
65196  -47.315  13.630  32.954 1.0000000000
67883  -51.490  17.720  28.572 0.6000000238
65884  -50.345  14.935  31.068 0.6999999881
64529  -47.662  13.134  32.457 1.0000000000
67179  -51.211  17.353  28.002 0.6000000238
66527  -50.367  15.267  30.346 0.6999999881
65890  -49.948  14.983  30.601 0.6999999881
65889  -49.608  14.996  30.791 0.6999999881
65883  -49.284  14.936  31.219 0.6000000238
66519  -49.065  15.183  30.730 0.6000000238
66512  -48.102  15.175  31.502 0.6000000238
99487  -49.510  15.522  29.356 0.6999999881
66526  -49.412  15.222  30.375 0.6000000238
66517  -47.266  15.062  31.234 0.6000000238
65881  -47.377  14.490  31.465 0.6999999881
67187  -50.703  17.080  27.627 0.5000000000
67186  -49.650  16.225  27.896 0.5000000000
66518  -48.020  15.577  30.485 0.6000000238
99486  -48.445  16.190  28.817 0.6000000238
99488  -48.427  15.878  29.535 0.6000000238
99495  -46.960  15.487  30.474 0.5000000000
65888  -47.045  14.811  30.535 0.6000000238
99489  -47.906  16.143  29.432 0.6000000238
99494  -47.152  15.683  30.350 0.5000000000
65199  -48.004  13.466  31.418 0.8000000119
65198  -47.586  13.727  31.981 0.8000000119
65201  -47.485  14.055  31.082 0.6999999881
65205  -47.543  14.288  30.301 0.6000000238
99468  -47.275  14.547  28.591 0.3000000119
99467  -47.823  14.331  28.986 0.3000000119
99472  -48.844  14.450  29.394 0.3000000119
65892  -48.568  14.249  29.604 0.3000000119
65203  -48.828  13.624  30.417 0.6000000238
65887  -47.108  14.620  29.219 0.3000000119
68541  -51.586  18.282  36.646 0.5000000000
67860  -51.884  17.616  36.002 0.6999999881
67864  -52.087  17.054  35.323 0.6000000238
67164  -52.210  16.422  34.591 0.6000000238
67166  -52.140  16.673  33.503 0.6000000238
65864  -50.247  14.357  33.799 0.8000000119
67168  -52.155  16.515  32.396 0.6999999881
65871  -50.242  14.456  32.815 0.8000000119
65878  -50.250  14.629  31.883 0.8000000119
65877  -49.310  14.656  32.120 0.6999999881
65875  -47.494  14.486  32.478 0.8999999762
65876  -48.353  14.743  32.240 0.8000000119
65882  -48.565  15.029  31.522 0.6000000238
66511  -47.755  15.081  31.628 0.6999999881
67181  -51.145  17.593  27.454 0.5000000000
67892  -50.923  17.752  26.837 0.5000000000
67891  -50.113  17.098  26.867 0.5000000000
99496  -46.844  15.865  29.927 0.5000000000
67185  -48.355  16.423  27.845 0.4000000060
99490  -46.353  16.065  29.419 0.4000000060
65893  -48.598  14.125  29.794 0.3000000119
65206  -48.124  14.142  29.803 0.5000000000
99464  -47.750  14.322  29.327 0.3000000119
99481  -46.225  15.883  28.897 0.4000000060
99482  -46.421  15.364  29.080 0.4000000060
99465  -47.594  14.369  29.463 0.3000000119
67867  -51.979  17.447  34.398 0.6000000238
67878  -52.105  17.055  31.161 0.6999999881
65870  -49.284  14.412  33.063 0.8999999762
68569  -50.991  18.679  26.438 0.5000000000
67890  -49.056  16.623  26.837 0.5000000000
67184  -46.925  16.326  28.607 0.4000000060
66525  -46.573  15.482  29.697 0.5000000000
99493  -46.200  16.122  28.656 0.4000000060
67893  -51.244  18.199  27.083 0.5000000000
98926  -46.116  9.047  33.675 0.8000000119
62932  -47.117  10.381  33.589 0.8000000119
63759  -50.714  12.183  29.614 0.3000000119
99466  -47.583  14.454  28.644 0.2000000030
65885  -51.030  15.128  31.250 0.8000000119
65210  -48.274  14.303  29.269 0.3000000119
61424  -54.788  8.148  35.885 0.2000000030
62155  -54.588  8.939  35.269 0.2000000030
62929  -54.415  10.309  34.726 0.2000000030
62162  -54.522  9.597  34.806 0.2000000030
62930  -54.647  9.945  34.266 0.2000000030
62935  -54.615  10.455  33.970 0.2000000030
61421  -54.700  8.117  36.843 0.2000000030
60707  -54.925  7.445  36.498 0.2000000030
62150  -54.528  8.841  36.111 0.2000000030
62154  -54.362  9.576  35.484 0.2000000030
63724  -54.206  11.058  34.922 0.2000000030
63732  -54.560  10.723  33.408 0.3000000119
63731  -54.402  11.043  33.948 0.3000000119
62144  -54.451  8.814  36.784 0.2000000030
62922  -54.123  10.331  35.704 0.2000000030
63748  -54.482  11.147  32.266 0.3000000119
63739  -54.103  11.515  33.418 0.3000000119
61417  -54.448  8.303  38.005 0.3000000119
60703  -54.621  7.659  37.948 0.3000000119
61420  -54.471  8.460  37.299 0.2000000030
63764  -54.590  11.206  29.825 0.1000000015
62916  -53.919  10.012  36.639 0.2000000030
64554  -54.504  11.530  30.752 0.1000000015
64546  -54.512  11.394  31.424 0.3000000119
62149  -54.233  9.449  36.331 0.2000000030
64536  -54.484  11.264  31.866 0.3000000119
64535  -54.119  11.534  32.163 0.3000000119
64526  -54.040  11.550  32.907 0.3000000119
64519  -53.293  12.098  34.441 0.3000000119
63730  -53.944  11.608  34.176 0.4000000060
61412  -53.933  8.366  40.647 0.3000000119
61413  -54.188  8.308  39.803 0.3000000119
60698  -54.315  7.431  39.547 0.3000000119
61415  -54.378  8.300  38.945 0.3000000119
62140  -54.101  9.187  38.319 0.3000000119
60700  -54.612  7.339  38.570 0.3000000119
62909  -53.779  9.860  37.515 0.3000000119
62143  -54.227  9.172  37.282 0.2000000030
62915  -53.627  10.582  36.893 0.2000000030
62921  -53.869  10.701  36.217 0.2000000030
64553  -54.027  11.857  30.300 0.1000000015
64545  -54.070  11.825  31.194 0.3000000119
64534  -53.441  12.195  31.801 0.3000000119
64544  -53.401  12.337  30.740 0.3000000119
63717  -53.990  11.069  35.662 0.2000000030
64533  -52.569  12.531  31.207 0.3000000119
64524  -52.532  12.471  32.352 0.3000000119
63723  -53.743  11.573  35.165 0.3000000119
64525  -53.537  11.969  33.113 0.4000000060
61432  -48.186  8.938  33.707 0.8000000119
62160  -48.614  9.461  33.828 0.8000000119
63712  -48.873  10.926  34.904 0.4000000060
64496  -50.379  12.406  35.922 0.3000000119
64497  -51.371  12.424  36.702 0.3000000119
63708  -52.789  11.589  37.303 0.2000000030
63709  -53.277  11.104  37.131 0.3000000119
62905  -53.662  9.853  38.248 0.3000000119
61439  -48.351  8.782  32.905 0.6999999881
62920  -49.031  10.564  34.368 0.6000000238
64495  -49.593  12.014  35.234 0.4000000060
64504  -52.489  12.109  36.285 0.3000000119
62167  -48.813  9.239  32.814 0.6999999881
62161  -49.024  9.716  33.382 0.6999999881
63713  -49.330  11.262  34.493 0.5000000000
63715  -53.069  11.595  36.609 0.2000000030
62928  -49.260  10.370  33.604 0.6999999881
64501  -49.681  11.867  34.594 0.4000000060
64503  -51.408  12.445  35.422 0.4000000060
63716  -53.530  11.332  36.178 0.2000000030
62168  -49.209  9.735  32.731 0.6999999881
63714  -49.723  11.673  34.118 0.6000000238
64502  -50.306  12.200  34.526 0.4000000060
64505  -53.097  11.761  36.153 0.2000000030
62180  -48.818  9.710  31.672 0.6999999881
62934  -49.483  10.380  32.748 0.6999999881
63721  -49.550  11.087  33.511 0.6999999881
63722  -49.965  11.701  33.458 0.6000000238
64510  -51.421  12.401  34.106 0.4000000060
64511  -52.416  12.361  34.922 0.4000000060
64512  -53.160  11.938  35.541 0.3000000119
62182  -49.480  10.072  31.796 0.6999999881
64523  -51.669  12.421  31.594 0.4000000060
64542  -51.814  12.301  30.139 0.4000000060
64532  -51.780  12.384  30.665 0.3000000119
64517  -51.333  12.358  32.724 0.5000000000
63737  -50.241  11.654  31.887 0.6000000238
64518  -52.459  12.424  33.620 0.4000000060
63747  -51.089  12.071  30.946 0.6000000238
63738  -50.878  12.066  31.758 0.6000000238
63752  -49.898  12.070  30.923 0.6000000238
63746  -50.352  11.899  31.230 0.6000000238
62132  -54.023  8.979  40.021 0.3000000119
62135  -53.685  9.569  39.578 0.3000000119
62136  -54.135  9.038  39.275 0.3000000119
62139  -53.809  9.596  38.850 0.3000000119
60723  -47.730  7.309  32.745 0.6999999881
62153  -48.359  9.733  34.792 0.5000000000
63706  -48.530  10.895  35.452 0.4000000060
63707  -48.971  11.500  35.447 0.3000000119
62908  -53.451  10.444  37.768 0.3000000119
63727  -49.708  11.065  32.711 0.6999999881
62940  -49.599  10.421  32.116 0.6999999881
64509  -50.619  12.140  33.359 0.6000000238
62947  -49.420  10.493  31.762 0.6999999881
63728  -50.217  11.679  32.627 0.6000000238
64516  -50.666  12.109  32.741 0.6000000238
63736  -49.750  11.103  32.076 0.6000000238
63729  -50.639  12.017  32.318 0.6000000238
99016  -46.501  11.802  37.490 0.6999999881
98876  -46.394  8.826  34.065 0.6999999881
59990  -47.410  6.489  32.755 0.6999999881
62159  -48.244  9.262  34.344 0.8000000119
64486  -49.407  12.014  36.428 0.3000000119
98922  -45.923  8.847  34.002 0.6999999881
59993  -44.109  6.545  32.859 0.6999999881
59985  -47.444  7.135  33.237 0.6999999881
98928  -46.072  9.827  35.062 0.6999999881
98924  -46.059  9.568  34.473 0.6999999881
65181  -45.168  13.898  37.300 0.8000000119
64494  -46.259  12.757  36.722 0.8000000119
98977  -46.218  10.290  34.942 0.6999999881
64493  -45.788  13.555  36.707 0.8000000119
64500  -46.633  12.498  35.923 0.6999999881
99460  -46.096  13.750  36.067 0.8000000119
65188  -46.597  13.077  35.735 0.8000000119
99463  -46.190  14.132  35.972 0.8000000119
62904  -53.404  10.258  38.801 0.3000000119
98920  -46.256  7.679  33.768 0.6999999881
61431  -47.844  8.852  34.397 0.6999999881
62914  -48.282  10.257  35.465 0.4000000060
64498  -52.114  12.075  37.479 0.3000000119
63701  -53.096  11.027  38.076 0.3000000119
64485  -46.116  12.655  37.567 0.6999999881
62148  -48.180  9.798  35.317 0.6999999881
63699  -48.591  11.356  36.201 0.3000000119
64484  -45.608  13.338  37.442 0.8000000119
99017  -46.442  12.146  36.992 0.6999999881
99456  -45.058  14.348  37.759 0.6999999881
99457  -45.782  13.920  36.336 0.6999999881
66502  -46.037  14.377  36.534 0.6999999881
99462  -46.749  14.519  36.371 0.6999999881
62901  -53.175  10.234  39.925 0.3000000119
63689  -52.252  11.283  40.196 0.3000000119
63684  -51.813  11.246  41.458 0.3000000119
64478  -46.076  12.493  38.351 0.8000000119
98976  -47.029  7.059  33.605 0.6999999881
64487  -50.388  12.408  37.167 0.3000000119
65176  -44.961  13.678  38.115 0.8000000119
64477  -45.497  13.138  38.261 0.8000000119
65175  -44.534  13.974  38.797 0.8000000119
65821  -45.377  14.399  39.615 0.6999999881
65831  -45.018  14.347  38.450 0.6999999881
65840  -45.653  14.581  38.092 0.6999999881
65841  -46.329  14.624  37.685 0.6999999881
65842  -47.084  14.609  36.955 0.6999999881
65849  -48.505  14.354  36.219 0.6999999881
65843  -48.334  14.369  37.051 0.6999999881
63696  -52.868  11.053  39.200 0.3000000119
63690  -52.804  10.804  39.937 0.3000000119
63683  -51.010  12.032  40.615 0.3000000119
99046  -46.704  10.451  37.170 0.6999999881
98968  -46.944  8.913  35.859 0.6999999881
65820  -44.775  14.169  39.575 0.8000000119
65822  -46.220  14.477  39.619 0.6999999881
65832  -45.659  14.489  38.883 0.6999999881
65833  -46.333  14.554  38.654 0.6999999881
65834  -47.189  14.556  38.300 0.6999999881
65835  -48.196  14.408  38.032 0.6999999881
65836  -49.263  14.325  37.889 0.6999999881
65844  -49.362  14.294  36.948 0.6999999881
67869  -51.940  17.514  33.572 0.5000000000
62907  -48.027  10.305  36.081 0.5000000000
98971  -47.762  9.127  35.437 0.5000000000
65810  -45.996  14.395  40.561 0.6999999881
65801  -46.961  14.221  41.440 0.8000000119
65811  -47.076  14.423  40.458 0.6999999881
65802  -48.158  14.403  41.308 0.6999999881
65795  -49.491  14.684  42.195 0.6999999881
65823  -47.172  14.497  39.410 0.6999999881
65803  -49.219  14.502  40.946 0.6999999881
65813  -49.154  14.512  39.885 0.6999999881
65825  -49.168  14.382  38.867 0.6000000238
65804  -50.045  14.769  40.508 0.6000000238
66479  -51.244  15.647  39.451 0.6000000238
66478  -50.734  14.928  39.086 0.6000000238
66471  -50.687  15.219  40.031 0.6000000238
65837  -50.341  14.478  37.752 0.6000000238
66486  -50.665  14.725  38.449 0.6000000238
67875  -52.074  17.161  31.874 0.6000000238
67872  -52.005  17.320  32.798 0.5000000000
67863  -51.824  17.848  35.115 0.4000000060
68549  -51.777  18.050  33.976 0.5000000000
68543  -51.545  18.484  35.653 0.4000000060
69165  -51.225  19.495  35.255 0.5000000000
63693  -48.756  11.560  37.177 0.3000000119
65793  -47.026  13.563  42.161 0.8000000119
99010  -47.325  8.366  35.044 0.6999999881
62903  -47.692  10.006  36.591 0.5000000000
65170  -44.635  13.833  39.683 0.8000000119
64469  -45.454  12.910  39.030 0.8000000119
65809  -45.117  14.219  40.419 0.8000000119
65789  -49.150  14.543  43.250 0.8000000119
65794  -48.121  14.236  42.351 0.8000000119
66452  -49.584  15.370  43.971 0.6999999881
66455  -49.801  15.360  43.140 0.6999999881
66460  -50.059  15.394  42.621 0.8000000119
65796  -50.050  14.913  41.400 0.6999999881
66465  -51.141  16.118  41.180 0.6999999881
67137  -51.240  16.654  40.811 0.6999999881
66464  -50.700  15.469  41.091 0.6000000238
66472  -51.228  15.873  40.447 0.6000000238
68529  -51.309  18.214  38.716 0.5000000000
69162  -51.205  19.153  36.251 0.3000000119
69164  -50.811  19.852  35.974 0.4000000060
67877  -52.001  17.297  30.559 0.6000000238
67874  -51.888  17.754  31.328 0.5000000000
67871  -51.867  17.984  32.257 0.5000000000
68552  -51.759  18.064  33.164 0.5000000000
68545  -51.622  18.515  34.624 0.4000000060
64489  -51.905  12.015  38.414 0.3000000119
64488  -51.287  12.339  37.839 0.3000000119
63700  -52.535  11.603  38.263 0.3000000119
64462  -46.218  12.114  39.506 0.6000000238
99015  -47.272  10.081  37.652 0.6000000238
63686  -48.155  11.021  37.604 0.5000000000
64479  -49.529  12.149  37.724 0.3000000119
65159  -45.934  12.936  41.199 0.8000000119
64470  -45.969  12.397  39.022 0.8000000119
98915  -46.814  10.497  38.092 0.6999999881
65779  -48.633  14.158  45.646 0.6000000238
65788  -48.099  13.771  43.424 0.8000000119
65157  -44.819  13.776  40.572 0.6999999881
63692  -48.233  10.840  36.639 0.5000000000
65783  -48.629  13.772  44.595 0.8000000119
65800  -45.730  13.922  41.368 0.8000000119
65808  -44.594  14.026  40.268 0.8000000119
66449  -49.454  15.570  44.947 0.6999999881
66450  -49.844  16.031  44.390 0.6999999881
67122  -50.067  16.651  44.238 0.6999999881
66453  -50.100  15.995  43.745 0.6999999881
66456  -50.438  15.921  42.970 0.6999999881
66462  -50.985  16.042  41.820 0.6999999881
67131  -51.089  16.674  41.583 0.6999999881
67125  -50.367  16.657  43.505 0.6999999881
67126  -50.633  16.619  42.811 0.6000000238
67822  -50.652  17.052  42.526 0.6999999881
67835  -51.210  17.422  40.361 0.5000000000
68525  -51.051  18.492  39.858 0.5000000000
69152  -51.172  18.990  38.153 0.4000000060
69156  -51.181  19.006  37.196 0.3000000119
69746  -50.557  20.569  35.339 0.3000000119
69750  -51.106  20.254  33.853 0.2000000030
68554  -51.562  18.686  31.653 0.3000000119
68551  -51.503  18.792  32.701 0.3000000119
69169  -51.307  19.594  33.277 0.3000000119
69167  -51.345  19.476  34.222 0.4000000060
69747  -51.056  20.157  34.620 0.2000000030
68548  -51.555  18.752  33.664 0.4000000060
65780  -49.066  14.607  45.029 0.6999999881
65784  -49.107  14.548  44.230 0.8000000119
66446  -49.212  15.825  45.717 0.6999999881
67809  -49.055  17.208  45.781 0.4000000060
67119  -49.325  16.490  45.459 0.5000000000
67814  -49.232  17.186  45.103 0.5000000000
67818  -50.086  17.407  43.974 0.6000000238
67824  -50.459  17.449  42.416 0.5000000000
68512  -50.589  17.825  41.700 0.4000000060
68518  -50.813  18.108  40.898 0.3000000119
69149  -51.070  19.010  38.997 0.4000000060
69155  -50.780  19.687  37.666 0.3000000119
68517  -50.532  18.907  40.645 0.3000000119
69161  -50.752  19.712  36.752 0.3000000119
68498  -49.227  17.591  44.789 0.4000000060
68507  -50.138  18.110  42.382 0.3000000119
68524  -50.732  19.168  40.140 0.4000000060
69151  -50.746  19.650  38.605 0.3000000119
69735  -50.277  20.282  38.111 0.3000000119
69737  -50.198  20.224  37.156 0.3000000119
68497  -48.878  18.152  45.260 0.4000000060
69122  -48.640  19.036  44.592 0.1000000015
68500  -49.045  18.533  44.246 0.3000000119
69131  -49.406  18.718  42.664 0.1000000015
69134  -49.042  19.351  42.282 0.2000000030
68504  -49.616  18.293  43.503 0.3000000119
69135  -49.629  18.924  41.902 0.3000000119
69142  -50.391  19.607  40.374 0.3000000119
69729  -50.268  20.249  39.073 0.3000000119
69127  -48.750  19.220  43.969 0.1000000015
69130  -48.866  19.256  43.186 0.1000000015
69714  -48.926  20.077  41.909 0.2000000030
68503  -49.018  18.758  43.727 0.1000000015
69718  -49.326  20.341  41.197 0.2000000030
69137  -49.346  19.620  41.662 0.3000000119
69719  -50.016  20.154  40.677 0.3000000119
69722  -50.244  20.260  39.970 0.3000000119
69129  -48.514  19.825  43.664 0.2000000030
69709  -48.779  19.950  42.557 0.2000000030
65848  -47.683  14.484  36.293 0.8000000119
65190  -46.515  13.619  35.622 0.8000000119
61445  -47.893  8.048  31.956 0.8000000119
62175  -49.421  9.846  32.088 0.6999999881
62918  -46.607  11.143  35.022 0.6999999881
61418  -54.613  7.922  37.557 0.2000000030
63763  -53.786  11.765  29.327 0.1000000015
62131  -53.548  9.319  40.618 0.3000000119
62927  -48.945  10.049  33.995 0.6999999881
63753  -50.458  12.137  30.457 0.6000000238
63705  -46.633  11.338  36.122 0.6999999881
65180  -44.692  14.090  38.010 0.8000000119
99014  -46.634  11.223  35.482 0.6999999881
65186  -46.192  13.480  36.195 0.8000000119
66497  -46.529  14.503  36.497 0.6999999881
99461  -45.363  14.287  37.220 0.6999999881
99454  -45.753  14.532  37.336 0.6999999881
99458  -46.281  14.596  36.955 0.6999999881
65824  -48.181  14.465  39.131 0.6999999881
67866  -51.798  17.949  34.656 0.5000000000
65812  -48.165  14.453  40.212 0.6999999881
65814  -50.034  14.622  39.533 0.6000000238
65826  -50.083  14.488  38.621 0.6999999881
65165  -45.125  13.349  39.844 0.8000000119
99048  -46.451  11.703  38.487 0.6999999881
66461  -50.407  15.505  42.101 0.8000000119
67828  -51.038  17.345  41.263 0.6999999881
68556  -51.648  18.362  30.461 0.6000000238
99047  -46.981  10.387  38.696 0.5000000000
65792  -46.318  13.397  41.621 0.8000000119
67120  -49.637  16.549  44.819 0.6999999881
66457  -50.807  16.120  42.446 0.6999999881
67129  -50.907  16.629  42.243 0.6999999881
67821  -50.343  17.377  43.051 0.6000000238
67825  -50.824  17.259  42.025 0.5000000000
66448  -49.032  15.143  45.530 0.6000000238
67117  -49.037  16.431  46.134 0.4000000060
67815  -49.629  17.219  44.562 0.5000000000
68508  -50.477  17.632  42.125 0.4000000060
68511  -50.243  18.539  41.437 0.3000000119
69148  -50.686  19.520  39.585 0.4000000060
68501  -49.430  17.874  44.401 0.4000000060
69138  -49.974  19.482  41.163 0.3000000119
59961  -52.450  6.222  42.472 0.2000000030
59266  -52.468  5.488  42.190 0.2000000030
59267  -52.775  5.354  41.445 0.2000000030
59269  -53.468  5.241  40.694 0.2000000030
60691  -52.690  6.908  41.911 0.2000000030
59963  -52.596  6.161  41.707 0.2000000030
59964  -53.102  6.226  41.081 0.2000000030
60687  -52.809  7.848  43.117 0.2000000030
60686  -52.616  6.996  42.801 0.2000000030
60694  -52.878  6.679  41.430 0.2000000030
59966  -53.860  6.534  40.269 0.2000000030
59270  -54.382  5.443  40.089 0.2000000030
59967  -54.730  6.400  39.332 0.2000000030
59271  -55.060  5.385  39.500 0.1000000015
59968  -55.198  5.904  39.139 0.2000000030
59273  -55.506  5.425  38.914 0.2000000030
61403  -52.932  8.725  43.346 0.2000000030
60692  -52.864  7.762  42.094 0.2000000030
59277  -55.820  5.528  37.828 0.1000000015
59274  -55.727  5.238  38.424 0.1000000015
59276  -55.639  5.774  38.372 0.1000000015
59971  -55.191  6.306  38.576 0.2000000030
59282  -55.732  5.558  35.994 0.1000000015
59279  -55.738  5.526  36.943 0.1000000015
59979  -55.574  6.344  35.404 0.1000000015
61406  -53.017  8.629  42.373 0.2000000030
60695  -53.303  7.350  41.118 0.2000000030
60697  -54.011  7.605  40.320 0.2000000030
59970  -54.851  6.719  38.728 0.2000000030
59973  -55.492  6.245  37.886 0.1000000015
60701  -54.864  6.841  38.391 0.2000000030
59976  -55.526  6.260  36.407 0.1000000015
59974  -55.608  6.169  37.261 0.1000000015
62125  -52.901  9.440  42.614 0.2000000030
61410  -53.406  8.483  41.457 0.2000000030
60705  -55.320  6.524  37.429 0.1000000015
59981  -55.782  6.419  34.419 0.1000000015
60714  -55.303  7.070  34.720 0.1000000015
61434  -54.993  7.758  34.024 0.1000000015
61440  -54.685  8.357  33.491 0.1000000015
63664  -51.681  11.176  43.598 0.2000000030
63663  -50.875  11.548  43.199 0.2000000030
62871  -52.143  10.618  44.910 0.2000000030
98979  -46.493  10.365  44.952 0.2000000030
63675  -51.667  11.167  42.585 0.2000000030
62875  -47.520  10.722  44.520 0.2000000030
63650  -48.010  10.876  43.890 0.2000000030
63661  -48.979  11.433  42.541 0.2000000030
63662  -49.908  11.915  42.852 0.2000000030
63674  -50.899  11.707  42.052 0.2000000030
62122  -52.580  9.587  43.615 0.2000000030
99018  -47.709  11.269  43.983 0.2000000030
63660  -48.154  11.250  42.242 0.2000000030
63673  -49.876  12.061  41.637 0.2000000030
63672  -48.912  11.639  41.141 0.2000000030
63671  -47.918  11.107  40.330 0.2000000030
63682  -49.774  12.240  40.482 0.2000000030
63681  -48.924  11.857  39.669 0.2000000030
60708  -55.276  6.759  36.860 0.1000000015
60704  -54.953  7.098  37.662 0.1000000015
62177  -54.563  8.988  31.992 0.1000000015
62877  -52.176  10.608  43.951 0.2000000030
62121  -52.348  10.116  43.809 0.2000000030
62118  -52.320  10.033  44.334 0.2000000030
98908  -42.581  10.724  45.500 0.3000000119
98708  -43.449  10.420  45.627 0.3000000119
98757  -43.369  10.247  45.159 0.2000000030
98981  -46.466  10.844  45.316 0.2000000030
98980  -45.053  10.466  45.614 0.2000000030
98791  -47.380  11.249  44.570 0.2000000030
99050  -47.587  11.413  41.700 0.3000000119
62128  -53.150  9.350  41.649 0.2000000030
64465  -50.859  12.260  40.108 0.2000000030
63688  -51.601  11.926  39.609 0.2000000030
63680  -48.072  11.211  38.813 0.2000000030
64463  -49.827  12.302  39.657 0.2000000030
64473  -51.007  12.294  39.741 0.2000000030
63687  -48.792  11.742  38.320 0.2000000030
64472  -50.463  12.379  39.245 0.2000000030
64481  -51.337  12.275  38.910 0.2000000030
64471  -49.636  12.211  38.829 0.2000000030
64480  -50.437  12.383  38.297 0.2000000030
61428  -54.987  7.715  34.875 0.1000000015
60712  -55.084  7.071  35.774 0.1000000015
60711  -54.899  7.593  35.911 0.1000000015
62949  -54.759  9.991  31.149 0.1000000015
62170  -54.525  8.723  32.839 0.1000000015
63644  -50.992  11.400  45.227 0.2000000030
63654  -51.728  11.199  44.577 0.2000000030
62878  -52.366  10.210  43.437 0.2000000030
62882  -52.138  10.627  43.083 0.2000000030
62883  -52.585  10.120  42.803 0.2000000030
63614  -42.505  10.748  46.618 0.3000000119
98963  -43.386  10.640  46.135 0.3000000119
62891  -52.272  10.611  42.156 0.2000000030
62855  -41.264  10.832  45.810 0.3000000119
63625  -42.846  10.678  46.055 0.3000000119
98966  -44.583  10.515  45.825 0.3000000119
98965  -44.862  10.759  46.120 0.3000000119
98967  -45.670  10.961  46.120 0.4000000060
98822  -47.512  11.386  44.321 0.3000000119
98872  -47.583  11.600  43.779 0.3000000119
99049  -47.521  11.829  42.984 0.5000000000
62896  -52.550  10.656  41.182 0.2000000030
62892  -52.842  10.081  41.902 0.2000000030
98841  -47.265  11.216  41.103 0.5000000000
99078  -47.086  10.779  40.335 0.3000000119
62890  -47.398  10.892  39.839 0.3000000119
62895  -47.385  10.788  38.877 0.3000000119
62899  -47.619  10.642  37.931 0.3000000119
61425  -54.924  7.763  35.492 0.1000000015
61433  -54.798  8.400  34.184 0.1000000015
61427  -54.787  8.340  35.007 0.1000000015
62169  -54.569  9.145  33.311 0.1000000015
62176  -54.569  9.337  32.455 0.1000000015
62941  -54.633  10.061  32.429 0.1000000015
62936  -54.655  10.051  33.479 0.1000000015
63638  -51.042  11.350  46.187 0.2000000030
62868  -52.075  10.514  45.873 0.2000000030
63645  -51.694  11.105  45.544 0.2000000030
63626  -44.659  11.033  46.449 0.4000000060
64437  -46.451  11.433  46.093 0.4000000060
63634  -46.447  11.262  45.839 0.4000000060
99019  -47.546  11.817  44.441 0.5000000000
62897  -53.049  10.054  40.952 0.2000000030
99077  -47.123  11.474  41.358 0.5000000000
99100  -46.825  11.380  40.750 0.5000000000
98911  -46.810  10.612  39.694 0.5000000000
98874  -46.824  10.575  38.329 0.5000000000
62163  -54.634  9.195  34.327 0.1000000015
63741  -54.586  10.712  32.704 0.1000000015
65152  -48.003  13.162  44.193 0.6999999881
64439  -47.754  12.497  45.589 0.6000000238
65148  -47.794  12.631  44.290 0.6000000238
65787  -47.402  13.206  42.890 0.6000000238
64438  -47.192  11.902  45.879 0.6000000238
64441  -47.649  12.251  45.227 0.6000000238
65151  -47.578  12.720  43.523 0.6000000238
65154  -46.567  12.966  41.781 0.6000000238
65155  -47.141  12.582  42.283 0.6000000238
64454  -45.686  12.767  40.248 0.6000000238
64450  -46.659  12.211  41.323 0.6000000238
64455  -46.441  11.927  40.348 0.5000000000
62900  -52.809  10.621  40.439 0.2000000030
99099  -46.746  11.045  40.090 0.5000000000
99075  -46.736  10.910  39.125 0.5000000000
63756  -54.825  11.138  30.909 0.1000000015
64552  -53.312  12.291  29.828 0.1000000015
63769  -51.538  11.957  28.502 0.1000000015
63762  -53.003  12.172  29.035 0.1000000015
63768  -50.940  12.075  28.949 0.1000000015
64551  -52.750  12.322  29.540 0.2000000030
63761  -52.182  12.119  29.223 0.2000000030
64543  -52.460  12.433  30.115 0.2000000030
63760  -51.396  11.992  29.353 0.1000000015
63755  -51.803  12.203  29.766 0.2000000030
99476  -46.410  15.356  27.737 0.1000000015
64557  -50.666  12.882  28.992 0.1000000015
67183  -46.163  16.094  27.036 0.1000000015
99474  -46.537  14.969  28.466 0.2000000030
63754  -51.301  12.047  30.118 0.2000000030
67888  -46.932  16.561  26.920 0.2000000030
99484  -46.035  15.884  28.252 0.1000000015
99483  -46.260  15.476  28.579 0.2000000030
67897  -48.575  17.077  26.026 0.2000000030
67889  -47.851  16.709  27.054 0.2000000030
99492  -46.181  16.142  28.126 0.2000000030
99491  -46.121  16.122  28.417 0.2000000030
99497  -45.990  16.045  28.606 0.3000000119
99473  -46.468  15.128  28.864 0.3000000119
68559  -51.520  18.485  29.258 0.4000000060
68562  -51.382  18.616  28.256 0.5000000000
67899  -50.395  17.742  26.259 0.4000000060
69173  -51.375  19.516  30.973 0.3000000119
69175  -51.377  19.389  29.861 0.2000000030
69759  -51.217  20.353  30.312 0.2000000030
69177  -51.298  19.388  28.832 0.4000000060
69761  -51.177  20.238  29.317 0.2000000030
63694  -51.755  11.983  39.128 0.2000000030
64482  -51.816  11.999  38.886 0.2000000030
63750  -54.821  10.678  31.145 0.1000000015
62948  -54.708  10.341  31.619 0.1000000015
63749  -54.700  10.902  31.774 0.2000000030
62942  -54.642  9.773  31.878 0.1000000015
64558  -51.080  12.356  28.585 0.1000000015
68568  -50.748  18.118  26.213 0.3000000119
63740  -54.373  11.211  32.965 0.2000000030
63695  -52.149  11.712  39.101 0.2000000030
99076  -47.195  10.776  40.005 0.5000000000
64464  -50.492  12.338  39.991 0.2000000030
65149  -48.146  12.826  45.025 0.6000000238
99470  -47.081  14.894  27.347 0.1000000015
67898  -49.640  17.440  25.991 0.3000000119
70378  -51.025  21.139  29.689 0.3000000119
98746  -42.132  9.853  46.056 0.2000000030
98726  -40.298  9.988  45.724 0.2000000030
98727  -41.010  9.895  45.905 0.2000000030
61381  -39.104  7.860  49.288 0.2000000030
60671  -39.031  6.874  49.062 0.2000000030
98768  -38.866  7.283  48.289 0.2000000030
98754  -39.052  8.194  46.670 0.2000000030
98742  -39.713  8.662  46.347 0.2000000030
98732  -39.111  9.137  45.776 0.2000000030
63584  -39.179  10.857  50.313 0.2000000030
62828  -39.887  9.300  49.531 0.2000000030
62827  -38.929  10.268  49.514 0.2000000030
62839  -39.068  9.525  49.203 0.2000000030
62076  -38.995  8.879  48.969 0.2000000030
62838  -38.488  9.806  48.890 0.2000000030
62082  -38.289  8.256  48.568 0.2000000030
61380  -38.493  7.392  48.720 0.2000000030
98786  -38.183  7.345  48.298 0.2000000030
98782  -37.630  8.115  48.083 0.2000000030
98783  -37.217  8.457  47.595 0.2000000030
98764  -37.771  7.922  47.522 0.2000000030
98767  -38.508  7.362  47.973 0.2000000030
98741  -38.874  8.398  46.117 0.2000000030
98765  -37.786  8.264  47.402 0.2000000030
98731  -38.094  9.391  46.108 0.2000000030
98725  -39.566  9.729  46.156 0.2000000030
64396  -39.842  12.265  52.172 0.1000000015
63559  -39.029  12.059  51.923 0.1000000015
63569  -38.549  11.606  51.325 0.1000000015
63583  -37.672  11.361  50.358 0.2000000030
98832  -37.790  10.540  48.972 0.2000000030
98833  -37.869  9.325  48.321 0.2000000030
98784  -37.408  9.017  47.793 0.2000000030
98766  -37.097  9.139  47.258 0.2000000030
98861  -38.446  10.089  46.780 0.3000000119
98900  -39.262  10.129  47.040 0.4000000060
98717  -40.611  10.237  45.750 0.2000000030
63627  -45.746  11.487  46.933 0.4000000060
64433  -46.478  11.679  46.576 0.3000000119
65061  -42.748  13.605  61.458 0.1000000015
65102  -42.595  13.190  54.351 0.1000000015
65092  -42.894  13.637  55.114 0.1000000015
65100  -40.535  13.274  53.955 0.1000000015
65108  -40.920  13.053  53.342 0.1000000015
64395  -39.005  12.441  52.569 0.1000000015
63558  -38.113  12.178  52.461 0.1000000015
63568  -37.651  11.573  51.745 0.1000000015
98859  -37.676  10.360  47.196 0.3000000119
98898  -38.662  10.596  47.471 0.3000000119
98737  -39.673  10.442  47.658 0.3000000119
98730  -39.966  10.155  47.230 0.4000000060
63613  -41.445  10.456  46.621 0.3000000119
63615  -43.977  11.442  47.346 0.4000000060
98954  -40.798  10.291  47.231 0.4000000060
65145  -47.497  12.527  46.500 0.5000000000
65056  -42.423  14.128  61.979 0.1000000015
65055  -41.920  13.533  62.182 0.1000000015
65694  -40.594  14.276  62.973 0.1000000015
65042  -39.709  13.876  63.090 0.1000000015
65707  -43.330  14.385  60.125 0.1000000015
65702  -42.542  14.654  61.612 0.1000000015
65717  -44.003  14.121  58.636 0.1000000015
65714  -43.662  14.271  59.359 0.1000000015
65720  -43.784  14.458  57.477 0.1000000015
65721  -43.986  14.039  57.922 0.1000000015
65729  -43.527  14.461  56.765 0.1000000015
65739  -42.472  14.389  55.501 0.1000000015
65728  -42.925  14.827  56.168 0.1000000015
65101  -41.606  13.392  54.045 0.1000000015
65091  -41.998  13.926  54.808 0.1000000015
65090  -40.901  13.845  54.761 0.1000000015
65099  -39.760  13.243  54.163 0.1000000015
64384  -38.655  12.746  53.202 0.1000000015
99037  -37.474  11.784  52.343 0.1000000015
98944  -37.023  11.346  51.682 0.1000000015
98785  -37.478  10.376  48.438 0.2000000030
98802  -37.125  10.901  49.309 0.2000000030
98896  -37.936  11.350  48.386 0.3000000119
98780  -39.271  10.940  48.272 0.3000000119
63604  -41.380  10.530  47.489 0.4000000060
98762  -39.756  10.602  48.098 0.4000000060
98953  -40.374  10.690  48.302 0.4000000060
63605  -42.875  11.303  48.163 0.4000000060
63616  -45.163  11.609  47.316 0.5000000000
63617  -45.816  11.801  47.435 0.5000000000
64434  -47.088  12.326  46.817 0.5000000000
63606  -43.773  11.713  48.131 0.4000000060
64427  -44.994  11.888  47.919 0.5000000000
64428  -45.712  12.089  47.840 0.5000000000
64429  -46.499  12.298  47.521 0.5000000000
65146  -48.039  13.028  46.242 0.5000000000
65695  -41.137  14.701  62.835 0.1000000015
65686  -40.193  14.791  63.248 0.1000000015
65685  -39.076  14.575  63.605 0.1000000015
65708  -43.519  13.922  59.806 0.1000000015
65703  -43.075  14.490  60.984 0.1000000015
65696  -42.095  14.734  62.301 0.1000000015
66381  -43.910  14.826  58.808 0.1000000015
66375  -43.221  15.312  59.928 0.1000000015
66369  -42.658  15.439  60.978 0.1000000015
66390  -43.862  14.666  57.818 0.1000000015
66385  -43.938  14.773  58.212 0.1000000015
66380  -43.529  15.291  59.229 0.1000000015
66397  -43.183  15.084  56.741 0.1000000015
65738  -41.389  14.530  55.438 0.1000000015
65089  -39.645  13.410  54.899 0.1000000015
64374  -37.806  12.704  53.984 0.1000000015
64366  -38.590  13.082  54.739 0.1000000015
99027  -37.025  12.133  52.798 0.1000000015
98999  -37.144  11.567  52.226 0.1000000015
98946  -36.140  11.227  51.668 0.1000000015
98945  -36.798  11.289  51.064 0.2000000030
98858  -37.146  11.201  49.555 0.2000000030
98951  -39.929  11.324  48.913 0.3000000119
63594  -41.671  11.240  48.572 0.4000000060
64422  -44.477  12.090  48.422 0.5000000000
65141  -47.608  12.888  47.078 0.5000000000
66374  -42.961  15.597  60.363 0.1000000015
66389  -43.418  15.298  57.541 0.1000000015
66384  -43.681  15.422  58.487 0.1000000015
67054  -43.062  15.864  60.059 0.1000000015
67062  -43.372  16.115  58.837 0.1000000015
67739  -43.059  16.621  59.061 0.1000000015
65727  -42.141  15.004  55.868 0.1000000015
66396  -42.568  15.599  56.530 0.1000000015
67065  -42.851  16.352  57.764 0.1000000015
67066  -43.344  15.955  58.237 0.1000000015
67061  -43.084  16.421  58.448 0.1000000015
66388  -42.814  15.921  57.223 0.1000000015
66403  -40.706  14.809  55.656 0.1000000015
66395  -41.234  15.389  55.928 0.1000000015
65737  -40.309  14.269  55.424 0.1000000015
65088  -38.420  13.356  55.525 0.1000000015
65736  -39.247  14.067  55.711 0.1000000015
66402  -39.940  15.037  55.759 0.1000000015
64365  -37.970  12.855  55.066 0.1000000015
65081  -37.579  13.235  55.834 0.1000000015
99057  -36.598  12.261  53.889 0.1000000015
99084  -37.039  12.464  54.754 0.1000000015
99026  -36.120  11.752  53.104 0.1000000015
98987  -35.609  11.386  52.979 0.1000000015
98848  -35.145  10.848  51.543 0.2000000030
98850  -36.582  11.136  49.969 0.2000000030
98949  -37.878  11.810  49.721 0.2000000030
98799  -38.175  11.738  48.958 0.3000000119
65118  -39.556  12.496  50.074 0.3000000119
64410  -40.290  11.952  49.578 0.3000000119
65124  -41.728  12.250  49.955 0.5000000000
64417  -44.218  12.519  49.254 0.5000000000
64414  -40.917  11.509  49.110 0.3000000119
64416  -43.070  12.121  49.256 0.5000000000
64418  -45.034  12.590  49.096 0.6000000238
65131  -45.539  12.957  49.078 0.5000000000
63595  -42.424  11.596  48.885 0.4000000060
64423  -45.500  12.479  48.550 0.5000000000
65136  -46.629  12.894  48.242 0.5000000000
65142  -48.036  13.665  47.278 0.5000000000
67742  -43.064  16.559  58.725 0.1000000015
67071  -42.418  16.418  56.923 0.1000000015
67741  -42.725  17.092  58.504 0.1000000015
67070  -41.736  16.265  56.335 0.1000000015
67750  -41.981  16.833  56.573 0.1000000015
67745  -42.198  17.355  57.196 0.1000000015
68423  -42.172  18.204  57.988 0.1000000015
66394  -40.499  15.607  55.854 0.1000000015
65735  -38.301  13.946  55.987 0.1000000015
99056  -36.202  12.196  54.711 0.1000000015
64357  -37.174  12.859  55.718 0.1000000015
99022  -35.004  11.448  54.107 0.2000000030
98982  -34.048  10.984  53.076 0.2000000030
98936  -35.159  11.152  52.968 0.1000000015
98885  -34.758  10.755  52.263 0.1000000015
98847  -34.243  10.944  51.025 0.2000000030
98826  -36.356  11.355  50.324 0.2000000030
98846  -37.133  11.569  49.952 0.2000000030
65119  -41.225  12.741  50.315 0.3000000119
65127  -45.089  13.436  49.556 0.5000000000
65769  -46.825  14.493  49.132 0.5000000000
66441  -48.019  15.404  47.874 0.6000000238
66442  -48.468  15.389  47.157 0.5000000000
65126  -43.664  13.257  50.103 0.5000000000
65132  -46.271  13.435  48.939 0.5000000000
65772  -47.809  14.526  48.108 0.6000000238
66445  -48.787  15.402  46.256 0.6000000238
65138  -47.920  14.019  47.783 0.6000000238
65773  -48.186  14.558  47.515 0.6000000238
65137  -47.348  13.409  48.063 0.5000000000
65776  -48.425  14.358  46.708 0.5000000000
68426  -42.029  17.932  57.416 0.1000000015
67749  -41.264  17.137  56.113 0.1000000015
65724  -36.429  13.500  56.210 0.1000000015
66400  -37.599  14.388  56.185 0.1000000015
67073  -38.049  15.066  56.013 0.1000000015
99023  -34.639  11.611  54.828 0.1000000015
99102  -35.900  12.867  56.010 0.1000000015
99001  -33.439  11.224  53.612 0.2000000030
98882  -34.170  10.729  51.977 0.2000000030
98827  -34.448  11.484  50.423 0.2000000030
65120  -42.520  13.456  50.390 0.4000000060
98934  -33.382  11.073  52.853 0.2000000030
98719  -40.949  10.613  45.263 0.2000000030
98720  -41.346  10.737  45.361 0.2000000030
98763  -38.433  7.740  47.021 0.2000000030
63585  -40.130  10.525  50.488 0.1000000015
98801  -37.874  7.837  48.332 0.2000000030
98834  -37.697  7.691  48.147 0.2000000030
98751  -38.421  7.883  47.275 0.2000000030
98739  -38.479  8.169  46.243 0.2000000030
98901  -38.781  9.593  46.218 0.2000000030
64386  -40.423  12.846  52.978 0.1000000015
98724  -40.580  10.155  46.735 0.2000000030
65060  -42.351  13.025  61.569 0.1000000015
65062  -43.242  13.639  60.675 0.1000000015
64376  -39.837  13.111  53.658 0.1000000015
65109  -41.241  13.141  53.551 0.1000000015
64385  -39.454  12.838  53.083 0.1000000015
98736  -40.015  10.335  47.639 0.3000000119
65043  -40.298  14.108  63.013 0.1000000015
66370  -43.078  15.048  60.493 0.1000000015
64375  -39.072  13.160  53.967 0.1000000015
66363  -41.483  15.700  62.308 0.1000000015
65713  -43.407  14.807  59.623 0.1000000015
66364  -42.127  15.520  61.743 0.1000000015
98988  -35.978  11.357  52.507 0.1000000015
98895  -36.252  11.465  50.544 0.2000000030
98825  -37.271  11.631  49.718 0.2000000030
98948  -38.952  11.716  49.076 0.3000000119
64421  -43.692  11.990  48.627 0.5000000000
64430  -47.184  12.693  47.391 0.5000000000
67059  -43.094  16.139  59.603 0.1000000015
65087  -37.846  13.035  55.494 0.1000000015
64363  -36.624  12.509  55.401 0.1000000015
65080  -36.887  13.110  56.060 0.1000000015
99025  -35.754  11.757  53.959 0.1000000015
98887  -35.557  10.916  52.170 0.1000000015
98897  -36.896  11.383  49.746 0.2000000030
98815  -36.519  11.417  50.147 0.2000000030
64411  -41.236  12.022  49.743 0.3000000119
64415  -41.960  11.811  49.455 0.4000000060
65125  -42.410  12.545  50.030 0.5000000000
67069  -40.841  16.116  56.040 0.1000000015
66401  -38.680  14.680  55.962 0.1000000015
66392  -37.179  13.802  56.286 0.1000000015
99082  -35.901  12.266  55.266 0.1000000015
98829  -35.945  11.949  50.177 0.2000000030
65128  -45.785  13.986  49.521 0.5000000000
65133  -47.042  13.914  48.790 0.6000000238
67744  -41.809  17.595  56.712 0.1000000015
63618  -47.547  10.900  47.847 0.1000000015
62857  -45.875  10.176  47.743 0.1000000015
62093  -45.193  9.834  47.482 0.1000000015
62858  -47.112  10.321  47.285 0.1000000015
62100  -43.713  9.642  47.060 0.1000000015
62094  -46.258  9.830  46.904 0.1000000015
62095  -46.846  9.849  46.680 0.1000000015
62098  -42.121  9.301  47.118 0.1000000015
62101  -44.741  9.530  46.897 0.1000000015
62102  -45.631  9.347  46.387 0.1000000015
62863  -47.120  9.872  46.535 0.1000000015
98839  -41.382  9.255  47.835 0.1000000015
98772  -40.311  8.558  47.582 0.1000000015
98821  -41.453  9.253  47.300 0.1000000015
98812  -42.263  9.113  46.751 0.1000000015
98845  -44.271  9.147  46.098 0.1000000015
61389  -45.083  9.092  46.235 0.1000000015
62103  -46.747  9.562  46.216 0.1000000015
62864  -47.659  10.032  46.166 0.1000000015
62104  -47.260  9.648  45.741 0.1000000015
98790  -40.032  7.973  48.292 0.1000000015
98770  -39.935  8.271  47.657 0.1000000015
98779  -40.947  9.233  47.082 0.1000000015
98761  -40.846  9.122  46.599 0.1000000015
98868  -41.802  9.134  46.504 0.1000000015
98870  -42.776  8.976  46.033 0.1000000015
98797  -43.069  8.856  46.020 0.1000000015
98844  -44.588  8.920  46.008 0.1000000015
62108  -45.580  8.886  45.945 0.1000000015
62867  -47.610  9.928  45.307 0.1000000015
98756  -40.192  8.685  47.069 0.1000000015
98776  -41.915  9.175  46.084 0.1000000015
98744  -42.832  9.771  46.131 0.1000000015
98758  -42.963  8.561  45.428 0.1000000015
98809  -43.906  8.195  45.021 0.1000000015
61395  -44.896  8.755  45.768 0.1000000015
62109  -45.936  9.055  45.941 0.1000000015
62110  -46.903  9.442  45.576 0.1000000015
98867  -39.819  8.491  46.978 0.1000000015
98743  -40.441  8.991  46.486 0.1000000015
98734  -40.842  9.381  45.906 0.1000000015
61400  -44.495  9.292  45.873 0.1000000015
62116  -45.603  9.620  45.628 0.1000000015
62117  -46.408  9.192  45.477 0.1000000015
63641  -48.205  10.591  44.577 0.1000000015
63642  -49.070  11.359  44.681 0.1000000015
98733  -39.959  9.281  46.047 0.1000000015
62870  -47.079  9.812  44.802 0.1000000015
98710  -42.292  10.858  44.389 0.1000000015
62876  -47.387  10.404  44.668 0.1000000015
63651  -48.996  11.337  43.707 0.1000000015
62851  -47.109  10.862  48.396 0.1000000015
62086  -45.027  10.079  48.051 0.1000000015
62856  -45.321  10.103  47.940 0.1000000015
62091  -42.871  9.997  47.942 0.1000000015
62085  -44.391  10.148  48.266 0.1000000015
63608  -48.589  11.523  48.445 0.1000000015
62090  -41.992  9.514  47.916 0.1000000015
62859  -47.907  10.525  46.778 0.1000000015
63635  -48.411  10.604  45.394 0.1000000015
98755  -39.312  8.117  47.181 0.1000000015
62850  -46.209  10.615  48.472 0.1000000015
62844  -47.293  11.198  48.896 0.1000000015
63598  -48.906  11.501  49.429 0.1000000015
62849  -45.068  10.371  48.565 0.1000000015
62083  -41.890  9.362  48.930 0.1000000015
62084  -43.103  9.875  48.970 0.1000000015
62848  -43.945  10.222  49.152 0.1000000015
63619  -48.226  11.120  47.366 0.1000000015
98871  -41.226  9.026  48.591 0.1000000015
98806  -40.136  7.824  48.532 0.1000000015
61382  -40.554  8.505  48.325 0.1000000015
63628  -48.486  10.802  46.306 0.1000000015
98787  -39.447  7.148  48.554 0.1000000015
63636  -49.222  11.323  45.629 0.1000000015
63652  -49.983  11.787  43.940 0.1000000015
58003  -53.968  2.901  41.219 0.1000000015
62819  -50.972  9.661  50.816 0.1000000015
63596  -47.140  11.307  49.919 0.1000000015
63587  -48.280  11.350  50.367 0.1000000015
63588  -49.279  11.245  50.218 0.1000000015
62843  -46.649  11.107  49.449 0.1000000015
63597  -47.737  11.425  49.389 0.1000000015
62842  -45.401  10.790  49.533 0.1000000015
63609  -49.631  11.493  48.585 0.1000000015
62847  -43.335  9.951  49.559 0.1000000015
98838  -40.470  8.117  48.944 0.1000000015
63620  -49.416  11.486  47.609 0.1000000015
63629  -49.301  11.340  46.601 0.1000000015
98804  -39.381  7.415  48.468 0.1000000015
63637  -50.188  11.419  45.904 0.1000000015
63643  -50.081  11.702  44.954 0.1000000015
57999  -53.602  3.547  41.870 0.1000000015
58007  -54.389  3.536  40.435 0.1000000015
57297  -54.507  2.232  40.397 0.1000000015
50509  -50.144  -6.570  59.673 0.1000000015
51268  -50.230  -6.430  59.379 0.1000000015
51275  -50.407  -5.974  58.780 0.1000000015
51999  -50.776  -4.818  58.226 0.1000000015
52666  -50.988  -4.051  57.875 0.1000000015
54057  -51.231  -1.161  56.870 0.1000000015
54829  -51.351  -0.498  56.564 0.1000000015
55713  -51.289  0.444  56.238 0.1000000015
56498  -51.178  1.585  55.955 0.1000000015
57943  -51.204  3.425  55.004 0.1000000015
52670  -50.776  -3.431  57.856 0.1000000015
58605  -51.243  4.486  53.820 0.1000000015
59215  -51.037  5.114  53.896 0.1000000015
58597  -46.119  4.486  55.805 0.1000000015
59219  -50.907  5.608  53.703 0.1000000015
59204  -46.257  5.438  55.546 0.1000000015
62814  -47.057  10.901  51.486 0.1000000015
62834  -47.518  11.223  50.844 0.1000000015
62815  -48.103  10.986  51.393 0.1000000015
62816  -49.042  10.722  51.496 0.1000000015
63574  -48.868  11.064  50.879 0.1000000015
62817  -49.844  10.506  51.433 0.1000000015
62818  -50.523  10.015  51.116 0.1000000015
63575  -49.573  10.890  50.847 0.1000000015
63601  -51.002  10.595  49.397 0.1000000015
62833  -46.763  11.158  50.595 0.1000000015
63589  -50.041  10.970  50.164 0.1000000015
62831  -44.602  10.471  50.666 0.1000000015
62832  -45.723  10.876  50.533 0.1000000015
62841  -44.367  10.448  49.721 0.1000000015
62077  -42.059  8.910  50.083 0.1000000015
62078  -42.853  9.524  50.144 0.1000000015
63621  -50.383  11.476  47.818 0.1000000015
61385  -52.241  8.436  47.495 0.1000000015
98904  -40.863  8.138  49.769 0.1000000015
63630  -50.277  11.410  46.874 0.1000000015
98837  -40.135  7.877  49.026 0.1000000015
60678  -52.974  7.286  46.562 0.1000000015
59953  -53.243  6.468  45.895 0.1000000015
59250  -53.538  5.649  45.306 0.1000000015
59955  -53.266  6.648  44.789 0.1000000015
63653  -50.925  11.481  44.236 0.1000000015
59258  -53.308  5.461  44.118 0.1000000015
58653  -52.668  4.769  42.022 0.1000000015
58654  -53.225  4.437  41.459 0.1000000015
58002  -53.686  3.745  41.035 0.1000000015
53312  -48.150  -2.593  60.951 0.1000000015
52655  -48.380  -3.509  61.081 0.1000000015
51978  -48.673  -4.772  62.049 0.1000000015
51979  -49.103  -5.320  61.843 0.1000000015
53314  -48.082  -2.479  59.728 0.1000000015
50500  -49.818  -6.760  61.146 0.1000000015
54049  -47.204  -1.689  58.537 0.1000000015
50505  -49.966  -6.688  60.202 0.1000000015
53318  -47.165  -1.961  58.168 0.1000000015
55695  -46.760  0.530  57.333 0.1000000015
56481  -46.777  1.249  57.216 0.1000000015
53322  -50.440  -3.218  58.062 0.1000000015
56496  -46.814  1.635  57.146 0.1000000015
55700  -51.059  -0.018  56.669 0.1000000015
57951  -51.189  4.130  54.437 0.1000000015
57219  -46.898  2.409  56.986 0.1000000015
57930  -46.318  3.564  56.332 0.1000000015
53329  -50.549  -2.533  57.754 0.1000000015
54056  -50.738  -1.361  57.301 0.1000000015
58604  -51.037  4.755  54.315 0.1000000015
59927  -51.035  6.531  53.135 0.1000000015
60640  -50.866  7.197  53.369 0.1000000015
59904  -46.377  6.108  55.403 0.1000000015
59913  -45.798  6.235  54.750 0.1000000015
60627  -46.316  7.354  54.577 0.1000000015
62813  -45.992  10.604  51.548 0.1000000015
62830  -43.864  10.113  50.516 0.1000000015
61386  -52.572  7.809  46.967 0.1000000015
98866  -40.669  8.783  50.213 0.1000000015
98836  -41.023  8.314  51.184 0.1000000015
60681  -53.118  7.545  45.469 0.1000000015
59957  -52.993  6.838  43.738 0.1000000015
59956  -52.583  6.107  43.343 0.1000000015
59264  -52.528  5.554  42.874 0.1000000015
58657  -53.599  4.363  40.812 0.1000000015
58006  -53.889  4.013  40.654 0.1000000015
58659  -54.849  4.526  40.013 0.1000000015
58658  -54.058  4.503  40.416 0.1000000015
52659  -48.291  -3.102  60.315 0.1000000015
51985  -48.754  -4.605  61.255 0.1000000015
53315  -48.203  -2.570  60.364 0.1000000015
51986  -49.292  -5.408  61.195 0.1000000015
52658  -48.305  -3.421  59.705 0.1000000015
51255  -49.605  -6.008  61.621 0.1000000015
51260  -49.601  -6.019  60.727 0.1000000015
53319  -47.600  -2.354  58.679 0.1000000015
51267  -49.644  -5.980  59.673 0.1000000015
53325  -47.040  -1.845  57.895 0.1000000015
51274  -49.402  -5.225  58.978 0.1000000015
51998  -49.905  -4.701  58.571 0.1000000015
54052  -47.098  -1.409  57.670 0.1000000015
54819  -47.367  -0.534  57.529 0.1000000015
52665  -50.357  -3.867  58.238 0.1000000015
56482  -47.374  1.511  57.378 0.1000000015
55712  -50.913  1.026  56.401 0.1000000015
57230  -51.114  2.564  55.582 0.1000000015
57931  -47.334  3.600  56.878 0.1000000015
53330  -51.346  -2.146  56.979 0.1000000015
58591  -50.936  3.875  55.432 0.1000000015
58600  -50.915  4.540  55.038 0.1000000015
58586  -46.800  4.663  56.364 0.1000000015
59214  -50.745  5.485  54.353 0.1000000015
59195  -46.766  5.312  56.145 0.1000000015
62798  -48.453  10.532  52.206 0.1000000015
62799  -49.368  10.339  52.159 0.1000000015
62800  -50.073  9.952  51.917 0.1000000015
59920  -50.810  6.316  53.734 0.1000000015
59205  -46.797  5.602  56.079 0.1000000015
62048  -48.818  9.985  52.816 0.1000000015
62049  -49.742  9.761  52.691 0.1000000015
60619  -46.527  6.574  55.255 0.1000000015
62797  -47.474  10.581  52.190 0.1000000015
60638  -46.110  8.249  53.950 0.1000000015
62030  -48.233  9.538  53.419 0.1000000015
62044  -44.781  9.551  52.347 0.1000000015
61351  -44.798  9.180  52.913 0.1000000015
61335  -45.504  8.913  53.466 0.1000000015
62047  -47.843  10.152  52.883 0.1000000015
62796  -46.593  10.461  52.157 0.1000000015
62059  -43.655  9.297  51.487 0.1000000015
62073  -43.886  9.834  51.105 0.1000000015
62812  -45.106  10.468  51.330 0.1000000015
98816  -41.094  8.142  51.458 0.1000000015
98962  -42.127  8.296  51.769 0.1000000015
62071  -42.465  8.626  50.962 0.1000000015
62072  -43.260  9.295  50.949 0.1000000015
62829  -40.766  9.553  50.620 0.1000000015
98903  -40.932  8.461  50.944 0.1000000015
63639  -51.646  11.022  46.483 0.1000000015
60684  -53.170  7.873  44.221 0.1000000015
51991  -48.496  -4.092  60.071 0.1000000015
51259  -49.088  -5.214  60.412 0.1000000015
51266  -48.948  -4.967  59.536 0.1000000015
52662  -48.092  -3.296  59.074 0.1000000015
52668  -47.936  -2.906  58.440 0.1000000015
51997  -49.048  -4.430  58.734 0.1000000015
53326  -47.522  -2.316  57.897 0.1000000015
54053  -47.904  -1.470  57.640 0.1000000015
52664  -49.430  -3.789  58.451 0.1000000015
53321  -49.893  -3.088  58.246 0.1000000015
55696  -47.824  0.443  57.573 0.1000000015
54822  -50.246  -0.455  57.354 0.1000000015
55699  -50.628  0.502  56.862 0.1000000015
57204  -47.531  2.252  57.312 0.1000000015
57920  -47.755  2.815  57.255 0.1000000015
54823  -50.901  -0.500  56.955 0.1000000015
57223  -50.762  2.527  56.221 0.1000000015
57935  -50.869  3.348  55.756 0.1000000015
59196  -47.304  5.446  56.353 0.1000000015
61339  -49.582  8.636  53.738 0.1000000015
59905  -46.977  6.107  55.987 0.1000000015
59900  -47.609  5.853  56.249 0.1000000015
62033  -50.402  8.774  52.862 0.1000000015
60620  -47.235  6.957  55.503 0.1000000015
59906  -48.027  6.341  56.007 0.1000000015
62031  -49.204  9.359  53.333 0.1000000015
61336  -46.619  8.961  53.737 0.1000000015
61322  -46.987  8.407  54.438 0.1000000015
61338  -48.640  8.879  53.913 0.1000000015
62046  -46.846  10.075  52.779 0.1000000015
62029  -47.241  9.580  53.364 0.1000000015
99044  -43.265  8.824  51.668 0.1000000015
61362  -43.638  9.028  51.922 0.1000000015
62060  -44.345  9.692  51.678 0.1000000015
62061  -45.130  10.123  51.966 0.1000000015
61391  -52.288  9.033  46.682 0.1000000015
62105  -52.233  9.689  46.235 0.1000000015
98958  -41.549  8.314  51.491 0.1000000015
61371  -42.698  8.454  51.618 0.1000000015
61392  -52.619  8.347  46.230 0.1000000015
62106  -52.381  9.040  46.163 0.1000000015
98865  -41.174  8.212  51.365 0.1000000015
99005  -42.233  8.307  51.518 0.1000000015
61397  -52.922  8.541  45.054 0.1000000015
62112  -52.436  9.112  45.567 0.1000000015
61401  -52.915  8.839  44.165 0.1000000015
51996  -48.503  -4.202  59.171 0.1000000015
51273  -48.911  -4.762  59.063 0.1000000015
53328  -49.446  -2.258  58.060 0.1000000015
54055  -49.889  -1.412  57.692 0.1000000015
57205  -48.122  2.224  57.445 0.1000000015
56497  -50.615  1.595  56.577 0.1000000015
57921  -48.252  2.802  57.317 0.1000000015
58587  -47.874  4.534  56.684 0.1000000015
59209  -50.531  5.318  55.051 0.1000000015
59916  -50.469  6.400  54.331 0.1000000015
59213  -50.362  5.881  54.804 0.1000000015
61325  -49.893  7.929  54.114 0.1000000015
60631  -50.218  7.217  54.273 0.1000000015
61340  -50.431  8.149  53.305 0.1000000015
60639  -50.485  7.439  53.739 0.1000000015
61326  -50.255  7.686  53.855 0.1000000015
60628  -47.546  7.773  55.072 0.1000000015
61324  -49.074  8.206  54.395 0.1000000015
62028  -46.367  9.486  53.190 0.1000000015
61337  -47.624  9.057  53.989 0.1000000015
62045  -45.724  9.824  52.567 0.1000000015
62865  -52.037  10.465  46.860 0.1000000015
62111  -52.268  9.890  45.240 0.1000000015
62119  -52.487  9.289  44.624 0.1000000015
51995  -48.356  -3.764  59.480 0.1000000015
52663  -48.520  -3.554  58.560 0.1000000015
52669  -48.222  -2.837  58.199 0.1000000015
53320  -48.967  -2.958  58.329 0.1000000015
53327  -48.448  -2.249  57.957 0.1000000015
54821  -49.348  -0.475  57.680 0.1000000015
54054  -48.878  -1.402  57.863 0.1000000015
55698  -49.774  0.469  57.428 0.1000000015
54820  -48.339  -0.524  57.665 0.1000000015
55697  -48.842  0.434  57.639 0.1000000015
56485  -50.041  1.415  57.126 0.1000000015
56483  -48.396  1.337  57.545 0.1000000015
56484  -49.284  1.304  57.457 0.1000000015
57934  -50.306  3.435  56.236 0.1000000015
57206  -48.897  2.057  57.398 0.1000000015
58590  -50.562  4.117  55.715 0.1000000015
57932  -48.462  3.423  57.051 0.1000000015
58588  -48.877  4.392  56.475 0.1000000015
59197  -48.377  5.400  56.260 0.1000000015
59198  -49.111  4.961  56.147 0.1000000015
60621  -48.229  7.127  55.506 0.1000000015
59206  -48.660  5.925  55.894 0.1000000015
60630  -49.481  7.389  54.782 0.1000000015
59915  -49.996  6.542  54.938 0.1000000015
60622  -48.933  7.097  55.223 0.1000000015
61323  -48.092  8.446  54.582 0.1000000015
60629  -48.593  7.736  55.009 0.1000000015
98983  -32.949  11.356  54.070 0.1000000015
98856  -32.172  11.419  50.775 0.1000000015
98828  -36.164  11.817  50.183 0.1000000015
98830  -33.842  12.022  50.322 0.1000000015
98950  -36.181  12.012  50.570 0.1000000015
65756  -38.699  13.314  50.792 0.1000000015
65757  -40.384  13.639  50.557 0.1000000015
65758  -41.703  14.014  50.550 0.2000000030
65764  -44.499  14.392  50.050 0.3000000119
65765  -45.373  14.582  49.692 0.3000000119
65759  -42.782  14.386  50.484 0.2000000030
65766  -46.154  14.559  49.466 0.3000000119
66438  -47.560  15.320  48.458 0.3000000119
67116  -48.704  16.286  46.837 0.4000000060
63770  -52.419  11.853  28.284 0.1000000015
57207  -49.545  2.014  57.236 0.1000000015
57222  -50.053  2.479  56.785 0.1000000015
57221  -49.230  2.722  57.141 0.1000000015
57933  -49.504  3.520  56.675 0.1000000015
58589  -49.801  4.539  56.102 0.1000000015
58599  -50.328  4.909  55.531 0.1000000015
58598  -49.913  5.188  55.743 0.1000000015
59207  -49.313  5.540  55.804 0.1000000015
59208  -50.044  5.676  55.366 0.1000000015
59907  -48.880  6.421  55.556 0.1000000015
59908  -49.546  6.196  55.385 0.1000000015
66432  -46.495  15.344  49.248 0.3000000119
67114  -48.207  16.241  47.510 0.3000000119
67108  -47.231  15.805  48.660 0.3000000119
67801  -48.417  16.910  47.147 0.3000000119
67886  -51.383  17.994  27.689 0.4000000060
68565  -51.249  18.725  27.385 0.4000000060
69183  -51.032  19.462  26.995 0.5000000000
69180  -51.182  19.393  27.886 0.5000000000
63576  -50.184  10.581  50.732 0.1000000015
63590  -50.619  10.562  50.144 0.1000000015
63599  -49.843  11.300  49.441 0.1000000015
61353  -51.028  8.259  52.434 0.1000000015
63610  -50.473  11.308  48.691 0.1000000015
61352  -50.595  8.610  52.721 0.1000000015
62845  -51.174  10.058  49.437 0.1000000015
63622  -51.175  11.274  47.990 0.1000000015
62096  -52.095  9.652  47.375 0.1000000015
60632  -50.665  6.951  53.939 0.1000000015
63600  -50.541  11.002  49.454 0.1000000015
62088  -51.745  9.315  48.452 0.1000000015
62861  -51.677  10.455  47.736 0.1000000015
63631  -51.112  11.416  47.115 0.1000000015
67808  -48.766  17.192  46.500 0.3000000119
58662  -55.777  4.679  38.715 0.1000000015
98735  -42.547  10.390  45.953 0.1000000015
98723  -42.847  10.538  44.986 0.1000000015
98769  -39.565  7.819  47.919 0.1000000015
98852  -35.972  12.068  50.369 0.1000000015
65770  -47.356  14.486  48.642 0.4000000060
98943  -31.876  11.508  52.917 0.1000000015
98884  -33.078  11.029  51.104 0.1000000015
98851  -33.339  11.200  50.573 0.1000000015
65121  -43.184  13.868  50.407 0.2000000030
62092  -44.016  9.918  47.719 0.1000000015
62099  -42.781  9.592  47.216 0.1000000015
98798  -41.692  9.175  46.919 0.1000000015
61388  -44.424  9.330  46.440 0.1000000015
98869  -43.285  9.242  46.400 0.1000000015
98747  -41.677  9.313  45.975 0.1000000015
98811  -43.901  9.031  44.885 0.1000000015
61396  -45.266  9.152  46.044 0.1000000015
63607  -47.723  11.250  48.371 0.1000000015
98818  -39.953  7.732  48.492 0.1000000015
62836  -51.008  9.996  50.268 0.1000000015
62835  -50.632  10.262  50.536 0.1000000015
62063  -51.009  9.215  51.338 0.1000000015
63586  -47.473  11.352  50.234 0.1000000015
62801  -50.401  9.689  51.724 0.1000000015
62062  -50.595  9.544  51.610 0.1000000015
62852  -51.368  10.248  48.608 0.1000000015
63611  -51.044  10.942  48.747 0.1000000015
62840  -43.533  10.036  50.020 0.1000000015
60675  -52.213  7.800  48.124 0.1000000015
52648  -48.225  -3.924  62.017 0.1000000015
51251  -49.249  -5.937  62.431 0.1000000015
54048  -46.772  -1.347  58.098 0.1000000015
61341  -50.992  7.723  52.973 0.1000000015
62050  -50.512  9.204  52.258 0.1000000015
62032  -50.070  9.073  53.132 0.1000000015
98959  -41.233  9.046  51.142 0.1000000015
63632  -51.564  10.964  47.329 0.1000000015
57220  -48.616  2.660  57.302 0.1000000015
59914  -49.393  6.747  55.199 0.1000000015
66437  -47.101  15.304  48.940 0.3000000119
67113  -47.486  16.284  48.233 0.3000000119
63591  -51.000  10.373  49.842 0.1000000015
62860  -51.365  10.792  48.177 0.1000000015
63623  -51.471  10.900  47.802 0.1000000015
62853  -51.749  9.945  48.044 0.1000000015
62051  -51.018  8.819  51.934 0.1000000015
68572  -49.614  17.898  25.359 0.2000000030
68573  -50.252  18.415  25.595 0.2000000030
69171  -51.282  19.767  32.172 0.2000000030
69764  -51.093  20.186  28.404 0.3000000119
69189  -50.468  19.431  25.852 0.2000000030
68574  -50.583  19.145  25.867 0.2000000030
69186  -50.601  19.605  26.186 0.2000000030
67905  -49.107  17.563  25.372 0.2000000030
69188  -50.238  19.566  25.496 0.1000000015
69777  -49.845  20.176  25.103 0.1000000015
69121  -47.987  19.254  45.028 0.1000000015
69126  -48.141  19.815  44.261 0.1000000015
68495  -46.951  18.913  46.104 0.1000000015
69118  -45.535  18.892  46.505 0.1000000015
68494  -46.177  18.722  46.436 0.1000000015
69120  -47.073  19.511  45.459 0.1000000015
69768  -50.906  20.131  27.525 0.1000000015
69771  -50.660  20.075  26.822 0.2000000030
70384  -50.784  20.869  27.986 0.1000000015
69767  -50.523  20.751  27.142 0.1000000015
68580  -49.848  19.124  24.870 0.1000000015
69194  -49.764  19.788  24.808 0.1000000015
68579  -49.173  18.328  24.754 0.1000000015
67896  -47.516  16.966  25.979 0.1000000015
67904  -48.278  17.432  25.118 0.1000000015
69708  -48.443  20.401  43.100 0.1000000015
69119  -46.075  19.677  46.063 0.1000000015
69125  -47.187  20.172  44.679 0.1000000015
69704  -48.116  20.316  43.708 0.1000000015
69721  -49.662  20.724  40.407 0.2000000030
70381  -50.969  20.944  28.828 0.1000000015
71001  -50.800  21.692  29.527 0.1000000015
70998  -50.761  21.812  30.061 0.2000000030
70997  -50.345  22.511  30.372 0.2000000030
70383  -50.464  21.538  27.584 0.1000000015
70377  -50.822  21.535  29.147 0.1000000015
70994  -50.274  22.459  31.418 0.1000000015
71000  -50.554  22.253  29.231 0.1000000015
71633  -49.848  23.370  30.867 0.1000000015
69770  -50.333  20.486  26.267 0.1000000015
69773  -50.084  20.359  25.572 0.1000000015
69185  -50.326  20.003  25.868 0.1000000015
69728  -49.773  20.841  39.530 0.2000000030
70380  -50.686  21.580  28.475 0.1000000015
70995  -50.612  21.909  30.859 0.1000000015
72301  -49.625  23.924  31.515 0.1000000015
70387  -50.206  21.445  26.640 0.1000000015
71007  -50.124  22.268  27.195 0.1000000015
70327  -48.039  20.921  43.081 0.1000000015
69717  -48.804  20.688  41.653 0.1000000015
69753  -51.102  20.520  33.012 0.1000000015
69752  -50.914  20.870  33.598 0.1000000015
69757  -51.164  20.546  31.354 0.1000000015
69755  -51.090  20.748  32.198 0.1000000015
70367  -50.900  21.075  33.225 0.1000000015
70370  -50.866  21.258  32.714 0.1000000015
70373  -50.780  21.551  31.727 0.1000000015
70369  -50.540  21.956  32.552 0.1000000015
70990  -50.235  22.538  33.076 0.1000000015
71631  -49.930  23.286  31.831 0.1000000015
70992  -50.214  22.600  32.262 0.1000000015
71003  -50.388  22.280  28.101 0.1000000015
71629  -49.974  23.312  32.689 0.1000000015
72299  -49.752  24.054  32.263 0.1000000015
71636  -50.060  23.256  29.756 0.1000000015
72304  -49.468  24.240  30.981 0.1000000015
70341  -48.978  21.058  40.837 0.1000000015
69749  -50.753  20.861  34.308 0.1000000015
70366  -50.583  21.606  33.538 0.1000000015
71627  -49.941  23.254  33.490 0.1000000015
72289  -49.807  23.741  33.790 0.1000000015
70375  -51.006  21.250  30.674 0.1000000015
71663  -50.067  22.736  27.737 0.1000000015
71648  -49.979  23.129  28.493 0.1000000015
70337  -48.860  20.892  41.318 0.1000000015
69734  -49.713  20.820  38.572 0.1000000015
70988  -50.120  22.513  33.989 0.1000000015
71622  -49.770  23.297  34.177 0.1000000015
70344  -49.148  21.270  39.996 0.1000000015
70364  -50.135  21.673  34.827 0.1000000015
70363  -49.580  22.124  35.150 0.1000000015
70987  -49.711  22.597  34.707 0.1000000015
72283  -49.050  24.697  36.154 0.1000000015
71621  -49.390  23.394  34.876 0.1000000015
69736  -49.612  20.769  37.574 0.1000000015
69742  -50.300  20.320  36.268 0.1000000015
70346  -49.124  21.317  39.048 0.1000000015
69741  -49.619  20.775  36.577 0.1000000015
70350  -49.010  21.321  38.042 0.1000000015
69745  -49.905  20.870  35.863 0.1000000015
70343  -48.543  21.840  39.526 0.1000000015
70345  -48.486  21.897  38.526 0.1000000015
70361  -49.968  21.192  35.469 0.1000000015
70966  -47.908  22.489  38.984 0.1000000015
70982  -49.214  22.598  35.258 0.1000000015
73369  -48.390  26.513  37.839 0.1000000015
73371  -48.750  26.259  37.140 0.1000000015
73378  -49.146  25.833  36.156 0.1000000015
72285  -49.103  24.261  35.461 0.1000000015
70355  -48.822  21.227  36.983 0.1000000015
70971  -47.855  22.361  38.027 0.1000000015
70975  -47.685  22.137  37.524 0.1000000015
70360  -49.147  21.624  35.758 0.1000000015
70359  -48.308  22.071  35.920 0.1000000015
70965  -47.029  23.248  39.525 0.1000000015
70981  -48.567  22.548  35.637 0.1000000015
71616  -48.820  23.323  35.418 0.1000000015
73834  -48.065  27.505  37.993 0.1000000015
72872  -48.660  24.873  37.023 0.1000000015
72282  -48.433  24.191  36.503 0.1000000015
72284  -48.653  23.784  35.801 0.1000000015
70349  -48.182  21.842  37.529 0.1000000015
70348  -47.426  21.927  37.185 0.1000000015
70354  -47.931  21.877  36.549 0.1000000015
70970  -47.176  22.758  38.330 0.1000000015
70974  -47.276  22.367  37.582 0.1000000015
70978  -47.968  22.582  36.114 0.1000000015
71615  -48.304  23.302  35.919 0.1000000015
72868  -48.552  25.492  37.456 0.1000000015
72278  -48.302  24.692  37.277 0.1000000015
70977  -47.286  22.588  36.514 0.1000000015
72272  -47.972  24.920  37.818 0.1000000015
72281  -47.716  23.702  36.850 0.1000000015
71585  -46.076  23.127  41.809 0.1000000015
71600  -45.983  23.646  40.166 0.1000000015
70964  -45.786  23.525  39.312 0.1000000015
70969  -46.363  23.355  38.543 0.1000000015
70973  -46.745  22.731  37.541 0.1000000015
70352  -46.655  22.307  37.059 0.1000000015
71614  -47.737  23.288  36.435 0.1000000015
72277  -47.595  24.138  37.396 0.1000000015
72257  -44.012  23.914  41.458 0.1000000015
71592  -45.015  23.719  40.806 0.1000000015
71612  -46.608  23.009  37.271 0.1000000015
70353  -46.968  22.047  36.762 0.1000000015
71610  -46.614  23.487  37.891 0.1000000015
71599  -44.869  23.708  39.786 0.1000000015
71613  -47.102  23.306  37.060 0.1000000015
70968  -45.526  23.662  38.925 0.1000000015
71591  -43.920  23.872  40.438 0.1000000015
70963  -45.207  23.697  39.234 0.1000000015
71598  -43.956  24.210  39.853 0.1000000015
99537  -42.684  26.360  41.065 0.1000000015
72263  -43.794  25.226  40.086 0.1000000015
72251  -42.739  25.288  41.267 0.1000000015
71590  -42.859  24.368  40.464 0.1000000015
71606  -44.734  23.951  39.092 0.1000000015
99546  -43.152  26.282  40.803 0.1000000015
71605  -44.213  24.462  39.604 0.1000000015
71607  -45.737  23.844  38.601 0.1000000015
72268  -44.560  24.607  39.440 0.1000000015
72270  -46.330  24.393  38.618 0.1000000015
72269  -45.303  24.441  39.008 0.1000000015
70372  -50.466  22.139  31.993 0.1000000015
73372  -49.030  26.051  36.687 0.1000000015
72876  -49.262  25.215  35.823 0.1000000015
72288  -49.592  24.243  34.220 0.1000000015
69713  -48.611  20.648  42.260 0.1000000015
72297  -49.804  24.118  33.257 0.1000000015
72873  -49.010  25.245  36.662 0.1000000015
67112  -46.907  16.659  48.374 0.2000000030
68490  -48.870  17.668  45.999 0.2000000030
67807  -48.073  17.525  46.864 0.2000000030
68489  -48.434  17.985  46.236 0.2000000030
68487  -46.725  18.281  46.692 0.2000000030
67799  -46.907  17.166  47.929 0.2000000030
67806  -47.245  17.718  47.163 0.2000000030
67102  -46.240  15.822  49.207 0.2000000030
67800  -47.769  17.011  47.515 0.2000000030
67107  -46.607  16.189  48.809 0.2000000030
68488  -47.573  18.217  46.494 0.2000000030
65760  -43.634  14.402  50.317 0.1000000015
66419  -40.781  15.153  51.297 0.1000000015
66422  -40.023  14.427  50.791 0.1000000015
66423  -41.107  14.680  50.732 0.1000000015
66424  -42.222  15.104  50.642 0.1000000015
66426  -44.076  15.111  50.073 0.1000000015
66435  -45.251  16.094  49.176 0.1000000015
67106  -45.641  16.522  48.746 0.1000000015
66430  -44.719  15.548  49.603 0.1000000015
66431  -45.760  15.554  49.434 0.1000000015
67788  -43.964  17.206  49.481 0.1000000015
67791  -44.050  17.247  48.831 0.1000000015
67099  -43.712  16.378  49.656 0.1000000015
67104  -43.840  16.863  49.056 0.1000000015
67110  -44.743  17.160  48.263 0.1000000015
67111  -45.117  16.959  48.240 0.1000000015
67805  -46.285  17.836  47.255 0.1000000015
66429  -43.982  15.679  49.736 0.1000000015
67100  -44.195  16.048  49.393 0.1000000015
67798  -45.896  17.252  48.081 0.1000000015
67792  -44.530  17.574  48.416 0.1000000015
68496  -47.848  18.706  45.785 0.1000000015
67794  -46.500  16.817  48.353 0.1000000015
67793  -46.158  16.721  48.517 0.1000000015
67101  -46.009  16.111  49.157 0.1000000015
66425  -43.369  15.345  50.287 0.1000000015
67105  -44.527  16.608  48.848 0.1000000015
66436  -45.660  16.106  49.174 0.1000000015
67096  -42.191  15.518  51.057 0.1000000015
67804  -45.537  17.807  47.359 0.1000000015
51990  -48.395  -3.766  59.726 0.1000000015
58643  -52.725  5.194  43.067 0.1000000015
59293  -45.153  5.440  32.917 0.6999999881
59899  -47.304  5.822  56.248 0.1000000015
59988  -44.867  6.942  31.844 0.8000000119
59989  -46.739  6.047  32.964 0.6999999881
59994  -44.769  6.014  31.914 0.6999999881
59995  -46.303  5.555  32.123 0.6999999881
59996  -47.087  5.844  32.239 0.6999999881
60000  -46.846  5.575  31.879 0.6999999881
60001  -46.891  5.611  32.070 0.6999999881
60718  -47.307  8.005  33.877 0.6999999881
60721  -45.601  7.758  32.129 0.8000000119
60726  -45.479  6.841  31.363 0.8000000119
60728  -47.540  6.376  31.716 0.8000000119
60731  -46.953  5.718  31.552 0.8000000119
60732  -47.129  5.753  31.855 0.6999999881
61390  -45.354  8.890  46.008 0.1000000015
61394  -44.852  8.932  46.097 0.1000000015
61430  -46.618  9.454  33.302 0.8000000119
61436  -46.291  9.032  33.216 0.8000000119
61438  -47.859  8.325  33.204 0.8000000119
61443  -46.270  8.548  32.550 0.8000000119
61450  -47.778  6.896  30.711 0.8000000119
62115  -43.866  8.936  46.102 0.1000000015
62152  -48.125  9.402  34.949 0.6999999881
62158  -46.735  9.972  33.785 0.8000000119
62165  -47.153  9.733  33.019 0.8000000119
62913  -48.063  9.983  35.696 0.5000000000
62919  -48.645  10.276  34.700 0.6000000238
62924  -46.442  10.628  34.804 0.6999999881
63577  -50.438  10.381  50.632 0.1000000015
63698  -48.214  10.792  35.974 0.5000000000
63711  -46.809  11.705  35.450 0.6999999881
64355  -36.312  12.746  55.926 0.1000000015
64356  -36.588  12.767  55.859 0.1000000015
64364  -37.408  12.744  55.369 0.1000000015
64424  -46.170  12.596  48.261 0.5000000000
64461  -45.666  12.730  39.577 0.8000000119
65082  -38.000  13.585  55.867 0.1000000015
65158  -45.190  13.539  40.676 0.6999999881
65164  -44.731  13.805  40.321 0.6999999881
65171  -44.956  13.520  38.978 0.8000000119
65185  -44.949  14.209  37.711 0.6999999881
65725  -37.166  13.566  56.192 0.1000000015
65726  -37.695  13.761  56.108 0.1000000015
65734  -36.949  13.713  56.282 0.1000000015
65798  -44.668  13.922  40.552 0.6999999881
65799  -44.900  13.914  40.765 0.6999999881
66393  -37.370  13.917  56.256 0.1000000015
66399  -37.002  13.966  56.320 0.1000000015
67885  -51.252  17.869  27.230 0.5000000000
68546  -51.790  17.992  34.414 0.5000000000
70347  -46.917  22.190  37.210 0.1000000015
70976  -46.724  22.634  36.925 0.1000000015
72844  -42.111  25.231  41.283 0.1000000015
72850  -42.183  25.968  41.116 0.1000000015
72869  -48.882  25.763  37.016 0.1000000015
73837  -48.816  26.516  36.736 0.1000000015
98709  -43.163  10.490  45.534 0.3000000119
98711  -42.458  10.761  44.672 0.1000000015
98712  -42.000  10.899  44.444 0.1000000015
98713  -41.012  10.768  45.169 0.2000000030
98714  -41.785  10.959  44.879 0.3000000119
98715  -42.846  10.540  44.750 0.1000000015
98716  -42.485  10.739  44.930 0.1000000015
98718  -40.501  10.215  45.427 0.2000000030
98721  -42.642  10.664  44.780 0.1000000015
98722  -42.295  10.691  45.578 0.1000000015
98728  -43.031  10.436  44.843 0.1000000015
98729  -42.057  10.269  45.985 0.2000000030
98738  -38.570  8.902  45.882 0.2000000030
98740  -38.022  8.413  46.046 0.2000000030
98745  -43.158  7.987  45.406 0.1000000015
98748  -40.073  10.413  47.857 0.3000000119
98749  -39.925  10.498  48.035 0.4000000060
98750  -38.504  7.875  46.844 0.2000000030
98752  -37.954  7.722  46.872 0.2000000030
98753  -37.501  8.485  46.698 0.2000000030
98759  -43.842  7.786  45.163 0.1000000015
98760  -44.011  7.606  45.121 0.1000000015
98771  -40.470  8.829  47.102 0.1000000015
98773  -44.266  7.612  45.133 0.1000000015
98774  -44.057  7.710  45.143 0.1000000015
98775  -43.779  7.803  45.171 0.1000000015
98777  -40.874  9.126  47.126 0.1000000015
98778  -41.139  9.231  46.357 0.1000000015
98781  -37.750  7.309  48.121 0.2000000030
98788  -39.739  7.590  48.326 0.1000000015
98789  -39.872  8.048  47.973 0.1000000015
98792  -43.977  7.945  45.164 0.1000000015
98793  -43.645  8.085  45.241 0.1000000015
98794  -43.717  7.954  44.971 0.1000000015
98795  -42.922  8.629  45.863 0.1000000015
98796  -43.222  8.915  46.098 0.1000000015
98800  -37.860  7.589  48.244 0.2000000030
98803  -38.095  7.599  48.407 0.2000000030
98805  -39.857  7.434  48.583 0.1000000015
98807  -41.937  8.957  47.048 0.1000000015
98808  -44.043  8.123  45.009 0.1000000015
98810  -43.898  8.941  45.947 0.1000000015
98813  -36.720  11.417  49.997 0.2000000030
98814  -36.801  11.207  49.903 0.2000000030
98817  -40.982  8.097  51.279 0.1000000015
98819  -42.114  9.057  46.924 0.1000000015
98820  -41.874  9.177  47.047 0.1000000015
98823  -44.109  8.830  45.198 0.1000000015
98824  -44.064  8.711  45.493 0.1000000015
98831  -32.989  11.643  50.262 0.1000000015
98840  -47.201  11.131  40.758 0.5000000000
98842  -44.600  8.599  45.665 0.1000000015
98843  -44.477  8.787  45.814 0.1000000015
98849  -35.346  10.807  52.019 0.1000000015
98860  -37.145  8.870  47.554 0.2000000030
98862  -38.035  8.179  47.148 0.2000000030
98873  -47.044  10.296  39.466 0.5000000000
98875  -47.100  9.942  39.517 0.5000000000
98877  -46.754  10.396  39.361 0.5000000000
98878  -46.028  9.197  34.115 0.6999999881
98879  -47.016  11.146  40.841 0.5000000000
98880  -46.921  10.228  39.287 0.5000000000
98881  -44.904  8.729  45.981 0.1000000015
98883  -33.437  10.910  51.714 0.1000000015
98886  -35.155  10.891  52.475 0.1000000015
98899  -38.786  9.751  46.443 0.3000000119
98907  -42.101  8.547  52.039 0.1000000015
98909  -43.553  9.053  46.098 0.1000000015
98910  -43.987  10.455  45.902 0.3000000119
98912  -46.836  10.232  39.534 0.5000000000
98913  -46.780  10.056  39.403 0.5000000000
98914  -46.928  9.831  39.340 0.5000000000
98916  -45.017  7.244  33.602 0.6999999881
98917  -45.391  6.283  33.582 0.6999999881
98918  -46.327  6.661  33.572 0.6999999881
98919  -46.775  7.642  34.231 0.6999999881
98921  -45.476  7.939  33.753 0.6999999881
98923  -45.457  7.987  33.372 0.6999999881
98927  -46.320  9.476  33.996 0.8000000119
98929  -46.156  9.836  34.610 0.6999999881
98930  -46.346  10.525  35.372 0.6999999881
98931  -44.925  8.526  45.794 0.1000000015
98932  -43.907  9.120  46.122 0.1000000015
98933  -34.187  10.858  52.622 0.2000000030
98935  -34.588  11.001  52.952 0.2000000030
98937  -35.585  11.097  52.463 0.1000000015
98947  -36.324  11.633  50.217 0.2000000030
98952  -40.369  10.326  47.516 0.3000000119
98964  -44.522  10.658  46.070 0.3000000119
98969  -47.569  8.979  35.597 0.6999999881
98970  -47.750  8.930  35.121 0.5000000000
98972  -47.786  9.466  35.732 0.5000000000
98973  -44.607  7.155  32.567 0.6999999881
98974  -44.434  5.969  33.235 0.6999999881
98975  -45.948  5.784  33.125 0.6999999881
98978  -46.475  10.820  35.303 0.6999999881
98984  -34.057  11.262  53.797 0.2000000030
98985  -34.807  11.256  53.472 0.1000000015
98986  -35.314  11.421  53.491 0.1000000015
99000  -36.565  11.487  52.350 0.1000000015
99009  -47.083  7.911  34.582 0.6999999881
99011  -47.567  8.589  34.842 0.6999999881
99012  -47.907  9.228  35.198 0.5000000000
99013  -48.010  9.623  35.505 0.5000000000
99024  -35.673  11.577  53.390 0.1000000015
99045  -47.870  9.891  35.938 0.5000000000
99055  -35.455  11.845  54.796 0.1000000015
99063  -37.564  12.640  54.852 0.1000000015
99083  -36.093  12.560  55.740 0.1000000015
99103  -36.089  12.713  55.961 0.1000000015
99107  -36.220  13.122  56.160 0.1000000015
99108  -36.369  12.943  56.076 0.1000000015
99453  -45.893  13.671  36.394 0.8000000119
99455  -45.929  13.799  36.204 0.8000000119
99459  -45.291  14.448  37.738 0.6999999881
99475  -46.881  15.091  27.226 0.1000000015
99477  -47.320  14.847  27.324 0.1000000015
99531  -43.304  26.270  41.309 0.1000000015
99540  -42.541  25.437  40.510 0.1000000015
