#!ascii label  , from subject 3276 vox2ras=TkReg
1728
44091  -35.238  -15.675  77.284 0.0000000000
50487  -49.212  -6.783  63.038 0.0000000000
48935  -40.909  -8.192  64.153 0.0000000000
35876  -0.708  -27.667  72.552 0.0000000000
40923  -22.843  -20.523  79.048 0.0000000000
45507  -5.184  -13.876  75.606 0.0000000000
44715  -2.881  -14.253  84.256 0.0000000000
48953  -43.126  -8.436  64.794 0.0000000000
44865  -7.110  -14.592  65.092 0.0000000000
35007  -1.746  -28.812  82.483 0.0000000000
43501  -39.914  -16.188  74.724 0.0000000000
40939  -32.331  -20.261  78.928 0.0000000000
41645  -29.361  -19.067  80.368 0.0000000000
51266  -48.948  -4.967  59.536 0.0000000000
48976  -42.393  -8.304  60.025 0.0000000000
39402  -18.985  -23.201  75.009 0.0000000000
46243  -2.561  -12.613  73.802 0.0000000000
40968  -3.509  -20.678  75.458 0.0000000000
41026  -2.771  -21.067  71.863 0.0000000000
35925  -3.933  -27.690  69.051 0.0000000000
37925  -10.673  -24.554  82.766 0.0000000000
38563  -5.209  -23.517  85.061 0.0000000000
48218  -41.211  -9.590  69.494 0.0000000000
42895  -27.130  -17.619  82.576 0.0000000000
41691  -25.336  -19.372  76.330 0.0000000000
45454  -3.055  -13.596  79.370 0.0000000000
40921  -1.125  -20.932  78.662 0.0000000000
48940  -46.843  -8.144  65.575 0.0000000000
36480  -14.680  -26.543  81.100 0.0000000000
37254  -16.755  -25.975  77.649 0.0000000000
45546  -8.394  -13.565  70.347 0.0000000000
41783  -0.310  -19.114  68.243 0.0000000000
42852  -5.891  -16.781  86.428 0.0000000000
39331  -1.407  -22.613  82.928 0.0000000000
35806  -0.363  -27.824  77.686 0.0000000000
45488  -37.231  -13.542  77.299 0.0000000000
42920  -36.420  -17.512  77.512 0.0000000000
43491  -37.878  -16.387  76.948 0.0000000000
42914  -33.631  -17.665  78.806 0.0000000000
40942  -34.872  -19.964  78.306 0.0000000000
43479  -32.570  -17.073  79.249 0.0000000000
51255  -49.605  -6.008  61.621 0.0000000000
48259  -48.825  -9.082  63.921 0.0000000000
49684  -49.660  -8.168  62.390 0.0000000000
50506  -50.167  -7.375  60.567 0.0000000000
49700  -40.251  -8.139  60.676 0.0000000000
47618  -40.449  -10.448  67.141 0.0000000000
47625  -40.227  -10.312  64.652 0.0000000000
48274  -39.950  -9.866  61.752 0.0000000000
38665  -2.687  -23.421  74.077 0.0000000000
38728  -5.315  -23.604  71.691 0.0000000000
35907  -1.851  -27.567  70.694 0.0000000000
32143  -2.463  -32.220  69.527 0.0000000000
32799  -0.844  -31.257  70.932 0.0000000000
35763  -10.868  -27.674  81.968 0.0000000000
35752  -8.340  -27.407  83.546 0.0000000000
48204  -41.490  -9.532  71.715 0.0000000000
45521  -40.644  -13.766  74.018 0.0000000000
44116  -40.669  -15.430  72.992 0.0000000000
46263  -41.259  -11.924  72.231 0.0000000000
46967  -40.907  -11.285  70.664 0.0000000000
44052  -27.840  -15.240  82.861 0.0000000000
40935  -28.482  -20.331  78.123 0.0000000000
41666  -26.616  -19.515  78.591 0.0000000000
51999  -50.776  -4.818  58.226 0.0000000000
53330  -51.346  -2.146  56.979 0.0000000000
44732  -2.036  -14.143  81.808 0.0000000000
42908  -0.443  -17.643  79.293 0.0000000000
42898  -0.261  -17.695  81.276 0.0000000000
48245  -45.215  -8.969  65.729 0.0000000000
48267  -41.891  -9.514  62.973 0.0000000000
47634  -43.498  -10.311  64.630 0.0000000000
47636  -45.556  -10.413  65.164 0.0000000000
37904  -14.077  -24.339  84.067 0.0000000000
37919  -16.376  -24.895  83.328 0.0000000000
45496  -9.526  -13.054  76.358 0.0000000000
46248  -9.207  -12.512  74.092 0.0000000000
45524  -6.297  -13.750  73.472 0.0000000000
38779  -4.575  -24.050  68.648 0.0000000000
41054  -0.820  -20.677  69.898 0.0000000000
38114  -2.822  -24.796  67.566 0.0000000000
42284  -8.109  -18.219  86.596 0.0000000000
36464  -3.165  -26.715  84.338 0.0000000000
38561  -3.165  -23.487  84.577 0.0000000000
37189  -1.543  -25.736  82.833 0.0000000000
37937  -0.758  -25.093  80.181 0.0000000000
35041  -0.338  -28.732  80.003 0.0000000000
44786  -39.496  -14.372  75.830 0.0000000000
44060  -29.468  -15.224  81.538 0.0000000000
44069  -30.919  -15.891  80.218 0.0000000000
41656  -30.952  -19.090  79.835 0.0000000000
52664  -49.430  -3.789  58.451 0.0000000000
51268  -50.230  -6.430  59.379 0.0000000000
48963  -42.293  -8.441  62.334 0.0000000000
47660  -40.983  -10.123  61.283 0.0000000000
40971  -21.865  -20.277  75.326 0.0000000000
40184  -20.662  -21.508  76.628 0.0000000000
46290  -6.313  -12.296  69.371 0.0000000000
44104  -1.060  -15.077  75.368 0.0000000000
44112  -1.251  -15.508  73.320 0.0000000000
40992  -3.758  -20.625  73.831 0.0000000000
38093  -6.311  -24.091  69.679 0.0000000000
35942  -5.982  -28.079  67.685 0.0000000000
40129  -10.267  -21.776  83.227 0.0000000000
40901  -7.569  -20.828  82.983 0.0000000000
38566  -8.005  -23.555  83.827 0.0000000000
35744  -5.387  -27.153  84.629 0.0000000000
48236  -41.268  -8.650  66.276 0.0000000000
48225  -40.784  -10.002  68.782 0.0000000000
41638  -24.891  -19.273  81.488 0.0000000000
42327  -28.292  -18.040  81.513 0.0000000000
41651  -26.004  -19.024  79.740 0.0000000000
41663  -23.516  -19.400  77.830 0.0000000000
45449  -8.491  -13.067  79.003 0.0000000000
46142  -6.923  -12.658  80.527 0.0000000000
45469  -4.112  -13.540  77.923 0.0000000000
43485  -0.313  -16.713  77.698 0.0000000000
40944  -2.273  -20.658  77.105 0.0000000000
37994  -1.451  -24.286  75.648 0.0000000000
48942  -48.183  -7.908  64.527 0.0000000000
47638  -47.489  -10.273  64.559 0.0000000000
38568  -12.175  -23.320  84.189 0.0000000000
36473  -12.747  -26.477  82.157 0.0000000000
35045  -12.537  -28.444  79.910 0.0000000000
39360  -19.788  -22.569  78.766 0.0000000000
38601  -19.036  -23.796  79.837 0.0000000000
37934  -17.750  -24.976  81.748 0.0000000000
36500  -16.216  -26.305  79.478 0.0000000000
35807  -13.715  -28.364  78.185 0.0000000000
46221  -4.649  -12.196  75.163 0.0000000000
46955  -8.231  -11.655  71.242 0.0000000000
45580  -9.702  -13.798  67.996 0.0000000000
44818  -2.687  -14.859  71.176 0.0000000000
44125  -3.769  -15.000  69.647 0.0000000000
44150  -3.738  -15.434  67.364 0.0000000000
43428  -3.532  -16.290  85.418 0.0000000000
41614  -5.826  -19.627  84.340 0.0000000000
41612  -3.518  -19.296  85.122 0.0000000000
42315  -1.127  -18.362  83.633 0.0000000000
40147  -0.767  -21.619  80.797 0.0000000000
37235  -1.117  -24.556  78.435 0.0000000000
35828  -0.468  -27.699  75.687 0.0000000000
32683  -1.382  -31.591  79.922 0.0000000000
32737  -0.930  -31.410  77.705 0.0000000000
32109  -0.525  -32.252  73.144 0.0000000000
44767  -35.791  -14.625  77.438 0.0000000000
45486  -35.375  -13.636  77.536 0.0000000000
43489  -35.817  -16.636  77.432 0.0000000000
44092  -36.308  -15.592  77.373 0.0000000000
43488  -34.681  -16.765  77.594 0.0000000000
42918  -34.777  -17.379  77.900 0.0000000000
44100  -34.061  -14.967  76.789 0.0000000000
43487  -33.690  -16.411  77.696 0.0000000000
51251  -49.249  -5.937  62.431 0.0000000000
49677  -49.051  -7.635  63.628 0.0000000000
48956  -49.186  -8.495  63.447 0.0000000000
49683  -49.542  -7.759  62.704 0.0000000000
50496  -49.704  -6.931  62.129 0.0000000000
48951  -40.500  -8.428  62.393 0.0000000000
49706  -39.774  -7.025  59.944 0.0000000000
49673  -40.552  -7.311  62.946 0.0000000000
47622  -40.426  -10.387  65.910 0.0000000000
48253  -40.462  -9.444  63.717 0.0000000000
48962  -40.255  -9.218  61.533 0.0000000000
37319  -1.608  -25.328  72.977 0.0000000000
37337  -2.294  -25.113  72.224 0.0000000000
36599  -1.638  -26.493  71.735 0.0000000000
33566  -1.181  -30.248  70.497 0.0000000000
34388  -0.612  -29.163  71.806 0.0000000000
35043  -10.325  -29.197  80.190 0.0000000000
35028  -9.538  -28.991  81.140 0.0000000000
46240  -41.033  -12.006  73.644 0.0000000000
46250  -40.898  -12.786  73.467 0.0000000000
46944  -41.374  -11.198  72.629 0.0000000000
46950  -41.338  -11.135  71.850 0.0000000000
53322  -50.440  -3.218  58.062 0.0000000000
52666  -50.988  -4.051  57.875 0.0000000000
54057  -51.231  -1.161  56.870 0.0000000000
44724  -2.198  -14.276  82.767 0.0000000000
44056  -0.757  -15.687  81.300 0.0000000000
43460  -0.794  -16.174  82.681 0.0000000000
48243  -43.712  -8.972  65.313 0.0000000000
48926  -45.205  -7.524  66.215 0.0000000000
48254  -42.642  -9.489  64.004 0.0000000000
47633  -42.979  -9.866  64.357 0.0000000000
48255  -43.317  -9.233  64.838 0.0000000000
47626  -44.853  -9.510  65.489 0.0000000000
37907  -16.142  -24.540  84.212 0.0000000000
37908  -17.014  -24.508  84.003 0.0000000000
40919  -23.657  -20.344  80.444 0.0000000000
40154  -22.360  -21.006  79.514 0.0000000000
45576  -5.564  -13.610  67.083 0.0000000000
45509  -7.748  -14.306  75.962 0.0000000000
44802  -8.652  -14.527  74.768 0.0000000000
45517  -6.432  -13.922  74.611 0.0000000000
36665  -4.821  -26.444  67.565 0.0000000000
38793  -3.308  -24.329  68.094 0.0000000000
37418  -3.407  -25.606  67.498 0.0000000000
42846  -9.340  -17.587  87.702 0.0000000000
41593  -9.163  -19.225  86.385 0.0000000000
35748  -2.411  -27.465  83.510 0.0000000000
37181  -2.361  -25.627  83.925 0.0000000000
35754  -1.748  -27.538  82.956 0.0000000000
36477  -1.001  -26.639  81.873 0.0000000000
35026  -1.195  -28.678  81.799 0.0000000000
44770  -38.380  -14.411  76.844 0.0000000000
44102  -39.157  -15.221  76.137 0.0000000000
45505  -39.330  -13.477  76.086 0.0000000000
45513  -39.829  -13.486  75.456 0.0000000000
42343  -32.431  -18.368  79.511 0.0000000000
42342  -31.591  -18.251  79.886 0.0000000000
40927  -31.550  -19.829  79.338 0.0000000000
40937  -30.333  -20.460  78.602 0.0000000000
51274  -49.402  -5.225  58.978 0.0000000000
50505  -49.966  -6.688  60.202 0.0000000000
50509  -50.144  -6.570  59.673 0.0000000000
51267  -49.644  -5.980  59.673 0.0000000000
51998  -49.905  -4.701  58.571 0.0000000000
48970  -42.397  -8.459  61.073 0.0000000000
49682  -42.354  -7.287  62.909 0.0000000000
50499  -42.127  -7.122  61.006 0.0000000000
48289  -40.629  -9.457  60.253 0.0000000000
47665  -40.630  -9.925  60.967 0.0000000000
48283  -41.490  -9.680  60.829 0.0000000000
48276  -41.958  -9.226  61.553 0.0000000000
46253  -1.709  -12.455  73.055 0.0000000000
46277  -3.950  -12.680  70.476 0.0000000000
46256  -4.624  -12.525  72.208 0.0000000000
42363  -0.928  -18.995  75.380 0.0000000000
42370  -1.019  -19.027  74.416 0.0000000000
40981  -3.664  -20.537  74.727 0.0000000000
37387  -3.940  -26.196  69.592 0.0000000000
38746  -6.263  -23.660  70.951 0.0000000000
36633  -4.990  -26.312  68.932 0.0000000000
36650  -5.435  -26.447  68.386 0.0000000000
35243  -4.667  -28.585  68.542 0.0000000000
33587  -4.711  -30.482  68.460 0.0000000000
38591  -10.079  -23.551  82.605 0.0000000000
39332  -9.232  -22.474  82.426 0.0000000000
37913  -9.593  -24.563  83.278 0.0000000000
35010  -7.507  -28.851  82.744 0.0000000000
35746  -6.982  -26.979  84.418 0.0000000000
34198  -5.964  -29.002  83.546 0.0000000000
34993  -4.752  -28.566  83.971 0.0000000000
48226  -41.251  -9.165  68.274 0.0000000000
47593  -40.481  -10.910  70.100 0.0000000000
48228  -40.892  -9.797  67.682 0.0000000000
42318  -26.001  -17.755  83.347 0.0000000000
41635  -25.531  -18.737  82.457 0.0000000000
42324  -26.018  -18.515  82.287 0.0000000000
42902  -29.808  -17.165  81.219 0.0000000000
42901  -28.673  -17.072  81.941 0.0000000000
42333  -28.792  -18.542  80.896 0.0000000000
41681  -26.230  -19.575  77.628 0.0000000000
41652  -27.184  -19.328  79.453 0.0000000000
41665  -25.594  -19.304  78.450 0.0000000000
41650  -24.857  -19.248  79.247 0.0000000000
41679  -24.319  -19.102  76.849 0.0000000000
41689  -23.123  -19.296  76.069 0.0000000000
45427  -4.980  -13.047  81.046 0.0000000000
45437  -5.387  -13.091  80.404 0.0000000000
45446  -5.643  -13.324  79.530 0.0000000000
45468  -3.279  -13.605  78.494 0.0000000000
44086  -1.128  -15.060  77.553 0.0000000000
44078  -1.129  -15.115  78.594 0.0000000000
42345  -0.561  -18.576  78.784 0.0000000000
41660  -0.932  -19.540  78.233 0.0000000000
40943  -1.828  -20.773  77.554 0.0000000000
39371  -2.318  -21.790  76.889 0.0000000000
39370  -1.860  -22.254  77.242 0.0000000000
48941  -47.781  -8.298  64.991 0.0000000000
50462  -47.430  -6.775  64.599 0.0000000000
49667  -47.258  -7.347  65.118 0.0000000000
47628  -46.323  -9.790  65.415 0.0000000000
47637  -46.507  -10.496  64.986 0.0000000000
48247  -47.056  -9.090  65.445 0.0000000000
48954  -48.069  -8.828  64.648 0.0000000000
39317  -12.610  -22.996  85.040 0.0000000000
37194  -14.384  -25.631  82.516 0.0000000000
37193  -13.328  -25.283  82.787 0.0000000000
36474  -13.880  -26.214  82.081 0.0000000000
35765  -12.376  -27.379  81.538 0.0000000000
35767  -13.802  -27.278  80.839 0.0000000000
39403  -19.451  -22.433  75.466 0.0000000000
40166  -19.925  -22.107  77.430 0.0000000000
39372  -19.160  -22.741  76.786 0.0000000000
37980  -17.927  -24.925  77.030 0.0000000000
37970  -18.388  -24.222  77.483 0.0000000000
37962  -17.918  -24.865  78.919 0.0000000000
37940  -18.576  -24.361  80.486 0.0000000000
37221  -17.369  -25.395  79.379 0.0000000000
37206  -16.721  -25.729  80.654 0.0000000000
37236  -16.778  -25.882  78.880 0.0000000000
35820  -14.570  -27.922  76.775 0.0000000000
46208  -5.528  -12.138  76.113 0.0000000000
45542  -9.147  -13.220  71.818 0.0000000000
46948  -8.337  -11.951  72.553 0.0000000000
46282  -9.435  -12.520  71.033 0.0000000000
46293  -9.259  -12.342  69.570 0.0000000000
45555  -9.436  -13.313  69.307 0.0000000000
42382  -0.656  -18.464  72.468 0.0000000000
44806  -1.888  -14.893  72.716 0.0000000000
42936  -0.513  -17.695  71.844 0.0000000000
41067  -0.618  -20.599  68.872 0.0000000000
42948  -0.758  -17.012  69.839 0.0000000000
43518  -0.711  -17.125  69.069 0.0000000000
44138  -3.504  -15.330  68.337 0.0000000000
43527  -0.676  -17.136  68.110 0.0000000000
43536  -0.633  -17.031  67.139 0.0000000000
43430  -5.078  -16.279  86.143 0.0000000000
40125  -6.787  -21.675  83.907 0.0000000000
41625  -6.485  -19.937  83.694 0.0000000000
40115  -5.358  -21.595  84.695 0.0000000000
39323  -2.322  -22.846  84.124 0.0000000000
40113  -3.346  -21.489  84.811 0.0000000000
40111  -1.837  -21.260  84.144 0.0000000000
41611  -2.428  -19.274  84.752 0.0000000000
40898  -1.044  -20.674  83.246 0.0000000000
40897  -0.635  -19.889  82.762 0.0000000000
39338  -1.224  -22.437  81.801 0.0000000000
36497  -0.561  -26.575  79.336 0.0000000000
37219  -0.893  -24.930  79.149 0.0000000000
37234  -0.784  -25.603  78.496 0.0000000000
37252  -0.723  -26.019  77.150 0.0000000000
35819  -0.368  -27.781  76.641 0.0000000000
32050  -1.424  -32.871  78.849 0.0000000000
32704  -1.277  -31.685  79.411 0.0000000000
45489  -38.055  -13.505  77.064 0.0000000000
42354  -36.162  -18.474  77.678 0.0000000000
42921  -37.328  -17.410  77.268 0.0000000000
43490  -36.863  -16.513  77.382 0.0000000000
44093  -37.297  -15.483  77.307 0.0000000000
41659  -33.248  -18.888  79.120 0.0000000000
42347  -34.144  -18.531  78.699 0.0000000000
42353  -35.462  -18.601  78.054 0.0000000000
42913  -33.204  -17.299  78.898 0.0000000000
51260  -49.601  -6.019  60.727 0.0000000000
48277  -49.528  -9.656  62.378 0.0000000000
48972  -49.908  -8.671  61.746 0.0000000000
49696  -50.101  -8.048  61.096 0.0000000000
50501  -49.867  -7.423  61.506 0.0000000000
50500  -49.818  -6.760  61.146 0.0000000000
48295  -41.213  -8.694  58.756 0.0000000000
49709  -41.902  -7.325  59.423 0.0000000000
48991  -40.278  -7.317  58.721 0.0000000000
49712  -39.639  -6.636  59.580 0.0000000000
47617  -39.767  -10.953  67.766 0.0000000000
47621  -39.860  -11.102  66.727 0.0000000000
47624  -39.761  -11.067  65.495 0.0000000000
47631  -39.561  -10.882  64.278 0.0000000000
48264  -39.674  -10.241  62.768 0.0000000000
48265  -39.995  -9.759  62.623 0.0000000000
48975  -40.289  -9.195  60.723 0.0000000000
39400  -3.660  -21.789  75.324 0.0000000000
39446  -5.843  -22.271  73.607 0.0000000000
38707  -3.616  -23.759  72.274 0.0000000000
37353  -3.414  -25.156  70.855 0.0000000000
35923  -2.569  -27.866  69.860 0.0000000000
33578  -3.008  -30.328  69.040 0.0000000000
34409  -2.068  -29.822  69.637 0.0000000000
32806  -1.496  -31.280  70.131 0.0000000000
36471  -10.615  -26.367  82.779 0.0000000000
36467  -9.674  -26.402  83.285 0.0000000000
35757  -9.554  -27.520  82.860 0.0000000000
48211  -41.434  -9.523  70.684 0.0000000000
44110  -40.238  -15.358  74.548 0.0000000000
44113  -40.532  -15.391  73.820 0.0000000000
44812  -40.670  -14.602  73.459 0.0000000000
45529  -40.831  -13.697  73.070 0.0000000000
46272  -41.039  -12.649  71.581 0.0000000000
46273  -41.209  -11.759  71.541 0.0000000000
47587  -41.366  -10.386  71.316 0.0000000000
43463  -27.612  -15.936  83.124 0.0000000000
41654  -28.986  -19.629  79.722 0.0000000000
41653  -28.108  -19.558  79.508 0.0000000000
41667  -27.712  -19.885  78.507 0.0000000000
41693  -26.776  -19.789  76.916 0.0000000000
52002  -51.429  -4.644  57.692 0.0000000000
52671  -51.388  -3.491  57.359 0.0000000000
52675  -51.711  -2.985  56.684 0.0000000000
53335  -51.857  -2.216  56.267 0.0000000000
44738  -2.038  -14.030  80.769 0.0000000000
44071  -1.003  -15.127  79.558 0.0000000000
44063  -0.862  -15.276  80.475 0.0000000000
42904  -0.375  -17.669  80.316 0.0000000000
41640  -0.367  -19.490  80.388 0.0000000000
48246  -46.150  -8.965  65.676 0.0000000000
48927  -45.688  -7.411  66.070 0.0000000000
47645  -43.119  -10.821  64.154 0.0000000000
47026  -43.809  -11.279  64.296 0.0000000000
47016  -44.778  -10.915  64.747 0.0000000000
47635  -44.522  -10.115  65.187 0.0000000000
47627  -45.444  -9.658  65.487 0.0000000000
38554  -13.839  -23.337  85.381 0.0000000000
38571  -14.915  -23.923  84.911 0.0000000000
37918  -15.465  -24.801  83.617 0.0000000000
37195  -15.230  -25.500  82.430 0.0000000000
37289  -17.834  -25.566  75.200 0.0000000000
36546  -16.290  -26.497  76.821 0.0000000000
46189  -7.931  -12.172  77.220 0.0000000000
46913  -7.410  -12.249  75.754 0.0000000000
46225  -9.303  -12.755  75.571 0.0000000000
45536  -9.603  -13.681  73.555 0.0000000000
45533  -7.388  -13.665  72.521 0.0000000000
39500  -3.848  -22.614  69.924 0.0000000000
41041  -1.446  -20.751  70.887 0.0000000000
40316  -2.418  -22.216  69.800 0.0000000000
39542  -2.010  -22.454  68.735 0.0000000000
40338  -1.257  -21.967  68.017 0.0000000000
43410  -10.126  -16.132  88.489 0.0000000000
43417  -8.993  -16.857  87.913 0.0000000000
42869  -6.819  -17.599  86.307 0.0000000000
37175  -4.234  -25.493  84.949 0.0000000000
38562  -4.199  -23.514  84.998 0.0000000000
37897  -2.837  -24.719  84.405 0.0000000000
37911  -2.244  -24.613  83.821 0.0000000000
38578  -1.830  -23.731  83.367 0.0000000000
38589  -1.370  -23.564  82.226 0.0000000000
37199  -0.971  -25.693  81.783 0.0000000000
36483  -0.608  -26.331  80.277 0.0000000000
35789  -0.375  -27.867  78.975 0.0000000000
42927  -39.172  -17.191  75.518 0.0000000000
43494  -38.258  -16.851  76.590 0.0000000000
43498  -39.032  -16.705  75.819 0.0000000000
44109  -39.811  -15.607  75.067 0.0000000000
44795  -39.924  -14.359  75.228 0.0000000000
46239  -40.669  -12.526  74.249 0.0000000000
42905  -30.197  -17.687  80.793 0.0000000000
43478  -31.987  -16.580  79.368 0.0000000000
42336  -31.083  -17.891  80.316 0.0000000000
41646  -30.195  -18.843  80.316 0.0000000000
40925  -29.957  -20.127  79.089 0.0000000000
49710  -50.928  -7.639  59.588 0.0000000000
51275  -50.407  -5.974  58.780 0.0000000000
52665  -50.357  -3.867  58.238 0.0000000000
48952  -42.603  -8.435  63.884 0.0000000000
49675  -43.018  -7.660  64.870 0.0000000000
49674  -42.533  -7.378  64.121 0.0000000000
48273  -39.709  -10.303  62.378 0.0000000000
48275  -41.443  -9.892  61.876 0.0000000000
40946  -22.308  -20.294  76.961 0.0000000000
40931  -21.892  -20.836  77.721 0.0000000000
40958  -21.156  -21.129  76.128 0.0000000000
40218  -20.016  -21.867  74.873 0.0000000000
46288  -4.332  -12.805  69.490 0.0000000000
45566  -6.796  -12.878  67.929 0.0000000000
44788  -2.826  -14.197  75.050 0.0000000000
44800  -4.390  -14.096  74.788 0.0000000000
44108  -1.164  -15.242  74.332 0.0000000000
42376  -0.690  -18.480  73.562 0.0000000000
41007  -1.928  -20.337  72.623 0.0000000000
40236  -6.676  -21.205  73.533 0.0000000000
40279  -6.582  -21.468  71.668 0.0000000000
40299  -5.306  -22.065  70.787 0.0000000000
38763  -5.322  -23.675  69.075 0.0000000000
41617  -8.589  -19.945  84.767 0.0000000000
40910  -9.092  -20.765  82.933 0.0000000000
39325  -7.864  -22.503  83.463 0.0000000000
38565  -7.097  -23.565  84.454 0.0000000000
36461  -8.180  -25.861  84.159 0.0000000000
37178  -7.066  -25.389  84.595 0.0000000000
37176  -5.210  -25.439  85.024 0.0000000000
36457  -4.802  -26.372  84.839 0.0000000000
34992  -3.871  -28.522  83.900 0.0000000000
34194  -2.948  -29.284  83.174 0.0000000000
48924  -41.092  -8.653  65.451 0.0000000000
48925  -41.303  -7.980  65.714 0.0000000000
43505  -40.360  -16.839  73.149 0.0000000000
47610  -39.490  -11.032  68.659 0.0000000000
48235  -40.948  -9.515  66.389 0.0000000000
41633  -24.214  -19.779  82.074 0.0000000000
40924  -23.522  -20.175  79.470 0.0000000000
44054  -29.004  -15.289  81.945 0.0000000000
42897  -28.342  -16.526  82.384 0.0000000000
42899  -27.280  -17.897  82.066 0.0000000000
42340  -27.690  -19.191  80.115 0.0000000000
42339  -26.979  -18.973  80.357 0.0000000000
42330  -26.199  -18.687  81.516 0.0000000000
41643  -25.618  -18.923  80.952 0.0000000000
41649  -23.975  -19.556  78.886 0.0000000000
40933  -23.316  -19.973  78.650 0.0000000000
41677  -22.776  -19.647  76.490 0.0000000000
54062  -52.095  -1.308  55.813 0.0000000000
54843  -52.702  -0.256  54.413 0.0000000000
54844  -52.861  0.232  53.714 0.0000000000
45474  -9.193  -13.464  77.593 0.0000000000
45472  -7.561  -13.725  77.665 0.0000000000
46154  -7.679  -12.810  79.918 0.0000000000
45458  -7.109  -13.565  78.551 0.0000000000
45490  -4.614  -13.687  76.820 0.0000000000
44772  -2.838  -14.093  76.200 0.0000000000
44103  -0.442  -15.802  76.024 0.0000000000
42357  -0.989  -18.994  76.392 0.0000000000
43480  -0.465  -16.729  78.728 0.0000000000
42350  -1.027  -18.921  77.162 0.0000000000
41687  -2.291  -19.974  76.361 0.0000000000
39399  -2.962  -22.523  75.236 0.0000000000
38664  -2.024  -23.939  74.421 0.0000000000
37303  -1.147  -25.590  74.186 0.0000000000
50475  -48.645  -7.014  63.569 0.0000000000
47017  -45.742  -11.113  64.653 0.0000000000
47018  -46.677  -11.131  64.405 0.0000000000
47019  -47.365  -11.073  64.100 0.0000000000
48258  -48.235  -9.370  64.365 0.0000000000
48955  -48.553  -8.390  64.290 0.0000000000
39328  -11.421  -22.945  83.612 0.0000000000
38592  -11.054  -23.770  82.619 0.0000000000
38585  -13.206  -24.073  84.114 0.0000000000
37927  -12.619  -24.529  83.042 0.0000000000
37191  -11.217  -25.446  82.686 0.0000000000
35030  -11.420  -28.175  81.166 0.0000000000
40157  -21.325  -21.413  78.302 0.0000000000
39352  -20.527  -22.301  79.463 0.0000000000
39351  -19.972  -22.889  79.767 0.0000000000
38629  -18.787  -23.325  77.000 0.0000000000
38609  -19.412  -23.211  79.326 0.0000000000
38603  -19.934  -23.297  80.850 0.0000000000
38595  -19.588  -23.833  81.914 0.0000000000
37922  -18.719  -24.316  82.830 0.0000000000
37921  -18.143  -24.458  83.198 0.0000000000
37197  -17.001  -25.226  81.998 0.0000000000
36481  -15.816  -26.158  80.941 0.0000000000
36484  -15.051  -27.124  79.836 0.0000000000
36535  -15.527  -27.029  77.778 0.0000000000
35792  -15.153  -27.232  78.962 0.0000000000
35775  -14.252  -27.480  80.058 0.0000000000
35046  -13.101  -28.312  79.575 0.0000000000
46233  -3.594  -12.538  74.494 0.0000000000
46922  -6.867  -11.949  74.951 0.0000000000
46932  -5.877  -11.826  73.641 0.0000000000
46246  -5.333  -12.193  72.854 0.0000000000
46270  -6.488  -11.829  70.883 0.0000000000
46306  -7.822  -12.157  68.414 0.0000000000
45597  -8.610  -14.180  66.414 0.0000000000
45522  -4.374  -13.895  73.251 0.0000000000
45531  -4.861  -13.785  72.250 0.0000000000
45539  -5.848  -13.653  71.129 0.0000000000
43515  -0.689  -17.132  70.735 0.0000000000
44119  -2.711  -15.010  70.759 0.0000000000
45544  -6.220  -14.001  70.099 0.0000000000
44830  -6.075  -14.851  68.783 0.0000000000
44837  -7.489  -15.413  67.602 0.0000000000
44171  -6.636  -16.264  65.772 0.0000000000
44168  -2.868  -15.470  66.761 0.0000000000
41616  -7.770  -19.352  84.502 0.0000000000
42309  -6.370  -18.648  84.822 0.0000000000
42308  -5.410  -18.681  84.989 0.0000000000
40114  -4.370  -21.519  84.912 0.0000000000
41613  -4.653  -19.419  84.940 0.0000000000
42296  -4.193  -18.035  85.402 0.0000000000
42865  -3.596  -17.192  85.379 0.0000000000
42880  -2.364  -17.335  84.780 0.0000000000
43440  -1.443  -16.684  84.039 0.0000000000
42319  -0.493  -18.383  82.586 0.0000000000
41636  -0.325  -19.386  81.366 0.0000000000
40150  -0.673  -21.203  79.650 0.0000000000
38597  -1.203  -23.398  81.102 0.0000000000
38600  -1.087  -23.231  79.970 0.0000000000
38619  -1.437  -23.091  77.923 0.0000000000
37979  -1.381  -24.098  76.690 0.0000000000
37287  -0.740  -26.065  74.946 0.0000000000
35849  -0.536  -27.481  73.971 0.0000000000
33418  -2.452  -30.303  82.155 0.0000000000
32685  -2.307  -31.871  80.608 0.0000000000
33444  -1.423  -30.601  80.931 0.0000000000
34241  -0.861  -29.815  80.588 0.0000000000
34263  -0.643  -30.016  79.176 0.0000000000
34285  -0.473  -29.865  78.101 0.0000000000
32752  -0.805  -31.437  76.757 0.0000000000
34318  -0.521  -29.605  76.210 0.0000000000
34331  -0.500  -29.499  75.244 0.0000000000
34343  -0.463  -29.335  74.305 0.0000000000
34359  -0.449  -29.026  73.319 0.0000000000
32118  -0.525  -31.924  72.345 0.0000000000
31497  -0.973  -33.503  71.952 0.0000000000
44766  -34.640  -14.636  77.229 0.0000000000
44090  -34.168  -15.697  77.064 0.0000000000
51243  -48.955  -5.989  63.042 0.0000000000
48242  -40.733  -9.448  65.049 0.0000000000
35862  -0.948  -26.769  72.751 0.0000000000
36584  -1.287  -26.289  72.470 0.0000000000
35877  -0.994  -27.208  72.149 0.0000000000
35203  -0.998  -28.192  71.556 0.0000000000
35202  -0.626  -28.499  72.160 0.0000000000
35042  -9.674  -29.288  80.374 0.0000000000
46938  -41.191  -11.279  73.319 0.0000000000
44714  -2.447  -14.436  83.745 0.0000000000
44713  -1.769  -14.800  83.186 0.0000000000
44039  -1.758  -15.200  83.743 0.0000000000
48937  -43.705  -8.360  65.432 0.0000000000
38558  -17.795  -23.589  85.309 0.0000000000
38573  -16.852  -24.141  84.785 0.0000000000
38574  -17.611  -24.162  84.439 0.0000000000
40918  -22.965  -20.699  79.966 0.0000000000
45595  -6.360  -14.161  66.113 0.0000000000
45594  -4.982  -14.209  66.067 0.0000000000
45508  -6.676  -14.023  75.740 0.0000000000
36664  -4.146  -26.029  67.520 0.0000000000
42286  -9.549  -19.004  86.848 0.0000000000
35755  -2.250  -28.257  83.140 0.0000000000
35747  -2.039  -27.232  83.321 0.0000000000
45504  -38.705  -13.495  76.571 0.0000000000
44785  -38.996  -14.382  76.401 0.0000000000
46229  -39.616  -12.565  75.665 0.0000000000
40928  -32.160  -19.628  79.349 0.0000000000
41657  -31.918  -19.087  79.587 0.0000000000
51273  -48.911  -4.762  59.063 0.0000000000
49689  -42.374  -7.639  61.614 0.0000000000
49695  -42.380  -7.693  60.649 0.0000000000
48290  -41.345  -9.478  59.722 0.0000000000
48284  -42.126  -9.163  60.340 0.0000000000
46242  -1.386  -12.200  74.072 0.0000000000
46254  -2.668  -12.625  72.776 0.0000000000
46255  -3.653  -12.624  72.481 0.0000000000
41698  -2.236  -19.916  75.520 0.0000000000
41697  -1.566  -19.520  75.033 0.0000000000
40980  -2.897  -20.268  75.103 0.0000000000
37388  -4.572  -25.920  69.441 0.0000000000
36632  -4.200  -26.819  69.194 0.0000000000
36649  -4.926  -26.914  68.623 0.0000000000
35940  -4.549  -27.591  68.701 0.0000000000
34414  -4.361  -29.614  68.609 0.0000000000
35242  -4.037  -29.062  68.754 0.0000000000
38582  -9.714  -23.974  82.977 0.0000000000
37914  -10.163  -24.840  83.113 0.0000000000
34995  -6.685  -28.429  83.640 0.0000000000
48910  -41.457  -8.176  67.668 0.0000000000
48901  -41.548  -8.370  68.810 0.0000000000
42929  -39.679  -17.130  74.789 0.0000000000
42892  -26.619  -16.999  83.488 0.0000000000
42322  -26.398  -17.966  82.821 0.0000000000
42334  -29.721  -18.206  80.806 0.0000000000
42328  -29.083  -17.839  81.326 0.0000000000
41680  -25.352  -19.301  77.345 0.0000000000
41664  -24.583  -19.178  78.114 0.0000000000
42359  -23.947  -19.047  76.025 0.0000000000
41690  -24.623  -19.250  75.818 0.0000000000
45444  -3.748  -13.402  79.975 0.0000000000
45436  -4.442  -13.269  80.572 0.0000000000
45445  -4.675  -13.300  79.702 0.0000000000
44750  -2.463  -13.939  78.705 0.0000000000
44743  -1.660  -14.498  79.129 0.0000000000
40920  -0.859  -20.461  78.901 0.0000000000
40929  -1.108  -20.157  78.319 0.0000000000
40930  -1.324  -20.628  78.126 0.0000000000
40164  -1.594  -21.455  77.818 0.0000000000
36475  -14.456  -26.096  81.937 0.0000000000
36479  -13.544  -26.858  81.525 0.0000000000
39388  -19.489  -22.389  76.480 0.0000000000
39387  -19.031  -22.919  76.099 0.0000000000
37255  -17.453  -25.364  77.514 0.0000000000
37969  -17.907  -24.839  77.963 0.0000000000
37237  -17.368  -25.393  78.387 0.0000000000
46186  -5.105  -12.352  77.119 0.0000000000
45541  -8.398  -13.529  71.554 0.0000000000
45547  -9.132  -13.104  70.588 0.0000000000
41727  -0.957  -19.245  72.076 0.0000000000
43507  -0.661  -16.845  72.146 0.0000000000
41743  -1.239  -19.969  71.667 0.0000000000
41784  -0.357  -19.487  68.473 0.0000000000
42407  -0.312  -18.833  68.672 0.0000000000
42958  -0.365  -18.139  68.586 0.0000000000
43528  -1.232  -16.452  68.594 0.0000000000
42964  -0.302  -18.387  68.073 0.0000000000
42965  -0.291  -17.951  67.616 0.0000000000
41793  -0.332  -19.513  67.507 0.0000000000
42853  -6.587  -17.101  86.633 0.0000000000
39312  -5.737  -22.572  84.778 0.0000000000
40116  -6.187  -21.710  84.372 0.0000000000
39322  -1.814  -22.613  83.611 0.0000000000
40112  -2.297  -21.594  84.353 0.0000000000
40123  -1.594  -21.637  83.682 0.0000000000
40885  -1.743  -20.451  84.226 0.0000000000
40132  -1.088  -21.586  82.574 0.0000000000
36515  -0.514  -26.789  78.155 0.0000000000
36534  -0.463  -27.029  77.206 0.0000000000
30690  -1.831  -34.586  79.254 0.0000000000
31411  -1.972  -33.464  79.303 0.0000000000
31430  -1.536  -33.546  78.794 0.0000000000
44768  -36.792  -14.558  77.415 0.0000000000
44769  -37.673  -14.474  77.225 0.0000000000
42346  -33.525  -18.484  79.014 0.0000000000
41671  -33.606  -19.362  78.848 0.0000000000
42919  -35.364  -17.674  77.804 0.0000000000
42916  -35.079  -18.162  78.158 0.0000000000
43483  -34.008  -17.100  78.151 0.0000000000
42911  -33.331  -18.039  79.140 0.0000000000
51986  -49.292  -5.408  61.195 0.0000000000
48268  -48.580  -9.662  63.838 0.0000000000
47647  -48.472  -10.405  63.470 0.0000000000
48269  -49.069  -9.434  63.247 0.0000000000
48964  -49.595  -8.679  62.561 0.0000000000
48971  -49.735  -9.045  62.151 0.0000000000
49691  -49.746  -7.915  61.993 0.0000000000
50497  -49.766  -7.430  61.994 0.0000000000
48981  -40.278  -8.680  59.773 0.0000000000
48985  -40.427  -8.134  58.889 0.0000000000
49707  -40.041  -7.725  59.438 0.0000000000
47632  -39.876  -10.214  63.563 0.0000000000
39420  -3.626  -22.582  74.393 0.0000000000
39444  -3.836  -22.769  73.756 0.0000000000
38686  -3.760  -23.138  73.236 0.0000000000
36600  -2.147  -26.476  71.242 0.0000000000
37352  -2.728  -25.590  71.258 0.0000000000
36616  -2.522  -26.454  70.764 0.0000000000
36617  -2.938  -26.472  70.256 0.0000000000
35908  -2.342  -27.332  70.368 0.0000000000
34402  -2.292  -28.823  69.738 0.0000000000
35217  -2.196  -28.298  70.026 0.0000000000
32128  -1.310  -32.208  70.616 0.0000000000
31524  -1.687  -32.731  70.383 0.0000000000
31510  -1.525  -33.266  70.864 0.0000000000
35758  -10.424  -27.406  82.467 0.0000000000
36470  -10.083  -26.936  82.883 0.0000000000
44796  -40.314  -14.468  74.666 0.0000000000
44805  -40.499  -14.722  74.133 0.0000000000
46262  -41.048  -12.785  72.615 0.0000000000
45537  -40.928  -13.660  72.124 0.0000000000
41668  -28.678  -19.994  78.937 0.0000000000
40934  -27.963  -20.263  77.977 0.0000000000
51276  -51.321  -5.631  58.114 0.0000000000
45434  -2.754  -13.659  81.294 0.0000000000
44731  -1.312  -14.797  81.300 0.0000000000
44055  -0.518  -16.364  81.283 0.0000000000
43472  -0.398  -16.896  80.837 0.0000000000
42337  -0.405  -18.574  79.824 0.0000000000
42329  -0.272  -18.550  80.821 0.0000000000
48939  -45.837  -7.985  65.925 0.0000000000
47643  -41.709  -10.494  63.075 0.0000000000
47644  -42.572  -10.339  63.808 0.0000000000
47015  -44.129  -10.707  64.774 0.0000000000
38556  -15.494  -23.431  85.744 0.0000000000
37188  -15.619  -25.153  82.979 0.0000000000
36556  -17.056  -26.370  75.590 0.0000000000
46212  -8.980  -12.624  76.314 0.0000000000
44777  -9.788  -13.428  75.778 0.0000000000
45525  -7.536  -13.934  73.647 0.0000000000
44810  -9.111  -14.456  74.229 0.0000000000
45534  -8.465  -13.704  72.712 0.0000000000
39523  -4.584  -23.119  69.495 0.0000000000
39499  -3.001  -22.531  69.698 0.0000000000
38762  -4.171  -23.521  68.971 0.0000000000
38777  -2.835  -23.525  68.375 0.0000000000
39559  -2.258  -23.196  68.075 0.0000000000
40327  -1.471  -21.988  68.557 0.0000000000
39558  -1.693  -22.766  67.750 0.0000000000
38113  -2.128  -24.183  67.333 0.0000000000
42274  -8.858  -18.090  87.195 0.0000000000
42845  -8.433  -17.465  87.385 0.0000000000
42844  -7.644  -16.989  87.313 0.0000000000
42283  -7.506  -17.986  86.354 0.0000000000
37898  -3.737  -24.538  84.791 0.0000000000
37174  -3.398  -25.475  84.600 0.0000000000
37180  -1.890  -25.744  83.389 0.0000000000
37910  -1.871  -25.028  83.322 0.0000000000
37923  -1.452  -24.707  82.523 0.0000000000
35761  -0.739  -27.567  81.175 0.0000000000
36476  -0.753  -26.596  81.196 0.0000000000
35771  -0.527  -27.449  80.324 0.0000000000
42368  -39.323  -17.876  75.140 0.0000000000
42367  -38.753  -18.069  75.782 0.0000000000
42923  -37.928  -17.404  76.733 0.0000000000
43495  -38.758  -16.275  76.295 0.0000000000
43496  -39.271  -15.759  75.910 0.0000000000
43499  -39.434  -16.270  75.497 0.0000000000
44105  -39.610  -15.237  75.557 0.0000000000
44106  -39.992  -15.010  75.030 0.0000000000
46230  -40.222  -12.551  75.075 0.0000000000
40952  -34.055  -20.824  78.249 0.0000000000
43475  -30.629  -16.356  80.625 0.0000000000
42903  -30.331  -16.761  80.925 0.0000000000
42906  -30.681  -17.238  80.606 0.0000000000
43481  -32.249  -16.185  78.765 0.0000000000
42341  -31.000  -18.387  80.187 0.0000000000
41647  -30.663  -18.634  80.213 0.0000000000
41655  -29.943  -19.588  79.742 0.0000000000
40950  -30.065  -20.759  77.904 0.0000000000
48977  -50.462  -8.717  60.837 0.0000000000
50510  -50.705  -7.008  59.463 0.0000000000
50516  -50.821  -6.575  58.927 0.0000000000
49708  -41.343  -6.732  59.422 0.0000000000
49701  -41.860  -6.987  59.911 0.0000000000
40945  -21.646  -20.794  77.005 0.0000000000
40959  -21.693  -20.623  76.259 0.0000000000
40219  -20.647  -21.317  74.360 0.0000000000
46275  -1.939  -12.579  71.045 0.0000000000
46278  -4.996  -12.544  70.345 0.0000000000
46289  -5.333  -12.565  69.523 0.0000000000
46304  -5.647  -12.669  68.729 0.0000000000
46305  -6.747  -12.490  68.504 0.0000000000
44787  -1.819  -14.504  74.674 0.0000000000
44107  -0.513  -15.880  74.956 0.0000000000
41708  -1.565  -19.591  74.175 0.0000000000
42931  -0.398  -17.537  73.877 0.0000000000
41717  -1.535  -19.675  73.420 0.0000000000
41729  -1.859  -20.103  73.240 0.0000000000
41008  -2.474  -20.493  73.038 0.0000000000
39466  -5.484  -22.771  72.896 0.0000000000
39422  -5.915  -21.612  74.068 0.0000000000
39467  -6.800  -22.552  72.435 0.0000000000
38077  -6.484  -23.867  69.967 0.0000000000
39504  -7.256  -22.262  71.244 0.0000000000
39503  -6.891  -22.554  70.443 0.0000000000
40300  -6.325  -21.926  70.899 0.0000000000
39525  -6.357  -22.814  69.861 0.0000000000
39524  -5.675  -22.990  69.656 0.0000000000
38092  -5.875  -24.512  69.123 0.0000000000
37404  -5.588  -25.482  68.441 0.0000000000
32815  -2.623  -31.237  69.288 0.0000000000
32816  -3.357  -31.069  68.864 0.0000000000
31539  -2.931  -32.965  69.333 0.0000000000
40903  -9.329  -20.845  83.455 0.0000000000
40135  -9.491  -21.336  82.682 0.0000000000
38580  -8.349  -23.017  83.373 0.0000000000
39326  -8.535  -22.496  82.924 0.0000000000
39314  -7.414  -22.857  84.050 0.0000000000
37183  -9.191  -25.459  83.581 0.0000000000
36466  -8.574  -26.363  83.808 0.0000000000
35745  -6.280  -27.153  84.517 0.0000000000
36459  -6.645  -26.274  84.639 0.0000000000
37177  -6.155  -25.403  84.848 0.0000000000
36458  -5.744  -26.312  84.807 0.0000000000
34196  -4.446  -29.224  83.505 0.0000000000
34978  -4.231  -27.876  84.361 0.0000000000
34991  -2.957  -28.488  83.550 0.0000000000
43506  -40.524  -16.120  73.445 0.0000000000
47602  -40.227  -10.799  69.526 0.0000000000
48229  -41.298  -8.930  67.159 0.0000000000
41634  -24.957  -19.116  82.675 0.0000000000
41637  -24.263  -19.813  80.959 0.0000000000
42900  -27.783  -17.628  82.106 0.0000000000
42326  -27.476  -18.198  81.633 0.0000000000
42331  -26.924  -18.633  81.198 0.0000000000
42338  -26.337  -18.841  80.752 0.0000000000
41662  -22.911  -19.719  77.223 0.0000000000
42364  -23.064  -19.039  75.128 0.0000000000
41701  -22.973  -19.229  75.647 0.0000000000
55731  -52.595  0.677  53.999 0.0000000000
46157  -9.370  -12.253  79.119 0.0000000000
45460  -8.983  -13.286  78.472 0.0000000000
45473  -8.518  -13.732  77.687 0.0000000000
45459  -8.093  -13.495  78.454 0.0000000000
46141  -6.064  -12.876  80.586 0.0000000000
45456  -4.946  -13.418  78.757 0.0000000000
45457  -6.025  -13.562  78.649 0.0000000000
45470  -5.328  -13.572  77.754 0.0000000000
44759  -3.828  -13.660  77.177 0.0000000000
44773  -3.732  -13.807  76.523 0.0000000000
44095  -0.523  -15.810  77.103 0.0000000000
43493  -0.107  -16.674  76.662 0.0000000000
42922  -0.001  -17.581  76.217 0.0000000000
42356  -0.500  -18.350  76.755 0.0000000000
44077  -0.673  -15.853  79.127 0.0000000000
41674  -1.057  -19.194  77.603 0.0000000000
42349  -0.633  -18.555  77.720 0.0000000000
41675  -1.628  -19.789  77.264 0.0000000000
41676  -2.258  -20.232  76.825 0.0000000000
39386  -3.163  -21.574  75.861 0.0000000000
40181  -2.568  -21.319  76.752 0.0000000000
38635  -1.979  -23.240  75.982 0.0000000000
38636  -2.506  -22.743  75.638 0.0000000000
38646  -1.965  -23.703  74.960 0.0000000000
38010  -1.562  -24.504  74.614 0.0000000000
49676  -48.406  -7.500  64.106 0.0000000000
50474  -47.945  -6.597  63.852 0.0000000000
47629  -47.072  -9.843  65.174 0.0000000000
47639  -48.166  -10.079  64.075 0.0000000000
39316  -11.553  -22.468  84.846 0.0000000000
39335  -11.408  -23.361  82.949 0.0000000000
38583  -11.955  -23.628  83.409 0.0000000000
38570  -13.856  -23.894  84.609 0.0000000000
37916  -13.448  -24.534  83.528 0.0000000000
37928  -13.130  -24.768  83.102 0.0000000000
37192  -12.196  -25.420  82.582 0.0000000000
36472  -11.657  -26.305  82.448 0.0000000000
35773  -12.484  -27.983  80.764 0.0000000000
35772  -11.899  -27.946  81.142 0.0000000000
35044  -11.554  -28.588  80.419 0.0000000000
35070  -11.897  -28.976  79.246 0.0000000000
40168  -21.200  -21.280  77.345 0.0000000000
39374  -19.959  -22.230  78.169 0.0000000000
39361  -20.286  -22.158  78.593 0.0000000000
38637  -18.641  -23.676  75.858 0.0000000000
37981  -18.344  -24.284  76.500 0.0000000000
37963  -18.408  -24.268  78.439 0.0000000000
38608  -18.869  -23.699  78.900 0.0000000000
38602  -19.713  -23.347  80.276 0.0000000000
37941  -19.216  -23.873  80.593 0.0000000000
38598  -19.605  -23.642  81.066 0.0000000000
37939  -17.842  -24.890  80.855 0.0000000000
37935  -18.432  -24.568  81.486 0.0000000000
37931  -18.281  -24.609  82.345 0.0000000000
37930  -17.571  -24.860  82.563 0.0000000000
36486  -16.272  -26.111  80.328 0.0000000000
36482  -16.329  -25.939  80.833 0.0000000000
36485  -15.628  -26.558  80.148 0.0000000000
36554  -15.847  -27.084  76.260 0.0000000000
36536  -15.991  -26.590  77.690 0.0000000000
36545  -15.633  -26.976  77.079 0.0000000000
35808  -14.379  -28.041  77.948 0.0000000000
35809  -15.185  -27.314  78.377 0.0000000000
35791  -14.702  -27.513  79.076 0.0000000000
35790  -13.709  -28.185  79.048 0.0000000000
46206  -3.397  -12.587  76.582 0.0000000000
46220  -3.544  -12.578  75.554 0.0000000000
46236  -8.124  -12.395  75.061 0.0000000000
46923  -7.440  -12.218  75.280 0.0000000000
46934  -7.559  -12.159  74.542 0.0000000000
46942  -7.010  -11.777  73.057 0.0000000000
46235  -5.111  -12.125  73.536 0.0000000000
46941  -6.153  -11.835  72.550 0.0000000000
46258  -6.163  -11.868  71.531 0.0000000000
46954  -7.409  -11.644  70.703 0.0000000000
46309  -10.077  -13.101  68.403 0.0000000000
46292  -8.365  -11.744  69.232 0.0000000000
46316  -9.156  -12.982  67.592 0.0000000000
46315  -8.161  -12.725  67.688 0.0000000000
45579  -9.133  -14.165  67.173 0.0000000000
44798  -2.750  -14.275  73.947 0.0000000000
44799  -3.930  -14.058  74.238 0.0000000000
44797  -1.835  -14.691  73.626 0.0000000000
44814  -2.522  -14.738  71.871 0.0000000000
45530  -4.144  -13.987  72.696 0.0000000000
44815  -3.820  -14.226  72.058 0.0000000000
44816  -4.616  -14.044  71.710 0.0000000000
41040  -0.915  -20.448  70.405 0.0000000000
41759  -0.976  -20.009  71.040 0.0000000000
42391  -0.390  -18.730  70.535 0.0000000000
44128  -2.429  -15.474  69.598 0.0000000000
44127  -1.652  -15.862  69.997 0.0000000000
44124  -3.080  -15.071  70.094 0.0000000000
44826  -5.555  -14.318  69.943 0.0000000000
44825  -4.558  -14.701  69.776 0.0000000000
45552  -6.214  -14.383  69.565 0.0000000000
44829  -4.984  -14.944  69.016 0.0000000000
44140  -5.661  -15.483  67.793 0.0000000000
44153  -7.330  -16.083  66.717 0.0000000000
44151  -4.852  -15.614  67.045 0.0000000000
44169  -3.993  -15.540  66.374 0.0000000000
44167  -1.945  -15.815  67.194 0.0000000000
44018  -3.585  -15.326  85.424 0.0000000000
41627  -8.315  -19.990  83.785 0.0000000000
41626  -7.458  -19.914  83.348 0.0000000000
41615  -6.835  -19.231  84.100 0.0000000000
39310  -3.773  -22.492  84.886 0.0000000000
40886  -2.844  -20.445  84.793 0.0000000000
40887  -3.960  -20.463  85.004 0.0000000000
42307  -4.692  -18.589  85.231 0.0000000000
41602  -4.144  -18.765  85.245 0.0000000000
41601  -3.699  -18.452  85.267 0.0000000000
41610  -1.603  -19.039  84.251 0.0000000000
42305  -2.039  -18.267  84.613 0.0000000000
42304  -1.546  -18.290  84.200 0.0000000000
43441  -1.919  -16.539  84.485 0.0000000000
42879  -1.509  -17.479  84.160 0.0000000000
43452  -0.995  -16.776  83.413 0.0000000000
42314  -0.714  -18.335  83.110 0.0000000000
40914  -0.606  -20.660  81.649 0.0000000000
40906  -0.421  -20.084  81.910 0.0000000000
40139  -0.638  -21.000  80.997 0.0000000000
40917  -0.446  -20.415  79.961 0.0000000000
39349  -0.656  -21.721  80.159 0.0000000000
37933  -1.136  -24.476  81.553 0.0000000000
37938  -0.961  -24.467  80.478 0.0000000000
37948  -1.098  -24.135  79.312 0.0000000000
37961  -1.280  -23.775  78.453 0.0000000000
38607  -1.252  -23.095  78.896 0.0000000000
37968  -1.344  -23.947  77.669 0.0000000000
36544  -0.519  -26.871  76.337 0.0000000000
37270  -0.733  -25.995  75.919 0.0000000000
36553  -0.580  -26.821  75.368 0.0000000000
36560  -0.653  -26.752  74.488 0.0000000000
35838  -0.538  -27.604  74.790 0.0000000000
32673  -2.537  -31.405  81.264 0.0000000000
32017  -1.800  -32.144  79.919 0.0000000000
32018  -2.067  -32.267  80.035 0.0000000000
32684  -1.694  -31.690  80.223 0.0000000000
32672  -1.920  -31.296  81.023 0.0000000000
34242  -1.185  -30.018  81.038 0.0000000000
33443  -1.134  -31.021  80.131 0.0000000000
32723  -1.038  -31.448  78.600 0.0000000000
33461  -0.796  -30.536  79.375 0.0000000000
33474  -0.713  -30.588  78.429 0.0000000000
35087  -0.510  -29.430  78.634 0.0000000000
33503  -0.598  -30.555  76.470 0.0000000000
32766  -0.533  -31.432  75.809 0.0000000000
33521  -0.516  -30.482  75.500 0.0000000000
33535  -0.512  -30.369  74.539 0.0000000000
33549  -0.476  -30.199  73.561 0.0000000000
32791  -0.500  -31.141  72.881 0.0000000000
33558  -0.459  -29.985  72.474 0.0000000000
45487  -36.338  -13.590  77.499 0.0000000000
42915  -34.573  -17.777  78.283 0.0000000000
44089  -33.307  -15.778  77.321 0.0000000000
44784  -34.095  -14.622  76.981 0.0000000000
51979  -49.103  -5.320  61.843 0.0000000000
49690  -49.687  -7.498  62.227 0.0000000000
98372  -39.942  -6.714  61.515 0.0000000000
38023  -2.239  -24.406  73.311 0.0000000000
38036  -2.637  -24.452  72.504 0.0000000000
37320  -2.178  -24.819  72.753 0.0000000000
35891  -1.634  -27.244  71.096 0.0000000000
35216  -1.645  -28.143  70.643 0.0000000000
34389  -1.022  -29.177  70.916 0.0000000000
33565  -0.668  -30.169  71.385 0.0000000000
35029  -10.719  -28.327  81.366 0.0000000000
35012  -9.938  -28.222  82.112 0.0000000000
46251  -41.160  -11.989  73.023 0.0000000000
47581  -41.446  -10.393  72.182 0.0000000000
44728  -28.059  -14.544  82.590 0.0000000000
40948  -28.102  -20.433  77.476 0.0000000000
52670  -50.776  -3.431  57.856 0.0000000000
54056  -50.738  -1.361  57.301 0.0000000000
44723  -1.543  -14.809  82.401 0.0000000000
44048  -1.006  -15.522  82.136 0.0000000000
43466  -0.389  -16.951  81.702 0.0000000000
48938  -44.733  -8.300  65.941 0.0000000000
49664  -44.250  -7.451  66.090 0.0000000000
48256  -43.831  -9.780  65.149 0.0000000000
48244  -44.212  -9.198  65.473 0.0000000000
38572  -15.874  -24.050  84.951 0.0000000000
38557  -16.595  -23.623  85.518 0.0000000000
40916  -23.665  -20.395  81.489 0.0000000000
45563  -3.590  -13.489  67.857 0.0000000000
45575  -4.286  -13.727  66.988 0.0000000000
44775  -9.339  -14.207  76.176 0.0000000000
44793  -9.613  -14.195  75.438 0.0000000000
44791  -8.357  -14.474  75.349 0.0000000000
45518  -7.854  -14.326  74.788 0.0000000000
38116  -4.610  -25.018  68.071 0.0000000000
38103  -4.085  -24.486  68.343 0.0000000000
37419  -4.360  -25.581  67.743 0.0000000000
38115  -3.762  -24.977  67.905 0.0000000000
37417  -2.860  -25.311  67.418 0.0000000000
42285  -9.030  -18.657  86.812 0.0000000000
41592  -8.662  -18.826  86.380 0.0000000000
36463  -2.665  -26.684  83.992 0.0000000000
36462  -1.921  -26.583  83.359 0.0000000000
36469  -1.349  -26.641  82.483 0.0000000000
35762  -1.110  -27.639  81.928 0.0000000000
35025  -0.743  -28.618  81.132 0.0000000000
44094  -38.081  -15.313  77.014 0.0000000000
43492  -38.358  -15.810  76.747 0.0000000000
44101  -38.637  -15.243  76.601 0.0000000000
42909  -32.189  -17.535  79.578 0.0000000000
40926  -30.666  -19.996  79.253 0.0000000000
51997  -49.048  -4.430  58.734 0.0000000000
50495  -42.059  -6.856  61.749 0.0000000000
48282  -40.278  -9.846  61.198 0.0000000000
47666  -40.993  -9.860  60.507 0.0000000000
40985  -21.776  -20.259  74.334 0.0000000000
46266  -2.768  -12.596  71.763 0.0000000000
46267  -3.760  -12.607  71.490 0.0000000000
46268  -4.773  -12.529  71.262 0.0000000000
42925  0.016  -17.581  75.181 0.0000000000
42928  -0.191  -17.557  74.532 0.0000000000
42369  -0.419  -18.260  74.663 0.0000000000
41709  -2.134  -20.033  74.673 0.0000000000
40991  -2.808  -20.394  74.223 0.0000000000
38075  -4.481  -24.757  70.522 0.0000000000
38056  -5.726  -23.829  71.084 0.0000000000
38076  -5.806  -24.240  70.199 0.0000000000
37371  -5.601  -24.848  69.520 0.0000000000
37389  -5.480  -25.555  69.118 0.0000000000
35941  -5.354  -27.627  68.204 0.0000000000
35244  -5.768  -28.677  68.029 0.0000000000
34415  -5.274  -29.578  68.283 0.0000000000
39341  -10.242  -22.126  82.197 0.0000000000
39339  -9.653  -22.208  82.100 0.0000000000
38590  -9.561  -23.039  82.523 0.0000000000
38581  -9.086  -23.462  83.154 0.0000000000
38567  -8.535  -24.028  83.649 0.0000000000
34996  -7.871  -28.153  83.265 0.0000000000
36465  -8.038  -26.904  83.976 0.0000000000
35751  -7.498  -27.426  83.964 0.0000000000
35750  -6.787  -27.570  84.205 0.0000000000
34980  -5.926  -27.864  84.303 0.0000000000
34979  -5.074  -27.892  84.377 0.0000000000
34994  -5.626  -28.518  83.938 0.0000000000
34197  -5.292  -29.166  83.486 0.0000000000
44817  -40.760  -14.586  72.557 0.0000000000
47594  -40.916  -10.597  70.321 0.0000000000
47603  -40.786  -10.274  69.694 0.0000000000
48217  -40.766  -10.163  69.378 0.0000000000
42321  -25.637  -18.403  82.971 0.0000000000
41639  -25.548  -18.916  81.904 0.0000000000
43471  -30.146  -16.244  81.158 0.0000000000
43470  -29.344  -16.092  81.732 0.0000000000
41678  -23.423  -19.290  76.720 0.0000000000
42352  -23.766  -19.135  76.472 0.0000000000
42365  -23.367  -19.085  75.448 0.0000000000
52003  -51.882  -4.472  57.075 0.0000000000
45438  -6.144  -13.064  80.115 0.0000000000
44758  -2.939  -13.808  77.485 0.0000000000
44749  -1.831  -14.428  78.063 0.0000000000
44085  -0.654  -15.861  78.140 0.0000000000
41661  -1.247  -20.027  77.982 0.0000000000
40165  -2.124  -21.387  77.275 0.0000000000
39384  -2.015  -22.720  76.616 0.0000000000
49668  -47.866  -7.415  64.568 0.0000000000
48257  -47.667  -9.292  64.916 0.0000000000
37186  -14.015  -25.075  83.176 0.0000000000
37185  -13.601  -24.944  83.151 0.0000000000
36478  -12.964  -27.070  81.645 0.0000000000
35766  -13.114  -27.476  81.144 0.0000000000
35774  -13.300  -27.886  80.211 0.0000000000
40201  -20.027  -21.911  75.989 0.0000000000
40183  -19.966  -22.016  76.977 0.0000000000
39373  -19.500  -22.474  77.556 0.0000000000
37995  -18.001  -25.037  76.160 0.0000000000
37950  -18.455  -24.314  79.419 0.0000000000
37949  -17.900  -24.853  79.899 0.0000000000
37207  -17.318  -25.364  80.307 0.0000000000
37203  -17.191  -25.344  81.167 0.0000000000
37220  -16.781  -25.803  79.845 0.0000000000
35830  -15.235  -27.478  76.519 0.0000000000
35110  -13.818  -28.375  76.883 0.0000000000
35092  -13.611  -28.446  77.618 0.0000000000
46207  -4.417  -12.428  76.297 0.0000000000
46260  -9.323  -12.638  73.117 0.0000000000
46259  -8.653  -12.284  73.524 0.0000000000
46949  -9.117  -12.294  72.345 0.0000000000
46956  -9.066  -12.041  71.647 0.0000000000
46964  -8.986  -11.890  70.586 0.0000000000
45568  -9.541  -13.806  68.582 0.0000000000
43503  -0.662  -16.505  73.222 0.0000000000
43508  -1.070  -16.105  72.300 0.0000000000
44117  -1.516  -15.651  71.703 0.0000000000
41772  -0.458  -19.938  69.409 0.0000000000
42947  -0.443  -17.821  69.800 0.0000000000
42400  -0.321  -18.972  69.406 0.0000000000
43519  -1.187  -16.464  69.513 0.0000000000
44136  -1.770  -15.850  69.088 0.0000000000
44130  -4.239  -15.114  68.952 0.0000000000
44137  -2.587  -15.524  68.699 0.0000000000
44148  -1.884  -15.866  68.157 0.0000000000
44149  -2.736  -15.524  67.750 0.0000000000
43537  -1.265  -16.428  67.641 0.0000000000
40900  -6.754  -20.774  83.552 0.0000000000
40890  -6.413  -21.221  83.980 0.0000000000
40889  -6.012  -20.729  84.185 0.0000000000
40888  -5.035  -20.552  84.692 0.0000000000
39309  -2.948  -22.385  84.603 0.0000000000
41623  -1.121  -19.574  83.545 0.0000000000
41622  -0.681  -18.983  83.034 0.0000000000
40907  -0.707  -20.727  82.271 0.0000000000
40140  -0.790  -21.329  81.374 0.0000000000
37218  -0.696  -25.550  79.714 0.0000000000
37947  -0.835  -24.825  79.766 0.0000000000
37253  -1.123  -24.898  77.481 0.0000000000
32032  -1.665  -32.450  79.444 0.0000000000
32031  -1.378  -32.183  79.212 0.0000000000
32049  -1.259  -32.363  78.710 0.0000000000
32062  -1.064  -32.102  77.964 0.0000000000
32776  -0.532  -31.363  74.832 0.0000000000
41684  -36.770  -19.346  77.278 0.0000000000
41685  -37.298  -18.883  77.104 0.0000000000
42355  -36.955  -18.302  77.389 0.0000000000
41658  -32.751  -19.255  79.262 0.0000000000
41670  -33.031  -19.850  78.949 0.0000000000
41672  -34.502  -19.327  78.528 0.0000000000
42348  -34.862  -18.619  78.378 0.0000000000
41673  -35.234  -19.363  78.218 0.0000000000
41683  -35.896  -19.347  77.759 0.0000000000
43486  -33.137  -16.197  77.798 0.0000000000
43482  -32.970  -16.688  78.577 0.0000000000
42910  -32.956  -17.618  79.191 0.0000000000
42344  -33.053  -18.442  79.238 0.0000000000
51259  -49.088  -5.214  60.412 0.0000000000
47648  -49.011  -10.152  62.894 0.0000000000
48285  -49.816  -9.757  61.755 0.0000000000
48291  -42.001  -8.765  59.298 0.0000000000
48982  -42.121  -7.938  59.285 0.0000000000
48296  -41.670  -8.123  58.845 0.0000000000
48986  -41.034  -7.560  58.656 0.0000000000
49714  -40.463  -6.623  59.001 0.0000000000
49713  -39.690  -6.825  59.113 0.0000000000
47642  -39.690  -10.204  63.020 0.0000000000
48969  -40.178  -9.576  61.263 0.0000000000
48294  -40.700  -9.020  59.315 0.0000000000
40200  -4.031  -21.153  75.332 0.0000000000
40215  -4.696  -21.141  74.900 0.0000000000
39421  -4.834  -21.802  74.462 0.0000000000
39465  -4.822  -22.826  72.980 0.0000000000
38708  -4.726  -23.234  72.507 0.0000000000
38037  -3.114  -24.274  72.051 0.0000000000
38054  -3.648  -24.510  71.309 0.0000000000
37369  -3.683  -25.636  70.224 0.0000000000
36631  -3.437  -26.571  69.760 0.0000000000
35924  -3.184  -27.501  69.577 0.0000000000
34411  -3.563  -29.547  68.910 0.0000000000
34410  -2.635  -29.373  69.409 0.0000000000
33577  -2.312  -30.347  69.454 0.0000000000
32814  -1.994  -30.979  69.615 0.0000000000
34401  -1.760  -29.256  70.016 0.0000000000
33571  -1.725  -30.320  69.837 0.0000000000
32807  -2.044  -31.602  69.687 0.0000000000
31525  -2.148  -33.142  70.034 0.0000000000
37190  -10.487  -25.430  82.998 0.0000000000
37184  -9.900  -25.438  83.286 0.0000000000
36468  -10.185  -25.924  83.144 0.0000000000
35756  -8.868  -27.775  83.084 0.0000000000
34997  -8.452  -28.024  83.116 0.0000000000
48893  -41.623  -8.497  69.991 0.0000000000
43502  -40.368  -16.092  74.154 0.0000000000
45543  -40.654  -13.615  71.257 0.0000000000
46957  -40.952  -11.865  70.897 0.0000000000
46958  -41.201  -11.194  71.055 0.0000000000
42893  -27.283  -16.428  83.267 0.0000000000
41644  -28.451  -19.175  80.287 0.0000000000
40961  -27.459  -20.172  77.075 0.0000000000
41682  -27.045  -19.905  77.749 0.0000000000
41692  -26.090  -19.553  76.734 0.0000000000
52672  -51.887  -3.723  56.739 0.0000000000
45435  -3.588  -13.432  80.886 0.0000000000
45443  -2.861  -13.595  80.331 0.0000000000
44744  -2.188  -13.931  79.729 0.0000000000
44737  -1.432  -14.532  80.154 0.0000000000
44070  -0.625  -15.762  79.916 0.0000000000
44062  -0.544  -16.084  80.609 0.0000000000
43477  -0.502  -16.660  79.834 0.0000000000
41648  -0.564  -19.514  79.344 0.0000000000
47024  -42.147  -10.875  63.426 0.0000000000
39303  -14.253  -23.012  85.911 0.0000000000
38555  -14.524  -23.482  85.434 0.0000000000
37905  -14.515  -24.247  84.341 0.0000000000
37906  -15.238  -24.385  84.311 0.0000000000
37917  -14.520  -24.632  83.727 0.0000000000
37187  -14.874  -25.169  83.101 0.0000000000
37200  -14.852  -25.913  81.932 0.0000000000
38667  -18.803  -23.860  74.302 0.0000000000
38648  -18.650  -23.949  75.067 0.0000000000
38012  -18.508  -24.506  74.663 0.0000000000
37996  -18.336  -24.567  75.487 0.0000000000
37273  -17.347  -25.724  76.549 0.0000000000
37272  -16.790  -26.115  76.842 0.0000000000
36547  -16.801  -26.312  76.355 0.0000000000
36555  -16.414  -26.751  75.917 0.0000000000
46188  -7.065  -12.339  77.130 0.0000000000
46187  -6.156  -12.358  77.238 0.0000000000
46210  -7.439  -12.293  76.330 0.0000000000
46224  -8.616  -12.508  75.674 0.0000000000
46237  -8.912  -12.527  74.907 0.0000000000
44804  -9.826  -14.046  74.751 0.0000000000
45528  -9.797  -13.734  74.032 0.0000000000
46261  -9.660  -13.334  73.501 0.0000000000
45535  -9.261  -13.458  73.038 0.0000000000
40276  -3.476  -21.629  71.180 0.0000000000
41042  -2.504  -21.494  70.950 0.0000000000
40297  -3.022  -22.100  70.392 0.0000000000
40296  -2.019  -21.731  70.274 0.0000000000
41055  -1.358  -21.376  69.957 0.0000000000
39544  -3.114  -23.329  68.761 0.0000000000
39521  -2.453  -22.542  69.187 0.0000000000
40315  -1.815  -22.032  69.361 0.0000000000
40314  -1.131  -21.362  69.170 0.0000000000
40326  -0.963  -21.381  68.332 0.0000000000
41078  -0.568  -20.551  67.920 0.0000000000
43409  -9.172  -16.084  88.290 0.0000000000
43408  -8.718  -15.852  88.206 0.0000000000
43416  -8.284  -16.165  87.889 0.0000000000
43422  -6.995  -16.803  87.061 0.0000000000
42868  -6.287  -17.522  86.114 0.0000000000
37899  -4.693  -24.499  85.079 0.0000000000
37173  -2.870  -25.501  84.351 0.0000000000
38579  -2.431  -23.886  84.125 0.0000000000
37205  -0.900  -25.039  81.159 0.0000000000
37198  -0.769  -25.944  81.268 0.0000000000
37204  -0.736  -25.576  80.768 0.0000000000
42360  -37.577  -18.268  76.939 0.0000000000
42924  -38.454  -17.324  76.319 0.0000000000
42926  -38.804  -17.105  75.939 0.0000000000
45514  -40.336  -13.540  74.827 0.0000000000
44061  -29.903  -15.609  81.276 0.0000000000
43476  -31.244  -16.520  80.169 0.0000000000
42907  -31.516  -17.336  80.065 0.0000000000
42335  -30.517  -18.141  80.494 0.0000000000
41669  -29.397  -19.987  79.218 0.0000000000
40936  -29.425  -20.386  78.470 0.0000000000
49703  -50.748  -8.038  60.041 0.0000000000
49694  -42.061  -7.131  60.405 0.0000000000
48266  -41.526  -10.167  62.516 0.0000000000
40932  -22.690  -20.224  78.022 0.0000000000
40922  -22.137  -20.976  78.674 0.0000000000
40185  -21.286  -21.090  76.675 0.0000000000
40970  -21.341  -20.840  75.616 0.0000000000
40202  -20.719  -21.340  75.498 0.0000000000
39425  -19.448  -22.530  74.331 0.0000000000
39424  -19.129  -23.237  73.921 0.0000000000
46276  -2.892  -12.772  70.725 0.0000000000
45564  -4.744  -13.110  68.120 0.0000000000
45565  -6.070  -12.994  67.936 0.0000000000
45577  -7.072  -13.383  67.269 0.0000000000
44789  -3.972  -14.079  75.457 0.0000000000
44790  -4.639  -14.038  75.062 0.0000000000
44111  -0.780  -16.001  74.072 0.0000000000
43500  -0.274  -16.806  74.472 0.0000000000
42383  -1.075  -19.169  72.977 0.0000000000
41728  -1.568  -19.960  72.653 0.0000000000
41025  -1.875  -20.451  72.133 0.0000000000
40216  -5.514  -21.136  74.360 0.0000000000
40983  -5.451  -20.851  74.011 0.0000000000
40994  -5.816  -20.803  73.486 0.0000000000
38730  -6.657  -23.204  71.456 0.0000000000
40257  -6.783  -21.208  72.410 0.0000000000
41010  -5.343  -20.934  72.888 0.0000000000
40255  -4.922  -21.303  72.134 0.0000000000
41027  -3.937  -21.294  71.852 0.0000000000
40298  -4.185  -22.145  70.653 0.0000000000
38780  -5.331  -24.320  68.645 0.0000000000
38105  -5.491  -24.852  68.340 0.0000000000
38117  -5.122  -24.976  68.139 0.0000000000
37420  -5.193  -25.461  67.936 0.0000000000
33579  -3.846  -30.397  68.721 0.0000000000
40902  -8.767  -20.464  83.282 0.0000000000
41631  -7.984  -20.468  82.813 0.0000000000
40134  -8.656  -21.626  82.523 0.0000000000
40133  -7.915  -21.380  82.810 0.0000000000
40126  -7.465  -21.590  83.347 0.0000000000
39324  -7.253  -22.228  83.852 0.0000000000
39313  -6.688  -22.572  84.385 0.0000000000
38564  -6.169  -23.527  84.792 0.0000000000
37912  -8.842  -24.575  83.604 0.0000000000
37903  -8.212  -24.554  84.043 0.0000000000
36460  -7.627  -26.339  84.325 0.0000000000
37179  -7.860  -25.321  84.314 0.0000000000
37902  -7.475  -24.468  84.386 0.0000000000
37901  -6.599  -24.473  84.718 0.0000000000
37900  -5.675  -24.481  85.006 0.0000000000
36456  -3.769  -26.535  84.637 0.0000000000
35743  -4.538  -27.206  84.606 0.0000000000
35742  -3.947  -27.300  84.521 0.0000000000
35749  -3.336  -27.482  84.170 0.0000000000
35008  -2.494  -28.945  83.046 0.0000000000
48936  -41.179  -8.021  65.057 0.0000000000
48917  -41.422  -8.044  66.626 0.0000000000
42933  -40.362  -16.656  73.803 0.0000000000
43510  -40.495  -16.208  72.643 0.0000000000
47611  -40.276  -10.504  68.273 0.0000000000
44053  -28.501  -15.213  82.450 0.0000000000
43469  -28.703  -16.297  82.214 0.0000000000
43465  -28.788  -15.773  82.231 0.0000000000
43464  -28.235  -15.965  82.600 0.0000000000
42896  -27.703  -16.760  82.677 0.0000000000
42332  -27.796  -18.701  80.866 0.0000000000
42325  -26.764  -18.205  82.003 0.0000000000
41642  -24.949  -19.296  80.375 0.0000000000
41641  -24.244  -19.791  79.883 0.0000000000
40960  -22.318  -20.028  76.047 0.0000000000
40972  -22.384  -19.731  75.430 0.0000000000
53336  -52.258  -2.247  55.531 0.0000000000
54064  -52.506  -1.269  55.027 0.0000000000
45475  -9.444  -12.946  77.463 0.0000000000
45494  -8.956  -14.044  76.936 0.0000000000
45493  -8.087  -14.038  76.866 0.0000000000
45492  -7.071  -13.840  76.751 0.0000000000
46155  -8.474  -12.725  79.678 0.0000000000
45447  -6.757  -13.267  79.535 0.0000000000
45448  -7.776  -13.195  79.206 0.0000000000
45471  -6.481  -13.633  77.677 0.0000000000
45491  -5.877  -13.733  76.717 0.0000000000
45506  -4.355  -13.841  76.093 0.0000000000
44771  -1.834  -14.415  75.773 0.0000000000
44757  -1.870  -14.376  76.923 0.0000000000
44096  -1.053  -15.008  76.462 0.0000000000
42362  -0.350  -18.359  75.768 0.0000000000
41686  -1.641  -19.478  75.999 0.0000000000
42912  -0.362  -17.645  78.250 0.0000000000
42917  -0.253  -17.597  77.227 0.0000000000
40967  -2.843  -20.315  75.858 0.0000000000
40199  -3.467  -21.192  75.756 0.0000000000
39419  -2.906  -22.863  74.693 0.0000000000
39385  -2.633  -22.142  76.208 0.0000000000
38647  -2.489  -23.080  75.103 0.0000000000
38011  -2.022  -24.209  74.050 0.0000000000
38022  -1.676  -24.785  73.822 0.0000000000
36572  -0.975  -26.325  73.323 0.0000000000
50486  -48.594  -6.431  63.281 0.0000000000
49663  -43.559  -7.400  65.569 0.0000000000
47027  -44.956  -11.656  64.267 0.0000000000
47028  -45.951  -11.703  64.013 0.0000000000
47646  -47.865  -10.628  63.951 0.0000000000
39327  -10.796  -22.312  83.895 0.0000000000
39334  -10.615  -22.611  82.616 0.0000000000
39318  -13.301  -23.349  85.068 0.0000000000
38569  -12.948  -23.648  84.484 0.0000000000
38584  -12.685  -24.029  83.682 0.0000000000
37915  -12.900  -24.383  83.431 0.0000000000
38594  -12.283  -24.036  83.232 0.0000000000
38593  -11.841  -23.975  82.910 0.0000000000
37926  -11.606  -24.611  82.715 0.0000000000
35759  -11.179  -27.100  82.301 0.0000000000
35760  -11.907  -27.015  82.092 0.0000000000
35764  -11.474  -27.632  81.650 0.0000000000
35069  -10.937  -29.340  79.332 0.0000000000
40153  -21.511  -21.575  79.521 0.0000000000
40167  -20.367  -21.848  77.766 0.0000000000
40156  -20.812  -21.855  78.835 0.0000000000
39353  -21.000  -21.977  79.639 0.0000000000
39347  -20.334  -22.829  80.598 0.0000000000
38630  -19.037  -23.088  77.729 0.0000000000
38620  -18.773  -23.602  77.986 0.0000000000
38621  -19.197  -23.073  78.378 0.0000000000
39346  -20.028  -23.046  80.210 0.0000000000
39342  -20.686  -22.917  81.798 0.0000000000
38599  -20.069  -23.340  81.443 0.0000000000
38596  -20.216  -23.442  82.412 0.0000000000
37936  -19.089  -24.130  81.286 0.0000000000
37932  -18.945  -24.266  82.167 0.0000000000
38586  -18.734  -24.198  83.324 0.0000000000
37909  -17.738  -24.382  83.825 0.0000000000
37920  -17.299  -24.717  83.290 0.0000000000
37929  -16.896  -25.063  82.734 0.0000000000
37202  -16.390  -25.645  81.376 0.0000000000
37196  -16.142  -25.308  82.358 0.0000000000
37201  -15.506  -25.799  81.667 0.0000000000
36517  -16.166  -26.414  78.519 0.0000000000
36516  -15.668  -26.820  78.296 0.0000000000
35821  -15.109  -27.471  77.422 0.0000000000
36499  -15.526  -26.856  79.115 0.0000000000
35091  -13.027  -28.647  78.050 0.0000000000
35071  -12.762  -28.645  79.031 0.0000000000
46232  -2.528  -12.571  74.868 0.0000000000
46209  -6.562  -12.185  76.319 0.0000000000
46911  -6.267  -11.942  75.481 0.0000000000
46222  -5.573  -11.929  75.171 0.0000000000
46943  -7.800  -12.083  73.659 0.0000000000
46933  -6.873  -11.851  74.087 0.0000000000
46920  -5.334  -11.942  74.438 0.0000000000
46931  -5.223  -11.988  73.928 0.0000000000
46245  -4.515  -12.472  73.127 0.0000000000
46269  -5.683  -12.259  71.046 0.0000000000
46279  -5.963  -12.262  70.214 0.0000000000
46963  -8.275  -11.654  70.151 0.0000000000
46281  -7.692  -11.701  69.728 0.0000000000
46291  -7.303  -11.949  69.183 0.0000000000
46314  -7.337  -12.712  67.973 0.0000000000
45578  -8.366  -13.631  67.085 0.0000000000
45596  -7.790  -14.062  66.137 0.0000000000
45516  -5.070  -13.916  74.364 0.0000000000
45523  -5.213  -13.739  73.264 0.0000000000
44807  -2.697  -14.416  72.894 0.0000000000
45532  -6.146  -13.592  72.347 0.0000000000
45540  -7.268  -13.588  71.357 0.0000000000
41742  -0.714  -19.416  71.215 0.0000000000
43511  -0.710  -17.039  71.255 0.0000000000
44118  -2.125  -15.177  71.237 0.0000000000
42939  -0.654  -17.240  70.342 0.0000000000
44122  -1.553  -15.774  70.883 0.0000000000
44820  -4.793  -14.177  70.949 0.0000000000
44821  -5.589  -14.019  70.539 0.0000000000
45545  -7.219  -13.819  70.223 0.0000000000
45554  -8.436  -14.037  69.089 0.0000000000
44832  -8.530  -14.450  68.344 0.0000000000
44131  -5.091  -15.158  68.524 0.0000000000
44836  -6.471  -15.388  67.889 0.0000000000
44838  -8.542  -14.767  67.737 0.0000000000
44847  -8.685  -15.465  66.792 0.0000000000
44154  -8.292  -16.121  66.457 0.0000000000
44882  -8.707  -15.609  64.744 0.0000000000
44170  -5.187  -15.969  66.065 0.0000000000
44186  -1.959  -15.735  66.203 0.0000000000
43549  -1.270  -16.375  66.657 0.0000000000
44701  -2.697  -14.705  84.471 0.0000000000
41604  -8.369  -19.124  85.686 0.0000000000
41603  -7.631  -18.787  85.316 0.0000000000
42310  -7.152  -18.770  84.844 0.0000000000
42300  -7.804  -18.568  85.842 0.0000000000
42299  -7.109  -18.138  85.800 0.0000000000
42298  -5.954  -18.012  85.466 0.0000000000
39311  -4.774  -22.530  85.004 0.0000000000
42297  -5.048  -18.001  85.491 0.0000000000
42867  -5.462  -17.323  85.909 0.0000000000
42866  -4.595  -17.177  85.645 0.0000000000
42306  -2.994  -18.137  85.127 0.0000000000
42881  -2.933  -17.249  85.131 0.0000000000
43442  -2.845  -16.323  85.058 0.0000000000
44029  -2.214  -15.451  84.425 0.0000000000
44028  -1.463  -15.990  83.981 0.0000000000
43459  -0.599  -16.927  82.603 0.0000000000
42894  -0.367  -17.671  82.193 0.0000000000
41630  -0.393  -19.207  82.263 0.0000000000
42323  -0.247  -18.484  81.768 0.0000000000
40151  -0.986  -21.220  79.035 0.0000000000
39345  -0.932  -22.197  80.646 0.0000000000
39350  -0.988  -22.058  79.388 0.0000000000
39359  -1.376  -22.237  78.293 0.0000000000
38628  -1.586  -23.208  76.998 0.0000000000
37271  -1.093  -25.091  76.372 0.0000000000
37288  -1.068  -25.232  75.283 0.0000000000
37302  -0.804  -26.171  74.424 0.0000000000
36561  -0.825  -26.325  74.049 0.0000000000
35861  -0.689  -27.311  73.093 0.0000000000
34211  -2.596  -29.646  82.646 0.0000000000
34210  -1.985  -29.917  82.155 0.0000000000
32019  -2.619  -32.498  80.209 0.0000000000
33430  -2.051  -30.571  81.658 0.0000000000
34229  -1.322  -29.612  81.477 0.0000000000
34228  -0.936  -29.360  81.116 0.0000000000
35067  -0.445  -28.997  79.076 0.0000000000
35088  -0.404  -28.903  78.105 0.0000000000
32075  -1.057  -32.252  77.113 0.0000000000
33487  -0.697  -30.597  77.433 0.0000000000
34303  -0.515  -29.709  77.206 0.0000000000
35104  -0.372  -28.738  76.964 0.0000000000
35121  -0.450  -28.638  75.955 0.0000000000
35140  -0.504  -28.523  75.021 0.0000000000
35159  -0.451  -28.344  74.153 0.0000000000
35189  -0.539  -28.214  72.755 0.0000000000
32798  -0.530  -31.151  71.903 0.0000000000
30820  -1.672  -34.384  71.360 0.0000000000
32129  -1.811  -32.228  70.025 0.0000000000
32705  -1.501  -31.861  79.770 0.0000000000
32826  -4.947  -31.378  68.325 0.0000000000
33417  -2.159  -30.279  82.012 0.0000000000
33460  -0.730  -30.254  79.244 0.0000000000
33473  -0.711  -30.250  79.001 0.0000000000
34264  -0.519  -29.618  79.572 0.0000000000
34284  -0.594  -29.937  78.747 0.0000000000
34374  -0.496  -28.982  72.502 0.0000000000
34417  -6.610  -29.097  67.368 0.0000000000
34981  -6.428  -27.782  84.208 0.0000000000
35013  -10.494  -27.937  82.017 0.0000000000
35066  -0.560  -29.574  79.056 0.0000000000
35175  -0.467  -28.073  73.462 0.0000000000
35190  -0.732  -27.952  72.226 0.0000000000
35230  -2.717  -28.390  69.594 0.0000000000
35231  -3.607  -28.524  69.080 0.0000000000
35232  -4.183  -28.084  68.815 0.0000000000
35245  -6.384  -28.713  67.507 0.0000000000
35753  -9.035  -27.113  83.421 0.0000000000
35892  -2.134  -26.865  70.855 0.0000000000
35909  -2.919  -26.941  69.932 0.0000000000
36455  -2.986  -26.103  84.368 0.0000000000
36498  -15.127  -27.197  79.257 0.0000000000
36571  -0.701  -26.831  73.792 0.0000000000
37182  -8.487  -25.378  83.946 0.0000000000
37290  -18.291  -24.966  74.940 0.0000000000
37336  -1.921  -25.808  72.034 0.0000000000
37351  -2.130  -26.114  71.596 0.0000000000
37368  -2.932  -26.015  70.604 0.0000000000
37370  -4.980  -25.139  69.794 0.0000000000
37924  -10.049  -24.293  82.910 0.0000000000
38053  -2.814  -24.735  71.824 0.0000000000
38055  -4.926  -24.135  71.086 0.0000000000
38074  -3.790  -24.972  70.669 0.0000000000
38104  -4.916  -24.623  68.357 0.0000000000
38666  -3.453  -22.947  73.864 0.0000000000
38685  -2.936  -23.814  72.945 0.0000000000
38687  -4.466  -22.909  73.053 0.0000000000
38706  -3.043  -24.056  72.433 0.0000000000
38709  -5.879  -23.200  72.224 0.0000000000
38710  -6.448  -23.147  71.940 0.0000000000
38727  -4.422  -23.779  71.725 0.0000000000
38729  -6.106  -23.474  71.564 0.0000000000
38747  -6.623  -23.415  70.527 0.0000000000
38761  -3.655  -23.433  68.894 0.0000000000
38764  -6.389  -23.479  69.648 0.0000000000
38778  -3.414  -23.670  68.581 0.0000000000
38791  -1.996  -23.540  67.484 0.0000000000
38792  -2.559  -23.668  67.957 0.0000000000
39333  -9.871  -22.681  82.254 0.0000000000
39340  -10.049  -22.235  82.081 0.0000000000
39344  -0.724  -21.703  80.552 0.0000000000
39401  -4.342  -21.434  75.045 0.0000000000
39423  -6.445  -21.387  73.799 0.0000000000
39445  -4.598  -22.605  73.556 0.0000000000
39447  -6.658  -21.786  73.490 0.0000000000
39468  -7.331  -22.226  72.188 0.0000000000
39483  -7.048  -22.725  71.296 0.0000000000
39484  -7.327  -22.279  71.815 0.0000000000
39501  -4.955  -22.604  70.140 0.0000000000
39502  -5.982  -22.479  70.255 0.0000000000
39520  -2.072  -22.336  69.091 0.0000000000
39522  -3.406  -23.120  69.132 0.0000000000
39543  -2.600  -23.150  68.523 0.0000000000
40124  -1.977  -22.177  83.986 0.0000000000
40127  -8.071  -21.906  82.963 0.0000000000
40136  -10.138  -21.862  82.373 0.0000000000
40141  -9.364  -21.862  82.203 0.0000000000
40142  -9.811  -21.850  82.070 0.0000000000
40143  -10.139  -21.943  82.055 0.0000000000
40146  -0.609  -21.199  80.571 0.0000000000
40152  -20.953  -21.921  79.363 0.0000000000
40155  -1.244  -21.425  78.555 0.0000000000
40182  -2.987  -21.268  76.219 0.0000000000
40217  -6.239  -21.209  73.999 0.0000000000
40235  -6.132  -20.928  73.883 0.0000000000
40256  -5.977  -21.195  72.265 0.0000000000
40258  -7.157  -21.618  72.721 0.0000000000
40259  -7.334  -22.096  72.412 0.0000000000
40277  -4.578  -21.657  71.346 0.0000000000
40278  -5.649  -21.578  71.505 0.0000000000
40280  -7.195  -21.596  71.944 0.0000000000
40281  -7.427  -21.935  72.120 0.0000000000
40301  -7.102  -21.846  71.202 0.0000000000
40302  -7.410  -21.955  71.638 0.0000000000
40891  -8.974  -20.432  84.056 0.0000000000
40899  -6.345  -20.387  83.820 0.0000000000
40908  -8.114  -20.975  82.612 0.0000000000
40909  -8.628  -20.757  82.716 0.0000000000
40913  -0.518  -20.456  81.028 0.0000000000
40947  -27.636  -20.176  77.759 0.0000000000
40956  -2.691  -20.614  76.496 0.0000000000
40957  -3.167  -20.776  76.019 0.0000000000
40969  -4.185  -20.791  75.061 0.0000000000
40982  -4.637  -20.809  74.411 0.0000000000
40993  -4.867  -20.793  73.604 0.0000000000
40995  -6.493  -20.912  73.296 0.0000000000
41009  -4.005  -20.929  72.765 0.0000000000
41011  -6.289  -20.874  72.914 0.0000000000
41012  -6.878  -21.031  72.931 0.0000000000
41624  -6.138  -20.141  83.960 0.0000000000
41632  -8.243  -20.250  83.099 0.0000000000
41688  -22.716  -19.501  75.822 0.0000000000
41700  -22.786  -19.253  75.172 0.0000000000
41718  -2.025  -20.128  73.809 0.0000000000
41758  -0.632  -19.896  70.376 0.0000000000
41792  -0.270  -19.116  68.008 0.0000000000
42273  -8.467  -17.946  87.081 0.0000000000
42295  -3.610  -17.950  85.303 0.0000000000
42351  -23.553  -19.223  76.477 0.0000000000
42358  -23.531  -19.182  76.211 0.0000000000
42377  -1.154  -19.190  73.707 0.0000000000
42385  -0.521  -18.554  71.509 0.0000000000
42406  -0.299  -18.769  68.258 0.0000000000
42412  -0.258  -18.726  67.742 0.0000000000
42854  -7.324  -17.566  86.646 0.0000000000
42855  -7.852  -17.602  87.035 0.0000000000
42889  -0.696  -17.637  83.064 0.0000000000
42890  -1.078  -17.558  83.577 0.0000000000
42934  -0.468  -17.588  72.847 0.0000000000
42938  -0.486  -17.726  70.857 0.0000000000
42957  -0.349  -18.426  68.303 0.0000000000
43451  -0.722  -17.089  83.057 0.0000000000
43484  -34.504  -17.268  77.967 0.0000000000
43497  -0.034  -16.684  75.576 0.0000000000
43504  -1.093  -15.880  72.820 0.0000000000
43512  -1.087  -16.333  71.467 0.0000000000
43516  -1.030  -16.595  70.501 0.0000000000
43550  -7.694  -16.358  65.226 0.0000000000
43551  -8.477  -16.406  65.361 0.0000000000
43552  -8.871  -16.337  65.291 0.0000000000
43563  -7.769  -16.247  64.824 0.0000000000
43564  -8.354  -16.365  64.954 0.0000000000
43565  -8.739  -16.406  65.092 0.0000000000
44038  -1.212  -15.546  83.131 0.0000000000
44047  -0.636  -16.255  81.958 0.0000000000
44114  -1.511  -15.458  72.428 0.0000000000
44115  -1.875  -15.164  71.886 0.0000000000
44123  -2.247  -15.375  70.430 0.0000000000
44129  -3.266  -15.248  69.234 0.0000000000
44139  -4.510  -15.332  68.000 0.0000000000
44141  -6.612  -15.733  67.378 0.0000000000
44152  -6.032  -15.989  66.813 0.0000000000
44172  -7.947  -16.379  65.892 0.0000000000
44173  -8.885  -16.094  65.764 0.0000000000
44174  -9.083  -15.778  65.263 0.0000000000
44189  -5.472  -16.002  65.024 0.0000000000
44191  -8.113  -16.025  64.615 0.0000000000
44192  -9.004  -16.200  64.920 0.0000000000
44193  -9.289  -15.868  64.965 0.0000000000
44765  -33.955  -14.202  77.166 0.0000000000
44774  -8.603  -14.376  76.152 0.0000000000
44776  -9.732  -13.739  76.011 0.0000000000
44792  -9.032  -14.531  75.467 0.0000000000
44794  -9.882  -13.698  75.355 0.0000000000
44801  -8.280  -14.475  74.961 0.0000000000
44803  -9.347  -14.432  74.810 0.0000000000
44808  -3.589  -14.090  73.186 0.0000000000
44809  -8.738  -14.457  74.272 0.0000000000
44811  -9.560  -14.210  74.282 0.0000000000
44813  -1.900  -15.009  72.215 0.0000000000
44819  -3.469  -14.673  70.849 0.0000000000
44824  -3.712  -14.850  70.100 0.0000000000
44831  -7.716  -14.624  68.459 0.0000000000
44846  -8.018  -15.835  66.894 0.0000000000
44866  -8.719  -14.990  65.579 0.0000000000
44867  -9.129  -15.541  65.020 0.0000000000
44881  -7.662  -15.383  64.654 0.0000000000
44883  -9.132  -15.797  64.724 0.0000000000
45455  -3.966  -13.511  79.037 0.0000000000
45461  -9.441  -13.004  78.168 0.0000000000
45495  -9.385  -13.583  76.752 0.0000000000
45510  -9.733  -13.194  75.420 0.0000000000
45515  -4.633  -13.917  73.789 0.0000000000
45519  -8.484  -14.421  74.388 0.0000000000
45520  -9.860  -13.428  74.709 0.0000000000
45526  -8.648  -14.238  73.783 0.0000000000
45527  -9.443  -14.079  73.738 0.0000000000
45538  -5.008  -13.892  71.516 0.0000000000
45551  -4.412  -12.936  68.825 0.0000000000
45553  -7.006  -14.325  69.390 0.0000000000
45556  -9.942  -13.181  68.794 0.0000000000
45567  -9.122  -14.256  68.146 0.0000000000
45569  -9.920  -13.426  68.587 0.0000000000
45581  -9.922  -13.663  68.321 0.0000000000
46156  -9.064  -12.669  79.216 0.0000000000
46169  -9.276  -12.706  78.683 0.0000000000
46211  -8.308  -12.426  76.473 0.0000000000
46223  -7.881  -12.362  75.757 0.0000000000
46234  -4.577  -12.233  74.035 0.0000000000
46238  -9.557  -12.862  74.778 0.0000000000
46244  -3.605  -12.607  73.470 0.0000000000
46247  -8.397  -12.307  74.288 0.0000000000
46249  -9.770  -13.027  74.002 0.0000000000
46257  -5.599  -12.209  71.934 0.0000000000
46271  -9.383  -12.691  72.139 0.0000000000
46280  -6.929  -11.817  70.017 0.0000000000
46294  -9.829  -12.875  68.884 0.0000000000
46303  -4.861  -12.786  68.938 0.0000000000
46307  -8.937  -12.066  68.287 0.0000000000
46308  -9.704  -12.642  68.353 0.0000000000
46317  -9.802  -13.317  67.841 0.0000000000
46318  -10.037  -13.465  68.178 0.0000000000
46862  -9.351  -11.639  79.222 0.0000000000
46897  -6.796  -12.210  77.693 0.0000000000
46912  -6.983  -12.097  75.680 0.0000000000
46921  -6.125  -11.799  74.637 0.0000000000
46946  -6.206  -11.812  71.964 0.0000000000
46947  -6.991  -11.615  71.816 0.0000000000
46962  -7.570  -11.656  70.141 0.0000000000
46971  -8.780  -11.800  69.710 0.0000000000
46972  -8.877  -11.875  69.982 0.0000000000
48965  -49.707  -8.349  62.190 0.0000000000
48987  -41.659  -7.527  59.014 0.0000000000
48990  -40.021  -7.518  58.878 0.0000000000
49702  -42.231  -7.543  59.896 0.0000000000
