#!ascii label  , from subject 3276 vox2ras=TkReg
600
33660  23.214  -28.200  85.637 0.0000000000
45659  43.937  -10.758  68.279 0.0000000000
41292  52.643  -17.381  66.663 0.0000000000
41196  42.122  -18.546  76.298 0.0000000000
32854  30.038  -28.238  82.834 0.0000000000
31399  27.126  -30.961  85.434 0.0000000000
44775  49.481  -12.449  67.173 0.0000000000
43985  47.295  -13.386  71.079 0.0000000000
38216  38.577  -21.504  78.433 0.0000000000
33704  34.277  -28.630  82.216 0.0000000000
45819  56.289  -10.889  57.923 0.0000000000
42665  54.155  -15.237  63.734 0.0000000000
42589  38.268  -15.041  75.032 0.0000000000
44703  42.360  -11.934  74.060 0.0000000000
33692  26.758  -27.926  83.888 0.0000000000
32051  25.149  -29.711  85.957 0.0000000000
45674  46.544  -11.187  68.111 0.0000000000
44758  48.169  -12.637  69.475 0.0000000000
45641  46.060  -10.949  70.146 0.0000000000
32918  39.433  -28.737  77.252 0.0000000000
31428  31.183  -30.833  83.570 0.0000000000
32852  32.126  -28.702  82.857 0.0000000000
30823  33.117  -31.623  82.551 0.0000000000
44883  55.791  -11.654  59.757 0.0000000000
44103  56.701  -13.468  59.371 0.0000000000
44087  55.800  -13.297  61.244 0.0000000000
43311  51.599  -14.482  65.663 0.0000000000
43327  51.901  -14.615  63.770 0.0000000000
42019  53.613  -16.549  64.904 0.0000000000
41308  55.055  -17.067  63.448 0.0000000000
40581  54.005  -18.454  65.061 0.0000000000
39702  40.244  -19.999  77.372 0.0000000000
40476  38.414  -18.151  77.299 0.0000000000
42565  40.233  -16.097  76.427 0.0000000000
43942  39.888  -13.296  75.022 0.0000000000
42574  42.236  -15.387  75.345 0.0000000000
43236  43.550  -14.215  73.824 0.0000000000
41221  43.275  -17.410  74.733 0.0000000000
32085  28.753  -29.038  84.317 0.0000000000
44806  49.769  -12.704  65.100 0.0000000000
43302  51.394  -14.892  67.042 0.0000000000
43297  50.013  -14.659  68.438 0.0000000000
42628  48.570  -15.360  69.985 0.0000000000
35401  37.054  -25.686  80.552 0.0000000000
35448  38.659  -25.056  78.888 0.0000000000
36233  40.409  -24.230  77.099 0.0000000000
37576  42.373  -22.900  76.349 0.0000000000
37594  43.789  -22.086  75.119 0.0000000000
35385  34.388  -25.623  81.344 0.0000000000
32102  35.998  -29.140  80.911 0.0000000000
45841  57.302  -11.081  56.153 0.0000000000
44071  54.566  -13.076  62.473 0.0000000000
42671  55.607  -15.192  62.286 0.0000000000
41315  56.023  -17.779  61.749 0.0000000000
46579  43.494  -10.227  70.840 0.0000000000
45591  45.290  -12.078  72.429 0.0000000000
42608  45.117  -15.197  72.303 0.0000000000
32792  23.273  -29.162  86.368 0.0000000000
32809  23.652  -28.658  86.051 0.0000000000
31402  24.577  -30.541  86.267 0.0000000000
45675  45.558  -11.046  67.795 0.0000000000
45656  46.760  -11.285  69.235 0.0000000000
45657  45.682  -10.802  69.010 0.0000000000
31427  31.812  -31.127  83.315 0.0000000000
45796  54.965  -10.924  60.846 0.0000000000
44866  55.803  -12.290  60.409 0.0000000000
44851  55.218  -12.350  61.454 0.0000000000
42650  52.531  -15.726  65.871 0.0000000000
42654  52.824  -15.850  65.395 0.0000000000
42015  53.339  -16.656  65.394 0.0000000000
41304  54.115  -17.499  64.780 0.0000000000
39711  41.229  -19.391  76.881 0.0000000000
41198  40.504  -17.853  76.913 0.0000000000
41925  40.975  -17.303  76.476 0.0000000000
42575  41.382  -15.474  75.811 0.0000000000
41213  42.270  -17.569  75.834 0.0000000000
41951  42.748  -16.269  74.985 0.0000000000
41212  43.143  -18.341  75.356 0.0000000000
32844  27.464  -28.350  84.175 0.0000000000
31414  27.760  -30.303  85.233 0.0000000000
30797  28.820  -31.460  84.615 0.0000000000
45711  47.931  -11.622  66.551 0.0000000000
44807  48.673  -12.166  64.845 0.0000000000
44789  50.123  -12.775  66.238 0.0000000000
44788  50.549  -13.346  66.681 0.0000000000
44773  50.503  -13.513  67.185 0.0000000000
43296  50.506  -14.709  67.950 0.0000000000
44002  49.706  -13.829  68.489 0.0000000000
44749  47.862  -12.875  70.078 0.0000000000
43283  48.522  -14.501  69.898 0.0000000000
43284  48.073  -14.650  70.501 0.0000000000
41983  47.626  -16.185  70.929 0.0000000000
42618  46.950  -15.316  71.542 0.0000000000
33748  37.211  -26.886  80.151 0.0000000000
35424  37.551  -25.338  80.019 0.0000000000
33769  38.219  -26.997  78.933 0.0000000000
34661  40.035  -26.279  77.147 0.0000000000
36934  40.885  -23.329  76.744 0.0000000000
32851  33.086  -29.001  82.593 0.0000000000
33727  33.754  -27.387  82.131 0.0000000000
34599  34.554  -26.722  81.676 0.0000000000
34598  35.429  -27.055  81.508 0.0000000000
32863  35.224  -28.862  81.640 0.0000000000
46759  55.823  -10.165  58.487 0.0000000000
45832  57.013  -11.120  56.709 0.0000000000
43386  56.593  -14.402  60.111 0.0000000000
42667  52.864  -15.068  64.161 0.0000000000
43341  51.792  -14.016  62.796 0.0000000000
44042  52.977  -13.749  63.288 0.0000000000
44056  53.428  -13.285  63.023 0.0000000000
44040  54.051  -14.238  63.353 0.0000000000
44054  54.948  -14.147  62.661 0.0000000000
42664  54.707  -15.479  63.371 0.0000000000
40588  55.139  -19.001  62.753 0.0000000000
40584  55.411  -17.485  62.974 0.0000000000
38217  37.512  -21.691  79.097 0.0000000000
38974  37.435  -20.024  78.246 0.0000000000
41928  38.321  -16.293  76.248 0.0000000000
41201  37.582  -17.173  76.128 0.0000000000
44685  41.611  -12.244  74.433 0.0000000000
45579  40.430  -11.390  73.445 0.0000000000
46537  41.183  -10.964  73.234 0.0000000000
46566  41.646  -10.190  71.490 0.0000000000
46550  42.971  -10.682  72.527 0.0000000000
46563  44.690  -10.949  72.018 0.0000000000
45575  44.058  -11.919  73.289 0.0000000000
41958  43.753  -16.211  73.238 0.0000000000
43249  44.142  -14.254  73.191 0.0000000000
41964  43.980  -16.284  72.310 0.0000000000
41974  44.489  -16.528  71.575 0.0000000000
32829  26.112  -28.424  85.041 0.0000000000
31400  26.343  -30.744  85.596 0.0000000000
30160  25.958  -32.145  85.265 0.0000000000
31401  25.470  -30.608  85.876 0.0000000000
45693  48.422  -11.855  67.463 0.0000000000
44768  49.058  -12.507  68.134 0.0000000000
45673  47.561  -11.537  68.373 0.0000000000
45655  47.688  -12.034  69.491 0.0000000000
45624  46.638  -12.279  71.116 0.0000000000
32840  30.620  -28.836  83.379 0.0000000000
32853  31.102  -28.192  82.702 0.0000000000
32095  31.836  -29.306  83.216 0.0000000000
32094  32.367  -29.822  83.098 0.0000000000
32093  33.343  -29.901  82.613 0.0000000000
31455  34.307  -30.726  81.929 0.0000000000
30836  33.751  -31.649  82.114 0.0000000000
45807  55.739  -11.089  59.152 0.0000000000
44110  56.727  -12.795  58.769 0.0000000000
44865  56.280  -12.868  59.882 0.0000000000
44086  56.254  -13.447  60.374 0.0000000000
43367  56.115  -14.375  61.110 0.0000000000
44043  50.670  -13.865  64.538 0.0000000000
43316  51.728  -14.675  64.689 0.0000000000
42659  54.053  -15.801  64.155 0.0000000000
42017  54.600  -16.322  63.799 0.0000000000
42018  54.043  -16.613  64.537 0.0000000000
40580  54.485  -18.099  64.390 0.0000000000
38972  39.788  -20.812  77.499 0.0000000000
39704  38.212  -19.647  78.008 0.0000000000
40462  39.877  -19.168  77.437 0.0000000000
41199  39.557  -17.412  77.042 0.0000000000
42567  38.985  -15.790  76.412 0.0000000000
43943  39.199  -13.659  74.863 0.0000000000
43227  39.680  -14.378  75.676 0.0000000000
43928  40.898  -13.794  75.500 0.0000000000
43926  42.279  -13.729  74.974 0.0000000000
43938  43.362  -13.140  74.050 0.0000000000
43237  43.047  -14.589  74.437 0.0000000000
41950  43.334  -16.273  74.190 0.0000000000
41229  43.748  -17.190  73.469 0.0000000000
33711  27.497  -27.588  82.801 0.0000000000
33690  28.364  -28.198  83.612 0.0000000000
32855  29.341  -28.283  83.200 0.0000000000
31430  29.686  -30.012  84.243 0.0000000000
30795  30.043  -31.438  84.000 0.0000000000
44031  50.923  -13.793  65.123 0.0000000000
43307  51.549  -14.691  66.524 0.0000000000
42011  52.286  -16.177  66.638 0.0000000000
42006  51.237  -16.143  67.710 0.0000000000
41999  50.754  -16.146  68.136 0.0000000000
42000  50.226  -16.247  68.654 0.0000000000
43993  49.267  -14.054  69.072 0.0000000000
42635  49.169  -15.613  69.457 0.0000000000
36884  35.468  -23.788  80.398 0.0000000000
36882  36.942  -24.320  80.351 0.0000000000
37541  37.875  -23.064  79.438 0.0000000000
36911  38.486  -23.430  78.917 0.0000000000
34662  39.115  -26.790  77.626 0.0000000000
36221  39.332  -24.162  77.937 0.0000000000
37566  39.620  -22.281  77.511 0.0000000000
38229  40.199  -21.592  77.233 0.0000000000
38244  41.309  -21.777  76.647 0.0000000000
38985  42.084  -20.687  76.394 0.0000000000
38994  43.208  -20.663  75.583 0.0000000000
38242  42.912  -22.292  76.027 0.0000000000
35403  35.738  -25.319  81.223 0.0000000000
34615  36.619  -26.522  80.917 0.0000000000
32872  36.746  -28.700  80.205 0.0000000000
31462  35.616  -30.767  80.925 0.0000000000
31461  36.158  -30.783  80.386 0.0000000000
47699  57.520  -9.383  55.559 0.0000000000
45756  54.148  -11.895  62.223 0.0000000000
44070  55.212  -13.533  62.162 0.0000000000
43353  55.724  -14.534  61.903 0.0000000000
42032  56.049  -15.845  61.650 0.0000000000
42022  55.139  -16.249  63.113 0.0000000000
41310  56.036  -16.629  61.969 0.0000000000
41319  56.632  -17.019  60.309 0.0000000000
40465  37.250  -18.617  77.156 0.0000000000
46596  42.380  -10.193  69.619 0.0000000000
46610  44.046  -10.380  69.120 0.0000000000
46593  45.119  -10.569  70.091 0.0000000000
46562  45.480  -11.320  71.642 0.0000000000
44727  46.109  -12.784  71.940 0.0000000000
43952  44.031  -13.347  73.409 0.0000000000
43965  45.181  -13.295  72.676 0.0000000000
43261  46.122  -14.209  72.174 0.0000000000
42620  45.563  -15.724  71.964 0.0000000000
39728  43.926  -19.961  74.635 0.0000000000
39736  44.244  -19.334  73.796 0.0000000000
32793  22.826  -29.080  86.392 0.0000000000
32810  22.734  -28.489  86.013 0.0000000000
45676  44.653  -11.148  67.614 0.0000000000
45658  44.782  -10.703  68.488 0.0000000000
45777  55.217  -11.515  60.945 0.0000000000
45778  54.378  -11.134  61.606 0.0000000000
42010  52.686  -16.419  66.166 0.0000000000
41298  53.185  -17.438  66.005 0.0000000000
40474  41.661  -18.995  76.631 0.0000000000
41197  41.456  -18.032  76.509 0.0000000000
41214  41.489  -17.350  76.260 0.0000000000
40484  42.706  -18.833  75.871 0.0000000000
32049  26.985  -30.209  85.428 0.0000000000
32067  27.287  -29.460  85.150 0.0000000000
30158  27.470  -32.028  85.152 0.0000000000
44790  48.960  -12.029  66.118 0.0000000000
44774  50.185  -13.020  67.142 0.0000000000
44008  50.114  -13.677  67.941 0.0000000000
44767  49.769  -13.102  67.870 0.0000000000
43984  47.765  -13.689  70.606 0.0000000000
43974  47.366  -13.872  71.208 0.0000000000
42617  47.572  -15.171  71.119 0.0000000000
43274  47.081  -14.447  71.483 0.0000000000
33770  37.563  -27.313  79.600 0.0000000000
33795  38.044  -27.855  78.680 0.0000000000
33705  33.823  -28.353  82.366 0.0000000000
33706  32.948  -28.023  82.491 0.0000000000
33726  34.682  -28.002  81.904 0.0000000000
32849  34.534  -29.041  82.060 0.0000000000
46758  56.214  -9.906  57.851 0.0000000000
45833  56.700  -10.888  57.080 0.0000000000
44909  56.695  -11.430  57.555 0.0000000000
42666  53.507  -15.191  63.980 0.0000000000
43326  52.868  -14.377  63.576 0.0000000000
43325  53.775  -14.612  63.592 0.0000000000
44041  53.597  -13.993  63.335 0.0000000000
43324  54.358  -14.656  63.366 0.0000000000
38961  38.031  -20.614  78.506 0.0000000000
41942  38.078  -15.886  75.587 0.0000000000
41943  37.713  -15.942  75.067 0.0000000000
45578  41.687  -11.378  73.629 0.0000000000
45595  42.495  -10.999  73.162 0.0000000000
45577  42.739  -11.488  73.636 0.0000000000
45594  43.259  -11.149  73.107 0.0000000000
45576  43.471  -11.715  73.494 0.0000000000
32830  25.333  -28.306  85.214 0.0000000000
32807  25.672  -28.964  85.522 0.0000000000
32050  26.244  -29.714  85.519 0.0000000000
45695  46.323  -11.319  67.059 0.0000000000
45713  46.089  -11.609  66.256 0.0000000000
45694  47.319  -11.428  67.298 0.0000000000
45640  46.821  -11.649  70.285 0.0000000000
45639  47.292  -12.367  70.465 0.0000000000
32083  30.151  -29.521  83.840 0.0000000000
32082  31.236  -29.782  83.486 0.0000000000
30824  32.331  -31.464  82.985 0.0000000000
31444  32.268  -30.728  83.172 0.0000000000
31443  32.868  -30.732  82.852 0.0000000000
31442  33.614  -30.841  82.447 0.0000000000
45795  55.370  -10.970  60.160 0.0000000000
44882  56.271  -12.214  59.283 0.0000000000
43317  51.175  -14.182  64.834 0.0000000000
42661  52.514  -15.240  64.695 0.0000000000
42660  53.373  -15.870  64.684 0.0000000000
39812  54.516  -19.013  64.265 0.0000000000
39703  39.229  -20.007  77.792 0.0000000000
41926  40.250  -16.737  76.577 0.0000000000
41927  39.224  -16.553  76.689 0.0000000000
42566  39.748  -15.961  76.471 0.0000000000
42577  39.377  -15.213  76.154 0.0000000000
42576  40.383  -15.515  76.215 0.0000000000
43226  40.715  -14.578  75.816 0.0000000000
43225  41.595  -14.543  75.532 0.0000000000
43927  41.762  -13.734  75.264 0.0000000000
43224  42.406  -14.421  75.034 0.0000000000
40500  43.966  -18.272  73.649 0.0000000000
33712  26.382  -27.442  82.793 0.0000000000
32826  28.383  -28.833  84.334 0.0000000000
33691  27.815  -28.024  83.587 0.0000000000
33710  28.653  -27.931  82.938 0.0000000000
32842  28.863  -28.508  83.864 0.0000000000
32841  29.736  -28.739  83.612 0.0000000000
32084  29.255  -29.309  84.232 0.0000000000
44032  50.487  -13.387  65.021 0.0000000000
44014  50.917  -13.912  66.913 0.0000000000
44013  51.231  -14.149  66.501 0.0000000000
42644  51.670  -15.327  66.899 0.0000000000
42005  51.871  -16.172  67.142 0.0000000000
42645  51.354  -15.427  67.348 0.0000000000
42638  50.859  -15.423  67.798 0.0000000000
42639  50.358  -15.423  68.316 0.0000000000
44757  48.681  -12.869  69.010 0.0000000000
44003  49.145  -13.513  68.931 0.0000000000
43292  49.084  -14.735  69.394 0.0000000000
41993  49.590  -16.309  69.246 0.0000000000
41994  48.874  -16.311  69.757 0.0000000000
36188  36.657  -24.838  80.617 0.0000000000
36883  36.443  -23.928  80.429 0.0000000000
35423  38.162  -25.448  79.506 0.0000000000
36206  37.782  -24.602  79.774 0.0000000000
36205  38.402  -24.433  79.292 0.0000000000
33794  38.522  -27.292  78.194 0.0000000000
33819  38.861  -27.860  77.454 0.0000000000
35471  39.757  -24.961  77.471 0.0000000000
36234  39.818  -23.998  77.447 0.0000000000
36922  39.539  -23.207  77.598 0.0000000000
37565  40.290  -22.587  77.098 0.0000000000
36933  41.778  -23.639  76.522 0.0000000000
37577  41.594  -22.604  76.535 0.0000000000
38243  42.176  -21.676  76.359 0.0000000000
38251  42.779  -21.591  76.000 0.0000000000
37575  43.055  -23.334  76.062 0.0000000000
32864  30.888  -27.807  82.196 0.0000000000
33708  31.264  -27.663  82.130 0.0000000000
35404  33.969  -25.160  80.863 0.0000000000
36173  34.956  -25.249  81.337 0.0000000000
36172  35.350  -25.101  81.253 0.0000000000
35384  35.374  -25.890  81.421 0.0000000000
33725  35.598  -27.979  81.418 0.0000000000
34597  36.149  -27.268  81.168 0.0000000000
33724  36.106  -28.002  80.977 0.0000000000
33749  36.782  -27.545  80.493 0.0000000000
32861  36.304  -28.604  80.746 0.0000000000
31454  35.055  -30.697  81.476 0.0000000000
31470  36.705  -30.564  79.497 0.0000000000
45842  56.980  -10.669  56.535 0.0000000000
46778  57.547  -10.302  55.392 0.0000000000
45847  57.786  -11.300  55.244 0.0000000000
43342  50.833  -14.525  62.667 0.0000000000
44834  53.014  -12.430  62.784 0.0000000000
44833  53.963  -12.622  62.577 0.0000000000
44852  54.622  -12.415  62.127 0.0000000000
43338  55.297  -14.587  62.493 0.0000000000
43352  55.973  -14.878  61.556 0.0000000000
42680  55.887  -15.305  61.851 0.0000000000
41307  55.400  -16.872  62.929 0.0000000000
41311  55.821  -17.067  62.353 0.0000000000
41314  56.286  -17.006  61.484 0.0000000000
40590  56.279  -17.945  60.867 0.0000000000
40464  37.953  -18.744  77.483 0.0000000000
40477  37.718  -17.998  76.946 0.0000000000
45596  40.377  -10.954  72.759 0.0000000000
46565  42.687  -10.320  71.677 0.0000000000
46580  42.512  -10.086  70.655 0.0000000000
46595  43.314  -10.145  69.846 0.0000000000
46594  44.223  -10.284  70.033 0.0000000000
46578  44.473  -10.436  70.994 0.0000000000
45592  44.619  -11.745  72.722 0.0000000000
45611  45.229  -11.577  72.194 0.0000000000
45610  45.852  -12.057  71.808 0.0000000000
44716  45.587  -12.672  72.376 0.0000000000
43263  44.580  -14.711  72.699 0.0000000000
43248  44.629  -13.814  72.909 0.0000000000
43262  45.345  -14.237  72.508 0.0000000000
43964  45.910  -13.442  72.290 0.0000000000
42607  45.841  -14.969  72.195 0.0000000000
41986  45.098  -16.908  71.319 0.0000000000
39719  43.437  -20.131  75.326 0.0000000000
39001  43.694  -20.890  75.048 0.0000000000
32831  24.500  -28.229  85.382 0.0000000000
32808  24.751  -28.875  85.818 0.0000000000
32052  24.044  -29.666  86.343 0.0000000000
30807  31.321  -31.579  83.438 0.0000000000
30187  31.975  -32.003  83.013 0.0000000000
42655  52.277  -15.217  65.455 0.0000000000
42014  53.757  -16.977  65.009 0.0000000000
41297  53.672  -17.539  65.360 0.0000000000
39701  41.047  -20.012  77.021 0.0000000000
40461  40.674  -19.309  77.216 0.0000000000
40475  41.005  -18.698  76.917 0.0000000000
41941  40.526  -16.217  76.360 0.0000000000
41940  41.192  -16.547  76.178 0.0000000000
41939  42.081  -16.349  75.587 0.0000000000
41222  42.609  -16.892  75.297 0.0000000000
32827  27.768  -28.833  84.573 0.0000000000
32066  28.373  -29.538  84.677 0.0000000000
32065  29.076  -30.020  84.522 0.0000000000
31413  28.571  -30.559  84.779 0.0000000000
44791  47.833  -11.717  65.625 0.0000000000
44021  50.351  -13.094  65.563 0.0000000000
43303  50.993  -14.669  67.384 0.0000000000
44007  50.531  -13.984  67.600 0.0000000000
44001  50.213  -14.149  68.116 0.0000000000
44748  48.321  -13.118  69.620 0.0000000000
43995  48.173  -13.487  69.984 0.0000000000
43983  48.265  -14.011  70.120 0.0000000000
41982  48.274  -16.209  70.340 0.0000000000
42629  48.034  -15.512  70.587 0.0000000000
41970  47.285  -15.723  71.314 0.0000000000
34614  37.068  -26.563  80.463 0.0000000000
34629  37.515  -26.218  79.971 0.0000000000
34628  38.067  -26.409  79.382 0.0000000000
33818  39.816  -27.628  77.161 0.0000000000
35470  40.628  -25.254  76.950 0.0000000000
36249  41.181  -24.429  76.693 0.0000000000
36248  42.002  -24.670  76.552 0.0000000000
33707  32.001  -27.746  82.396 0.0000000000
34601  32.511  -26.510  81.245 0.0000000000
34600  33.523  -26.391  81.561 0.0000000000
32862  35.816  -28.702  81.166 0.0000000000
46773  56.781  -10.065  56.649 0.0000000000
43385  57.015  -14.543  59.289 0.0000000000
43340  52.517  -13.877  63.180 0.0000000000
44055  54.370  -13.779  62.929 0.0000000000
43339  54.866  -14.673  62.969 0.0000000000
42672  55.283  -15.464  62.766 0.0000000000
40585  54.998  -18.205  63.515 0.0000000000
40587  55.565  -18.206  62.420 0.0000000000
38206  37.192  -22.056  79.398 0.0000000000
41200  38.515  -17.313  76.905 0.0000000000
41215  37.258  -16.679  75.060 0.0000000000
44686  40.416  -12.291  74.409 0.0000000000
44704  40.168  -11.837  73.987 0.0000000000
45558  40.911  -11.759  74.043 0.0000000000
46538  40.863  -10.799  72.911 0.0000000000
46551  41.777  -10.620  72.661 0.0000000000
46564  43.707  -10.513  71.792 0.0000000000
46549  43.825  -10.943  72.536 0.0000000000
46548  44.276  -11.245  72.585 0.0000000000
42587  43.463  -15.300  73.940 0.0000000000
42598  43.967  -15.215  73.063 0.0000000000
42609  44.480  -15.625  72.305 0.0000000000
42621  44.928  -15.854  71.911 0.0000000000
33693  25.654  -27.615  83.745 0.0000000000
33679  25.886  -27.982  84.545 0.0000000000
33678  26.414  -28.208  84.572 0.0000000000
32806  26.315  -28.930  85.284 0.0000000000
30782  26.511  -31.522  85.449 0.0000000000
30783  25.685  -31.451  85.613 0.0000000000
45672  48.321  -12.127  68.620 0.0000000000
45654  48.233  -12.389  69.151 0.0000000000
44738  46.965  -12.938  71.149 0.0000000000
32899  37.878  -28.722  78.217 0.0000000000
32865  30.459  -27.914  82.243 0.0000000000
32839  31.407  -28.911  83.227 0.0000000000
32081  31.793  -30.462  83.358 0.0000000000
32850  33.900  -29.130  82.390 0.0000000000
32092  34.127  -29.897  82.255 0.0000000000
30835  34.514  -31.598  81.567 0.0000000000
45820  55.947  -10.928  58.517 0.0000000000
45806  56.181  -11.456  58.604 0.0000000000
44897  56.717  -12.075  58.141 0.0000000000
42685  56.440  -15.267  60.608 0.0000000000
43328  50.747  -14.325  63.779 0.0000000000
42658  54.402  -15.719  63.767 0.0000000000
41303  54.614  -17.293  64.130 0.0000000000
39821  54.730  -19.441  63.340 0.0000000000
38973  39.108  -20.938  78.024 0.0000000000
39696  38.618  -20.291  78.159 0.0000000000
40463  38.926  -18.840  77.557 0.0000000000
41185  39.032  -17.962  77.330 0.0000000000
41184  39.737  -18.291  77.331 0.0000000000
42578  38.554  -15.309  75.719 0.0000000000
43239  38.683  -14.312  74.954 0.0000000000
43228  39.018  -14.734  75.714 0.0000000000
43929  40.283  -13.965  75.590 0.0000000000
43941  41.110  -12.991  75.063 0.0000000000
43940  42.084  -13.116  74.894 0.0000000000
44684  42.673  -12.646  74.376 0.0000000000
44683  43.207  -12.562  74.064 0.0000000000
43939  42.790  -13.686  74.548 0.0000000000
42588  42.875  -15.365  74.664 0.0000000000
33731  29.566  -27.804  81.853 0.0000000000
33709  29.400  -28.054  82.710 0.0000000000
31429  30.319  -30.512  83.949 0.0000000000
31412  29.468  -30.757  84.386 0.0000000000
31411  30.023  -31.175  84.100 0.0000000000
30808  30.428  -31.517  83.777 0.0000000000
43312  51.186  -14.011  65.379 0.0000000000
44020  50.947  -13.640  65.927 0.0000000000
44019  51.372  -14.206  66.168 0.0000000000
42651  52.143  -15.481  66.348 0.0000000000
42004  52.351  -16.663  66.796 0.0000000000
41284  52.152  -17.190  67.254 0.0000000000
41285  51.481  -17.068  67.823 0.0000000000
44756  49.317  -13.120  68.519 0.0000000000
43291  49.550  -14.526  68.845 0.0000000000
43994  48.682  -13.778  69.506 0.0000000000
42634  49.701  -15.361  68.888 0.0000000000
37532  35.925  -23.089  80.149 0.0000000000
36897  36.687  -23.134  80.061 0.0000000000
36187  37.255  -24.756  80.259 0.0000000000
36896  37.309  -23.770  79.975 0.0000000000
37542  37.202  -22.561  79.583 0.0000000000
37555  37.728  -22.428  79.294 0.0000000000
37554  38.211  -22.425  78.920 0.0000000000
34644  38.684  -26.106  78.611 0.0000000000
35447  39.146  -25.059  78.269 0.0000000000
36222  38.830  -24.270  78.603 0.0000000000
36910  39.032  -23.503  78.264 0.0000000000
37553  38.984  -22.458  78.211 0.0000000000
38215  39.008  -21.740  78.170 0.0000000000
38230  39.359  -21.601  77.784 0.0000000000
38971  40.712  -20.717  77.125 0.0000000000
37578  40.954  -22.421  76.715 0.0000000000
38987  40.893  -21.349  76.892 0.0000000000
38970  41.144  -20.450  76.880 0.0000000000
39700  41.337  -20.300  76.777 0.0000000000
39710  41.690  -19.961  76.622 0.0000000000
39709  42.349  -20.152  76.269 0.0000000000
39720  42.872  -19.898  75.836 0.0000000000
38995  42.682  -20.878  75.999 0.0000000000
38250  43.318  -21.576  75.587 0.0000000000
37588  43.595  -22.783  75.571 0.0000000000
36943  43.621  -23.846  75.744 0.0000000000
33729  31.718  -27.197  81.546 0.0000000000
36189  35.828  -24.717  80.887 0.0000000000
35402  36.253  -25.615  81.089 0.0000000000
35383  36.019  -26.467  81.291 0.0000000000
33771  37.122  -28.169  79.835 0.0000000000
32885  37.113  -28.858  79.672 0.0000000000
32104  34.806  -29.797  81.747 0.0000000000
32103  35.655  -29.716  81.225 0.0000000000
32111  35.934  -30.205  80.779 0.0000000000
32110  36.364  -29.652  80.521 0.0000000000
33661  22.718  -27.980  85.432 0.0000000000
47698  57.961  -9.488  54.866 0.0000000000
43368  55.743  -13.923  61.632 0.0000000000
42679  56.131  -15.307  61.314 0.0000000000
42031  56.335  -16.138  61.062 0.0000000000
42027  55.428  -16.059  62.708 0.0000000000
42021  55.513  -16.465  62.676 0.0000000000
42026  55.768  -16.046  62.241 0.0000000000
42025  56.104  -16.352  61.694 0.0000000000
39705  37.217  -19.351  77.669 0.0000000000
46581  41.540  -10.115  70.420 0.0000000000
46611  43.191  -10.443  68.918 0.0000000000
46609  44.777  -10.508  69.338 0.0000000000
46577  45.408  -10.793  71.044 0.0000000000
45625  46.127  -11.410  71.067 0.0000000000
45609  46.284  -12.489  71.606 0.0000000000
44726  46.530  -12.881  71.534 0.0000000000
44701  43.637  -12.461  73.643 0.0000000000
44700  44.353  -12.499  73.203 0.0000000000
43951  44.627  -13.093  73.014 0.0000000000
44717  44.938  -12.555  72.742 0.0000000000
43260  46.569  -14.140  71.792 0.0000000000
43275  46.473  -14.772  71.843 0.0000000000
42619  46.286  -15.569  71.824 0.0000000000
41972  46.022  -16.348  71.718 0.0000000000
40483  43.358  -19.304  75.340 0.0000000000
40492  43.677  -18.754  74.610 0.0000000000
39000  44.126  -20.757  74.533 0.0000000000
30188  31.574  -32.094  83.248 0.0000000000
30796  29.704  -31.610  84.167 0.0000000000
30806  31.822  -31.658  83.204 0.0000000000
30809  29.993  -31.940  83.851 0.0000000000
32037  23.100  -29.737  86.545 0.0000000000
32053  23.531  -29.303  86.366 0.0000000000
32068  26.722  -29.181  85.221 0.0000000000
32843  28.113  -28.432  84.036 0.0000000000
34643  39.307  -25.820  77.790 0.0000000000
36895  38.023  -23.851  79.550 0.0000000000
36921  40.177  -23.462  77.191 0.0000000000
38231  39.034  -21.445  78.136 0.0000000000
38245  40.726  -21.922  76.873 0.0000000000
38257  43.734  -21.544  75.080 0.0000000000
38960  38.655  -20.758  78.270 0.0000000000
38986  41.432  -20.844  76.691 0.0000000000
39695  38.935  -20.507  78.073 0.0000000000
39727  44.265  -20.438  74.301 0.0000000000
40473  42.284  -19.388  76.324 0.0000000000
41183  40.391  -18.647  77.231 0.0000000000
41971  46.849  -16.224  71.464 0.0000000000
41973  45.262  -16.343  71.632 0.0000000000
41985  45.635  -16.787  71.510 0.0000000000
42579  38.094  -15.501  75.197 0.0000000000
43238  39.315  -13.865  75.194 0.0000000000
43240  38.239  -14.836  74.662 0.0000000000
43273  47.605  -14.353  71.021 0.0000000000
43308  51.240  -14.441  66.894 0.0000000000
43963  46.355  -13.719  71.929 0.0000000000
43975  46.807  -13.574  71.501 0.0000000000
43976  46.342  -13.272  71.842 0.0000000000
44702  43.061  -12.078  73.980 0.0000000000
44737  47.409  -12.957  70.740 0.0000000000
44766  50.228  -13.442  67.548 0.0000000000
45559  40.467  -11.789  74.001 0.0000000000
45593  43.945  -11.415  72.998 0.0000000000
45623  47.067  -12.634  70.862 0.0000000000
