#!ascii label  , from subject 3276 vox2ras=TkReg
192
47348  25.352  -10.377  -15.457 0.0000000000
47270  22.522  -11.303  -8.959 0.0000000000
50902  24.248  -6.517  -18.205 0.0000000000
58235  17.216  1.074  -19.092 0.0000000000
45329  21.269  -13.930  -7.437 0.0000000000
50923  25.344  -5.694  -19.857 0.0000000000
53574  23.679  -3.334  -20.218 0.0000000000
47304  23.132  -10.824  -12.459 0.0000000000
101736  23.666  -10.910  -10.857 0.0000000000
46366  25.768  -11.452  -13.286 0.0000000000
48319  27.382  -9.318  -16.507 0.0000000000
46413  27.781  -10.307  -14.942 0.0000000000
49233  24.782  -8.519  -16.601 0.0000000000
50092  25.831  -7.772  -18.395 0.0000000000
56543  19.217  -1.222  -20.624 0.0000000000
54623  22.638  -2.053  -21.836 0.0000000000
46318  23.565  -11.234  -9.111 0.0000000000
52627  23.238  -4.210  -20.163 0.0000000000
53576  22.840  -3.959  -20.672 0.0000000000
46383  23.973  -10.851  -14.217 0.0000000000
46355  23.871  -11.176  -12.878 0.0000000000
46402  25.897  -11.197  -15.026 0.0000000000
46306  21.381  -13.019  -8.177 0.0000000000
49246  24.835  -8.021  -17.358 0.0000000000
49245  25.719  -8.441  -17.683 0.0000000000
50093  24.933  -7.266  -18.156 0.0000000000
51736  25.729  -4.930  -20.095 0.0000000000
50922  26.365  -5.782  -20.164 0.0000000000
58217  15.154  1.802  -18.019 0.0000000000
56515  17.133  -1.193  -19.372 0.0000000000
57377  18.068  0.117  -19.347 0.0000000000
59142  21.087  1.632  -21.260 0.0000000000
57416  23.069  0.723  -23.589 0.0000000000
56567  21.812  -0.564  -22.902 0.0000000000
55659  23.326  -1.075  -21.799 0.0000000000
55647  23.738  -1.428  -20.857 0.0000000000
45374  23.939  -11.943  -10.971 0.0000000000
46332  23.550  -10.947  -10.188 0.0000000000
45321  20.796  -14.573  -6.238 0.0000000000
50914  24.737  -6.496  -19.121 0.0000000000
51724  23.875  -5.263  -19.255 0.0000000000
51737  24.831  -4.774  -19.779 0.0000000000
52642  24.653  -3.656  -20.109 0.0000000000
101751  23.532  -10.015  -10.781 0.0000000000
45393  23.643  -11.104  -11.753 0.0000000000
46354  24.592  -11.587  -12.603 0.0000000000
45392  25.140  -12.213  -11.981 0.0000000000
47380  26.861  -9.736  -15.785 0.0000000000
46414  27.443  -10.335  -15.102 0.0000000000
47379  27.406  -9.608  -15.724 0.0000000000
48286  24.277  -9.742  -15.092 0.0000000000
48304  24.483  -9.039  -15.895 0.0000000000
48303  25.349  -9.625  -15.880 0.0000000000
48331  26.071  -9.162  -17.045 0.0000000000
49244  26.560  -8.505  -18.003 0.0000000000
50090  27.493  -7.756  -18.719 0.0000000000
50913  26.026  -6.530  -19.629 0.0000000000
50100  26.816  -7.152  -19.207 0.0000000000
54613  20.331  -2.639  -21.194 0.0000000000
58259  18.856  0.751  -19.951 0.0000000000
56564  19.989  -0.255  -21.948 0.0000000000
55648  21.161  -1.884  -21.881 0.0000000000
54612  21.472  -2.419  -21.473 0.0000000000
53589  23.225  -2.982  -20.688 0.0000000000
53588  24.208  -3.018  -20.351 0.0000000000
101729  22.015  -11.249  -9.610 0.0000000000
101749  23.390  -10.115  -9.993 0.0000000000
46380  27.048  -11.578  -14.047 0.0000000000
45408  26.354  -11.510  -12.940 0.0000000000
52628  22.272  -4.360  -20.732 0.0000000000
52643  21.683  -3.848  -21.173 0.0000000000
46403  25.181  -10.922  -15.094 0.0000000000
46382  24.860  -11.075  -14.406 0.0000000000
42360  19.946  -15.514  -3.983 0.0000000000
100678  20.738  -14.857  -5.684 0.0000000000
46305  21.805  -12.610  -7.686 0.0000000000
50094  23.966  -7.126  -17.357 0.0000000000
50901  24.613  -6.786  -18.521 0.0000000000
52624  25.821  -4.390  -20.558 0.0000000000
51735  26.678  -5.001  -20.485 0.0000000000
58236  16.336  0.618  -18.637 0.0000000000
57379  16.205  0.136  -18.461 0.0000000000
56530  17.125  -0.451  -19.068 0.0000000000
56565  23.366  -0.171  -22.633 0.0000000000
55658  23.657  -0.788  -21.321 0.0000000000
45359  20.951  -12.837  -10.175 0.0000000000
51738  23.963  -4.714  -19.743 0.0000000000
52626  24.092  -3.846  -19.770 0.0000000000
52625  25.093  -4.169  -20.055 0.0000000000
59098  15.425  2.776  -18.010 0.0000000000
101750  23.517  -10.380  -11.394 0.0000000000
46367  24.969  -11.356  -13.396 0.0000000000
45409  25.397  -11.575  -12.812 0.0000000000
48320  26.742  -9.434  -16.432 0.0000000000
47330  23.039  -10.651  -14.223 0.0000000000
49214  24.152  -8.414  -16.322 0.0000000000
48322  25.145  -9.149  -16.188 0.0000000000
48321  25.885  -9.497  -16.399 0.0000000000
49232  25.473  -8.716  -17.020 0.0000000000
50091  26.654  -7.749  -18.528 0.0000000000
50099  27.746  -7.203  -19.414 0.0000000000
56544  18.712  -0.984  -20.175 0.0000000000
55627  17.827  -1.720  -19.618 0.0000000000
55633  19.160  -1.673  -20.568 0.0000000000
55651  18.889  -2.556  -20.742 0.0000000000
55650  19.700  -2.094  -20.971 0.0000000000
59146  20.881  1.756  -22.032 0.0000000000
58257  20.566  1.735  -20.313 0.0000000000
58265  19.717  0.877  -21.123 0.0000000000
57410  20.537  0.348  -22.348 0.0000000000
55665  22.249  -1.147  -22.541 0.0000000000
56562  21.434  -1.006  -22.460 0.0000000000
55661  21.729  -1.577  -22.218 0.0000000000
54624  22.119  -2.261  -21.811 0.0000000000
54611  22.514  -2.517  -21.270 0.0000000000
54609  24.374  -2.071  -20.649 0.0000000000
53587  25.124  -3.076  -21.051 0.0000000000
101747  20.867  -11.026  -11.529 0.0000000000
101745  23.618  -10.578  -10.576 0.0000000000
101734  22.741  -10.770  -9.262 0.0000000000
46401  27.304  -11.092  -14.775 0.0000000000
51739  23.074  -4.749  -19.841 0.0000000000
53575  23.243  -3.627  -20.405 0.0000000000
46368  23.924  -11.106  -13.763 0.0000000000
45328  21.533  -13.482  -7.253 0.0000000000
48329  27.322  -8.889  -17.364 0.0000000000
49247  24.291  -7.926  -17.094 0.0000000000
56529  17.566  -0.994  -19.370 0.0000000000
59148  22.047  2.252  -22.920 0.0000000000
58271  21.675  1.376  -23.283 0.0000000000
57414  21.364  0.520  -23.223 0.0000000000
55664  22.745  -0.998  -22.747 0.0000000000
54622  22.990  -1.657  -21.724 0.0000000000
54610  23.226  -1.974  -20.901 0.0000000000
45358  23.968  -11.782  -10.287 0.0000000000
44455  20.527  -14.168  -7.010 0.0000000000
43744  21.014  -14.518  -9.185 0.0000000000
45340  21.421  -13.376  -8.961 0.0000000000
46319  21.660  -12.000  -9.502 0.0000000000
50915  23.626  -5.754  -18.586 0.0000000000
50924  24.588  -5.377  -19.535 0.0000000000
58216  16.317  1.493  -18.466 0.0000000000
47367  26.112  -10.188  -15.900 0.0000000000
47347  26.392  -10.735  -15.472 0.0000000000
47366  26.935  -10.241  -15.422 0.0000000000
47365  27.405  -9.912  -15.234 0.0000000000
47378  27.957  -9.892  -15.799 0.0000000000
46412  28.295  -10.321  -15.017 0.0000000000
47329  24.087  -10.441  -14.524 0.0000000000
48285  24.891  -9.675  -15.580 0.0000000000
47381  26.546  -9.958  -15.934 0.0000000000
48330  26.639  -9.040  -17.220 0.0000000000
49243  27.337  -8.365  -18.108 0.0000000000
50102  25.327  -7.235  -18.727 0.0000000000
50101  25.870  -7.265  -19.056 0.0000000000
53591  20.993  -3.374  -21.242 0.0000000000
58215  17.604  1.739  -18.372 0.0000000000
57396  18.789  0.070  -20.369 0.0000000000
56559  19.140  -0.325  -20.836 0.0000000000
56558  19.640  -1.041  -21.259 0.0000000000
56568  21.021  -0.027  -22.818 0.0000000000
56563  20.735  -0.900  -22.256 0.0000000000
55649  20.526  -1.733  -21.593 0.0000000000
53590  22.353  -3.420  -21.073 0.0000000000
52641  25.144  -3.699  -20.515 0.0000000000
101739  22.658  -9.826  -9.786 0.0000000000
101738  22.966  -10.429  -9.383 0.0000000000
101748  22.552  -10.723  -9.472 0.0000000000
46381  26.155  -11.463  -13.970 0.0000000000
45426  26.821  -11.563  -13.645 0.0000000000
47349  24.719  -10.576  -14.997 0.0000000000
47364  27.807  -9.899  -15.234 0.0000000000
55660  22.651  -1.455  -22.212 0.0000000000
55662  21.008  -1.573  -22.063 0.0000000000
55663  23.129  -0.679  -22.700 0.0000000000
56557  20.233  -1.264  -21.744 0.0000000000
56569  23.199  0.235  -23.369 0.0000000000
56570  22.886  0.358  -23.752 0.0000000000
57395  19.263  0.562  -20.677 0.0000000000
57405  20.074  0.743  -21.758 0.0000000000
57411  20.005  0.260  -21.902 0.0000000000
57412  23.412  0.651  -23.022 0.0000000000
57413  22.249  0.578  -23.742 0.0000000000
57415  20.867  0.507  -22.937 0.0000000000
57417  22.790  0.689  -23.938 0.0000000000
58270  22.531  1.395  -23.278 0.0000000000
58273  23.069  1.061  -23.376 0.0000000000
58274  22.773  1.045  -23.850 0.0000000000
59145  21.542  1.889  -22.083 0.0000000000
59147  22.686  1.848  -22.725 0.0000000000
59149  21.151  1.952  -22.792 0.0000000000
101730  21.626  -11.423  -10.340 0.0000000000
