#!ascii label  , from subject 3276 vox2ras=TkReg
1723
13640  5.317  -57.921  16.943 0.0000000000
24612  12.476  -42.149  22.507 0.0000000000
6278  2.938  -74.182  11.126 0.0000000000
10303  2.309  -64.677  15.274 0.0000000000
97027  8.408  -70.476  9.866 0.0000000000
12134  7.824  -61.084  11.884 0.0000000000
18039  6.617  -50.286  19.965 0.0000000000
1603  3.435  -84.359  10.212 0.0000000000
11654  1.252  -62.262  20.228 0.0000000000
16821  3.942  -52.740  23.924 0.0000000000
21604  6.755  -44.961  24.654 0.0000000000
4056  5.116  -77.828  3.301 0.0000000000
11679  4.863  -61.128  16.887 0.0000000000
10795  4.847  -63.196  13.068 0.0000000000
12548  6.926  -59.463  14.451 0.0000000000
21623  7.647  -44.066  20.989 0.0000000000
20389  8.160  -46.364  18.558 0.0000000000
23066  8.868  -41.647  19.198 0.0000000000
8808  0.418  -67.293  20.032 0.0000000000
15505  1.310  -54.566  25.901 0.0000000000
19235  5.292  -48.231  24.234 0.0000000000
4000  3.613  -78.387  11.073 0.0000000000
3580  3.396  -79.905  5.672 0.0000000000
96882  5.218  -75.266  8.339 0.0000000000
26208  12.391  -39.413  19.372 0.0000000000
8399  4.215  -68.990  12.825 0.0000000000
7186  6.327  -71.673  10.012 0.0000000000
9325  5.046  -65.941  10.795 0.0000000000
9817  7.989  -65.769  11.182 0.0000000000
15549  7.124  -54.510  19.240 0.0000000000
15565  7.136  -54.664  16.359 0.0000000000
17456  7.731  -51.144  16.988 0.0000000000
25459  10.628  -38.976  16.446 0.0000000000
1583  1.364  -82.913  14.690 0.0000000000
3978  2.456  -78.750  14.791 0.0000000000
6732  1.269  -72.545  14.437 0.0000000000
8379  2.329  -67.856  16.047 0.0000000000
10775  3.027  -63.982  17.706 0.0000000000
11184  5.002  -61.618  20.761 0.0000000000
11633  0.084  -60.666  24.732 0.0000000000
98129  3.374  -58.766  23.105 0.0000000000
14869  3.664  -55.751  20.403 0.0000000000
98219  6.146  -51.383  21.581 0.0000000000
98275  7.422  -47.868  22.811 0.0000000000
98321  9.436  -42.963  23.883 0.0000000000
96873  8.424  -85.157  7.529 0.0000000000
1999  6.809  -82.577  0.910 0.0000000000
5830  8.598  -74.190  7.587 0.0000000000
12100  5.761  -60.447  17.854 0.0000000000
12550  5.462  -59.981  15.332 0.0000000000
13076  6.537  -58.870  16.081 0.0000000000
98319  9.278  -43.617  21.860 0.0000000000
22292  8.154  -42.946  20.146 0.0000000000
98302  11.187  -42.429  20.053 0.0000000000
5338  4.298  -75.715  12.470 0.0000000000
4879  5.328  -76.350  10.162 0.0000000000
96912  5.528  -74.813  10.976 0.0000000000
8831  0.952  -67.414  14.055 0.0000000000
8411  2.204  -68.495  10.509 0.0000000000
9795  2.901  -65.144  13.062 0.0000000000
11247  6.166  -62.417  12.217 0.0000000000
10804  5.849  -64.474  11.729 0.0000000000
11262  7.561  -62.775  10.685 0.0000000000
10822  9.221  -64.220  9.693 0.0000000000
11722  9.027  -61.795  10.530 0.0000000000
16842  8.669  -53.302  19.899 0.0000000000
16855  7.651  -53.010  18.567 0.0000000000
18043  7.138  -50.452  18.314 0.0000000000
21631  9.074  -44.451  17.538 0.0000000000
20396  8.872  -46.789  16.884 0.0000000000
26213  11.174  -38.631  17.841 0.0000000000
2708  3.240  -81.183  14.557 0.0000000000
5314  0.998  -75.267  17.017 0.0000000000
6722  0.290  -72.629  17.081 0.0000000000
7971  1.870  -69.433  15.091 0.0000000000
7962  0.673  -69.501  17.501 0.0000000000
10286  1.035  -64.549  19.854 0.0000000000
9771  1.593  -65.308  18.085 0.0000000000
10764  1.758  -63.303  18.835 0.0000000000
11213  3.918  -62.824  18.512 0.0000000000
11651  2.424  -61.159  20.222 0.0000000000
16183  3.181  -53.491  25.351 0.0000000000
14216  2.724  -56.730  25.071 0.0000000000
14849  4.849  -55.934  24.963 0.0000000000
98147  4.260  -57.668  22.729 0.0000000000
98181  4.243  -53.767  22.507 0.0000000000
16211  4.829  -53.470  20.851 0.0000000000
16829  4.808  -52.433  22.469 0.0000000000
19762  7.065  -46.930  25.259 0.0000000000
19238  7.377  -48.177  23.881 0.0000000000
20373  7.481  -46.249  24.871 0.0000000000
98299  7.441  -45.127  23.689 0.0000000000
21611  8.312  -43.679  24.652 0.0000000000
981  6.402  -85.827  11.628 0.0000000000
999  7.329  -83.341  11.017 0.0000000000
96863  5.296  -84.726  8.617 0.0000000000
4059  3.114  -78.397  4.595 0.0000000000
2753  2.157  -81.482  2.479 0.0000000000
3634  2.179  -79.395  -0.913 0.0000000000
3202  6.362  -82.243  -3.660 0.0000000000
3619  6.750  -78.986  -0.157 0.0000000000
97024  7.514  -70.681  10.318 0.0000000000
5808  8.103  -73.441  10.779 0.0000000000
6756  8.988  -72.440  9.344 0.0000000000
16230  8.110  -53.521  15.815 0.0000000000
14902  8.295  -55.450  14.440 0.0000000000
10778  3.724  -63.073  15.899 0.0000000000
10307  3.736  -64.002  13.940 0.0000000000
11687  4.608  -61.565  14.638 0.0000000000
12120  5.596  -61.016  14.011 0.0000000000
12118  7.013  -60.341  13.113 0.0000000000
19781  6.730  -47.492  20.477 0.0000000000
19266  7.422  -48.393  18.667 0.0000000000
21004  7.793  -45.249  19.711 0.0000000000
21628  8.415  -44.285  18.859 0.0000000000
23073  9.472  -42.500  17.428 0.0000000000
7958  0.260  -69.462  18.738 0.0000000000
8805  0.167  -67.312  21.225 0.0000000000
98019  0.036  -64.163  21.817 0.0000000000
17406  3.580  -51.384  25.451 0.0000000000
18011  4.884  -50.163  23.620 0.0000000000
18630  4.155  -48.881  25.067 0.0000000000
19758  5.328  -47.295  25.842 0.0000000000
2724  2.722  -81.422  10.226 0.0000000000
96896  3.272  -82.292  7.535 0.0000000000
3563  3.642  -79.544  8.381 0.0000000000
4466  4.371  -77.160  6.184 0.0000000000
96866  4.390  -75.836  5.386 0.0000000000
8421  9.010  -68.368  8.878 0.0000000000
7202  9.162  -71.152  8.057 0.0000000000
26195  12.717  -40.149  21.517 0.0000000000
25446  13.675  -41.096  20.207 0.0000000000
7175  3.639  -71.443  11.434 0.0000000000
7189  4.289  -72.517  10.032 0.0000000000
7991  4.387  -69.994  10.469 0.0000000000
97043  5.217  -69.004  9.417 0.0000000000
8850  7.139  -67.871  11.096 0.0000000000
9793  4.793  -64.666  12.446 0.0000000000
9323  7.059  -66.880  11.568 0.0000000000
97021  9.374  -68.128  12.128 0.0000000000
9331  9.385  -66.607  10.823 0.0000000000
14888  5.516  -55.671  17.777 0.0000000000
14893  6.465  -55.696  16.601 0.0000000000
15561  7.026  -54.047  17.420 0.0000000000
16227  7.726  -53.224  16.768 0.0000000000
17459  8.166  -51.270  16.377 0.0000000000
19270  7.670  -48.858  17.896 0.0000000000
18676  8.643  -49.654  16.537 0.0000000000
24627  11.150  -40.405  18.788 0.0000000000
24629  9.971  -40.066  18.029 0.0000000000
1248  5.207  -86.215  13.661 0.0000000000
1592  2.359  -84.070  12.567 0.0000000000
2718  2.787  -81.139  12.443 0.0000000000
3986  3.274  -78.363  12.993 0.0000000000
5332  2.314  -75.741  13.167 0.0000000000
3966  1.684  -78.248  17.231 0.0000000000
5321  1.444  -75.770  15.364 0.0000000000
6735  1.925  -72.450  12.838 0.0000000000
7582  3.764  -70.658  13.426 0.0000000000
8392  3.814  -68.694  14.431 0.0000000000
9299  3.298  -66.416  15.303 0.0000000000
8815  1.234  -67.209  17.626 0.0000000000
9776  2.717  -65.384  17.105 0.0000000000
10300  3.420  -64.505  16.085 0.0000000000
10767  4.259  -63.190  17.761 0.0000000000
11210  6.325  -62.053  19.124 0.0000000000
12097  5.598  -60.056  18.834 0.0000000000
98055  0.842  -61.408  22.555 0.0000000000
13040  1.528  -58.856  23.380 0.0000000000
98080  1.703  -60.444  21.620 0.0000000000
98121  3.600  -59.841  22.078 0.0000000000
13053  3.887  -58.494  20.844 0.0000000000
13630  3.830  -57.411  19.174 0.0000000000
14867  5.718  -54.809  19.901 0.0000000000
16209  6.793  -53.621  20.637 0.0000000000
16836  7.133  -51.868  20.818 0.0000000000
18009  6.365  -49.843  23.265 0.0000000000
98247  7.188  -50.167  22.335 0.0000000000
19248  6.548  -48.627  21.232 0.0000000000
98301  6.595  -45.914  21.899 0.0000000000
98317  8.228  -44.091  23.122 0.0000000000
98290  10.873  -43.018  22.589 0.0000000000
23750  9.843  -41.602  22.180 0.0000000000
24613  11.526  -41.595  21.998 0.0000000000
1333  8.619  -79.856  5.580 0.0000000000
1626  4.045  -83.301  5.716 0.0000000000
1664  6.725  -83.504  3.892 0.0000000000
1680  10.777  -84.050  2.570 0.0000000000
96901  6.343  -74.461  10.222 0.0000000000
96915  6.179  -72.414  7.060 0.0000000000
5376  7.461  -75.103  5.481 0.0000000000
5821  10.129  -73.615  8.066 0.0000000000
5853  10.189  -74.504  5.988 0.0000000000
4509  8.628  -77.081  3.584 0.0000000000
98802  9.888  -78.970  1.784 0.0000000000
13643  7.377  -57.175  15.431 0.0000000000
13079  8.411  -58.455  14.777 0.0000000000
13090  8.839  -59.249  13.071 0.0000000000
12565  9.789  -59.707  11.792 0.0000000000
13065  5.378  -58.944  17.404 0.0000000000
12540  5.836  -59.628  16.669 0.0000000000
13070  5.839  -58.547  16.751 0.0000000000
98323  11.332  -43.459  21.393 0.0000000000
98324  10.990  -43.000  20.739 0.0000000000
24620  12.814  -42.831  21.008 0.0000000000
5802  3.641  -75.059  11.552 0.0000000000
5345  4.796  -75.495  11.734 0.0000000000
5810  4.338  -74.685  11.183 0.0000000000
9789  1.586  -65.567  14.468 0.0000000000
9306  1.771  -66.267  12.907 0.0000000000
10315  2.347  -64.907  13.900 0.0000000000
11712  7.485  -61.437  11.779 0.0000000000
11253  7.109  -62.421  11.167 0.0000000000
11252  7.841  -62.060  10.883 0.0000000000
11261  8.214  -62.398  10.536 0.0000000000
11711  8.312  -61.552  11.175 0.0000000000
17449  7.019  -51.478  19.840 0.0000000000
17454  6.910  -51.809  18.809 0.0000000000
18038  6.787  -50.709  19.183 0.0000000000
21636  9.561  -44.327  16.901 0.0000000000
21010  9.311  -45.325  16.931 0.0000000000
6251  0.411  -73.648  17.652 0.0000000000
6719  0.293  -72.727  18.238 0.0000000000
7568  0.701  -70.558  17.035 0.0000000000
7565  0.214  -70.619  18.196 0.0000000000
10762  1.120  -63.602  20.226 0.0000000000
10765  1.426  -63.823  19.372 0.0000000000
11203  1.430  -62.696  19.734 0.0000000000
11663  2.075  -61.658  19.543 0.0000000000
11652  1.761  -61.346  20.293 0.0000000000
16182  3.697  -53.498  24.619 0.0000000000
15514  3.910  -54.778  25.036 0.0000000000
15520  4.215  -54.360  23.965 0.0000000000
15523  4.375  -55.137  23.606 0.0000000000
16188  4.162  -53.591  23.427 0.0000000000
98182  4.359  -53.521  22.060 0.0000000000
17429  4.688  -52.110  23.205 0.0000000000
20987  6.668  -45.487  25.150 0.0000000000
20986  7.266  -45.606  25.033 0.0000000000
20991  7.388  -45.071  24.395 0.0000000000
21612  7.134  -44.194  24.626 0.0000000000
1277  4.185  -85.117  11.031 0.0000000000
991  7.046  -85.655  10.563 0.0000000000
1291  3.827  -84.251  9.529 0.0000000000
4058  3.760  -77.706  3.383 0.0000000000
4090  2.076  -78.691  0.851 0.0000000000
4088  4.339  -78.672  1.466 0.0000000000
4117  4.828  -78.989  -0.935 0.0000000000
4087  5.431  -78.707  1.795 0.0000000000
97022  8.025  -70.693  10.379 0.0000000000
97017  8.394  -71.965  10.142 0.0000000000
97023  8.592  -71.590  9.508 0.0000000000
16867  8.630  -52.548  15.360 0.0000000000
16235  8.745  -53.356  14.696 0.0000000000
11229  4.182  -62.323  16.245 0.0000000000
11234  4.038  -62.289  15.281 0.0000000000
11683  4.363  -61.592  15.545 0.0000000000
12549  6.023  -59.772  14.727 0.0000000000
12114  5.252  -60.732  14.614 0.0000000000
12113  6.010  -60.330  14.253 0.0000000000
12119  6.310  -60.820  13.540 0.0000000000
12554  7.108  -59.868  13.637 0.0000000000
20382  6.990  -46.400  20.510 0.0000000000
20387  7.472  -46.340  19.686 0.0000000000
21000  7.404  -45.271  20.382 0.0000000000
23061  8.509  -42.126  20.014 0.0000000000
22294  8.246  -43.262  19.356 0.0000000000
23070  8.585  -42.368  18.756 0.0000000000
22296  8.834  -42.981  18.092 0.0000000000
23069  8.947  -42.375  18.214 0.0000000000
97987  0.465  -66.375  22.805 0.0000000000
9763  0.171  -65.339  21.263 0.0000000000
17407  2.935  -51.709  25.991 0.0000000000
18002  3.437  -50.577  26.018 0.0000000000
18636  4.038  -49.732  24.777 0.0000000000
19231  4.147  -48.573  25.943 0.0000000000
3550  3.511  -79.351  10.569 0.0000000000
3129  3.654  -80.437  9.158 0.0000000000
4005  3.504  -78.633  10.009 0.0000000000
5355  5.241  -76.060  9.360 0.0000000000
4892  4.608  -76.365  8.505 0.0000000000
4898  4.873  -76.428  7.488 0.0000000000
4897  5.062  -75.585  6.595 0.0000000000
8871  9.547  -67.469  8.671 0.0000000000
8434  9.700  -68.806  7.813 0.0000000000
26204  12.044  -38.675  20.688 0.0000000000
26203  12.877  -39.595  21.031 0.0000000000
7592  4.345  -70.620  11.714 0.0000000000
7595  4.334  -70.773  10.698 0.0000000000
7986  4.314  -70.005  11.428 0.0000000000
8852  3.418  -67.372  10.176 0.0000000000
8859  4.640  -68.405  9.381 0.0000000000
8858  5.441  -67.477  9.485 0.0000000000
8857  6.315  -68.211  10.101 0.0000000000
9333  6.184  -67.366  10.481 0.0000000000
10789  4.448  -63.340  13.559 0.0000000000
10313  4.151  -64.232  13.161 0.0000000000
10312  4.811  -64.061  12.729 0.0000000000
10332  6.910  -65.081  11.051 0.0000000000
9800  6.141  -65.445  12.060 0.0000000000
9808  7.584  -65.854  11.466 0.0000000000
8849  8.225  -67.586  11.691 0.0000000000
9321  8.663  -66.784  11.771 0.0000000000
8847  9.507  -67.349  11.553 0.0000000000
9332  8.996  -66.629  11.312 0.0000000000
14874  5.999  -54.757  18.797 0.0000000000
14881  5.803  -55.021  17.871 0.0000000000
15558  6.633  -54.406  18.205 0.0000000000
17457  7.256  -51.675  17.682 0.0000000000
16225  7.492  -53.417  17.632 0.0000000000
17460  7.688  -51.963  16.910 0.0000000000
16862  8.097  -52.427  16.357 0.0000000000
19788  7.757  -47.366  18.552 0.0000000000
19787  8.158  -47.333  17.899 0.0000000000
19275  8.728  -48.611  16.634 0.0000000000
25447  12.805  -40.528  19.455 0.0000000000
24624  12.043  -41.032  19.086 0.0000000000
25450  11.836  -39.896  19.096 0.0000000000
25455  10.573  -39.019  17.456 0.0000000000
25452  10.333  -39.798  18.146 0.0000000000
25460  10.338  -39.774  16.976 0.0000000000
24631  9.965  -40.357  17.444 0.0000000000
24634  10.231  -40.676  16.635 0.0000000000
1582  1.792  -84.317  15.197 0.0000000000
1588  1.916  -83.972  13.779 0.0000000000
1589  1.517  -83.294  13.676 0.0000000000
2316  1.828  -82.170  11.989 0.0000000000
2311  1.688  -81.892  13.833 0.0000000000
3112  3.288  -80.509  14.939 0.0000000000
3531  3.413  -79.906  13.443 0.0000000000
4422  2.506  -77.675  14.185 0.0000000000
4864  2.987  -76.863  13.527 0.0000000000
4858  2.325  -76.913  14.122 0.0000000000
5786  0.843  -74.325  15.783 0.0000000000
5318  1.159  -75.207  16.071 0.0000000000
5790  1.026  -74.087  14.902 0.0000000000
5789  1.317  -74.486  14.294 0.0000000000
6731  1.516  -72.253  13.619 0.0000000000
7166  2.107  -71.354  12.950 0.0000000000
7161  1.587  -71.292  13.689 0.0000000000
8387  1.895  -68.617  15.750 0.0000000000
7970  3.058  -69.222  15.106 0.0000000000
8824  3.369  -67.606  15.509 0.0000000000
8829  3.348  -67.391  14.382 0.0000000000
8819  3.256  -67.188  15.994 0.0000000000
8372  0.354  -68.296  19.317 0.0000000000
8376  0.729  -68.154  17.779 0.0000000000
8812  0.842  -67.145  18.629 0.0000000000
10776  2.408  -64.212  17.762 0.0000000000
9777  2.067  -65.276  17.453 0.0000000000
10297  2.941  -64.691  17.357 0.0000000000
9775  3.247  -65.168  16.837 0.0000000000
10296  3.541  -64.571  16.873 0.0000000000
10774  3.881  -63.895  17.299 0.0000000000
10768  3.526  -63.489  17.989 0.0000000000
11199  4.568  -62.203  19.485 0.0000000000
11212  4.832  -62.616  18.503 0.0000000000
11190  6.725  -62.153  20.231 0.0000000000
11658  7.004  -61.682  19.747 0.0000000000
11648  6.536  -61.605  20.308 0.0000000000
11175  -0.133  -61.917  24.067 0.0000000000
11178  0.097  -62.137  23.125 0.0000000000
11635  0.449  -61.043  23.633 0.0000000000
14218  1.646  -56.231  25.708 0.0000000000
13029  3.569  -58.095  24.345 0.0000000000
13030  1.768  -57.924  24.022 0.0000000000
13044  1.843  -58.997  22.940 0.0000000000
12518  1.667  -59.551  22.597 0.0000000000
98107  2.193  -59.525  22.373 0.0000000000
98104  2.782  -59.917  22.051 0.0000000000
98128  3.649  -59.160  22.527 0.0000000000
98160  3.691  -56.488  21.786 0.0000000000
98138  3.951  -58.375  21.777 0.0000000000
13627  3.426  -57.304  20.584 0.0000000000
13057  3.881  -58.508  19.974 0.0000000000
14247  3.631  -56.552  19.881 0.0000000000
14876  4.229  -55.706  19.370 0.0000000000
14868  4.025  -55.186  20.047 0.0000000000
98207  5.640  -52.324  21.198 0.0000000000
16210  5.568  -53.373  20.691 0.0000000000
16845  6.353  -52.809  20.796 0.0000000000
17435  6.949  -51.004  21.485 0.0000000000
18642  4.833  -49.296  23.824 0.0000000000
18641  5.446  -49.168  23.641 0.0000000000
98274  7.571  -47.485  23.685 0.0000000000
18639  7.199  -49.007  23.495 0.0000000000
98262  7.628  -48.889  22.771 0.0000000000
98276  7.346  -48.799  22.289 0.0000000000
98286  6.720  -48.072  21.937 0.0000000000
98287  6.638  -46.741  22.518 0.0000000000
98316  8.263  -44.067  23.948 0.0000000000
98328  9.477  -43.364  23.232 0.0000000000
98289  10.472  -42.940  22.815 0.0000000000
24614  10.325  -41.222  21.666 0.0000000000
25438  11.333  -40.549  21.140 0.0000000000
1010  8.016  -84.767  9.108 0.0000000000
1008  7.664  -81.944  10.507 0.0000000000
1019  8.036  -82.424  9.334 0.0000000000
1307  8.374  -84.031  6.365 0.0000000000
3579  3.439  -81.336  6.099 0.0000000000
96878  3.567  -82.877  6.873 0.0000000000
3137  3.110  -82.108  5.046 0.0000000000
2359  4.796  -81.412  1.479 0.0000000000
1980  4.462  -82.235  2.530 0.0000000000
1988  6.839  -82.930  1.898 0.0000000000
96919  9.351  -84.116  3.322 0.0000000000
1682  9.040  -83.388  1.926 0.0000000000
1685  11.732  -83.999  2.034 0.0000000000
1996  9.637  -83.178  0.428 0.0000000000
2802  8.042  -81.521  -3.775 0.0000000000
6751  5.485  -73.026  10.124 0.0000000000
96914  5.654  -73.612  10.406 0.0000000000
96916  6.334  -73.482  10.402 0.0000000000
5816  8.204  -74.121  9.726 0.0000000000
96907  7.509  -74.420  8.672 0.0000000000
96909  7.931  -74.076  7.675 0.0000000000
5857  6.083  -73.699  5.494 0.0000000000
5842  7.770  -73.989  6.323 0.0000000000
7195  9.634  -71.406  7.664 0.0000000000
6761  9.684  -72.413  8.062 0.0000000000
5372  11.862  -75.241  5.439 0.0000000000
5852  11.235  -74.505  5.952 0.0000000000
4906  10.266  -75.760  5.056 0.0000000000
4907  9.196  -75.579  4.857 0.0000000000
4508  9.615  -77.167  3.566 0.0000000000
4073  9.052  -78.061  2.849 0.0000000000
4050  10.670  -77.641  3.550 0.0000000000
14892  6.865  -55.378  16.236 0.0000000000
14263  6.661  -56.549  16.035 0.0000000000
14897  7.333  -55.664  15.735 0.0000000000
14267  8.605  -56.247  14.147 0.0000000000
13648  8.434  -57.170  14.887 0.0000000000
13654  9.210  -57.929  14.385 0.0000000000
13085  8.656  -58.885  13.894 0.0000000000
13653  9.685  -57.328  13.733 0.0000000000
12101  5.543  -60.707  17.496 0.0000000000
12106  4.744  -60.829  16.298 0.0000000000
12541  5.627  -60.103  16.601 0.0000000000
12544  5.978  -59.513  15.648 0.0000000000
13081  6.720  -59.157  15.250 0.0000000000
21622  7.919  -43.582  20.482 0.0000000000
98329  8.355  -43.268  21.071 0.0000000000
98308  10.326  -42.326  20.367 0.0000000000
23064  10.526  -41.842  19.839 0.0000000000
4430  4.390  -77.096  12.490 0.0000000000
4453  4.475  -77.194  11.010 0.0000000000
4868  5.093  -76.300  11.643 0.0000000000
5344  5.713  -75.571  10.558 0.0000000000
96908  6.106  -75.027  10.818 0.0000000000
8842  2.264  -68.272  12.719 0.0000000000
8401  2.355  -68.832  11.970 0.0000000000
8843  1.441  -67.969  12.148 0.0000000000
9315  3.113  -66.115  11.658 0.0000000000
9811  4.093  -65.610  11.364 0.0000000000
11240  5.826  -62.171  12.724 0.0000000000
10800  5.535  -63.574  12.128 0.0000000000
10799  6.042  -63.106  11.729 0.0000000000
10803  6.365  -63.644  11.209 0.0000000000
10331  7.507  -65.227  10.739 0.0000000000
10330  8.568  -64.787  9.933 0.0000000000
10810  8.830  -63.397  9.840 0.0000000000
11260  9.499  -62.476  9.840 0.0000000000
15536  9.606  -54.328  20.226 0.0000000000
15556  8.542  -54.169  19.281 0.0000000000
16850  8.521  -53.496  19.393 0.0000000000
21011  8.846  -45.343  17.600 0.0000000000
20393  8.598  -46.408  17.650 0.0000000000
20392  8.957  -46.055  17.058 0.0000000000
20395  9.399  -46.423  16.338 0.0000000000
26212  11.922  -38.648  18.486 0.0000000000
26215  11.629  -38.102  17.661 0.0000000000
2308  1.950  -81.686  14.744 0.0000000000
2304  2.215  -81.651  15.642 0.0000000000
2703  3.476  -81.124  15.811 0.0000000000
3520  2.766  -79.774  16.244 0.0000000000
5308  0.929  -75.529  17.928 0.0000000000
6254  0.475  -73.672  16.519 0.0000000000
6725  0.620  -72.510  16.033 0.0000000000
7579  1.405  -70.683  14.374 0.0000000000
7570  1.073  -70.558  15.972 0.0000000000
7966  1.155  -69.427  16.270 0.0000000000
8380  1.555  -68.032  16.450 0.0000000000
9285  0.658  -66.295  19.627 0.0000000000
9289  0.990  -66.182  18.882 0.0000000000
10290  1.313  -64.615  19.143 0.0000000000
10289  1.628  -64.310  18.544 0.0000000000
11224  2.387  -63.743  18.082 0.0000000000
10769  3.115  -63.517  18.088 0.0000000000
11201  2.487  -62.253  18.933 0.0000000000
11661  3.782  -61.720  19.776 0.0000000000
98749  4.184  -61.525  20.375 0.0000000000
15504  1.965  -54.669  25.639 0.0000000000
14839  1.746  -55.468  25.628 0.0000000000
15503  2.885  -54.817  25.494 0.0000000000
14215  3.722  -56.781  25.409 0.0000000000
13027  5.031  -58.624  25.451 0.0000000000
98137  4.052  -58.464  23.054 0.0000000000
98154  4.671  -56.786  23.229 0.0000000000
98159  4.213  -56.250  22.460 0.0000000000
98164  3.609  -55.565  21.222 0.0000000000
15541  3.830  -54.963  20.701 0.0000000000
98183  4.525  -53.514  21.398 0.0000000000
98196  4.856  -52.471  21.924 0.0000000000
98208  5.390  -51.642  21.843 0.0000000000
19769  6.057  -47.714  24.713 0.0000000000
19234  6.369  -48.059  24.213 0.0000000000
19768  6.762  -47.544  24.719 0.0000000000
19767  7.405  -47.282  24.463 0.0000000000
20376  7.576  -46.320  24.114 0.0000000000
98285  7.197  -46.488  23.365 0.0000000000
98327  8.927  -43.425  24.212 0.0000000000
765  8.597  -82.773  13.313 0.0000000000
768  7.729  -85.995  11.142 0.0000000000
1001  7.184  -85.287  9.377 0.0000000000
96888  6.493  -85.060  7.661 0.0000000000
3590  2.923  -79.845  3.878 0.0000000000
3149  2.307  -80.739  3.665 0.0000000000
3601  2.351  -79.649  2.985 0.0000000000
3167  1.416  -80.054  -0.525 0.0000000000
2374  5.065  -80.634  0.193 0.0000000000
2028  5.898  -82.484  -1.750 0.0000000000
3190  4.634  -80.684  -1.595 0.0000000000
3646  5.855  -79.707  -2.248 0.0000000000
98814  8.138  -79.371  -1.125 0.0000000000
7594  6.576  -70.837  10.079 0.0000000000
6745  7.198  -72.832  10.513 0.0000000000
97015  7.709  -72.696  10.622 0.0000000000
6281  9.064  -72.856  10.303 0.0000000000
5815  8.954  -73.697  9.682 0.0000000000
16231  7.655  -54.139  16.044 0.0000000000
14903  7.883  -55.406  15.061 0.0000000000
15569  8.319  -53.996  15.131 0.0000000000
15573  8.482  -54.484  14.586 0.0000000000
10784  3.178  -63.894  15.526 0.0000000000
10791  3.329  -63.754  14.643 0.0000000000
10783  3.644  -63.045  14.955 0.0000000000
11237  4.244  -62.423  14.446 0.0000000000
11242  4.660  -62.524  13.695 0.0000000000
12115  4.642  -61.156  15.080 0.0000000000
11686  4.997  -61.241  14.356 0.0000000000
11241  5.424  -62.346  12.998 0.0000000000
11690  5.923  -61.786  13.003 0.0000000000
12128  6.690  -60.986  12.871 0.0000000000
12127  7.331  -60.883  12.528 0.0000000000
19262  6.687  -48.854  19.872 0.0000000000
18663  6.905  -49.468  19.174 0.0000000000
19780  7.099  -47.336  19.890 0.0000000000
20390  7.724  -46.691  19.022 0.0000000000
20386  7.893  -45.994  19.217 0.0000000000
21625  8.054  -44.141  19.701 0.0000000000
21003  8.192  -45.251  19.087 0.0000000000
21007  8.505  -45.357  18.324 0.0000000000
21632  8.700  -44.428  18.116 0.0000000000
22299  9.121  -43.375  17.674 0.0000000000
22304  9.735  -43.282  16.829 0.0000000000
8369  0.170  -68.303  20.645 0.0000000000
8366  0.340  -68.204  21.800 0.0000000000
9282  0.318  -66.336  20.696 0.0000000000
10283  0.525  -64.399  20.716 0.0000000000
10758  0.681  -63.416  21.045 0.0000000000
16175  2.432  -53.721  25.734 0.0000000000
16813  3.195  -52.730  25.371 0.0000000000
17413  3.772  -51.899  24.671 0.0000000000
17422  4.344  -52.025  23.715 0.0000000000
18005  4.294  -50.104  24.379 0.0000000000
18635  4.432  -49.092  24.468 0.0000000000
19236  4.671  -48.375  24.688 0.0000000000
19765  4.961  -47.743  25.481 0.0000000000
19764  5.511  -47.592  25.173 0.0000000000
19757  5.876  -47.128  25.801 0.0000000000
20988  5.721  -45.518  25.262 0.0000000000
1927  2.271  -82.899  10.383 0.0000000000
1930  2.726  -83.081  8.995 0.0000000000
2324  2.914  -81.576  9.102 0.0000000000
96885  3.631  -80.662  7.790 0.0000000000
96865  3.723  -80.184  6.899 0.0000000000
4457  3.724  -77.532  9.362 0.0000000000
4462  4.253  -77.673  8.046 0.0000000000
3574  3.246  -79.272  6.076 0.0000000000
96858  3.545  -77.976  5.967 0.0000000000
96880  3.586  -76.821  4.923 0.0000000000
4492  4.592  -76.385  4.252 0.0000000000
8422  8.894  -68.806  9.974 0.0000000000
97038  8.774  -70.844  8.626 0.0000000000
97034  9.124  -70.346  8.137 0.0000000000
7610  9.971  -70.518  7.665 0.0000000000
25436  13.216  -41.030  22.364 0.0000000000
25443  13.650  -41.076  21.551 0.0000000000
26202  13.361  -40.065  20.603 0.0000000000
7176  3.311  -72.054  11.204 0.0000000000
6746  3.935  -73.278  10.369 0.0000000000
7181  3.820  -72.291  10.509 0.0000000000
7188  4.494  -71.941  9.816 0.0000000000
7599  5.088  -71.265  9.595 0.0000000000
7992  3.698  -69.172  10.250 0.0000000000
8410  4.550  -69.541  9.974 0.0000000000
97039  5.628  -70.202  9.602 0.0000000000
97029  6.844  -69.814  10.265 0.0000000000
97040  6.984  -69.355  10.415 0.0000000000
97033  7.657  -69.413  10.640 0.0000000000
10314  3.290  -64.503  13.524 0.0000000000
9794  3.856  -64.700  12.667 0.0000000000
9314  5.034  -65.555  11.447 0.0000000000
10319  5.547  -64.764  12.139 0.0000000000
9801  5.513  -65.350  12.051 0.0000000000
9324  6.041  -66.950  11.174 0.0000000000
8405  8.088  -68.410  11.394 0.0000000000
97032  8.554  -69.235  10.487 0.0000000000
8414  9.236  -68.170  10.472 0.0000000000
8863  9.466  -67.471  9.659 0.0000000000
9346  9.824  -66.765  9.015 0.0000000000
9815  9.420  -65.569  10.087 0.0000000000
14254  5.258  -56.407  17.650 0.0000000000
14259  5.421  -57.134  17.025 0.0000000000
14887  5.862  -55.749  17.305 0.0000000000
15562  6.407  -54.849  17.118 0.0000000000
15557  7.724  -54.175  18.608 0.0000000000
16228  7.535  -53.817  16.670 0.0000000000
18666  7.317  -49.368  18.357 0.0000000000
18047  7.621  -50.458  17.430 0.0000000000
19269  8.119  -48.287  17.441 0.0000000000
18669  8.032  -49.412  17.180 0.0000000000
18046  8.151  -50.379  16.724 0.0000000000
24623  12.905  -41.983  19.512 0.0000000000
23754  11.579  -41.883  19.453 0.0000000000
23755  10.551  -41.328  19.311 0.0000000000
25451  10.906  -39.473  18.311 0.0000000000
24628  10.361  -40.164  18.420 0.0000000000
23757  9.304  -41.509  18.495 0.0000000000
23763  9.429  -41.731  17.810 0.0000000000
23072  9.752  -42.203  17.089 0.0000000000
982  5.712  -85.847  12.237 0.0000000000
1278  3.841  -85.049  11.591 0.0000000000
1249  3.751  -86.320  15.944 0.0000000000
1257  3.394  -85.318  13.425 0.0000000000
1923  2.075  -83.327  11.491 0.0000000000
2315  2.074  -82.381  11.067 0.0000000000
2721  2.514  -81.478  11.308 0.0000000000
3543  3.720  -79.902  11.761 0.0000000000
2713  2.990  -81.148  13.490 0.0000000000
3536  3.491  -79.545  12.477 0.0000000000
3992  3.451  -78.609  12.232 0.0000000000
4863  4.062  -76.733  13.033 0.0000000000
5331  3.617  -76.135  12.965 0.0000000000
5348  2.385  -75.057  11.959 0.0000000000
3972  1.869  -78.203  16.340 0.0000000000
4847  1.211  -76.451  17.373 0.0000000000
4855  1.498  -76.440  15.688 0.0000000000
4859  1.824  -76.724  14.797 0.0000000000
5325  1.530  -75.454  14.345 0.0000000000
5798  1.806  -74.859  12.703 0.0000000000
6271  2.782  -72.967  11.553 0.0000000000
6738  2.655  -72.271  11.931 0.0000000000
7170  3.828  -71.109  12.228 0.0000000000
7979  4.633  -70.037  13.504 0.0000000000
7976  2.664  -69.756  14.540 0.0000000000
8391  4.256  -69.583  14.060 0.0000000000
8396  3.746  -68.456  13.535 0.0000000000
9301  2.441  -66.463  14.719 0.0000000000
9784  2.395  -65.529  15.222 0.0000000000
8381  0.943  -68.758  16.958 0.0000000000
9288  1.288  -66.381  18.221 0.0000000000
9297  2.079  -66.205  16.923 0.0000000000
9296  2.629  -66.258  16.671 0.0000000000
9781  3.160  -65.753  16.594 0.0000000000
9780  3.454  -65.420  16.060 0.0000000000
10302  3.030  -64.755  15.499 0.0000000000
10779  3.699  -63.883  16.403 0.0000000000
10773  4.214  -63.213  16.799 0.0000000000
11222  4.645  -62.326  17.392 0.0000000000
11221  5.037  -61.855  17.668 0.0000000000
11674  5.763  -61.083  18.160 0.0000000000
12096  5.927  -60.577  18.765 0.0000000000
13060  5.095  -59.022  17.719 0.0000000000
98033  0.375  -63.114  21.772 0.0000000000
98056  1.185  -61.690  21.615 0.0000000000
12511  0.573  -59.235  25.104 0.0000000000
13595  1.626  -57.331  25.091 0.0000000000
12510  1.073  -58.813  24.612 0.0000000000
12068  0.928  -60.011  23.621 0.0000000000
12072  1.114  -60.462  22.826 0.0000000000
98068  1.353  -60.830  21.983 0.0000000000
98069  1.569  -61.138  21.137 0.0000000000
12087  2.044  -60.811  20.939 0.0000000000
12085  3.426  -60.856  20.966 0.0000000000
12076  4.320  -60.323  21.349 0.0000000000
98130  4.048  -59.333  21.967 0.0000000000
12525  4.335  -59.571  20.836 0.0000000000
12084  4.730  -60.374  20.938 0.0000000000
12529  4.456  -59.408  19.805 0.0000000000
13062  4.207  -58.723  18.751 0.0000000000
13637  4.383  -58.011  17.870 0.0000000000
14250  4.490  -56.428  18.513 0.0000000000
14883  4.713  -55.618  18.830 0.0000000000
14866  6.292  -54.724  19.692 0.0000000000
15540  4.587  -54.207  20.537 0.0000000000
15539  5.979  -54.356  20.315 0.0000000000
15538  7.402  -54.402  20.207 0.0000000000
16208  7.958  -53.658  20.699 0.0000000000
16843  7.751  -52.631  20.310 0.0000000000
17443  6.821  -50.563  20.417 0.0000000000
17421  4.812  -51.460  23.480 0.0000000000
17427  5.272  -51.334  22.444 0.0000000000
98220  5.894  -50.934  22.246 0.0000000000
18640  6.475  -49.385  23.480 0.0000000000
98234  6.632  -50.163  22.935 0.0000000000
98233  6.608  -50.757  22.120 0.0000000000
18031  6.983  -49.607  21.503 0.0000000000
18653  6.552  -49.169  20.943 0.0000000000
19777  6.465  -47.731  21.094 0.0000000000
20383  6.649  -46.940  20.920 0.0000000000
98318  7.034  -45.166  21.320 0.0000000000
98300  7.107  -45.062  22.657 0.0000000000
98309  11.561  -43.246  22.009 0.0000000000
22281  6.988  -42.919  24.332 0.0000000000
22280  8.007  -43.238  24.733 0.0000000000
23035  9.175  -42.997  25.243 0.0000000000
98303  9.299  -42.608  23.631 0.0000000000
23057  8.774  -41.902  23.300 0.0000000000
98304  9.856  -42.768  23.052 0.0000000000
98306  10.403  -42.646  22.675 0.0000000000
98307  11.180  -42.455  22.480 0.0000000000
25437  12.427  -40.746  22.011 0.0000000000
26196  12.037  -39.653  21.106 0.0000000000
997  9.590  -82.675  12.242 0.0000000000
1006  11.277  -83.302  10.827 0.0000000000
96864  3.978  -83.839  8.072 0.0000000000
96889  5.300  -84.292  7.263 0.0000000000
1633  6.094  -84.211  6.054 0.0000000000
1960  3.209  -82.758  4.041 0.0000000000
1957  5.363  -83.238  4.750 0.0000000000
96899  7.753  -84.427  5.660 0.0000000000
3148  9.088  -84.410  4.992 0.0000000000
96923  10.220  -83.248  3.855 0.0000000000
2018  8.706  -82.512  -1.322 0.0000000000
6276  4.915  -74.064  10.579 0.0000000000
96913  5.644  -74.121  10.648 0.0000000000
96902  5.940  -74.479  8.217 0.0000000000
5817  7.255  -74.205  10.214 0.0000000000
96905  7.095  -74.518  9.776 0.0000000000
96903  5.712  -73.494  7.436 0.0000000000
96883  4.618  -74.053  5.688 0.0000000000
5377  6.113  -74.860  5.282 0.0000000000
4475  6.427  -76.106  4.948 0.0000000000
6762  8.884  -71.694  8.681 0.0000000000
6755  9.405  -72.889  8.769 0.0000000000
5822  9.612  -73.752  8.516 0.0000000000
5828  10.701  -73.890  7.519 0.0000000000
5839  10.526  -74.274  6.797 0.0000000000
5840  9.498  -74.249  6.778 0.0000000000
5375  8.631  -75.021  5.358 0.0000000000
4920  7.558  -76.268  4.822 0.0000000000
4055  6.105  -77.782  3.263 0.0000000000
4075  6.978  -78.045  2.537 0.0000000000
3618  7.842  -78.936  0.274 0.0000000000
13639  5.870  -57.382  16.502 0.0000000000
13644  6.564  -57.782  16.019 0.0000000000
13075  7.236  -58.318  15.701 0.0000000000
14268  7.871  -56.327  14.992 0.0000000000
13074  7.984  -57.877  15.460 0.0000000000
13080  7.541  -58.825  14.987 0.0000000000
13086  7.794  -59.228  14.196 0.0000000000
12553  8.076  -59.644  13.495 0.0000000000
12559  8.346  -60.160  12.883 0.0000000000
13658  9.724  -57.787  12.923 0.0000000000
12558  9.256  -59.725  12.356 0.0000000000
12126  8.605  -60.801  12.144 0.0000000000
11700  9.235  -61.121  11.642 0.0000000000
13071  5.353  -58.459  17.094 0.0000000000
5811  3.290  -74.548  11.218 0.0000000000
6277  3.372  -73.865  10.782 0.0000000000
9785  1.683  -64.994  15.150 0.0000000000
10309  2.115  -64.717  14.694 0.0000000000
7153  0.238  -71.642  17.624 0.0000000000
7151  0.076  -71.779  18.794 0.0000000000
98067  1.165  -62.683  20.445 0.0000000000
11665  1.295  -62.122  20.028 0.0000000000
11664  1.546  -61.935  19.796 0.0000000000
16830  4.575  -52.812  22.824 0.0000000000
20992  7.066  -45.136  24.749 0.0000000000
1597  3.713  -84.807  10.628 0.0000000000
1286  4.335  -85.002  10.010 0.0000000000
4057  4.396  -77.646  3.385 0.0000000000
4078  3.574  -78.365  2.601 0.0000000000
4077  4.616  -78.318  2.748 0.0000000000
3610  4.543  -78.730  0.749 0.0000000000
4076  5.817  -78.275  2.613 0.0000000000
97031  8.261  -69.809  10.469 0.0000000000
97019  8.253  -71.462  10.054 0.0000000000
11680  4.529  -61.513  16.465 0.0000000000
12555  6.447  -60.013  14.088 0.0000000000
23067  8.372  -42.472  19.246 0.0000000000
18631  3.898  -49.287  25.532 0.0000000000
4001  3.916  -78.053  10.774 0.0000000000
5362  4.910  -75.910  8.241 0.0000000000
8420  9.834  -67.988  7.920 0.0000000000
7981  4.557  -69.844  12.528 0.0000000000
7982  4.066  -69.241  11.982 0.0000000000
9335  4.650  -66.884  9.831 0.0000000000
9334  5.933  -66.793  9.974 0.0000000000
10306  4.376  -63.715  13.473 0.0000000000
10323  7.125  -65.294  11.250 0.0000000000
9807  8.180  -66.152  11.333 0.0000000000
9816  8.547  -66.027  10.853 0.0000000000
16859  7.467  -52.639  17.412 0.0000000000
1916  1.421  -82.623  13.753 0.0000000000
3528  3.087  -79.774  14.313 0.0000000000
6257  0.732  -73.368  15.505 0.0000000000
6261  1.090  -73.184  14.833 0.0000000000
6260  1.343  -73.506  14.095 0.0000000000
7162  1.273  -71.401  14.419 0.0000000000
8386  2.662  -68.311  15.740 0.0000000000
8825  3.067  -67.784  15.909 0.0000000000
8820  2.750  -67.368  16.150 0.0000000000
10298  2.406  -64.774  17.506 0.0000000000
11192  4.728  -61.834  20.307 0.0000000000
11191  5.492  -62.097  20.249 0.0000000000
11649  5.757  -61.548  20.516 0.0000000000
11171  0.049  -62.069  25.138 0.0000000000
11632  0.013  -61.274  24.497 0.0000000000
11636  0.202  -60.824  24.245 0.0000000000
14840  1.431  -55.423  25.965 0.0000000000
13038  2.958  -58.246  23.714 0.0000000000
13043  2.536  -58.849  23.024 0.0000000000
98120  3.040  -59.399  22.567 0.0000000000
14243  3.432  -56.477  20.844 0.0000000000
13624  3.513  -57.248  21.309 0.0000000000
14877  3.803  -55.786  19.876 0.0000000000
16837  6.568  -52.000  21.050 0.0000000000
18634  4.895  -48.863  23.908 0.0000000000
19240  6.095  -48.645  23.819 0.0000000000
98261  7.537  -48.542  23.297 0.0000000000
98288  10.098  -43.175  23.012 0.0000000000
96872  8.427  -85.353  8.152 0.0000000000
1020  7.606  -83.863  8.695 0.0000000000
1038  8.217  -85.174  7.687 0.0000000000
1037  8.026  -84.100  7.752 0.0000000000
3582  3.305  -81.282  5.218 0.0000000000
2000  5.847  -81.837  0.862 0.0000000000
1989  6.213  -82.279  1.956 0.0000000000
1683  8.149  -83.186  1.963 0.0000000000
1986  8.398  -83.176  1.201 0.0000000000
1688  9.127  -83.325  1.018 0.0000000000
1998  7.787  -83.015  0.525 0.0000000000
7187  5.832  -72.222  9.895 0.0000000000
5823  8.801  -74.138  8.734 0.0000000000
6293  8.149  -73.638  7.224 0.0000000000
7194  10.838  -71.663  7.444 0.0000000000
6760  10.848  -72.709  7.465 0.0000000000
4905  11.290  -75.882  5.213 0.0000000000
5373  10.778  -75.163  5.517 0.0000000000
4918  9.723  -76.283  4.557 0.0000000000
4488  10.224  -76.936  4.104 0.0000000000
4507  10.271  -77.345  3.650 0.0000000000
4506  10.687  -77.336  3.909 0.0000000000
14898  6.828  -55.813  16.135 0.0000000000
14266  8.956  -56.332  13.860 0.0000000000
13647  9.145  -56.747  14.201 0.0000000000
12104  5.630  -60.260  17.060 0.0000000000
22291  9.172  -42.713  20.690 0.0000000000
23060  9.483  -41.840  20.089 0.0000000000
4862  4.517  -76.545  12.584 0.0000000000
4869  4.763  -76.549  12.094 0.0000000000
5337  5.097  -75.998  12.032 0.0000000000
5800  5.068  -75.130  11.366 0.0000000000
5336  5.344  -76.060  11.367 0.0000000000
8836  1.654  -67.810  13.329 0.0000000000
8837  0.936  -67.292  13.090 0.0000000000
9804  2.539  -65.882  12.564 0.0000000000
9316  2.076  -66.812  12.062 0.0000000000
9803  3.482  -65.349  12.163 0.0000000000
10802  6.909  -63.188  10.879 0.0000000000
10812  6.756  -64.569  10.799 0.0000000000
10811  7.461  -63.583  10.518 0.0000000000
11723  8.504  -61.870  10.708 0.0000000000
16218  9.522  -53.855  19.739 0.0000000000
16851  7.754  -52.715  19.491 0.0000000000
21014  9.930  -45.282  16.056 0.0000000000
26216  10.943  -38.128  17.126 0.0000000000
1909  1.688  -82.040  15.229 0.0000000000
2700  3.240  -81.367  16.128 0.0000000000
3109  3.168  -80.355  15.759 0.0000000000
3107  3.248  -80.428  16.535 0.0000000000
5775  0.957  -74.769  18.728 0.0000000000
7157  1.019  -71.474  15.510 0.0000000000
7155  0.669  -71.564  16.553 0.0000000000
9766  0.551  -65.383  20.228 0.0000000000
9769  0.987  -65.387  19.287 0.0000000000
10770  1.958  -63.867  18.237 0.0000000000
11215  2.225  -63.101  18.458 0.0000000000
11662  2.876  -61.611  19.572 0.0000000000
11650  3.358  -61.232  20.411 0.0000000000
15513  4.386  -55.332  24.864 0.0000000000
14836  4.113  -55.932  25.388 0.0000000000
14835  4.726  -56.469  25.389 0.0000000000
13592  4.200  -57.784  25.467 0.0000000000
14227  5.338  -57.604  25.290 0.0000000000
13611  5.310  -58.072  24.713 0.0000000000
14235  5.348  -57.086  24.501 0.0000000000
98169  4.144  -54.582  22.836 0.0000000000
14858  4.368  -55.659  23.014 0.0000000000
98163  3.872  -55.471  22.147 0.0000000000
98170  3.974  -54.344  21.576 0.0000000000
98194  4.602  -53.109  22.057 0.0000000000
17436  5.004  -51.790  22.150 0.0000000000
19763  6.323  -47.321  25.329 0.0000000000
21610  9.107  -43.283  24.917 0.0000000000
767  7.953  -85.427  12.287 0.0000000000
1285  5.786  -85.171  9.378 0.0000000000
1275  6.571  -85.385  10.076 0.0000000000
96857  6.477  -85.218  9.234 0.0000000000
96874  5.882  -85.086  8.507 0.0000000000
4103  1.556  -78.392  -0.035 0.0000000000
3612  0.780  -78.977  0.303 0.0000000000
3178  1.241  -79.301  -1.074 0.0000000000
2764  2.614  -80.862  -0.185 0.0000000000
3166  2.715  -80.472  -1.460 0.0000000000
2766  4.842  -80.481  -1.045 0.0000000000
3177  3.477  -80.067  -2.166 0.0000000000
3631  5.505  -79.101  -0.688 0.0000000000
3632  4.964  -79.303  -1.321 0.0000000000
3645  6.525  -79.237  -1.291 0.0000000000
98823  7.565  -79.201  -1.032 0.0000000000
7179  7.017  -72.019  10.287 0.0000000000
97020  7.909  -72.020  10.344 0.0000000000
97016  8.678  -72.268  10.105 0.0000000000
6286  9.298  -73.207  9.228 0.0000000000
15570  7.877  -54.604  15.436 0.0000000000
16239  8.850  -53.943  14.262 0.0000000000
14909  8.620  -55.021  13.993 0.0000000000
15577  8.894  -54.409  13.885 0.0000000000
11692  4.584  -61.946  14.090 0.0000000000
12109  4.997  -60.375  15.760 0.0000000000
12110  4.634  -60.957  15.605 0.0000000000
11691  5.237  -61.525  13.864 0.0000000000
12560  7.580  -60.199  13.154 0.0000000000
19254  6.764  -48.069  20.016 0.0000000000
21626  7.737  -44.456  20.246 0.0000000000
7955  0.081  -69.426  20.102 0.0000000000
97986  0.415  -67.332  22.334 0.0000000000
16803  2.291  -52.635  26.412 0.0000000000
17414  3.394  -51.962  25.377 0.0000000000
18006  3.873  -50.557  24.965 0.0000000000
20364  5.596  -46.753  25.851 0.0000000000
20370  5.319  -46.191  25.602 0.0000000000
1931  2.536  -82.501  9.465 0.0000000000
2727  3.185  -81.118  9.452 0.0000000000
3556  3.642  -79.450  9.522 0.0000000000
2729  3.440  -81.016  8.611 0.0000000000
3133  3.654  -80.298  8.198 0.0000000000
96870  3.691  -80.245  7.624 0.0000000000
96861  3.672  -79.805  7.609 0.0000000000
4880  4.785  -76.743  10.622 0.0000000000
4889  3.763  -77.454  10.217 0.0000000000
4888  3.949  -76.729  9.987 0.0000000000
4461  4.612  -76.944  7.855 0.0000000000
4014  3.787  -78.740  6.933 0.0000000000
96881  4.027  -76.269  5.077 0.0000000000
4923  4.285  -75.957  4.815 0.0000000000
4922  4.489  -75.754  4.808 0.0000000000
8003  8.721  -69.645  9.111 0.0000000000
8012  9.302  -69.510  8.020 0.0000000000
25444  13.102  -40.493  21.799 0.0000000000
26993  12.852  -39.031  20.195 0.0000000000
26207  13.007  -39.521  19.793 0.0000000000
7182  3.505  -72.361  10.892 0.0000000000
7180  4.100  -71.315  10.974 0.0000000000
7600  4.607  -70.842  9.977 0.0000000000
8406  2.000  -68.674  11.143 0.0000000000
7988  2.723  -69.341  11.102 0.0000000000
7993  2.424  -69.080  10.359 0.0000000000
97042  4.472  -69.092  9.771 0.0000000000
97041  5.069  -69.374  9.588 0.0000000000
97035  5.433  -70.490  9.570 0.0000000000
97044  6.010  -69.333  9.377 0.0000000000
97036  6.864  -69.026  10.418 0.0000000000
8864  6.550  -69.156  10.180 0.0000000000
10308  2.848  -64.295  14.296 0.0000000000
9802  4.664  -65.191  11.870 0.0000000000
9809  6.866  -66.017  11.766 0.0000000000
9312  6.163  -66.181  11.938 0.0000000000
8848  8.921  -67.574  12.247 0.0000000000
97030  8.532  -68.272  11.727 0.0000000000
97025  8.572  -68.727  11.414 0.0000000000
97026  9.207  -68.459  11.477 0.0000000000
8415  9.047  -68.721  10.687 0.0000000000
8856  9.523  -67.385  10.722 0.0000000000
9338  9.771  -66.735  9.988 0.0000000000
10329  9.215  -64.998  9.777 0.0000000000
14253  5.694  -56.213  17.287 0.0000000000
15566  6.669  -55.104  16.535 0.0000000000
16222  8.141  -53.764  18.825 0.0000000000
16224  7.524  -53.219  17.135 0.0000000000
17463  8.737  -51.366  15.534 0.0000000000
19261  7.049  -48.252  19.459 0.0000000000
18670  7.533  -49.702  17.812 0.0000000000
19791  8.565  -47.500  17.134 0.0000000000
23760  11.192  -41.104  19.062 0.0000000000
23761  10.412  -40.761  18.831 0.0000000000
23762  9.683  -40.777  18.174 0.0000000000
23766  9.825  -41.446  17.146 0.0000000000
23076  10.091  -42.501  16.476 0.0000000000
1256  5.060  -85.995  12.699 0.0000000000
96840  3.862  -86.720  17.341 0.0000000000
1266  3.447  -84.932  12.138 0.0000000000
2722  2.223  -81.532  12.169 0.0000000000
3122  3.481  -80.635  11.797 0.0000000000
2714  2.430  -81.458  14.126 0.0000000000
3987  2.987  -78.869  13.531 0.0000000000
3993  3.246  -78.855  12.801 0.0000000000
4431  3.647  -77.615  12.864 0.0000000000
5340  2.504  -75.390  12.441 0.0000000000
5339  3.313  -75.624  12.532 0.0000000000
3965  2.184  -79.069  16.779 0.0000000000
5313  1.100  -75.790  17.328 0.0000000000
4848  1.198  -75.937  16.948 0.0000000000
5317  1.363  -75.916  16.026 0.0000000000
4419  1.678  -77.314  15.805 0.0000000000
6264  1.709  -73.374  13.130 0.0000000000
5793  1.535  -74.634  13.377 0.0000000000
5797  1.838  -74.192  12.586 0.0000000000
6268  2.260  -73.246  12.257 0.0000000000
6739  2.351  -72.123  12.368 0.0000000000
7583  2.784  -70.795  13.063 0.0000000000
7589  3.023  -70.940  12.595 0.0000000000
7587  4.281  -70.704  12.710 0.0000000000
7581  4.335  -70.387  13.663 0.0000000000
7573  1.284  -70.412  14.874 0.0000000000
7977  2.117  -69.786  14.497 0.0000000000
8385  3.518  -68.801  15.184 0.0000000000
7975  3.728  -69.609  14.604 0.0000000000
7562  -0.066  -70.791  19.590 0.0000000000
8375  1.127  -67.785  17.261 0.0000000000
9772  1.263  -65.668  18.648 0.0000000000
9292  2.228  -65.822  17.082 0.0000000000
9295  3.288  -66.567  16.107 0.0000000000
11198  5.798  -62.291  19.432 0.0000000000
11211  5.397  -62.027  18.363 0.0000000000
11671  5.819  -61.581  18.545 0.0000000000
12092  6.628  -61.226  19.663 0.0000000000
12532  5.427  -59.517  18.172 0.0000000000
98020  0.002  -63.202  22.653 0.0000000000
98034  0.584  -62.347  22.171 0.0000000000
14217  2.001  -56.488  25.253 0.0000000000
13594  1.887  -57.074  24.867 0.0000000000
13031  1.530  -58.155  24.233 0.0000000000
12515  1.168  -59.128  23.808 0.0000000000
12519  1.354  -59.587  23.030 0.0000000000
98092  1.785  -59.894  22.030 0.0000000000
98081  1.450  -60.070  22.295 0.0000000000
98091  2.296  -60.225  21.604 0.0000000000
12077  3.353  -60.444  21.467 0.0000000000
11644  4.181  -61.113  20.984 0.0000000000
12524  4.781  -59.977  20.238 0.0000000000
13633  4.188  -57.542  18.384 0.0000000000
13067  4.482  -58.597  17.973 0.0000000000
14255  4.588  -57.168  17.905 0.0000000000
14875  5.213  -55.006  19.308 0.0000000000
17442  7.086  -51.001  20.682 0.0000000000
18012  4.392  -51.051  24.186 0.0000000000
18010  5.893  -49.896  23.311 0.0000000000
18018  5.577  -50.598  22.908 0.0000000000
19239  6.818  -48.545  23.854 0.0000000000
98249  7.456  -49.598  23.004 0.0000000000
18647  7.021  -49.590  23.277 0.0000000000
98248  7.194  -50.061  22.803 0.0000000000
18658  6.683  -49.592  20.900 0.0000000000
19255  6.558  -48.478  20.559 0.0000000000
20380  6.533  -46.813  21.549 0.0000000000
20379  6.735  -46.266  21.120 0.0000000000
23043  9.072  -42.733  25.005 0.0000000000
22279  9.264  -42.991  24.975 0.0000000000
23052  8.940  -42.425  24.129 0.0000000000
23747  8.304  -41.263  23.024 0.0000000000
23746  9.171  -41.650  22.575 0.0000000000
23056  9.074  -42.175  23.218 0.0000000000
23745  9.870  -42.237  22.596 0.0000000000
24604  10.652  -42.054  22.217 0.0000000000
26197  10.871  -39.170  20.765 0.0000000000
26987  11.419  -38.541  20.765 0.0000000000
775  8.012  -83.541  12.027 0.0000000000
96848  9.171  -82.773  13.150 0.0000000000
998  7.778  -81.723  11.966 0.0000000000
1318  7.548  -79.995  6.545 0.0000000000
1317  9.340  -79.940  6.948 0.0000000000
1345  9.758  -80.625  4.969 0.0000000000
1935  2.998  -82.374  8.409 0.0000000000
1613  3.296  -83.234  8.342 0.0000000000
96891  3.324  -82.687  7.809 0.0000000000
96892  3.766  -83.237  5.994 0.0000000000
96877  4.273  -84.027  7.274 0.0000000000
96890  4.464  -83.784  6.245 0.0000000000
1634  5.051  -83.635  5.653 0.0000000000
2747  2.383  -81.734  3.803 0.0000000000
2344  3.093  -82.152  3.050 0.0000000000
1965  6.317  -83.195  3.592 0.0000000000
1967  4.504  -82.791  3.401 0.0000000000
1665  6.251  -83.483  4.416 0.0000000000
1650  6.535  -84.008  4.838 0.0000000000
1649  7.435  -84.106  4.581 0.0000000000
96897  8.667  -84.360  5.460 0.0000000000
1648  8.166  -84.115  4.281 0.0000000000
1675  9.907  -84.133  3.034 0.0000000000
96920  9.482  -84.173  3.863 0.0000000000
1647  10.755  -81.540  3.735 0.0000000000
2395  6.059  -82.350  -2.535 0.0000000000
2019  7.620  -82.609  -1.228 0.0000000000
2026  8.026  -82.600  -2.212 0.0000000000
6752  4.779  -73.215  10.111 0.0000000000
5809  7.135  -73.556  10.571 0.0000000000
96911  6.369  -73.493  7.855 0.0000000000
96894  5.321  -73.606  6.947 0.0000000000
6783  5.362  -72.748  5.640 0.0000000000
5856  7.027  -74.377  5.844 0.0000000000
4476  5.852  -75.815  4.908 0.0000000000
97028  8.616  -71.184  9.167 0.0000000000
6770  9.004  -71.339  8.332 0.0000000000
6285  9.749  -73.260  8.410 0.0000000000
6290  11.519  -73.385  7.221 0.0000000000
5838  11.605  -74.246  6.681 0.0000000000
5854  9.161  -74.442  5.903 0.0000000000
4919  8.621  -76.128  4.495 0.0000000000
4908  8.067  -75.697  5.046 0.0000000000
4490  8.020  -76.645  4.223 0.0000000000
4491  6.636  -76.585  4.724 0.0000000000
4510  7.533  -77.310  3.976 0.0000000000
4053  8.313  -77.673  3.282 0.0000000000
4084  9.440  -78.578  2.180 0.0000000000
4085  7.919  -78.349  1.825 0.0000000000
98815  9.299  -78.757  1.673 0.0000000000
98825  9.023  -79.235  -0.098 0.0000000000
14258  5.880  -56.452  16.876 0.0000000000
14262  7.323  -56.457  15.525 0.0000000000
13089  9.367  -58.664  12.551 0.0000000000
12125  9.703  -60.448  11.851 0.0000000000
12537  5.675  -59.614  17.562 0.0000000000
98320  12.070  -42.748  19.979 0.0000000000
5346  3.953  -75.352  12.044 0.0000000000
5801  4.385  -75.165  11.604 0.0000000000
9790  1.155  -66.186  14.147 0.0000000000
9303  0.935  -66.653  13.773 0.0000000000
9797  1.390  -66.135  13.646 0.0000000000
9796  2.029  -65.626  13.434 0.0000000000
11701  6.845  -61.746  11.980 0.0000000000
11246  6.654  -62.153  11.740 0.0000000000
6248  0.645  -73.780  18.815 0.0000000000
11202  1.873  -62.414  19.135 0.0000000000
15515  3.190  -53.999  25.291 0.0000000000
15519  4.446  -55.214  24.377 0.0000000000
20368  7.164  -46.126  25.476 0.0000000000
1264  5.618  -85.511  11.478 0.0000000000
1276  5.597  -85.407  10.787 0.0000000000
96860  4.567  -84.371  8.990 0.0000000000
4079  2.625  -78.898  2.253 0.0000000000
4089  3.186  -78.523  1.200 0.0000000000
4119  3.004  -78.227  -1.143 0.0000000000
4118  4.220  -78.652  -1.061 0.0000000000
4101  4.070  -78.531  0.105 0.0000000000
3620  5.272  -78.915  0.161 0.0000000000
3608  6.089  -78.888  0.942 0.0000000000
7160  7.942  -71.232  10.283 0.0000000000
7185  8.570  -72.005  9.856 0.0000000000
23062  8.230  -42.641  19.710 0.0000000000
22297  8.616  -43.251  18.459 0.0000000000
9279  0.185  -66.355  21.798 0.0000000000
98007  0.179  -65.370  22.408 0.0000000000
18003  2.971  -51.086  26.626 0.0000000000
20365  4.974  -46.629  26.062 0.0000000000
3126  3.235  -80.791  10.545 0.0000000000
3130  3.492  -80.671  9.831 0.0000000000
3125  3.725  -80.174  10.133 0.0000000000
4010  3.721  -78.132  9.713 0.0000000000
4886  5.212  -76.346  9.703 0.0000000000
4887  4.779  -76.434  9.544 0.0000000000
5358  4.763  -76.036  9.000 0.0000000000
96869  4.785  -74.611  5.769 0.0000000000
8860  2.912  -68.389  9.948 0.0000000000
8851  6.411  -67.610  10.741 0.0000000000
10790  4.140  -63.260  14.074 0.0000000000
10324  6.473  -65.103  11.500 0.0000000000
10325  6.025  -64.887  11.978 0.0000000000
9322  7.715  -66.629  11.614 0.0000000000
9311  9.181  -67.369  12.262 0.0000000000
8840  9.583  -67.876  11.995 0.0000000000
9320  9.303  -66.897  11.649 0.0000000000
10338  9.714  -64.789  9.610 0.0000000000
16863  7.705  -52.517  16.896 0.0000000000
19265  7.791  -48.039  18.069 0.0000000000
25456  10.263  -39.677  17.748 0.0000000000
96838  2.771  -86.082  17.176 0.0000000000
1593  1.807  -83.651  13.239 0.0000000000
1924  1.591  -82.935  12.294 0.0000000000
1920  1.622  -83.224  12.957 0.0000000000
2313  1.514  -82.356  12.947 0.0000000000
2719  2.068  -81.528  12.992 0.0000000000
3115  3.495  -80.600  13.952 0.0000000000
4432  3.061  -77.872  13.435 0.0000000000
4865  2.153  -76.354  13.988 0.0000000000
3962  1.808  -78.122  17.923 0.0000000000
5783  0.819  -74.584  16.524 0.0000000000
4852  1.246  -75.746  16.514 0.0000000000
5322  1.210  -74.927  15.204 0.0000000000
5326  1.263  -74.737  14.700 0.0000000000
7584  2.218  -70.783  13.294 0.0000000000
8816  0.899  -67.497  17.999 0.0000000000
10293  1.952  -64.543  17.831 0.0000000000
99397  6.785  -62.247  19.745 0.0000000000
11209  7.048  -62.094  19.664 0.0000000000
11641  7.507  -62.135  20.032 0.0000000000
12081  6.943  -61.467  20.016 0.0000000000
12093  5.790  -60.500  19.513 0.0000000000
10750  -0.037  -63.143  24.022 0.0000000000
13596  1.318  -56.747  25.990 0.0000000000
13603  2.811  -57.609  24.392 0.0000000000
14229  2.357  -57.211  24.656 0.0000000000
13613  2.261  -57.766  24.017 0.0000000000
13039  2.024  -58.193  23.649 0.0000000000
13045  1.575  -59.251  22.971 0.0000000000
98106  2.027  -59.835  21.950 0.0000000000
13623  3.867  -57.434  21.935 0.0000000000
13049  3.755  -57.750  21.516 0.0000000000
13054  3.611  -57.901  21.098 0.0000000000
13058  3.574  -58.000  20.492 0.0000000000
13631  3.542  -57.574  19.984 0.0000000000
14246  3.959  -56.507  19.188 0.0000000000
15551  4.648  -54.970  19.841 0.0000000000
98195  4.974  -52.954  21.103 0.0000000000
16844  7.148  -52.779  20.706 0.0000000000
98260  7.432  -49.449  22.398 0.0000000000
23751  9.453  -41.223  21.922 0.0000000000
1009  7.123  -83.454  9.683 0.0000000000
1018  8.538  -80.985  10.175 0.0000000000
1035  7.567  -81.048  9.017 0.0000000000
1305  7.413  -81.452  7.418 0.0000000000
1319  7.834  -81.766  5.692 0.0000000000
96879  3.329  -82.000  7.014 0.0000000000
2737  3.142  -82.138  5.554 0.0000000000
2330  3.209  -82.991  5.115 0.0000000000
2752  2.685  -81.341  1.698 0.0000000000
2353  3.375  -81.996  2.254 0.0000000000
2352  4.388  -81.936  1.812 0.0000000000
1979  5.424  -82.574  2.765 0.0000000000
1678  7.375  -83.219  3.214 0.0000000000
1663  7.743  -83.835  3.680 0.0000000000
1677  8.265  -83.460  2.820 0.0000000000
1676  9.179  -84.009  2.764 0.0000000000
1681  9.928  -84.041  2.162 0.0000000000
1687  9.861  -83.536  1.290 0.0000000000
1995  10.582  -83.329  0.672 0.0000000000
3222  7.187  -81.407  -3.920 0.0000000000
2405  8.226  -82.250  -3.119 0.0000000000
96910  5.821  -73.395  10.381 0.0000000000
6763  7.506  -73.434  7.376 0.0000000000
6781  6.378  -72.863  6.100 0.0000000000
6303  6.773  -73.297  6.307 0.0000000000
5843  6.993  -73.816  6.177 0.0000000000
6769  9.248  -71.625  8.106 0.0000000000
6291  10.434  -73.273  7.768 0.0000000000
5374  9.727  -75.061  5.410 0.0000000000
4052  9.220  -77.566  3.172 0.0000000000
4072  9.628  -77.924  2.870 0.0000000000
4049  10.584  -78.261  2.878 0.0000000000
13084  9.336  -58.386  13.434 0.0000000000
12105  5.233  -60.531  16.738 0.0000000000
12545  5.505  -59.980  16.100 0.0000000000
98322  8.289  -42.989  20.686 0.0000000000
23065  9.805  -41.475  19.524 0.0000000000
4440  4.044  -77.784  11.959 0.0000000000
4447  4.205  -77.644  11.080 0.0000000000
4439  4.530  -77.126  11.748 0.0000000000
4873  4.878  -76.665  11.426 0.0000000000
4872  5.269  -76.311  11.024 0.0000000000
8400  3.286  -68.662  12.589 0.0000000000
7983  3.186  -69.223  11.797 0.0000000000
8853  2.286  -67.784  10.949 0.0000000000
9317  1.580  -66.652  12.646 0.0000000000
9327  2.878  -66.871  11.092 0.0000000000
9326  3.801  -66.356  10.731 0.0000000000
9810  4.720  -65.564  11.413 0.0000000000
11248  5.447  -62.871  12.565 0.0000000000
11254  6.368  -62.868  11.531 0.0000000000
10809  9.378  -63.078  9.696 0.0000000000
11272  9.899  -62.727  9.633 0.0000000000
15548  8.239  -54.390  19.612 0.0000000000
16221  8.842  -53.929  19.350 0.0000000000
16854  8.339  -53.617  19.091 0.0000000000
26211  12.533  -38.559  19.151 0.0000000000
1576  1.189  -84.348  17.230 0.0000000000
1913  1.498  -82.172  14.455 0.0000000000
2709  2.727  -81.448  15.137 0.0000000000
2704  2.918  -81.453  15.924 0.0000000000
3525  2.826  -79.742  15.298 0.0000000000
5309  0.776  -74.949  17.544 0.0000000000
5776  0.622  -74.544  17.998 0.0000000000
5780  0.651  -74.450  17.210 0.0000000000
6728  1.008  -72.412  15.135 0.0000000000
7972  1.243  -69.901  15.504 0.0000000000
7965  1.574  -68.850  15.864 0.0000000000
9768  1.362  -65.044  18.723 0.0000000000
11223  2.620  -63.502  18.155 0.0000000000
11214  2.965  -62.977  18.407 0.0000000000
11200  3.402  -62.205  19.033 0.0000000000
11660  4.351  -61.798  19.981 0.0000000000
98748  4.583  -61.516  20.653 0.0000000000
14838  2.380  -55.654  25.480 0.0000000000
15502  3.496  -55.326  25.352 0.0000000000
14837  3.197  -55.852  25.425 0.0000000000
13593  3.464  -57.338  25.007 0.0000000000
13028  4.318  -58.335  24.934 0.0000000000
13037  3.897  -58.482  23.944 0.0000000000
13036  4.790  -58.520  24.439 0.0000000000
98146  4.911  -57.859  23.742 0.0000000000
98155  4.182  -56.942  22.404 0.0000000000
15528  4.254  -53.983  21.118 0.0000000000
19233  7.015  -47.930  24.245 0.0000000000
766  9.275  -83.726  12.522 0.0000000000
989  7.925  -84.846  11.134 0.0000000000
990  7.727  -85.590  10.442 0.0000000000
1000  7.599  -84.617  10.145 0.0000000000
96871  8.215  -85.373  8.675 0.0000000000
96887  7.870  -85.237  7.970 0.0000000000
3583  3.195  -80.461  4.778 0.0000000000
3156  1.804  -80.398  2.334 0.0000000000
3611  1.540  -79.476  1.326 0.0000000000
3157  1.068  -80.593  1.222 0.0000000000
2759  2.042  -81.134  0.864 0.0000000000
2758  3.342  -81.131  0.946 0.0000000000
2365  4.600  -80.774  0.668 0.0000000000
2013  5.263  -82.025  -0.146 0.0000000000
2012  6.221  -82.311  -0.107 0.0000000000
2014  4.703  -82.013  -0.691 0.0000000000
2397  4.659  -82.151  -1.733 0.0000000000
2782  4.841  -81.592  -2.394 0.0000000000
3191  4.741  -80.468  -2.270 0.0000000000
3216  6.060  -80.898  -2.971 0.0000000000
98807  6.424  -80.425  -2.893 0.0000000000
98805  8.538  -79.766  -1.881 0.0000000000
6750  6.568  -72.311  10.239 0.0000000000
97018  7.492  -72.420  10.453 0.0000000000
4487  11.184  -77.198  4.300 0.0000000000
15574  8.106  -54.984  14.843 0.0000000000
14273  8.676  -55.613  13.816 0.0000000000
10792  2.647  -64.189  14.991 0.0000000000
10796  4.491  -63.095  13.587 0.0000000000
11702  6.542  -61.422  12.682 0.0000000000
12135  7.551  -61.126  12.067 0.0000000000
18664  6.636  -49.504  19.829 0.0000000000
19785  7.442  -47.403  19.211 0.0000000000
22300  8.859  -43.874  17.942 0.0000000000
7953  0.405  -69.248  21.346 0.0000000000
16176  1.567  -53.999  25.908 0.0000000000
16812  3.687  -52.727  24.647 0.0000000000
19230  4.441  -48.395  25.366 0.0000000000
19229  4.881  -47.975  24.929 0.0000000000
20369  6.235  -46.459  25.672 0.0000000000
1604  2.737  -83.686  10.415 0.0000000000
1608  3.160  -83.681  9.448 0.0000000000
1609  2.580  -83.223  9.720 0.0000000000
1936  2.724  -81.972  8.992 0.0000000000
2726  3.462  -80.889  9.083 0.0000000000
96895  3.402  -81.461  7.620 0.0000000000
4448  3.995  -77.953  10.601 0.0000000000
4009  3.704  -78.517  8.849 0.0000000000
4893  4.041  -76.739  8.833 0.0000000000
96893  3.475  -77.005  4.379 0.0000000000
4515  3.593  -77.173  3.965 0.0000000000
4514  4.109  -77.155  3.687 0.0000000000
4513  4.633  -77.227  3.636 0.0000000000
7617  9.357  -70.839  7.827 0.0000000000
6747  3.354  -72.723  10.957 0.0000000000
7598  5.731  -71.002  9.571 0.0000000000
7987  3.671  -69.615  11.173 0.0000000000
7996  5.014  -70.316  9.695 0.0000000000
10318  6.100  -65.107  12.073 0.0000000000
9313  5.457  -65.852  11.610 0.0000000000
8409  9.471  -67.865  11.359 0.0000000000
9822  9.879  -65.388  9.770 0.0000000000
9330  9.952  -66.025  10.042 0.0000000000
13636  4.911  -57.511  17.391 0.0000000000
18050  8.812  -50.386  15.907 0.0000000000
18054  8.972  -50.716  15.488 0.0000000000
23756  9.692  -41.120  18.985 0.0000000000
23767  9.616  -41.961  17.383 0.0000000000
23077  9.750  -42.619  16.951 0.0000000000
96844  7.483  -86.170  12.865 0.0000000000
971  7.586  -85.997  13.764 0.0000000000
976  6.522  -86.130  12.694 0.0000000000
1265  4.831  -85.342  11.931 0.0000000000
1598  3.140  -84.497  11.247 0.0000000000
2318  2.351  -82.063  10.313 0.0000000000
3121  3.712  -80.062  11.072 0.0000000000
3542  3.464  -79.307  11.609 0.0000000000
3119  3.640  -80.664  12.918 0.0000000000
3535  3.386  -79.160  12.107 0.0000000000
5330  4.485  -76.206  12.701 0.0000000000
5347  3.092  -75.268  12.001 0.0000000000
5803  2.813  -74.890  11.529 0.0000000000
5812  2.707  -74.390  11.363 0.0000000000
3971  2.309  -78.987  15.827 0.0000000000
3979  2.120  -78.177  15.575 0.0000000000
4413  1.444  -77.420  17.719 0.0000000000
4416  1.412  -77.381  16.811 0.0000000000
4851  1.341  -76.458  16.453 0.0000000000
4423  2.075  -77.736  15.026 0.0000000000
5794  1.853  -75.172  12.987 0.0000000000
5805  1.969  -74.672  12.316 0.0000000000
5804  2.253  -74.387  11.892 0.0000000000
6272  2.616  -73.821  11.424 0.0000000000
6742  2.933  -72.261  11.528 0.0000000000
7172  2.423  -71.612  12.500 0.0000000000
7171  2.860  -71.410  12.186 0.0000000000
7169  4.152  -70.992  12.318 0.0000000000
7578  1.919  -70.382  14.010 0.0000000000
7577  3.200  -70.276  13.978 0.0000000000
7576  4.059  -70.304  14.038 0.0000000000
7974  4.357  -70.086  14.052 0.0000000000
8395  4.304  -69.286  13.515 0.0000000000
8835  2.812  -67.854  13.392 0.0000000000
8830  2.100  -67.289  14.151 0.0000000000
9302  1.356  -66.561  14.549 0.0000000000
9788  1.797  -66.046  14.923 0.0000000000
8811  1.114  -66.921  18.160 0.0000000000
9293  1.738  -66.125  17.421 0.0000000000
8821  1.898  -66.815  16.725 0.0000000000
10785  2.808  -64.395  15.291 0.0000000000
11676  4.836  -61.627  17.224 0.0000000000
11675  5.321  -61.330  17.628 0.0000000000
11670  6.449  -61.418  19.041 0.0000000000
13066  4.876  -58.475  17.445 0.0000000000
98054  0.932  -62.532  21.279 0.0000000000
11653  1.307  -61.912  20.558 0.0000000000
12064  0.162  -59.946  24.855 0.0000000000
13605  1.684  -57.670  24.548 0.0000000000
13023  1.296  -58.160  25.001 0.0000000000
12516  0.739  -59.574  24.346 0.0000000000
12069  0.432  -60.341  24.220 0.0000000000
12086  2.779  -60.761  20.930 0.0000000000
11643  5.032  -61.024  21.056 0.0000000000
12075  4.867  -60.638  20.974 0.0000000000
12083  5.381  -60.693  20.481 0.0000000000
12528  5.016  -59.995  19.708 0.0000000000
12534  4.677  -59.452  19.280 0.0000000000
12533  5.081  -59.624  18.893 0.0000000000
13061  4.786  -59.059  18.086 0.0000000000
14249  4.941  -56.114  18.127 0.0000000000
14882  5.190  -55.576  18.324 0.0000000000
15550  5.236  -54.662  19.954 0.0000000000
15537  8.725  -54.318  20.311 0.0000000000
16207  9.119  -53.692  20.442 0.0000000000
17450  6.865  -50.841  20.249 0.0000000000
17428  4.858  -51.937  22.662 0.0000000000
18019  5.085  -51.114  23.028 0.0000000000
18032  6.759  -50.096  20.674 0.0000000000
18659  6.595  -49.426  20.388 0.0000000000
22273  8.761  -43.277  25.007 0.0000000000
23037  8.647  -42.917  25.028 0.0000000000
21603  8.960  -43.258  25.165 0.0000000000
23741  8.483  -41.703  23.750 0.0000000000
96849  9.983  -83.534  13.076 0.0000000000
1607  3.735  -83.882  8.887 0.0000000000
96875  4.813  -84.319  8.062 0.0000000000
96900  6.795  -84.788  6.702 0.0000000000
3141  2.990  -81.650  4.713 0.0000000000
2339  2.956  -82.511  4.293 0.0000000000
1952  3.567  -83.097  4.778 0.0000000000
1968  3.501  -82.418  3.426 0.0000000000
1959  4.019  -83.084  4.019 0.0000000000
1950  4.884  -83.245  5.120 0.0000000000
1949  5.466  -83.531  5.326 0.0000000000
1632  7.234  -84.264  5.489 0.0000000000
96886  7.697  -84.947  6.349 0.0000000000
96898  8.174  -84.429  5.392 0.0000000000
96921  9.474  -84.076  4.806 0.0000000000
1662  8.716  -84.074  3.616 0.0000000000
96922  9.250  -82.632  4.760 0.0000000000
96924  12.435  -83.069  2.655 0.0000000000
2010  8.216  -82.772  -0.384 0.0000000000
2009  9.235  -82.788  -0.404 0.0000000000
6757  5.290  -73.588  10.391 0.0000000000
96917  6.537  -72.828  10.350 0.0000000000
5818  6.906  -73.927  10.564 0.0000000000
96906  6.740  -74.133  10.475 0.0000000000
5354  6.800  -74.331  10.357 0.0000000000
96867  5.075  -74.355  6.746 0.0000000000
5378  5.093  -74.120  5.051 0.0000000000
96868  4.821  -75.098  4.945 0.0000000000
4512  5.295  -77.281  3.681 0.0000000000
5829  9.673  -74.180  7.722 0.0000000000
5841  8.593  -74.079  6.592 0.0000000000
5855  8.118  -74.480  5.877 0.0000000000
4909  6.863  -75.930  5.185 0.0000000000
4511  6.201  -77.252  3.942 0.0000000000
4086  6.610  -78.473  1.771 0.0000000000
3607  7.350  -78.680  0.937 0.0000000000
4074  8.161  -78.093  2.672 0.0000000000
98822  7.843  -79.177  -0.479 0.0000000000
98801  8.849  -79.508  -0.796 0.0000000000
4036  11.304  -77.747  3.813 0.0000000000
13649  7.868  -56.935  15.168 0.0000000000
11710  9.500  -61.232  10.994 0.0000000000
11699  9.893  -61.017  11.529 0.0000000000
11721  10.182  -61.562  10.143 0.0000000000
11737  10.542  -61.817  9.825 0.0000000000
773  8.837  -82.435  12.929 0.0000000000
774  8.213  -82.397  12.942 0.0000000000
1021  8.392  -84.625  8.378 0.0000000000
1022  8.354  -85.364  8.369 0.0000000000
1036  7.139  -82.822  8.300 0.0000000000
1306  7.435  -83.084  7.012 0.0000000000
1332  10.065  -79.998  6.129 0.0000000000
1346  8.083  -84.232  4.840 0.0000000000
1631  7.746  -84.277  5.204 0.0000000000
1635  4.435  -83.331  5.514 0.0000000000
1636  3.959  -83.199  5.278 0.0000000000
1651  5.920  -83.556  4.906 0.0000000000
1674  10.418  -84.127  3.610 0.0000000000
1686  10.787  -83.821  1.618 0.0000000000
1919  1.865  -83.413  12.321 0.0000000000
1943  3.624  -83.133  5.431 0.0000000000
1951  4.234  -83.163  4.870 0.0000000000
1958  4.751  -83.154  4.351 0.0000000000
1966  5.726  -83.214  3.880 0.0000000000
1969  3.162  -82.443  3.711 0.0000000000
1977  7.454  -83.080  2.390 0.0000000000
1978  6.489  -83.031  2.936 0.0000000000
1981  3.946  -82.338  2.939 0.0000000000
1987  7.556  -83.044  1.469 0.0000000000
1990  5.240  -81.753  1.916 0.0000000000
1997  8.727  -83.099  0.367 0.0000000000
2001  5.373  -81.262  1.133 0.0000000000
2011  7.198  -82.669  -0.230 0.0000000000
2017  9.869  -82.386  -1.207 0.0000000000
2020  6.584  -82.525  -1.068 0.0000000000
2021  5.653  -82.354  -0.930 0.0000000000
2022  4.981  -82.247  -0.982 0.0000000000
2023  4.630  -82.124  -1.214 0.0000000000
2025  8.714  -82.467  -2.062 0.0000000000
2027  6.969  -82.568  -2.152 0.0000000000
2029  5.152  -82.340  -1.511 0.0000000000
2030  4.814  -82.227  -1.376 0.0000000000
2031  7.790  -82.443  -2.678 0.0000000000
2032  7.540  -82.526  -2.486 0.0000000000
2320  2.660  -81.769  9.573 0.0000000000
2323  3.074  -81.642  8.606 0.0000000000
2334  3.059  -82.875  4.630 0.0000000000
2345  2.849  -82.197  3.560 0.0000000000
2354  2.793  -81.998  2.844 0.0000000000
2360  4.221  -81.414  1.357 0.0000000000
2363  5.371  -81.531  0.474 0.0000000000
2364  5.210  -80.945  0.812 0.0000000000
2372  5.266  -81.539  0.204 0.0000000000
2373  5.168  -81.365  -0.157 0.0000000000
2384  4.614  -81.606  -1.216 0.0000000000
2393  8.491  -82.376  -2.459 0.0000000000
2394  6.730  -82.446  -2.949 0.0000000000
2396  5.251  -82.247  -2.191 0.0000000000
2406  7.378  -82.447  -2.896 0.0000000000
2730  3.139  -81.354  8.940 0.0000000000
2734  3.344  -82.841  5.662 0.0000000000
2738  3.000  -82.361  5.007 0.0000000000
2743  2.788  -82.139  4.271 0.0000000000
2761  4.617  -80.373  -1.182 0.0000000000
2762  4.554  -80.410  -0.944 0.0000000000
2763  4.072  -80.640  -0.303 0.0000000000
2767  5.136  -80.635  -0.649 0.0000000000
2768  4.736  -80.536  -0.007 0.0000000000
2772  4.881  -80.675  -1.229 0.0000000000
2773  4.604  -81.088  -1.654 0.0000000000
2779  6.563  -82.304  -3.503 0.0000000000
2780  6.178  -82.245  -3.194 0.0000000000
2781  5.600  -82.074  -2.821 0.0000000000
2790  7.848  -82.130  -3.953 0.0000000000
2791  7.050  -82.254  -3.801 0.0000000000
2797  7.615  -81.856  -4.571 0.0000000000
2804  8.572  -81.157  -2.995 0.0000000000
3140  3.269  -81.621  5.381 0.0000000000
3158  0.711  -79.748  0.460 0.0000000000
3164  4.361  -80.229  -1.272 0.0000000000
3165  3.957  -80.434  -1.429 0.0000000000
3168  0.555  -79.367  -0.257 0.0000000000
3175  4.680  -80.446  -1.425 0.0000000000
3176  4.524  -80.013  -1.344 0.0000000000
3179  0.919  -79.192  -0.702 0.0000000000
3203  5.993  -82.105  -3.422 0.0000000000
3204  5.728  -81.678  -2.922 0.0000000000
3205  5.570  -80.931  -2.797 0.0000000000
3213  6.292  -82.174  -3.964 0.0000000000
3214  6.231  -81.690  -3.461 0.0000000000
3215  6.128  -81.315  -3.010 0.0000000000
3218  6.878  -81.860  -3.867 0.0000000000
3219  6.487  -81.366  -3.628 0.0000000000
3220  6.349  -81.048  -3.160 0.0000000000
3223  6.799  -81.237  -3.193 0.0000000000
3600  9.852  -78.184  2.674 0.0000000000
3606  8.866  -78.839  1.093 0.0000000000
3609  5.062  -78.892  0.959 0.0000000000
3621  4.727  -78.784  0.487 0.0000000000
3622  2.559  -79.778  -2.071 0.0000000000
3623  1.860  -79.931  -1.683 0.0000000000
3624  0.608  -78.653  -0.440 0.0000000000
3633  3.420  -79.695  -0.974 0.0000000000
3635  1.262  -78.780  -0.802 0.0000000000
4006  3.769  -78.125  10.348 0.0000000000
4037  10.983  -77.498  3.904 0.0000000000
4051  10.036  -77.660  3.180 0.0000000000
4054  7.219  -77.703  3.284 0.0000000000
4083  9.500  -78.206  2.652 0.0000000000
4091  1.282  -78.687  0.502 0.0000000000
4100  4.758  -78.841  -0.513 0.0000000000
4102  2.585  -78.405  -0.028 0.0000000000
4104  0.859  -78.293  0.051 0.0000000000
4120  1.869  -78.405  -0.712 0.0000000000
4121  1.120  -78.262  -0.489 0.0000000000
4446  4.591  -76.999  11.177 0.0000000000
4452  4.570  -76.974  10.864 0.0000000000
4454  3.902  -77.873  10.285 0.0000000000
4458  3.729  -77.834  9.989 0.0000000000
4489  9.161  -76.639  4.004 0.0000000000
4874  4.188  -77.638  10.798 0.0000000000
4875  4.092  -77.851  10.803 0.0000000000
4881  4.291  -77.249  10.653 0.0000000000
4882  4.055  -77.694  10.560 0.0000000000
4921  7.044  -76.318  4.987 0.0000000000
5329  4.715  -76.300  12.385 0.0000000000
5333  2.074  -75.264  12.729 0.0000000000
5341  2.053  -75.065  12.337 0.0000000000
5349  2.101  -74.814  12.093 0.0000000000
6267  2.544  -72.655  12.070 0.0000000000
6275  6.861  -73.188  10.483 0.0000000000
6282  5.456  -73.843  10.510 0.0000000000
6292  8.494  -73.789  7.047 0.0000000000
6301  8.197  -73.680  6.719 0.0000000000
6302  7.658  -73.443  6.592 0.0000000000
6310  6.161  -73.071  5.686 0.0000000000
6311  5.649  -73.090  5.488 0.0000000000
6771  6.909  -72.676  6.983 0.0000000000
6772  6.177  -72.537  6.369 0.0000000000
6773  5.490  -72.741  6.616 0.0000000000
6782  5.891  -72.738  5.791 0.0000000000
7165  2.538  -71.122  12.696 0.0000000000
7174  4.135  -71.052  11.912 0.0000000000
7572  1.594  -70.000  14.593 0.0000000000
7575  4.333  -70.264  13.931 0.0000000000
7588  3.462  -70.916  12.702 0.0000000000
7969  3.521  -69.209  14.994 0.0000000000
8404  8.931  -68.233  12.137 0.0000000000
8841  9.360  -67.789  12.338 0.0000000000
8844  1.383  -67.025  12.570 0.0000000000
9307  1.265  -66.622  13.088 0.0000000000
9310  9.387  -67.332  12.093 0.0000000000
10339  9.183  -64.702  9.740 0.0000000000
11183  7.064  -61.924  20.326 0.0000000000
11259  10.005  -62.049  9.781 0.0000000000
11642  7.276  -62.040  20.251 0.0000000000
11647  7.147  -61.722  20.172 0.0000000000
11655  1.294  -62.453  20.075 0.0000000000
11659  6.550  -61.250  19.374 0.0000000000
11666  1.339  -62.273  19.941 0.0000000000
11669  7.151  -61.886  19.690 0.0000000000
12082  6.521  -61.222  20.087 0.0000000000
12091  7.152  -61.594  19.933 0.0000000000
13021  4.949  -58.451  25.739 0.0000000000
13022  4.759  -58.330  25.574 0.0000000000
13026  5.208  -58.425  25.364 0.0000000000
13035  5.217  -58.430  25.110 0.0000000000
13590  5.242  -57.896  25.558 0.0000000000
13591  5.014  -58.107  25.814 0.0000000000
13600  5.263  -58.172  25.362 0.0000000000
13601  5.163  -58.331  25.569 0.0000000000
13602  3.696  -57.862  24.841 0.0000000000
13604  1.941  -57.528  24.359 0.0000000000
13612  2.481  -57.936  23.894 0.0000000000
13642  7.907  -57.213  15.270 0.0000000000
14213  5.149  -57.542  25.608 0.0000000000
14214  4.620  -57.086  25.607 0.0000000000
14228  5.152  -56.915  25.348 0.0000000000
14230  2.135  -56.985  24.815 0.0000000000
14234  5.411  -57.802  24.999 0.0000000000
14850  4.328  -55.473  25.106 0.0000000000
14856  4.769  -55.921  23.933 0.0000000000
15535  10.015  -54.327  20.084 0.0000000000
15546  9.792  -54.362  19.929 0.0000000000
15547  9.189  -54.321  19.790 0.0000000000
16177  1.276  -54.046  25.964 0.0000000000
16206  9.975  -54.012  20.223 0.0000000000
16217  10.014  -54.184  19.874 0.0000000000
16858  7.657  -52.937  17.022 0.0000000000
20363  5.915  -46.793  25.832 0.0000000000
20997  6.683  -46.036  21.447 0.0000000000
21601  9.341  -43.324  25.558 0.0000000000
21602  9.149  -43.335  25.420 0.0000000000
21609  9.390  -43.218  25.352 0.0000000000
22271  9.264  -43.199  25.245 0.0000000000
22272  9.076  -43.130  25.333 0.0000000000
23036  9.038  -42.917  25.237 0.0000000000
24605  10.223  -41.765  22.173 0.0000000000
96846  10.596  -84.036  13.165 0.0000000000
96853  7.016  -85.420  10.065 0.0000000000
96859  7.551  -85.949  10.683 0.0000000000
96862  6.375  -85.177  8.852 0.0000000000
96876  5.546  -84.697  8.039 0.0000000000
96884  4.928  -73.312  5.713 0.0000000000
96904  8.788  -84.256  4.681 0.0000000000
96918  7.034  -73.595  7.672 0.0000000000
97037  9.099  -70.799  8.123 0.0000000000
98105  2.275  -59.865  21.980 0.0000000000
98305  9.540  -42.637  23.248 0.0000000000
98794  9.578  -78.839  1.736 0.0000000000
98795  8.986  -79.413  -0.462 0.0000000000
98798  9.898  -78.802  2.065 0.0000000000
98804  7.523  -81.162  -2.955 0.0000000000
98808  8.346  -79.491  -1.293 0.0000000000
98809  8.428  -79.394  -0.815 0.0000000000
98813  5.908  -79.834  -2.883 0.0000000000
98818  9.001  -79.629  -1.003 0.0000000000
98819  5.549  -80.120  -2.870 0.0000000000
98821  8.390  -79.134  0.003 0.0000000000
98826  9.742  -78.829  1.924 0.0000000000
98827  10.217  -79.048  1.762 0.0000000000
98828  10.041  -78.702  2.240 0.0000000000
98829  10.053  -77.962  2.846 0.0000000000
99395  7.217  -62.306  19.984 0.0000000000
99396  7.047  -62.312  19.813 0.0000000000
