#!ascii label  , from subject 3219 vox2ras=TkReg
1160
53432  -7.728  -30.898  46.854 0.0000000000
66733  -30.060  -20.146  37.564 0.0000000000
77437  -27.699  -11.783  32.606 0.0000000000
67752  -23.826  -18.088  40.594 0.0000000000
87640  -38.927  -2.840  21.657 0.0000000000
83679  -32.191  -6.749  26.744 0.0000000000
67704  -30.520  -19.874  43.938 0.0000000000
64321  -26.687  -21.703  39.069 0.0000000000
88890  -45.604  -3.022  23.910 0.0000000000
91277  -48.993  0.602  22.345 0.0000000000
91321  -51.702  -0.281  18.405 0.0000000000
78562  -33.982  -10.296  34.056 0.0000000000
78629  -32.158  -11.634  29.055 0.0000000000
83640  -35.356  -6.442  31.032 0.0000000000
87527  -38.478  -2.345  28.603 0.0000000000
68867  -15.492  -19.140  39.271 0.0000000000
50886  -5.820  -33.711  50.222 0.0000000000
73727  -29.242  -15.661  36.993 0.0000000000
77361  -30.959  -11.147  38.725 0.0000000000
68917  -18.867  -17.917  35.795 0.0000000000
66778  -24.676  -19.875  33.090 0.0000000000
91395  -49.990  -1.242  12.375 0.0000000000
92496  -54.584  -0.146  16.165 0.0000000000
84947  -36.541  -4.169  23.748 0.0000000000
84863  -42.537  -4.207  26.507 0.0000000000
55903  -9.794  -29.510  42.926 0.0000000000
45823  -2.758  -38.345  48.683 0.0000000000
91242  -46.942  -1.202  23.692 0.0000000000
79691  -34.894  -8.311  32.430 0.0000000000
65567  -14.240  -21.455  37.555 0.0000000000
52144  -7.104  -32.278  49.264 0.0000000000
70113  -28.633  -18.566  33.809 0.0000000000
70083  -29.815  -18.601  37.231 0.0000000000
68886  -21.819  -16.958  38.022 0.0000000000
67834  -21.896  -18.636  33.290 0.0000000000
67794  -23.583  -18.141  36.997 0.0000000000
63135  -28.727  -20.935  38.075 0.0000000000
64396  -26.810  -21.545  34.865 0.0000000000
63205  -28.338  -21.471  34.874 0.0000000000
70011  -22.184  -16.980  41.613 0.0000000000
70042  -19.437  -16.588  38.827 0.0000000000
93620  -45.511  1.343  16.611 0.0000000000
91377  -49.200  -0.169  13.700 0.0000000000
91336  -52.881  -1.462  17.346 0.0000000000
80965  -31.902  -9.080  27.968 0.0000000000
84906  -33.635  -3.918  25.217 0.0000000000
87542  -40.967  -3.770  27.694 0.0000000000
63080  -12.092  -24.137  41.141 0.0000000000
61865  -11.100  -25.479  42.468 0.0000000000
60639  -10.936  -26.302  44.722 0.0000000000
58274  -10.445  -28.485  40.907 0.0000000000
47308  -4.195  -37.607  47.626 0.0000000000
67754  -29.961  -20.100  40.681 0.0000000000
71271  -30.395  -17.594  40.510 0.0000000000
71231  -31.188  -17.785  43.546 0.0000000000
67718  -24.632  -20.088  42.828 0.0000000000
66694  -25.554  -20.091  40.211 0.0000000000
65484  -26.680  -21.436  42.435 0.0000000000
65503  -29.407  -22.436  42.075 0.0000000000
88903  -42.301  -3.184  22.967 0.0000000000
91272  -43.738  -1.092  21.927 0.0000000000
91304  -46.401  1.026  20.340 0.0000000000
91331  -48.174  1.326  17.589 0.0000000000
91333  -50.034  0.598  17.162 0.0000000000
91308  -50.790  0.661  19.441 0.0000000000
77440  -31.435  -10.330  33.889 0.0000000000
77470  -30.501  -11.502  31.202 0.0000000000
78596  -32.243  -10.064  31.367 0.0000000000
79720  -32.959  -9.196  30.421 0.0000000000
83649  -33.496  -6.660  29.331 0.0000000000
84858  -35.217  -3.831  28.153 0.0000000000
86141  -37.090  -3.524  30.205 0.0000000000
66672  -14.383  -19.602  41.334 0.0000000000
64305  -13.161  -22.581  39.963 0.0000000000
95687  -52.740  2.248  13.780 0.0000000000
50871  -4.108  -33.238  49.865 0.0000000000
72589  -27.802  -16.899  33.704 0.0000000000
74869  -27.540  -14.080  36.255 0.0000000000
74848  -29.608  -15.277  39.304 0.0000000000
76128  -28.456  -12.435  38.960 0.0000000000
77400  -29.994  -11.073  35.741 0.0000000000
77385  -32.720  -10.813  36.657 0.0000000000
66743  -25.489  -19.887  35.967 0.0000000000
71253  -18.211  -15.747  40.823 0.0000000000
68901  -17.213  -18.802  37.020 0.0000000000
90199  -50.918  0.320  15.707 0.0000000000
91379  -51.466  0.292  15.085 0.0000000000
93643  -52.608  0.960  14.184 0.0000000000
94648  -54.816  2.178  16.125 0.0000000000
52223  -6.635  -32.637  43.700 0.0000000000
50931  -6.070  -34.159  46.126 0.0000000000
84984  -38.096  -4.455  22.366 0.0000000000
84909  -37.420  -3.952  25.463 0.0000000000
83713  -39.669  -4.701  24.479 0.0000000000
84969  -40.672  -5.253  23.513 0.0000000000
86233  -43.708  -4.041  25.397 0.0000000000
54644  -8.734  -29.999  44.744 0.0000000000
49726  -5.256  -34.727  47.649 0.0000000000
49716  -4.105  -34.999  48.422 0.0000000000
49713  -3.600  -34.967  48.310 0.0000000000
53419  -7.713  -31.743  48.303 0.0000000000
66755  -29.511  -19.986  36.171 0.0000000000
67826  -29.458  -19.508  36.234 0.0000000000
68920  -30.093  -19.077  37.412 0.0000000000
67776  -22.932  -17.474  38.734 0.0000000000
67793  -22.724  -17.415  37.443 0.0000000000
67777  -23.769  -17.997  38.258 0.0000000000
65571  -29.607  -20.691  38.048 0.0000000000
63160  -28.681  -21.213  36.971 0.0000000000
64378  -29.167  -21.083  36.368 0.0000000000
65612  -29.131  -20.936  34.557 0.0000000000
67732  -23.282  -18.993  42.642 0.0000000000
68799  -23.042  -17.709  43.472 0.0000000000
67741  -22.962  -17.848  41.240 0.0000000000
68871  -22.180  -17.017  39.193 0.0000000000
92507  -48.192  0.073  14.132 0.0000000000
76168  -26.574  -13.527  32.837 0.0000000000
76194  -27.109  -12.708  31.547 0.0000000000
82344  -31.863  -7.518  27.027 0.0000000000
82354  -30.931  -7.987  25.157 0.0000000000
84883  -32.766  -5.035  26.078 0.0000000000
60692  -11.464  -25.892  40.347 0.0000000000
63066  -11.974  -24.046  42.204 0.0000000000
60678  -11.213  -26.340  40.963 0.0000000000
58275  -10.679  -27.751  41.687 0.0000000000
58292  -10.662  -27.766  40.420 0.0000000000
67736  -30.716  -19.848  42.138 0.0000000000
69997  -31.083  -18.785  42.149 0.0000000000
69985  -31.068  -18.621  43.237 0.0000000000
67687  -25.684  -20.425  45.102 0.0000000000
66661  -25.179  -20.640  42.382 0.0000000000
66631  -26.809  -21.145  44.909 0.0000000000
66636  -30.480  -20.571  45.222 0.0000000000
65487  -28.879  -22.247  43.160 0.0000000000
66665  -30.387  -21.133  43.107 0.0000000000
65517  -29.806  -21.199  41.027 0.0000000000
87606  -43.663  -2.905  24.161 0.0000000000
90103  -43.034  -1.864  22.870 0.0000000000
90105  -44.709  -1.644  23.422 0.0000000000
92445  -48.395  -0.143  22.528 0.0000000000
91275  -47.026  -0.209  22.238 0.0000000000
91292  -47.298  0.494  21.192 0.0000000000
91316  -46.867  1.301  19.393 0.0000000000
91306  -48.679  1.066  19.904 0.0000000000
91307  -49.802  0.969  19.674 0.0000000000
91295  -50.549  0.764  20.742 0.0000000000
77441  -32.363  -10.334  34.128 0.0000000000
77472  -31.909  -10.192  32.155 0.0000000000
78585  -32.788  -9.671  32.506 0.0000000000
82284  -35.117  -7.410  31.483 0.0000000000
79703  -33.942  -8.672  31.197 0.0000000000
82302  -34.565  -7.655  30.634 0.0000000000
82317  -33.051  -7.802  29.541 0.0000000000
83639  -34.789  -6.696  30.447 0.0000000000
84833  -35.382  -4.696  30.102 0.0000000000
84816  -36.154  -4.892  30.901 0.0000000000
70008  -16.014  -17.560  40.688 0.0000000000
69993  -15.059  -17.803  41.675 0.0000000000
67750  -15.022  -19.432  40.184 0.0000000000
64333  -13.320  -22.323  38.458 0.0000000000
96732  -52.965  3.188  15.663 0.0000000000
96722  -51.531  3.610  16.177 0.0000000000
50873  -5.113  -33.435  50.563 0.0000000000
72576  -29.559  -17.304  35.891 0.0000000000
71346  -28.675  -17.835  34.651 0.0000000000
73744  -28.057  -16.299  35.281 0.0000000000
73743  -27.584  -15.600  34.694 0.0000000000
74870  -28.487  -14.970  36.634 0.0000000000
72517  -31.076  -16.431  41.912 0.0000000000
72539  -30.504  -16.889  40.180 0.0000000000
74827  -30.173  -14.602  41.478 0.0000000000
77349  -30.595  -11.266  39.847 0.0000000000
77347  -28.814  -11.942  39.764 0.0000000000
77360  -29.787  -11.390  39.072 0.0000000000
77382  -29.102  -11.508  37.012 0.0000000000
77371  -30.145  -11.239  37.920 0.0000000000
77401  -31.278  -10.856  35.750 0.0000000000
77373  -32.335  -10.843  37.479 0.0000000000
67835  -23.184  -18.758  33.543 0.0000000000
65541  -26.239  -20.582  39.869 0.0000000000
66718  -25.825  -19.590  38.354 0.0000000000
65570  -26.629  -20.527  37.316 0.0000000000
64419  -26.369  -21.387  34.051 0.0000000000
71241  -20.126  -14.661  41.386 0.0000000000
68884  -19.378  -17.266  37.358 0.0000000000
70058  -18.843  -16.978  37.876 0.0000000000
68916  -17.931  -18.515  36.157 0.0000000000
67805  -17.126  -19.606  36.076 0.0000000000
90162  -51.421  0.294  17.162 0.0000000000
90197  -50.067  0.151  16.004 0.0000000000
90163  -51.725  -0.120  16.824 0.0000000000
91351  -53.975  -1.142  16.100 0.0000000000
91365  -51.860  -0.479  15.743 0.0000000000
92508  -52.783  0.058  15.109 0.0000000000
92520  -52.377  0.645  14.588 0.0000000000
92509  -53.741  0.297  15.071 0.0000000000
93636  -54.130  1.238  15.178 0.0000000000
93631  -55.158  1.419  16.296 0.0000000000
77494  -31.853  -12.108  29.737 0.0000000000
77481  -29.594  -12.272  29.543 0.0000000000
84983  -37.048  -4.090  21.776 0.0000000000
84966  -37.433  -4.398  22.975 0.0000000000
86184  -36.648  -3.239  27.851 0.0000000000
84886  -36.365  -3.540  26.569 0.0000000000
86204  -37.454  -3.362  26.848 0.0000000000
84862  -41.667  -4.292  26.340 0.0000000000
84890  -40.375  -4.713  25.519 0.0000000000
83699  -40.884  -5.453  25.155 0.0000000000
84949  -40.277  -5.591  23.765 0.0000000000
83716  -42.223  -6.011  25.211 0.0000000000
84952  -42.866  -5.723  24.159 0.0000000000
84913  -42.950  -4.544  25.372 0.0000000000
58246  -10.484  -28.026  43.787 0.0000000000
57094  -10.240  -29.329  44.287 0.0000000000
55850  -9.685  -29.158  45.610 0.0000000000
55875  -9.394  -29.855  44.276 0.0000000000
54664  -8.019  -30.614  43.280 0.0000000000
54665  -8.619  -30.186  42.836 0.0000000000
49758  -5.637  -35.670  45.360 0.0000000000
49746  -6.015  -34.431  46.737 0.0000000000
48528  -5.305  -35.749  46.913 0.0000000000
45824  -3.470  -38.585  48.347 0.0000000000
48518  -4.338  -36.753  48.066 0.0000000000
47296  -3.455  -37.335  48.461 0.0000000000
49714  -3.570  -35.197  48.484 0.0000000000
47295  -2.754  -37.027  48.564 0.0000000000
66609  -27.738  -21.072  45.957 0.0000000000
87578  -47.135  -3.005  25.383 0.0000000000
88891  -46.295  -2.373  24.051 0.0000000000
88893  -47.712  -2.218  24.834 0.0000000000
78574  -34.901  -9.192  33.447 0.0000000000
66716  -15.705  -19.750  37.283 0.0000000000
66702  -14.676  -20.317  38.780 0.0000000000
53389  -7.335  -31.558  50.018 0.0000000000
52133  -6.804  -32.875  50.201 0.0000000000
68933  -28.798  -19.218  35.059 0.0000000000
70092  -29.306  -18.305  35.805 0.0000000000
72557  -29.103  -17.356  37.672 0.0000000000
76117  -32.713  -10.790  39.188 0.0000000000
68918  -20.236  -17.679  35.618 0.0000000000
67808  -20.158  -17.971  34.648 0.0000000000
68919  -21.359  -17.304  35.607 0.0000000000
67823  -22.620  -18.026  34.550 0.0000000000
67824  -23.871  -18.554  34.614 0.0000000000
64339  -27.895  -21.311  38.815 0.0000000000
64355  -27.429  -21.000  37.381 0.0000000000
63181  -27.882  -21.426  36.490 0.0000000000
63203  -27.679  -21.537  35.270 0.0000000000
64449  -28.319  -21.627  32.960 0.0000000000
69983  -21.961  -16.207  42.384 0.0000000000
71255  -20.920  -15.431  41.031 0.0000000000
70025  -21.123  -16.302  39.988 0.0000000000
68870  -20.892  -16.723  38.631 0.0000000000
93612  -44.561  1.319  18.022 0.0000000000
91386  -49.165  -0.996  12.940 0.0000000000
91311  -52.571  -1.375  19.232 0.0000000000
91335  -51.939  -1.523  17.368 0.0000000000
78647  -31.733  -10.242  28.307 0.0000000000
84945  -33.376  -4.605  22.741 0.0000000000
84926  -35.018  -3.714  24.361 0.0000000000
88827  -39.967  -1.517  29.359 0.0000000000
88846  -39.635  -2.885  27.543 0.0000000000
90066  -41.438  -2.191  28.616 0.0000000000
64281  -12.449  -22.752  41.977 0.0000000000
64273  -12.702  -22.867  43.196 0.0000000000
61839  -11.765  -24.745  44.852 0.0000000000
60653  -10.609  -26.147  43.452 0.0000000000
58262  -10.488  -27.827  42.851 0.0000000000
57121  -10.243  -29.102  42.484 0.0000000000
55913  -9.087  -30.169  41.176 0.0000000000
55925  -9.675  -29.787  40.587 0.0000000000
66705  -29.914  -20.290  39.060 0.0000000000
68887  -30.123  -19.375  38.753 0.0000000000
70027  -29.902  -18.708  40.314 0.0000000000
72531  -31.098  -17.253  41.674 0.0000000000
67733  -23.925  -19.647  42.077 0.0000000000
67753  -24.427  -18.837  40.078 0.0000000000
66673  -24.533  -20.148  41.339 0.0000000000
65512  -25.766  -20.700  40.829 0.0000000000
65514  -26.518  -22.029  40.796 0.0000000000
65457  -27.808  -21.656  44.434 0.0000000000
65501  -27.844  -22.205  42.024 0.0000000000
64308  -27.466  -22.393  39.960 0.0000000000
64310  -28.680  -21.925  40.072 0.0000000000
65544  -29.377  -21.068  39.093 0.0000000000
67701  -23.848  -19.290  44.417 0.0000000000
87621  -40.807  -3.384  22.470 0.0000000000
90131  -39.580  -1.875  21.009 0.0000000000
90117  -41.621  -2.045  21.708 0.0000000000
91287  -41.933  -1.121  21.445 0.0000000000
92454  -43.293  0.216  20.778 0.0000000000
91274  -45.814  -0.638  22.526 0.0000000000
91290  -45.136  -0.209  21.177 0.0000000000
92464  -44.462  0.966  19.804 0.0000000000
92474  -45.527  1.488  18.509 0.0000000000
92476  -47.252  1.383  17.656 0.0000000000
91345  -48.342  1.071  16.468 0.0000000000
91361  -48.388  0.752  15.524 0.0000000000
91332  -49.130  0.883  17.424 0.0000000000
91319  -50.091  1.135  18.347 0.0000000000
91309  -51.443  -0.129  19.377 0.0000000000
91279  -51.186  0.360  21.722 0.0000000000
91298  -52.539  -1.213  20.274 0.0000000000
77438  -29.056  -10.822  33.130 0.0000000000
77455  -29.131  -11.017  31.667 0.0000000000
77456  -30.285  -10.729  32.217 0.0000000000
77483  -31.613  -11.987  30.881 0.0000000000
78611  -32.084  -10.921  30.164 0.0000000000
78598  -33.491  -8.977  31.440 0.0000000000
78612  -32.710  -9.792  30.514 0.0000000000
79719  -32.425  -9.998  29.965 0.0000000000
80944  -32.162  -8.627  28.645 0.0000000000
82316  -32.464  -7.850  28.836 0.0000000000
83663  -32.623  -6.737  28.263 0.0000000000
84856  -33.107  -5.418  27.280 0.0000000000
84831  -34.231  -5.202  28.824 0.0000000000
86183  -35.949  -4.001  28.504 0.0000000000
87510  -37.686  -2.736  29.324 0.0000000000
87475  -39.345  -3.518  31.211 0.0000000000
88814  -39.299  -1.764  29.965 0.0000000000
67730  -14.406  -19.950  42.805 0.0000000000
66691  -14.403  -20.785  39.449 0.0000000000
65511  -13.921  -21.324  40.857 0.0000000000
65510  -13.164  -21.776  40.864 0.0000000000
63094  -12.880  -23.650  40.066 0.0000000000
74886  -26.900  -15.041  33.811 0.0000000000
76161  -27.387  -12.828  35.340 0.0000000000
71298  -29.684  -18.061  38.830 0.0000000000
72552  -29.415  -17.299  38.610 0.0000000000
74856  -29.402  -15.743  38.569 0.0000000000
74847  -29.259  -13.814  39.564 0.0000000000
74863  -28.601  -15.146  37.545 0.0000000000
76151  -27.884  -12.682  36.679 0.0000000000
77399  -28.604  -11.723  35.599 0.0000000000
77418  -29.386  -10.833  34.541 0.0000000000
77419  -30.736  -10.568  34.741 0.0000000000
77420  -31.836  -10.503  34.884 0.0000000000
77422  -33.335  -9.911  35.188 0.0000000000
76153  -33.462  -10.695  37.186 0.0000000000
77405  -34.353  -10.042  36.249 0.0000000000
67778  -24.515  -18.778  37.816 0.0000000000
66742  -24.838  -19.480  36.338 0.0000000000
66763  -24.897  -19.661  34.237 0.0000000000
65582  -26.219  -20.879  36.168 0.0000000000
65609  -25.722  -20.737  34.361 0.0000000000
72513  -17.105  -15.509  42.140 0.0000000000
71268  -17.099  -16.849  39.901 0.0000000000
71286  -18.988  -16.416  39.658 0.0000000000
71284  -17.346  -17.126  39.079 0.0000000000
68883  -16.584  -18.675  37.835 0.0000000000
66730  -15.888  -20.234  36.649 0.0000000000
91363  -49.394  0.289  15.094 0.0000000000
91364  -49.842  0.166  14.579 0.0000000000
90222  -49.946  0.117  14.305 0.0000000000
91349  -51.864  -1.100  16.423 0.0000000000
90214  -51.047  0.361  15.247 0.0000000000
91388  -50.331  -0.336  13.539 0.0000000000
91389  -50.929  0.152  13.849 0.0000000000
92527  -51.961  0.859  13.506 0.0000000000
93652  -52.517  1.252  13.450 0.0000000000
94662  -53.114  1.552  14.060 0.0000000000
95679  -53.741  2.418  15.279 0.0000000000
53457  -7.121  -31.624  45.444 0.0000000000
52198  -6.779  -32.411  46.053 0.0000000000
52210  -6.089  -33.330  44.252 0.0000000000
77468  -28.558  -12.452  29.972 0.0000000000
86274  -38.836  -4.035  22.219 0.0000000000
84884  -33.727  -3.982  26.487 0.0000000000
84907  -35.032  -3.503  25.491 0.0000000000
83710  -37.090  -4.086  24.612 0.0000000000
86206  -39.284  -4.309  26.364 0.0000000000
83696  -38.132  -4.323  25.061 0.0000000000
83729  -37.802  -4.453  24.148 0.0000000000
83747  -39.288  -4.601  23.755 0.0000000000
84968  -39.608  -4.534  23.278 0.0000000000
87602  -40.120  -4.059  22.666 0.0000000000
87604  -41.771  -3.997  23.066 0.0000000000
87605  -42.939  -3.860  23.908 0.0000000000
86250  -44.382  -3.385  24.906 0.0000000000
54589  -8.619  -29.688  47.821 0.0000000000
55838  -9.146  -29.421  46.871 0.0000000000
54628  -8.046  -30.205  46.198 0.0000000000
53458  -7.589  -30.981  44.858 0.0000000000
53476  -7.101  -32.033  43.160 0.0000000000
52172  -6.886  -33.285  47.585 0.0000000000
50906  -6.018  -33.939  48.023 0.0000000000
50897  -5.333  -33.998  48.803 0.0000000000
48519  -4.692  -35.946  47.624 0.0000000000
49717  -4.549  -34.649  48.169 0.0000000000
50885  -4.755  -33.872  49.489 0.0000000000
50884  -4.233  -33.853  49.463 0.0000000000
50883  -3.983  -33.831  49.310 0.0000000000
45829  -1.892  -38.320  48.555 0.0000000000
47305  -2.067  -37.094  48.418 0.0000000000
53420  -7.860  -30.847  47.802 0.0000000000
53431  -7.622  -31.741  47.438 0.0000000000
66744  -29.770  -20.096  36.882 0.0000000000
67812  -29.988  -19.620  37.150 0.0000000000
67763  -23.164  -17.409  39.878 0.0000000000
67764  -23.905  -17.947  39.455 0.0000000000
65572  -30.024  -20.432  37.845 0.0000000000
65583  -29.409  -20.687  37.192 0.0000000000
65584  -29.733  -20.307  36.911 0.0000000000
65595  -29.502  -20.339  36.383 0.0000000000
67742  -23.152  -18.452  41.494 0.0000000000
68828  -22.842  -18.282  42.286 0.0000000000
67751  -23.058  -17.695  40.821 0.0000000000
92506  -47.840  0.402  14.603 0.0000000000
76182  -26.811  -12.860  32.584 0.0000000000
83678  -32.060  -7.336  26.350 0.0000000000
82343  -31.540  -7.801  26.613 0.0000000000
83693  -32.014  -7.129  25.573 0.0000000000
83694  -32.033  -5.861  25.642 0.0000000000
59461  -11.404  -26.521  40.035 0.0000000000
60691  -11.341  -26.463  40.350 0.0000000000
59460  -11.211  -27.026  40.025 0.0000000000
67720  -30.619  -19.842  43.172 0.0000000000
68814  -30.852  -19.311  42.746 0.0000000000
68803  -30.686  -19.257  43.974 0.0000000000
66607  -26.265  -20.729  45.451 0.0000000000
66630  -26.004  -21.081  44.661 0.0000000000
66608  -27.039  -20.842  45.669 0.0000000000
67703  -30.571  -20.177  44.543 0.0000000000
66652  -30.392  -20.832  44.251 0.0000000000
67719  -30.507  -20.387  43.601 0.0000000000
67735  -30.633  -20.430  42.572 0.0000000000
67669  -25.711  -20.071  45.995 0.0000000000
88889  -44.664  -3.041  23.985 0.0000000000
88905  -44.145  -2.159  24.027 0.0000000000
88906  -45.180  -2.403  23.793 0.0000000000
92446  -48.579  0.123  22.355 0.0000000000
91276  -48.183  -0.012  21.966 0.0000000000
91293  -48.401  0.733  21.084 0.0000000000
91294  -49.499  0.975  20.993 0.0000000000
78572  -33.423  -10.065  33.632 0.0000000000
77459  -32.704  -10.080  33.463 0.0000000000
83629  -35.877  -6.688  32.019 0.0000000000
82303  -34.925  -7.078  30.900 0.0000000000
84815  -35.569  -5.376  30.752 0.0000000000
84804  -36.011  -5.778  31.489 0.0000000000
68855  -15.959  -18.419  40.054 0.0000000000
68841  -15.751  -18.288  40.596 0.0000000000
68854  -15.558  -19.063  39.761 0.0000000000
96723  -52.372  3.664  16.400 0.0000000000
96731  -52.075  3.291  15.433 0.0000000000
52124  -6.023  -32.999  51.039 0.0000000000
52123  -5.334  -33.128  51.228 0.0000000000
72562  -29.662  -16.687  35.973 0.0000000000
72575  -28.849  -17.029  35.444 0.0000000000
73734  -29.148  -15.849  35.878 0.0000000000
73702  -30.757  -15.807  40.923 0.0000000000
77372  -31.312  -10.858  37.647 0.0000000000
77362  -31.988  -10.762  38.429 0.0000000000
67806  -18.111  -18.922  35.293 0.0000000000
67807  -19.157  -18.357  34.836 0.0000000000
65542  -26.466  -21.443  39.284 0.0000000000
65557  -26.437  -20.230  38.959 0.0000000000
65558  -26.870  -20.533  38.479 0.0000000000
68903  -18.574  -17.783  36.719 0.0000000000
90149  -51.688  0.211  17.785 0.0000000000
90150  -51.752  -0.306  17.615 0.0000000000
91367  -53.633  -0.448  15.425 0.0000000000
93630  -54.709  0.613  15.753 0.0000000000
77493  -30.575  -12.132  29.046 0.0000000000
77511  -31.358  -12.073  28.510 0.0000000000
84946  -34.822  -3.914  23.175 0.0000000000
84964  -34.599  -4.503  21.970 0.0000000000
84965  -36.029  -3.930  22.418 0.0000000000
87526  -37.997  -2.545  28.049 0.0000000000
86185  -37.832  -3.061  27.262 0.0000000000
84892  -41.933  -4.433  25.683 0.0000000000
84891  -41.165  -4.515  25.565 0.0000000000
83682  -41.414  -4.891  25.138 0.0000000000
83715  -41.109  -6.309  25.128 0.0000000000
83683  -42.009  -4.759  25.254 0.0000000000
83701  -42.309  -4.960  25.120 0.0000000000
84893  -42.832  -4.368  25.891 0.0000000000
57107  -10.308  -29.211  43.499 0.0000000000
58229  -10.480  -28.681  44.285 0.0000000000
55889  -10.017  -29.779  43.830 0.0000000000
55876  -9.931  -29.689  44.677 0.0000000000
55888  -9.277  -29.789  43.398 0.0000000000
48536  -5.320  -36.187  45.996 0.0000000000
48508  -3.397  -36.146  48.538 0.0000000000
78575  -35.649  -8.705  33.763 0.0000000000
66715  -15.154  -20.288  37.582 0.0000000000
53403  -7.473  -31.656  49.065 0.0000000000
53388  -6.777  -32.140  50.129 0.0000000000
52143  -7.068  -32.925  49.548 0.0000000000
67837  -29.020  -19.708  34.870 0.0000000000
68929  -29.750  -19.087  36.693 0.0000000000
68934  -29.043  -19.128  35.853 0.0000000000
70093  -29.485  -18.536  36.371 0.0000000000
71333  -29.539  -17.865  36.198 0.0000000000
71320  -29.529  -17.959  37.023 0.0000000000
68905  -21.322  -16.979  36.626 0.0000000000
67809  -22.536  -17.452  35.957 0.0000000000
67810  -23.581  -18.307  35.731 0.0000000000
63134  -28.411  -21.057  38.256 0.0000000000
63158  -27.840  -21.219  37.536 0.0000000000
63159  -28.379  -21.222  37.265 0.0000000000
63183  -28.530  -21.455  35.899 0.0000000000
63182  -28.216  -21.461  36.183 0.0000000000
63204  -28.045  -21.504  35.090 0.0000000000
63227  -27.611  -21.631  34.179 0.0000000000
63228  -28.019  -21.597  34.147 0.0000000000
64422  -28.447  -21.453  34.199 0.0000000000
65634  -28.606  -21.276  33.511 0.0000000000
68812  -22.703  -17.733  42.675 0.0000000000
69984  -22.420  -17.082  42.964 0.0000000000
69996  -22.215  -17.067  42.235 0.0000000000
70010  -21.701  -16.340  40.859 0.0000000000
68885  -20.527  -16.893  37.513 0.0000000000
93619  -44.616  1.221  16.874 0.0000000000
79759  -31.758  -9.712  28.204 0.0000000000
79758  -31.189  -9.874  27.454 0.0000000000
84905  -32.526  -4.844  24.889 0.0000000000
84925  -33.513  -4.098  23.980 0.0000000000
90052  -41.666  -1.459  30.138 0.0000000000
90058  -40.901  -1.793  28.835 0.0000000000
86142  -42.823  -3.261  28.104 0.0000000000
63067  -12.307  -23.568  41.770 0.0000000000
61866  -11.357  -24.916  42.471 0.0000000000
63053  -12.018  -24.101  43.275 0.0000000000
61838  -10.841  -25.286  44.336 0.0000000000
61853  -10.919  -25.362  43.086 0.0000000000
59433  -10.622  -26.957  42.543 0.0000000000
58261  -10.636  -28.540  42.083 0.0000000000
57135  -10.153  -29.098  41.347 0.0000000000
67766  -29.912  -20.004  40.113 0.0000000000
67767  -29.875  -19.765  39.923 0.0000000000
67755  -29.967  -19.686  40.515 0.0000000000
71243  -31.197  -18.096  42.664 0.0000000000
71257  -31.016  -18.023  41.701 0.0000000000
72518  -31.219  -17.217  42.631 0.0000000000
67734  -24.641  -20.289  42.057 0.0000000000
66662  -25.935  -21.036  42.590 0.0000000000
66675  -25.715  -20.633  41.794 0.0000000000
65498  -26.207  -20.872  41.834 0.0000000000
65513  -26.075  -20.851  41.039 0.0000000000
65499  -26.511  -21.342  41.630 0.0000000000
65445  -28.634  -21.532  45.490 0.0000000000
66633  -28.182  -21.373  45.514 0.0000000000
65502  -28.563  -22.491  42.219 0.0000000000
64283  -27.606  -22.250  41.268 0.0000000000
64296  -28.504  -22.435  40.721 0.0000000000
64309  -28.147  -22.148  39.991 0.0000000000
64297  -29.127  -22.385  40.847 0.0000000000
66686  -29.910  -20.588  40.864 0.0000000000
65529  -29.606  -20.832  40.034 0.0000000000
66695  -29.737  -20.369  39.927 0.0000000000
65545  -29.689  -20.658  39.144 0.0000000000
67686  -24.808  -19.998  45.127 0.0000000000
67717  -24.025  -19.446  43.230 0.0000000000
87622  -41.647  -3.247  22.538 0.0000000000
88920  -41.133  -2.716  22.098 0.0000000000
88921  -42.033  -2.742  22.301 0.0000000000
91271  -42.868  -1.445  21.858 0.0000000000
91288  -42.998  -0.600  21.493 0.0000000000
91289  -44.055  -0.340  21.387 0.0000000000
90107  -46.386  -1.459  23.669 0.0000000000
90106  -45.813  -1.581  23.506 0.0000000000
91255  -46.099  -1.069  23.120 0.0000000000
91291  -46.146  0.324  21.483 0.0000000000
91303  -45.574  0.552  20.643 0.0000000000
92456  -45.036  0.333  20.260 0.0000000000
92465  -45.411  1.079  19.746 0.0000000000
92473  -44.844  1.344  19.025 0.0000000000
92466  -46.141  1.313  19.276 0.0000000000
91317  -47.733  1.363  18.819 0.0000000000
92475  -46.545  1.392  18.311 0.0000000000
92485  -47.373  1.387  16.613 0.0000000000
91320  -51.127  0.563  18.034 0.0000000000
91297  -51.512  -0.961  20.528 0.0000000000
77439  -30.342  -10.476  33.533 0.0000000000
77457  -31.207  -10.477  32.773 0.0000000000
77471  -31.304  -11.113  31.718 0.0000000000
77484  -32.014  -11.079  31.105 0.0000000000
77495  -32.301  -11.795  30.506 0.0000000000
78587  -34.564  -8.780  32.709 0.0000000000
78586  -33.785  -9.179  32.402 0.0000000000
79690  -34.145  -8.721  32.001 0.0000000000
79721  -33.329  -8.923  30.787 0.0000000000
79702  -33.174  -9.236  30.817 0.0000000000
79739  -32.504  -9.398  29.857 0.0000000000
79738  -32.158  -9.581  28.986 0.0000000000
80945  -32.609  -8.724  29.566 0.0000000000
83648  -32.860  -7.279  29.037 0.0000000000
83664  -33.436  -5.663  28.326 0.0000000000
84834  -35.800  -4.734  30.404 0.0000000000
86162  -35.540  -4.342  29.335 0.0000000000
86163  -36.228  -4.108  29.663 0.0000000000
86164  -37.033  -3.005  28.729 0.0000000000
87495  -39.559  -2.838  30.848 0.0000000000
87494  -38.906  -2.598  30.449 0.0000000000
90038  -40.989  -1.671  30.777 0.0000000000
68826  -14.882  -18.566  41.444 0.0000000000
67731  -14.456  -19.283  42.036 0.0000000000
67715  -14.650  -19.313  43.252 0.0000000000
66671  -14.118  -20.301  41.651 0.0000000000
65556  -14.571  -20.881  37.953 0.0000000000
66701  -14.403  -20.790  38.947 0.0000000000
65539  -14.079  -21.259  38.869 0.0000000000
64319  -13.185  -22.531  38.998 0.0000000000
64306  -13.497  -22.055  39.628 0.0000000000
65523  -13.633  -21.899  40.243 0.0000000000
64292  -12.684  -22.630  40.889 0.0000000000
52120  -3.783  -32.747  49.879 0.0000000000
71358  -28.485  -17.803  33.554 0.0000000000
73749  -27.627  -16.320  33.681 0.0000000000
74877  -27.120  -14.362  35.034 0.0000000000
76169  -26.803  -13.191  33.758 0.0000000000
70044  -29.784  -18.576  39.443 0.0000000000
70059  -29.851  -18.824  38.861 0.0000000000
71287  -29.904  -17.877  39.681 0.0000000000
73709  -30.269  -16.015  39.784 0.0000000000
72546  -29.960  -17.084  39.385 0.0000000000
73715  -29.705  -16.340  38.995 0.0000000000
73721  -29.255  -16.537  38.232 0.0000000000
74846  -28.627  -13.106  39.307 0.0000000000
74854  -28.411  -13.496  38.732 0.0000000000
74855  -28.823  -14.810  38.514 0.0000000000
74862  -27.885  -14.058  37.606 0.0000000000
76139  -28.044  -12.444  37.995 0.0000000000
77402  -32.217  -10.617  35.809 0.0000000000
77421  -32.641  -10.273  35.011 0.0000000000
77403  -32.719  -10.083  35.950 0.0000000000
76130  -33.462  -10.765  38.739 0.0000000000
76129  -32.862  -10.914  38.179 0.0000000000
76142  -34.035  -10.659  38.316 0.0000000000
77423  -34.132  -9.840  35.453 0.0000000000
67822  -21.062  -18.070  34.117 0.0000000000
67821  -19.704  -18.789  33.922 0.0000000000
66693  -24.897  -19.581  39.600 0.0000000000
67765  -24.476  -18.724  39.001 0.0000000000
66703  -25.041  -19.424  38.669 0.0000000000
66732  -25.549  -19.658  37.184 0.0000000000
66731  -24.824  -19.305  37.197 0.0000000000
66752  -24.888  -19.597  35.294 0.0000000000
66753  -25.401  -20.114  34.847 0.0000000000
64376  -27.023  -21.428  36.226 0.0000000000
64375  -26.792  -21.050  36.805 0.0000000000
64395  -26.499  -21.303  35.522 0.0000000000
72527  -17.555  -15.639  41.343 0.0000000000
71252  -16.814  -16.170  41.052 0.0000000000
70024  -20.004  -16.099  39.618 0.0000000000
71270  -19.211  -15.949  40.226 0.0000000000
70057  -17.900  -17.433  37.717 0.0000000000
70041  -18.061  -16.939  38.454 0.0000000000
70056  -17.377  -18.158  37.545 0.0000000000
70040  -17.104  -17.805  38.438 0.0000000000
67792  -16.377  -19.414  37.150 0.0000000000
91346  -49.145  0.668  16.250 0.0000000000
91362  -48.836  0.446  14.917 0.0000000000
91347  -49.888  0.235  16.081 0.0000000000
90198  -50.401  0.217  15.472 0.0000000000
90212  -49.895  0.081  15.176 0.0000000000
91378  -49.740  -0.029  13.850 0.0000000000
90224  -51.075  0.508  14.065 0.0000000000
91390  -51.449  0.480  13.690 0.0000000000
93644  -53.157  1.302  14.316 0.0000000000
94647  -54.227  2.028  15.474 0.0000000000
94653  -53.364  1.822  14.640 0.0000000000
95673  -53.599  2.886  15.528 0.0000000000
95674  -54.335  2.889  15.999 0.0000000000
53466  -7.124  -31.799  44.318 0.0000000000
52211  -6.633  -32.459  44.891 0.0000000000
77454  -28.102  -11.840  31.047 0.0000000000
77469  -29.440  -11.682  30.546 0.0000000000
86273  -37.874  -4.386  21.433 0.0000000000
86290  -38.285  -4.127  21.262 0.0000000000
84857  -33.838  -4.248  27.844 0.0000000000
84885  -35.056  -3.505  26.714 0.0000000000
84908  -36.274  -3.640  25.636 0.0000000000
84927  -36.488  -3.905  24.741 0.0000000000
84928  -36.961  -3.956  25.122 0.0000000000
87541  -40.502  -3.288  27.519 0.0000000000
87540  -39.555  -3.293  27.155 0.0000000000
86187  -40.075  -3.943  26.747 0.0000000000
83698  -40.136  -4.814  25.008 0.0000000000
84911  -39.305  -4.641  25.476 0.0000000000
83697  -39.057  -4.550  25.012 0.0000000000
83712  -38.554  -4.464  24.585 0.0000000000
83730  -38.993  -4.543  24.107 0.0000000000
83746  -38.283  -4.537  23.652 0.0000000000
83748  -39.980  -4.903  23.857 0.0000000000
86258  -40.129  -4.359  22.900 0.0000000000
87603  -40.604  -4.031  22.858 0.0000000000
86259  -41.254  -4.780  23.298 0.0000000000
86232  -43.340  -4.463  24.910 0.0000000000
86261  -43.168  -4.696  23.868 0.0000000000
87589  -43.415  -3.943  24.489 0.0000000000
86249  -43.832  -3.763  24.908 0.0000000000
55863  -9.291  -29.682  45.055 0.0000000000
55849  -9.298  -29.438  45.955 0.0000000000
54629  -8.651  -29.850  45.604 0.0000000000
54618  -8.604  -29.766  46.463 0.0000000000
54643  -8.126  -30.323  45.291 0.0000000000
54653  -8.175  -30.555  44.337 0.0000000000
53477  -7.482  -31.414  42.624 0.0000000000
53467  -7.569  -31.201  43.792 0.0000000000
52182  -6.631  -33.278  46.585 0.0000000000
52183  -7.219  -32.530  47.037 0.0000000000
49735  -5.512  -34.989  47.180 0.0000000000
49736  -5.900  -34.501  47.196 0.0000000000
49727  -5.639  -34.488  47.491 0.0000000000
50905  -5.369  -34.138  48.074 0.0000000000
47317  -4.245  -38.155  46.738 0.0000000000
47309  -4.532  -37.219  46.999 0.0000000000
48509  -4.012  -36.136  48.298 0.0000000000
48510  -4.293  -35.432  48.110 0.0000000000
50896  -4.681  -34.040  48.744 0.0000000000
49705  -4.312  -34.275  48.702 0.0000000000
49704  -4.064  -34.373  48.908 0.0000000000
49703  -3.956  -34.528  49.199 0.0000000000
49702  -3.858  -34.376  48.779 0.0000000000
50882  -3.754  -33.627  49.111 0.0000000000
52159  -7.418  -32.284  48.664 0.0000000000
67838  -29.165  -19.537  35.684 0.0000000000
64356  -29.057  -20.957  37.777 0.0000000000
64357  -29.219  -20.816  37.436 0.0000000000
64377  -28.951  -21.201  36.669 0.0000000000
64397  -28.778  -21.371  35.538 0.0000000000
64423  -28.873  -21.236  34.533 0.0000000000
64398  -29.027  -21.220  35.206 0.0000000000
66754  -29.367  -20.458  35.663 0.0000000000
68800  -23.438  -18.498  44.079 0.0000000000
68813  -23.206  -18.346  43.094 0.0000000000
68844  -22.850  -17.944  41.798 0.0000000000
68843  -22.549  -17.442  41.188 0.0000000000
68842  -21.963  -16.729  40.380 0.0000000000
68857  -22.459  -17.126  40.210 0.0000000000
93621  -45.978  1.229  16.151 0.0000000000
91376  -48.263  -0.309  13.533 0.0000000000
74885  -26.642  -14.447  32.797 0.0000000000
80964  -31.409  -8.613  27.219 0.0000000000
80989  -30.810  -9.095  26.167 0.0000000000
61877  -11.564  -24.852  41.285 0.0000000000
60679  -11.296  -25.615  41.572 0.0000000000
60666  -11.178  -25.530  42.168 0.0000000000
60665  -10.917  -26.030  42.172 0.0000000000
59443  -10.797  -26.925  41.276 0.0000000000
57148  -10.118  -29.264  40.111 0.0000000000
58291  -10.473  -28.619  39.726 0.0000000000
67745  -30.328  -19.770  41.236 0.0000000000
68845  -30.182  -19.365  41.016 0.0000000000
68829  -30.736  -19.366  41.657 0.0000000000
66629  -25.440  -20.475  44.303 0.0000000000
66647  -25.306  -20.541  43.298 0.0000000000
66648  -25.862  -21.133  43.707 0.0000000000
66663  -26.408  -21.351  43.211 0.0000000000
65472  -29.054  -21.998  44.216 0.0000000000
66651  -30.087  -21.373  43.939 0.0000000000
66664  -30.100  -21.476  43.348 0.0000000000
65504  -30.029  -21.658  42.200 0.0000000000
65516  -29.604  -21.899  41.028 0.0000000000
66676  -30.416  -20.957  41.830 0.0000000000
67744  -30.399  -20.276  41.521 0.0000000000
88904  -42.933  -2.468  23.389 0.0000000000
88922  -42.461  -2.644  22.706 0.0000000000
90104  -43.650  -1.640  23.258 0.0000000000
90120  -44.185  -1.244  22.700 0.0000000000
91257  -47.941  -0.473  22.965 0.0000000000
91305  -47.562  1.169  20.176 0.0000000000
91318  -48.944  1.012  18.632 0.0000000000
77458  -32.003  -10.259  33.228 0.0000000000
77473  -32.301  -9.959  32.873 0.0000000000
78584  -32.238  -9.802  31.968 0.0000000000
80889  -35.207  -7.825  32.171 0.0000000000
79704  -34.425  -8.494  31.787 0.0000000000
80905  -34.723  -8.179  31.558 0.0000000000
80904  -34.452  -8.280  30.944 0.0000000000
80924  -33.832  -8.487  30.543 0.0000000000
80923  -33.214  -8.396  30.161 0.0000000000
82301  -33.821  -7.755  29.974 0.0000000000
83638  -34.076  -6.914  30.272 0.0000000000
84813  -34.512  -6.055  29.706 0.0000000000
84814  -35.075  -5.701  30.256 0.0000000000
86140  -36.721  -4.327  31.040 0.0000000000
69982  -15.655  -16.826  43.144 0.0000000000
67740  -14.746  -19.207  41.017 0.0000000000
64334  -13.645  -21.928  37.951 0.0000000000
61903  -12.484  -24.222  38.951 0.0000000000
96739  -52.515  2.890  14.879 0.0000000000
95677  -52.476  2.534  14.263 0.0000000000
96730  -51.069  3.147  15.304 0.0000000000
50872  -4.506  -33.336  50.244 0.0000000000
71332  -29.222  -17.821  35.500 0.0000000000
73750  -27.705  -16.389  34.541 0.0000000000
74878  -28.110  -15.141  35.585 0.0000000000
72530  -31.010  -16.947  40.982 0.0000000000
74838  -30.056  -14.841  40.279 0.0000000000
77348  -29.260  -11.757  40.279 0.0000000000
77359  -28.992  -11.887  39.334 0.0000000000
77370  -29.050  -11.717  38.368 0.0000000000
77383  -30.648  -11.081  36.775 0.0000000000
77384  -31.806  -10.848  36.671 0.0000000000
76155  -34.616  -10.504  37.935 0.0000000000
66704  -25.854  -19.640  39.422 0.0000000000
65569  -26.271  -20.096  37.844 0.0000000000
65581  -26.071  -20.211  36.654 0.0000000000
72529  -19.078  -14.806  41.659 0.0000000000
68869  -19.832  -16.818  38.008 0.0000000000
70073  -18.535  -17.487  37.364 0.0000000000
70072  -17.931  -17.898  37.179 0.0000000000
68902  -17.740  -18.322  36.749 0.0000000000
68915  -17.507  -18.826  36.507 0.0000000000
67819  -17.498  -19.754  34.887 0.0000000000
91334  -50.695  0.469  16.773 0.0000000000
90180  -50.913  0.348  16.212 0.0000000000
90181  -51.397  0.104  16.081 0.0000000000
91350  -52.880  -1.172  16.358 0.0000000000
91366  -52.608  -0.523  15.424 0.0000000000
91380  -51.789  0.463  14.741 0.0000000000
92521  -53.117  0.972  14.822 0.0000000000
93637  -54.633  1.695  15.761 0.0000000000
52222  -6.477  -33.634  43.152 0.0000000000
77482  -30.635  -12.042  30.189 0.0000000000
84982  -35.768  -4.554  21.001 0.0000000000
84859  -36.403  -3.459  27.355 0.0000000000
84860  -36.973  -3.384  26.985 0.0000000000
84887  -37.558  -3.711  26.322 0.0000000000
86188  -41.266  -4.077  27.315 0.0000000000
86207  -40.050  -4.571  26.183 0.0000000000
84861  -40.784  -4.331  26.214 0.0000000000
83680  -40.440  -4.816  25.161 0.0000000000
83714  -40.333  -5.651  24.713 0.0000000000
83731  -40.045  -5.194  24.140 0.0000000000
83732  -40.536  -6.359  24.267 0.0000000000
83733  -41.631  -6.801  24.444 0.0000000000
84970  -41.700  -5.703  23.546 0.0000000000
83734  -42.356  -6.193  24.490 0.0000000000
84929  -42.716  -5.543  24.742 0.0000000000
84931  -43.347  -4.325  25.434 0.0000000000
58230  -10.735  -27.896  44.694 0.0000000000
58214  -10.508  -28.392  45.425 0.0000000000
57081  -10.055  -29.070  45.093 0.0000000000
54654  -8.708  -30.114  43.855 0.0000000000
54676  -7.921  -30.688  41.985 0.0000000000
50930  -5.881  -34.904  45.534 0.0000000000
49745  -5.741  -35.091  46.416 0.0000000000
45831  -4.012  -38.776  47.927 0.0000000000
47297  -4.013  -37.171  48.208 0.0000000000
49715  -3.791  -35.198  48.518 0.0000000000
48507  -3.028  -35.971  48.505 0.0000000000
66613  -30.762  -20.514  45.809 0.0000000000
87592  -46.060  -3.047  24.514 0.0000000000
88907  -45.731  -2.429  23.807 0.0000000000
88876  -46.708  -2.684  24.841 0.0000000000
88892  -47.129  -2.156  24.598 0.0000000000
91258  -48.845  -0.163  23.253 0.0000000000
91278  -50.284  0.829  22.093 0.0000000000
78563  -34.924  -9.850  34.562 0.0000000000
78573  -34.015  -9.787  33.401 0.0000000000
79681  -35.208  -8.576  33.157 0.0000000000
79692  -35.421  -8.276  33.003 0.0000000000
80890  -35.680  -7.958  32.915 0.0000000000
82263  -35.674  -7.366  32.412 0.0000000000
83630  -36.507  -6.107  32.048 0.0000000000
67762  -15.416  -19.257  38.846 0.0000000000
67774  -15.069  -19.674  38.502 0.0000000000
52125  -6.430  -32.692  50.675 0.0000000000
50887  -6.426  -33.404  50.147 0.0000000000
68944  -28.700  -19.292  34.186 0.0000000000
70101  -28.852  -18.596  35.145 0.0000000000
72563  -29.484  -17.166  36.702 0.0000000000
73728  -29.311  -16.506  37.372 0.0000000000
68927  -20.917  -17.693  35.011 0.0000000000
68928  -21.738  -17.458  34.953 0.0000000000
67836  -24.265  -19.082  33.759 0.0000000000
64338  -27.581  -21.135  38.612 0.0000000000
64354  -27.276  -20.637  37.937 0.0000000000
63180  -27.606  -21.291  36.889 0.0000000000
63202  -27.334  -21.537  35.639 0.0000000000
63226  -27.135  -21.681  34.034 0.0000000000
65611  -28.791  -21.243  34.193 0.0000000000
71242  -21.274  -14.989  41.843 0.0000000000
69995  -21.772  -16.206  41.659 0.0000000000
70009  -20.486  -15.718  40.282 0.0000000000
70043  -20.641  -16.465  39.320 0.0000000000
68856  -21.580  -16.706  39.621 0.0000000000
68904  -19.846  -17.495  36.642 0.0000000000
93611  -43.588  1.017  18.186 0.0000000000
91394  -49.425  -1.326  12.465 0.0000000000
91322  -51.681  -1.299  18.276 0.0000000000
91323  -52.703  -1.468  18.295 0.0000000000
92497  -55.139  0.576  16.487 0.0000000000
78630  -32.113  -10.675  29.044 0.0000000000
78646  -31.299  -11.276  27.714 0.0000000000
88826  -39.044  -1.811  29.094 0.0000000000
88836  -38.912  -2.710  27.781 0.0000000000
88838  -40.487  -2.421  28.197 0.0000000000
87529  -41.266  -3.482  27.985 0.0000000000
86165  -41.640  -3.992  27.915 0.0000000000
86166  -42.414  -3.638  27.873 0.0000000000
86189  -42.232  -4.144  27.095 0.0000000000
84835  -43.009  -3.682  27.240 0.0000000000
84864  -43.405  -3.877  26.804 0.0000000000
64272  -12.447  -23.629  42.982 0.0000000000
59422  -10.607  -27.171  43.893 0.0000000000
58245  -10.516  -28.582  43.170 0.0000000000
55902  -9.117  -29.776  42.370 0.0000000000
55914  -9.620  -29.459  41.826 0.0000000000
44302  -3.131  -39.482  48.606 0.0000000000
66719  -30.161  -20.260  38.316 0.0000000000
67796  -30.327  -19.779  38.123 0.0000000000
67779  -30.112  -19.840  38.977 0.0000000000
68872  -29.813  -19.182  39.677 0.0000000000
70026  -29.905  -18.246  40.092 0.0000000000
70012  -30.395  -18.802  41.159 0.0000000000
71272  -30.355  -18.144  40.841 0.0000000000
71256  -30.805  -17.606  41.133 0.0000000000
71219  -31.261  -17.527  44.592 0.0000000000
67743  -24.100  -19.179  41.031 0.0000000000
66683  -24.705  -19.850  40.482 0.0000000000
66684  -25.321  -20.603  40.881 0.0000000000
65525  -26.016  -20.605  40.595 0.0000000000
65526  -25.993  -21.434  40.185 0.0000000000
65527  -26.276  -22.196  39.767 0.0000000000
66632  -27.616  -21.295  45.121 0.0000000000
66650  -27.273  -21.473  44.455 0.0000000000
65470  -27.474  -21.784  43.693 0.0000000000
65471  -28.280  -21.980  43.923 0.0000000000
65486  -28.095  -22.076  42.960 0.0000000000
65485  -27.368  -21.836  42.661 0.0000000000
65500  -27.094  -21.998  41.559 0.0000000000
64307  -26.791  -22.478  40.180 0.0000000000
64322  -26.906  -21.962  39.307 0.0000000000
64323  -27.839  -21.649  39.252 0.0000000000
64324  -28.428  -21.599  39.421 0.0000000000
64325  -28.866  -21.319  39.205 0.0000000000
65528  -29.402  -21.296  40.109 0.0000000000
64326  -29.181  -21.164  39.252 0.0000000000
65559  -29.654  -20.748  38.628 0.0000000000
65560  -30.082  -20.532  38.447 0.0000000000
67700  -23.637  -18.893  44.034 0.0000000000
67716  -23.575  -18.913  43.583 0.0000000000
88919  -39.954  -2.573  21.906 0.0000000000
88936  -39.162  -2.294  21.397 0.0000000000
90132  -40.639  -1.584  21.422 0.0000000000
91270  -42.327  -1.774  21.744 0.0000000000
92452  -41.437  -0.559  20.989 0.0000000000
90121  -45.052  -1.129  22.883 0.0000000000
91273  -44.668  -0.744  22.117 0.0000000000
92455  -44.339  0.214  20.570 0.0000000000
92463  -43.771  0.735  20.194 0.0000000000
93605  -43.457  0.963  19.291 0.0000000000
93606  -44.204  1.186  18.871 0.0000000000
93613  -45.236  1.481  17.504 0.0000000000
92483  -45.870  1.463  17.570 0.0000000000
92484  -46.419  1.403  16.941 0.0000000000
92495  -47.573  1.075  15.499 0.0000000000
91310  -51.635  -1.174  19.363 0.0000000000
78597  -32.874  -9.550  31.126 0.0000000000
82330  -31.737  -7.824  27.733 0.0000000000
84832  -34.909  -4.652  29.478 0.0000000000
86182  -35.400  -4.209  28.969 0.0000000000
84805  -36.836  -5.105  31.767 0.0000000000
86123  -37.010  -4.508  31.599 0.0000000000
86124  -37.612  -4.298  31.546 0.0000000000
86107  -40.006  -4.030  31.666 0.0000000000
86125  -38.586  -3.727  31.081 0.0000000000
87493  -37.987  -3.226  30.417 0.0000000000
87511  -38.291  -2.445  29.634 0.0000000000
90051  -40.782  -1.211  29.796 0.0000000000
67761  -15.120  -19.568  39.332 0.0000000000
66692  -14.584  -20.042  39.772 0.0000000000
66682  -14.417  -19.810  40.664 0.0000000000
64320  -13.546  -21.866  38.978 0.0000000000
65524  -14.092  -21.528  39.799 0.0000000000
66681  -14.270  -20.649  40.366 0.0000000000
65497  -13.620  -21.348  42.056 0.0000000000
65496  -12.725  -21.859  41.686 0.0000000000
63081  -12.497  -23.486  41.056 0.0000000000
63093  -12.421  -24.130  40.443 0.0000000000
61890  -12.348  -24.321  39.714 0.0000000000
61889  -11.739  -24.737  40.071 0.0000000000
97779  -51.728  4.340  16.909 0.0000000000
97778  -50.450  4.144  16.288 0.0000000000
77417  -28.112  -11.796  34.197 0.0000000000
68906  -30.208  -19.261  38.051 0.0000000000
70074  -29.890  -18.751  38.060 0.0000000000
71309  -29.424  -18.141  37.945 0.0000000000
73720  -29.159  -15.737  37.870 0.0000000000
77442  -33.298  -10.283  34.271 0.0000000000
76140  -33.049  -10.977  37.382 0.0000000000
76152  -33.164  -10.823  36.935 0.0000000000
76154  -33.970  -10.561  37.545 0.0000000000
77387  -33.803  -10.280  36.801 0.0000000000
77386  -33.210  -10.416  36.612 0.0000000000
77443  -34.047  -10.083  34.758 0.0000000000
66717  -25.132  -19.409  37.865 0.0000000000
67795  -24.340  -18.794  36.620 0.0000000000
67811  -24.359  -18.976  35.562 0.0000000000
67825  -24.461  -19.190  34.709 0.0000000000
65592  -25.825  -20.515  35.499 0.0000000000
65593  -26.045  -21.082  34.937 0.0000000000
66764  -25.332  -20.324  33.704 0.0000000000
71240  -16.020  -16.034  42.290 0.0000000000
70023  -16.766  -17.875  39.609 0.0000000000
71254  -19.452  -15.197  40.809 0.0000000000
71269  -18.038  -16.215  40.103 0.0000000000
71285  -18.127  -16.589  39.281 0.0000000000
68868  -16.017  -18.670  38.982 0.0000000000
67775  -15.588  -19.245  37.945 0.0000000000
91387  -49.805  -0.554  13.392 0.0000000000
90151  -51.495  -0.904  17.366 0.0000000000
90164  -51.646  -0.669  16.753 0.0000000000
90182  -51.578  -0.189  16.238 0.0000000000
90200  -51.389  0.066  15.922 0.0000000000
90213  -50.599  0.334  14.974 0.0000000000
90223  -50.190  0.204  14.376 0.0000000000
91396  -50.677  -0.857  12.633 0.0000000000
91397  -51.322  -0.520  12.714 0.0000000000
91398  -51.746  0.051  12.490 0.0000000000
94661  -52.768  1.674  13.450 0.0000000000
94652  -53.100  2.083  14.118 0.0000000000
95678  -53.092  2.505  14.767 0.0000000000
96724  -53.209  3.712  16.602 0.0000000000
53442  -7.604  -30.846  45.903 0.0000000000
53441  -7.299  -31.638  46.511 0.0000000000
52197  -6.226  -33.256  45.503 0.0000000000
50946  -5.863  -34.316  44.845 0.0000000000
77526  -30.915  -11.933  27.818 0.0000000000
87619  -38.868  -3.605  21.954 0.0000000000
87539  -38.756  -3.111  27.398 0.0000000000
86205  -38.312  -3.831  26.549 0.0000000000
84888  -38.711  -4.467  26.056 0.0000000000
84889  -39.592  -4.754  25.845 0.0000000000
84910  -38.376  -4.359  25.559 0.0000000000
83711  -37.508  -4.203  24.781 0.0000000000
83728  -37.126  -4.179  24.385 0.0000000000
84948  -37.526  -4.449  23.654 0.0000000000
84967  -38.588  -4.459  23.165 0.0000000000
84985  -38.777  -4.312  22.801 0.0000000000
86257  -39.542  -4.214  22.763 0.0000000000
86275  -39.540  -4.073  22.552 0.0000000000
87620  -39.583  -3.603  22.362 0.0000000000
86260  -42.628  -5.092  23.642 0.0000000000
87590  -43.976  -3.414  24.463 0.0000000000
87591  -45.138  -3.197  24.731 0.0000000000
54617  -8.105  -30.206  47.033 0.0000000000
54604  -8.655  -29.692  47.255 0.0000000000
54677  -8.636  -30.243  41.934 0.0000000000
52173  -7.522  -32.553  47.970 0.0000000000
50918  -6.262  -33.927  47.072 0.0000000000
52158  -7.036  -33.048  48.683 0.0000000000
50898  -6.448  -33.524  49.434 0.0000000000
48527  -4.971  -36.713  46.611 0.0000000000
48520  -5.157  -35.336  47.309 0.0000000000
49725  -4.863  -34.913  47.839 0.0000000000
49718  -4.996  -34.358  48.020 0.0000000000
50870  -3.851  -33.306  49.557 0.0000000000
44301  -2.500  -39.472  48.772 0.0000000000
45822  -2.239  -38.779  48.694 0.0000000000
45830  -2.272  -38.309  48.705 0.0000000000
47306  -2.305  -37.807  48.647 0.0000000000
47294  -2.585  -36.533  48.446 0.0000000000
48506  -2.689  -36.029  48.245 0.0000000000
47307  -3.844  -37.901  48.155 0.0000000000
49701  -3.825  -34.140  48.631 0.0000000000
50874  -5.564  -33.339  50.800 0.0000000000
52132  -6.330  -33.168  50.486 0.0000000000
52134  -6.914  -32.356  49.783 0.0000000000
55864  -9.656  -29.422  45.256 0.0000000000
57063  -9.463  -29.192  46.563 0.0000000000
63112  -27.852  -21.393  39.064 0.0000000000
63113  -28.033  -21.429  39.167 0.0000000000
63114  -28.620  -21.189  38.835 0.0000000000
63132  -27.879  -21.156  38.534 0.0000000000
63133  -27.969  -21.362  38.736 0.0000000000
63157  -27.855  -21.067  37.947 0.0000000000
63229  -28.256  -21.508  34.400 0.0000000000
64280  -12.413  -23.378  42.430 0.0000000000
64282  -27.302  -22.173  41.199 0.0000000000
64284  -28.223  -22.479  41.396 0.0000000000
64285  -28.811  -22.676  41.457 0.0000000000
64293  -26.822  -22.323  40.573 0.0000000000
64294  -27.152  -22.306  40.803 0.0000000000
64295  -27.870  -22.361  40.673 0.0000000000
64311  -29.099  -21.664  40.109 0.0000000000
64337  -26.991  -21.239  38.884 0.0000000000
64340  -29.068  -20.973  38.463 0.0000000000
64341  -29.383  -20.795  38.410 0.0000000000
64421  -27.978  -21.723  33.925 0.0000000000
65446  -28.926  -21.532  45.724 0.0000000000
65469  -26.895  -21.645  43.214 0.0000000000
65473  -29.561  -21.500  44.442 0.0000000000
65483  -26.382  -21.101  42.125 0.0000000000
65488  -29.684  -21.800  43.311 0.0000000000
65489  -30.102  -21.552  43.003 0.0000000000
65515  -26.928  -22.134  41.044 0.0000000000
65540  -14.387  -20.870  38.573 0.0000000000
65543  -26.441  -22.051  39.336 0.0000000000
65555  -14.158  -21.230  38.192 0.0000000000
65594  -29.332  -20.765  36.068 0.0000000000
66610  -28.495  -21.295  46.071 0.0000000000
66649  -26.645  -21.471  44.017 0.0000000000
66674  -25.052  -20.774  41.625 0.0000000000
66685  -25.530  -20.634  41.318 0.0000000000
66766  -29.276  -19.779  35.635 0.0000000000
67702  -24.723  -19.917  43.873 0.0000000000
67780  -29.989  -19.447  39.192 0.0000000000
68802  -30.600  -19.737  44.358 0.0000000000
68827  -22.514  -17.648  41.986 0.0000000000
68840  -15.388  -18.773  40.584 0.0000000000
68858  -29.909  -19.223  40.419 0.0000000000
68888  -29.968  -19.226  39.192 0.0000000000
70007  -15.463  -18.228  41.004 0.0000000000
70045  -29.785  -18.837  39.583 0.0000000000
70060  -29.925  -18.880  38.960 0.0000000000
70071  -17.560  -18.304  37.117 0.0000000000
70102  -29.165  -18.637  35.825 0.0000000000
73735  -29.659  -16.317  36.611 0.0000000000
76115  -28.784  -12.536  39.693 0.0000000000
76141  -33.489  -10.841  37.892 0.0000000000
76143  -34.666  -10.565  38.630 0.0000000000
76156  -35.049  -10.470  38.259 0.0000000000
77404  -33.474  -9.763  36.104 0.0000000000
78561  -33.600  -10.326  33.961 0.0000000000
78610  -32.345  -11.746  29.651 0.0000000000
82283  -34.774  -7.941  31.104 0.0000000000
82329  -31.491  -8.062  27.233 0.0000000000
83681  -40.755  -4.840  25.140 0.0000000000
83695  -37.724  -4.175  25.067 0.0000000000
83700  -41.656  -5.486  25.266 0.0000000000
83717  -42.613  -5.129  25.051 0.0000000000
84912  -39.866  -4.755  25.432 0.0000000000
84930  -43.129  -4.744  24.975 0.0000000000
84950  -41.081  -6.290  23.705 0.0000000000
84951  -42.089  -6.316  23.885 0.0000000000
84953  -43.095  -5.278  24.603 0.0000000000
84971  -42.370  -5.809  23.752 0.0000000000
86143  -43.256  -3.296  28.373 0.0000000000
86161  -35.283  -4.352  29.298 0.0000000000
86186  -38.976  -3.616  26.814 0.0000000000
86247  -43.141  -5.352  23.961 0.0000000000
86248  -43.326  -4.739  24.418 0.0000000000
87476  -40.084  -3.120  31.263 0.0000000000
87528  -40.772  -3.118  27.899 0.0000000000
88828  -41.911  -2.415  28.674 0.0000000000
88837  -39.409  -2.272  27.959 0.0000000000
88839  -41.511  -2.706  28.283 0.0000000000
88845  -39.235  -3.083  27.490 0.0000000000
88847  -40.057  -2.668  27.708 0.0000000000
90065  -41.097  -2.274  28.419 0.0000000000
90095  -46.309  -1.779  23.824 0.0000000000
90096  -46.823  -1.547  24.011 0.0000000000
90115  -40.014  -2.170  21.571 0.0000000000
90116  -40.503  -2.122  21.717 0.0000000000
90118  -42.656  -2.169  22.282 0.0000000000
90119  -43.319  -1.525  22.490 0.0000000000
90179  -50.369  0.242  16.048 0.0000000000
91243  -47.396  -1.029  23.833 0.0000000000
91256  -46.711  -1.056  23.236 0.0000000000
91348  -50.498  0.317  16.246 0.0000000000
92435  -48.467  -0.196  22.823 0.0000000000
92436  -48.665  0.055  22.648 0.0000000000
92519  -48.121  -0.101  13.858 0.0000000000
93653  -52.991  1.397  13.795 0.0000000000
