#!ascii label  , from subject 3219 vox2ras=TkReg
328
38720  52.085  -36.761  -11.747 0.0000000000
32315  52.832  -41.813  -18.931 0.0000000000
32153  53.331  -41.369  -10.286 0.0000000000
33625  55.735  -40.182  -13.777 0.0000000000
26522  56.086  -44.333  -13.930 0.0000000000
27794  56.298  -44.028  -11.169 0.0000000000
23650  54.746  -47.184  -12.693 0.0000000000
30764  53.202  -43.026  -14.279 0.0000000000
35000  51.877  -39.042  -14.788 0.0000000000
36212  53.084  -38.684  -10.392 0.0000000000
34931  56.112  -39.967  -11.549 0.0000000000
30738  56.271  -42.663  -12.994 0.0000000000
30812  55.944  -42.594  -16.588 0.0000000000
30859  57.813  -42.800  -18.364 0.0000000000
39976  48.691  -35.219  -10.558 0.0000000000
37453  50.337  -37.821  -9.732 0.0000000000
33527  50.270  -40.841  -8.975 0.0000000000
36291  55.632  -38.483  -16.435 0.0000000000
26448  54.009  -45.818  -11.337 0.0000000000
30816  51.967  -43.347  -16.203 0.0000000000
30795  50.742  -41.981  -15.048 0.0000000000
34902  53.532  -40.010  -10.268 0.0000000000
33548  54.924  -40.813  -10.839 0.0000000000
26444  56.938  -44.851  -12.412 0.0000000000
30706  56.895  -43.027  -11.926 0.0000000000
29260  57.140  -44.247  -13.530 0.0000000000
29286  55.828  -43.404  -14.564 0.0000000000
29306  56.134  -43.771  -15.039 0.0000000000
33683  57.762  -41.100  -19.202 0.0000000000
36187  48.818  -38.816  -8.595 0.0000000000
36200  50.565  -38.940  -9.466 0.0000000000
34885  48.760  -39.965  -7.992 0.0000000000
36246  55.841  -39.144  -13.724 0.0000000000
34995  55.858  -39.079  -15.410 0.0000000000
36262  50.482  -38.363  -14.686 0.0000000000
36295  52.131  -37.861  -16.172 0.0000000000
29206  52.744  -43.366  -10.187 0.0000000000
30694  54.985  -42.633  -10.710 0.0000000000
26424  54.341  -44.972  -11.067 0.0000000000
25060  55.850  -46.134  -11.840 0.0000000000
25111  55.729  -45.846  -13.344 0.0000000000
32219  53.727  -41.745  -13.370 0.0000000000
33627  54.191  -40.358  -14.245 0.0000000000
33609  51.869  -40.757  -13.706 0.0000000000
33631  49.715  -39.992  -14.505 0.0000000000
33702  52.574  -40.485  -19.837 0.0000000000
38710  52.730  -37.340  -11.260 0.0000000000
36219  56.296  -38.976  -11.872 0.0000000000
36230  56.583  -39.791  -12.813 0.0000000000
32166  56.202  -42.045  -11.165 0.0000000000
33585  56.926  -41.005  -12.454 0.0000000000
32217  55.537  -41.701  -13.214 0.0000000000
29265  54.550  -43.178  -13.696 0.0000000000
30792  54.709  -43.198  -15.642 0.0000000000
30842  54.700  -42.629  -17.764 0.0000000000
27921  56.318  -44.005  -16.663 0.0000000000
30839  57.029  -42.129  -17.144 0.0000000000
32312  55.835  -41.451  -18.493 0.0000000000
32326  54.160  -41.376  -19.473 0.0000000000
41342  49.873  -34.949  -11.995 0.0000000000
39973  50.659  -35.995  -11.413 0.0000000000
38714  49.680  -36.209  -10.026 0.0000000000
37465  51.138  -37.511  -10.483 0.0000000000
37452  51.270  -38.346  -10.023 0.0000000000
34904  51.846  -39.911  -9.696 0.0000000000
33525  52.220  -40.733  -9.787 0.0000000000
32137  50.069  -41.572  -8.727 0.0000000000
30682  51.495  -42.530  -9.697 0.0000000000
36279  53.428  -38.938  -15.876 0.0000000000
39989  52.353  -36.250  -12.423 0.0000000000
41339  52.594  -36.138  -12.280 0.0000000000
39988  53.427  -36.144  -12.162 0.0000000000
30844  52.396  -43.108  -17.408 0.0000000000
30845  51.436  -42.841  -17.174 0.0000000000
33523  53.658  -40.729  -10.340 0.0000000000
34901  53.894  -40.321  -10.493 0.0000000000
32152  53.893  -41.301  -10.365 0.0000000000
26470  57.708  -45.061  -13.630 0.0000000000
27840  57.344  -44.825  -13.399 0.0000000000
27861  57.325  -44.579  -13.571 0.0000000000
29284  56.970  -43.922  -13.989 0.0000000000
27886  56.586  -44.129  -13.883 0.0000000000
35072  56.752  -40.759  -21.290 0.0000000000
34966  56.172  -39.923  -13.732 0.0000000000
34976  55.543  -39.331  -14.552 0.0000000000
37526  50.657  -37.192  -15.329 0.0000000000
27797  53.846  -44.193  -10.752 0.0000000000
26425  53.355  -44.924  -11.089 0.0000000000
23625  54.187  -47.152  -12.237 0.0000000000
25061  54.741  -46.774  -11.793 0.0000000000
25086  54.994  -47.203  -12.146 0.0000000000
25084  55.763  -46.190  -12.821 0.0000000000
23649  55.291  -46.774  -13.115 0.0000000000
30742  53.043  -42.372  -13.653 0.0000000000
32220  52.870  -41.593  -13.431 0.0000000000
30743  52.336  -42.124  -13.702 0.0000000000
32241  50.453  -40.825  -14.259 0.0000000000
34982  49.948  -38.923  -14.500 0.0000000000
37463  53.485  -38.078  -10.896 0.0000000000
37471  53.618  -37.276  -11.470 0.0000000000
37462  54.144  -38.450  -10.949 0.0000000000
36218  56.675  -39.621  -12.374 0.0000000000
34930  56.609  -40.000  -11.983 0.0000000000
29203  55.477  -43.501  -10.822 0.0000000000
30693  55.895  -42.686  -11.019 0.0000000000
29202  56.295  -43.546  -11.162 0.0000000000
30720  56.818  -42.805  -12.485 0.0000000000
32179  57.119  -41.777  -11.883 0.0000000000
32198  56.818  -41.870  -12.540 0.0000000000
32215  56.773  -41.334  -12.686 0.0000000000
32216  56.344  -41.705  -12.886 0.0000000000
30740  54.932  -42.530  -13.339 0.0000000000
29263  55.759  -43.147  -13.666 0.0000000000
30790  55.686  -42.748  -15.846 0.0000000000
29309  54.966  -43.174  -15.098 0.0000000000
30791  55.076  -42.891  -15.770 0.0000000000
30814  54.401  -43.226  -16.427 0.0000000000
30813  55.265  -42.723  -16.655 0.0000000000
28000  55.362  -44.329  -20.161 0.0000000000
30872  57.100  -42.805  -18.956 0.0000000000
27977  56.494  -43.854  -18.468 0.0000000000
29362  56.851  -43.321  -18.214 0.0000000000
29345  56.793  -43.200  -17.544 0.0000000000
29324  56.431  -43.286  -16.520 0.0000000000
30838  57.583  -42.361  -17.492 0.0000000000
33698  56.430  -40.465  -19.853 0.0000000000
32311  56.887  -41.371  -18.504 0.0000000000
33685  56.253  -40.908  -19.175 0.0000000000
32325  55.113  -41.178  -19.349 0.0000000000
33699  55.520  -40.328  -19.741 0.0000000000
41343  49.446  -34.792  -11.726 0.0000000000
41325  49.756  -35.197  -11.350 0.0000000000
41324  50.368  -35.530  -11.687 0.0000000000
39974  50.243  -35.814  -11.017 0.0000000000
37454  49.096  -37.799  -9.367 0.0000000000
38696  49.021  -36.374  -9.752 0.0000000000
38695  49.818  -36.878  -9.878 0.0000000000
37466  50.465  -36.994  -10.296 0.0000000000
34906  49.678  -39.852  -8.851 0.0000000000
36199  51.471  -39.133  -9.787 0.0000000000
34905  50.938  -39.879  -9.189 0.0000000000
33526  51.259  -40.804  -9.510 0.0000000000
30669  49.414  -42.403  -8.728 0.0000000000
30668  50.084  -42.219  -8.909 0.0000000000
32156  50.803  -41.804  -9.231 0.0000000000
34979  52.979  -39.658  -14.633 0.0000000000
34978  53.898  -39.807  -14.866 0.0000000000
34999  52.561  -39.116  -15.062 0.0000000000
37544  53.425  -37.921  -16.855 0.0000000000
30793  52.648  -43.149  -15.201 0.0000000000
30794  51.691  -42.749  -15.138 0.0000000000
36197  53.266  -39.322  -10.197 0.0000000000
36211  53.865  -38.936  -10.498 0.0000000000
34919  54.243  -39.885  -10.654 0.0000000000
33567  55.861  -40.935  -11.334 0.0000000000
27818  56.527  -44.369  -11.407 0.0000000000
29222  56.743  -43.501  -11.516 0.0000000000
29221  57.085  -43.964  -11.930 0.0000000000
29240  57.005  -43.713  -12.563 0.0000000000
29261  56.749  -43.767  -13.275 0.0000000000
29262  56.161  -43.435  -13.527 0.0000000000
29285  56.139  -43.817  -14.415 0.0000000000
30762  56.141  -43.214  -15.106 0.0000000000
30789  56.154  -42.883  -15.778 0.0000000000
32309  58.058  -41.691  -18.620 0.0000000000
33696  57.962  -41.088  -19.761 0.0000000000
35044  58.009  -40.170  -20.141 0.0000000000
36201  49.716  -38.619  -9.146 0.0000000000
36277  55.928  -38.880  -15.297 0.0000000000
34996  55.441  -39.165  -15.707 0.0000000000
36261  51.152  -38.399  -14.763 0.0000000000
36281  51.876  -38.481  -15.379 0.0000000000
37505  51.036  -37.864  -15.044 0.0000000000
37525  51.524  -37.439  -15.890 0.0000000000
30696  53.447  -42.595  -10.193 0.0000000000
30679  53.723  -41.956  -10.312 0.0000000000
30695  54.095  -42.628  -10.373 0.0000000000
29204  54.480  -43.484  -10.572 0.0000000000
27796  55.004  -44.494  -10.914 0.0000000000
26447  55.091  -45.364  -11.255 0.0000000000
26446  56.029  -45.245  -11.443 0.0000000000
26445  56.706  -45.361  -12.010 0.0000000000
25083  56.346  -45.431  -13.087 0.0000000000
33605  55.296  -40.939  -13.510 0.0000000000
33626  54.985  -40.060  -13.861 0.0000000000
33607  53.545  -40.955  -13.704 0.0000000000
33628  53.296  -40.299  -14.175 0.0000000000
33629  52.364  -40.155  -13.993 0.0000000000
32240  51.154  -41.281  -14.045 0.0000000000
33630  51.189  -40.153  -13.879 0.0000000000
34981  51.054  -39.027  -14.383 0.0000000000
36263  49.568  -38.238  -14.709 0.0000000000
32328  52.401  -41.121  -19.415 0.0000000000
38719  53.092  -36.723  -11.901 0.0000000000
36245  56.384  -39.673  -13.252 0.0000000000
34965  56.496  -40.210  -13.158 0.0000000000
30707  56.614  -42.599  -11.396 0.0000000000
33565  57.045  -40.705  -12.006 0.0000000000
33603  56.571  -40.897  -12.861 0.0000000000
33604  56.109  -40.766  -13.297 0.0000000000
32218  54.637  -41.784  -13.285 0.0000000000
30741  53.933  -42.731  -13.441 0.0000000000
29289  53.951  -43.511  -14.219 0.0000000000
29287  55.376  -43.276  -14.421 0.0000000000
29288  54.756  -43.442  -14.361 0.0000000000
29311  53.470  -43.449  -15.122 0.0000000000
30815  53.246  -43.496  -16.258 0.0000000000
30843  53.579  -42.835  -17.777 0.0000000000
30862  53.199  -42.274  -18.442 0.0000000000
23691  55.391  -46.017  -14.203 0.0000000000
27979  55.740  -44.283  -19.361 0.0000000000
26568  55.808  -45.067  -16.006 0.0000000000
26548  55.815  -44.713  -15.088 0.0000000000
27906  56.053  -44.068  -15.298 0.0000000000
30840  56.353  -42.167  -17.164 0.0000000000
32297  58.069  -41.576  -17.914 0.0000000000
32299  56.684  -41.652  -17.705 0.0000000000
30841  55.619  -42.159  -17.545 0.0000000000
30861  55.167  -42.223  -18.049 0.0000000000
32313  54.824  -41.982  -18.603 0.0000000000
32314  53.766  -41.962  -18.590 0.0000000000
33701  53.558  -40.593  -19.961 0.0000000000
42661  49.807  -34.522  -12.669 0.0000000000
42648  50.011  -34.747  -12.469 0.0000000000
42647  50.406  -34.708  -12.708 0.0000000000
41341  50.478  -35.259  -12.389 0.0000000000
39990  51.175  -36.145  -11.932 0.0000000000
38697  47.982  -36.489  -9.722 0.0000000000
39975  49.492  -35.603  -10.492 0.0000000000
38713  50.149  -36.282  -10.384 0.0000000000
38712  50.860  -36.576  -11.025 0.0000000000
38721  51.469  -36.658  -11.464 0.0000000000
38711  51.744  -37.179  -11.110 0.0000000000
37464  52.219  -38.124  -10.569 0.0000000000
37451  51.850  -38.646  -10.096 0.0000000000
36198  52.389  -39.065  -10.028 0.0000000000
34903  52.754  -39.927  -9.896 0.0000000000
32154  52.608  -41.471  -10.044 0.0000000000
32155  51.744  -41.623  -9.762 0.0000000000
30681  52.284  -42.308  -10.064 0.0000000000
34977  54.774  -39.575  -14.773 0.0000000000
34997  54.482  -39.272  -15.474 0.0000000000
35012  54.751  -39.037  -16.139 0.0000000000
36280  52.941  -38.925  -15.832 0.0000000000
36293  53.829  -38.674  -16.245 0.0000000000
23624  54.565  -47.212  -12.153 0.0000000000
23648  55.402  -46.538  -13.217 0.0000000000
23667  55.465  -45.864  -13.685 0.0000000000
25059  56.294  -45.922  -12.277 0.0000000000
25062  53.688  -46.654  -11.838 0.0000000000
25085  55.352  -46.879  -12.346 0.0000000000
25109  56.235  -45.042  -13.637 0.0000000000
26423  54.801  -44.955  -11.079 0.0000000000
26471  56.924  -44.965  -12.974 0.0000000000
26472  56.448  -45.604  -12.585 0.0000000000
26497  57.133  -44.756  -13.695 0.0000000000
26498  56.944  -44.855  -13.403 0.0000000000
26549  55.786  -45.074  -15.270 0.0000000000
26567  56.006  -44.514  -15.984 0.0000000000
27795  55.941  -44.118  -11.048 0.0000000000
27817  57.005  -44.641  -12.032 0.0000000000
27819  55.682  -44.762  -11.151 0.0000000000
27820  55.269  -44.881  -11.103 0.0000000000
27841  57.068  -44.467  -12.797 0.0000000000
27862  57.070  -44.230  -13.200 0.0000000000
27957  56.549  -43.919  -18.227 0.0000000000
27978  56.212  -44.149  -18.605 0.0000000000
29186  52.863  -42.848  -10.077 0.0000000000
29205  53.439  -43.337  -10.272 0.0000000000
29264  55.200  -43.049  -13.738 0.0000000000
29307  56.247  -43.317  -15.468 0.0000000000
29308  55.520  -42.943  -15.132 0.0000000000
29310  54.274  -43.548  -15.298 0.0000000000
29325  56.321  -43.360  -15.909 0.0000000000
29326  53.919  -43.580  -15.940 0.0000000000
29327  53.707  -43.598  -15.645 0.0000000000
29373  56.571  -43.496  -18.726 0.0000000000
30680  53.042  -42.110  -10.246 0.0000000000
30721  56.665  -42.498  -12.691 0.0000000000
30737  56.572  -43.049  -12.933 0.0000000000
30739  55.694  -42.488  -13.225 0.0000000000
30763  55.971  -42.903  -15.248 0.0000000000
30765  52.418  -42.606  -14.346 0.0000000000
30766  51.669  -42.109  -14.230 0.0000000000
30810  56.822  -42.670  -17.064 0.0000000000
30811  56.373  -42.861  -16.526 0.0000000000
30860  55.369  -41.934  -18.167 0.0000000000
30863  52.590  -42.492  -18.401 0.0000000000
32180  56.531  -41.612  -11.393 0.0000000000
32181  56.071  -41.593  -11.223 0.0000000000
32199  56.589  -42.174  -12.742 0.0000000000
32221  52.024  -41.477  -13.597 0.0000000000
32262  50.588  -41.333  -14.566 0.0000000000
32298  57.500  -41.599  -17.750 0.0000000000
32300  56.139  -41.760  -17.648 0.0000000000
32301  54.320  -42.253  -18.270 0.0000000000
32302  54.096  -42.408  -18.119 0.0000000000
32310  57.747  -41.243  -18.477 0.0000000000
32324  55.591  -40.958  -19.212 0.0000000000
32327  53.218  -41.201  -19.388 0.0000000000
33524  53.030  -40.688  -10.092 0.0000000000
33549  54.192  -40.774  -10.523 0.0000000000
33566  56.650  -40.812  -11.661 0.0000000000
33606  54.417  -40.994  -13.655 0.0000000000
33608  52.674  -40.827  -13.641 0.0000000000
33684  57.032  -41.207  -19.371 0.0000000000
33686  55.821  -40.879  -19.153 0.0000000000
33697  57.515  -40.681  -19.952 0.0000000000
33709  57.340  -41.177  -20.368 0.0000000000
33710  57.626  -40.242  -20.411 0.0000000000
34920  53.732  -39.499  -10.390 0.0000000000
34929  56.718  -40.266  -12.331 0.0000000000
34948  56.630  -40.344  -12.710 0.0000000000
34980  52.027  -39.491  -14.383 0.0000000000
34998  53.561  -39.142  -15.465 0.0000000000
35011  55.298  -38.901  -16.343 0.0000000000
35013  54.193  -39.033  -15.836 0.0000000000
35043  58.150  -40.415  -19.988 0.0000000000
35055  57.736  -40.713  -20.541 0.0000000000
35056  58.003  -40.223  -20.612 0.0000000000
36217  56.618  -39.954  -12.544 0.0000000000
36278  56.050  -38.780  -15.828 0.0000000000
36294  52.762  -38.295  -16.279 0.0000000000
37506  50.167  -37.696  -14.944 0.0000000000
37527  49.985  -37.239  -15.223 0.0000000000
38772  51.489  -37.020  -16.186 0.0000000000
38773  51.051  -36.709  -16.010 0.0000000000
42660  50.257  -35.015  -12.436 0.0000000000
