#!ascii label  , from subject 3504 vox2ras=TkReg
1121
102452  41.951  22.214  55.453 0.0000000000
100117  45.821  17.851  53.258 0.0000000000
101124  52.363  19.631  38.906 0.0000000000
95793  45.885  13.246  42.239 0.0000000000
99191  45.497  17.420  58.119 0.0000000000
102578  54.902  21.174  46.098 0.0000000000
96739  42.824  14.395  46.536 0.0000000000
101141  44.460  19.895  38.156 0.0000000000
102444  52.411  21.783  54.764 0.0000000000
102385  48.679  22.010  60.370 0.0000000000
97517  49.141  15.898  58.426 0.0000000000
103437  47.390  22.443  37.374 0.0000000000
98505  47.113  16.849  35.586 0.0000000000
101021  48.227  19.369  46.865 0.0000000000
99313  44.957  16.935  40.575 0.0000000000
104215  42.869  23.717  36.363 0.0000000000
104031  47.823  23.455  56.884 0.0000000000
103198  44.479  22.581  58.095 0.0000000000
98324  48.029  16.803  59.742 0.0000000000
102636  52.996  21.326  40.302 0.0000000000
102625  49.051  21.680  40.878 0.0000000000
102675  51.103  21.191  37.265 0.0000000000
101929  48.215  20.394  34.427 0.0000000000
101159  49.268  18.959  36.378 0.0000000000
101789  48.786  20.101  53.673 0.0000000000
100987  50.781  19.534  50.509 0.0000000000
100128  47.274  18.522  50.662 0.0000000000
95777  43.519  13.584  43.883 0.0000000000
98445  42.776  15.992  43.419 0.0000000000
96780  42.506  14.236  42.137 0.0000000000
96801  43.703  14.193  38.470 0.0000000000
94749  44.044  11.625  40.516 0.0000000000
92773  45.318  10.596  40.786 0.0000000000
101738  40.325  20.960  56.904 0.0000000000
101723  43.351  21.048  57.480 0.0000000000
101096  54.894  20.010  42.551 0.0000000000
96689  45.234  14.166  52.939 0.0000000000
98410  43.667  15.894  49.673 0.0000000000
94663  45.289  12.683  49.488 0.0000000000
95727  47.222  13.259  46.056 0.0000000000
103306  51.660  22.210  52.304 0.0000000000
104052  50.077  24.187  54.605 0.0000000000
103209  51.007  22.891  57.756 0.0000000000
101732  47.538  20.479  57.013 0.0000000000
101712  46.692  20.347  59.439 0.0000000000
100047  48.508  18.968  59.344 0.0000000000
98356  46.783  16.750  56.012 0.0000000000
95611  47.885  13.848  55.475 0.0000000000
101769  37.880  21.051  54.918 0.0000000000
103396  46.034  22.638  41.405 0.0000000000
104195  44.984  23.692  38.329 0.0000000000
102698  46.005  21.660  35.195 0.0000000000
100236  45.615  18.475  35.887 0.0000000000
96826  43.295  13.914  35.256 0.0000000000
100992  54.784  20.178  50.662 0.0000000000
101028  52.667  19.902  46.832 0.0000000000
101070  49.823  19.645  43.205 0.0000000000
100156  45.121  18.263  46.638 0.0000000000
100172  46.522  18.695  43.627 0.0000000000
101116  47.623  18.804  40.305 0.0000000000
98481  46.756  16.445  37.683 0.0000000000
94784  45.601  12.411  35.487 0.0000000000
104985  41.969  23.946  36.798 0.0000000000
104974  43.188  24.447  37.274 0.0000000000
103229  44.999  22.653  56.653 0.0000000000
103215  43.363  22.330  57.476 0.0000000000
101892  53.393  20.427  39.176 0.0000000000
102651  51.503  21.494  38.991 0.0000000000
101146  52.344  20.057  37.540 0.0000000000
101157  50.878  19.881  36.024 0.0000000000
101138  50.604  19.454  37.930 0.0000000000
100957  46.965  18.972  53.021 0.0000000000
100969  47.660  18.988  52.059 0.0000000000
100124  46.648  18.382  51.934 0.0000000000
95776  44.538  13.398  43.702 0.0000000000
95796  42.879  13.513  42.757 0.0000000000
94719  43.297  12.804  42.057 0.0000000000
94738  42.886  12.716  41.343 0.0000000000
94718  44.229  12.650  41.943 0.0000000000
93721  45.453  11.473  40.949 0.0000000000
94735  45.770  12.317  41.442 0.0000000000
100908  41.184  19.994  56.526 0.0000000000
102605  54.688  21.081  42.820 0.0000000000
101871  55.145  20.347  43.788 0.0000000000
94615  47.021  12.805  52.552 0.0000000000
94641  44.925  13.036  51.042 0.0000000000
94639  46.513  12.474  50.816 0.0000000000
94683  47.892  12.788  46.701 0.0000000000
95738  48.065  13.399  45.233 0.0000000000
95739  47.066  13.565  45.000 0.0000000000
104003  48.029  23.695  59.116 0.0000000000
104017  49.980  24.191  58.604 0.0000000000
103179  50.276  22.983  59.347 0.0000000000
102431  49.093  21.859  56.826 0.0000000000
102406  48.589  21.247  58.716 0.0000000000
100896  44.908  19.451  57.579 0.0000000000
101721  45.256  20.237  58.032 0.0000000000
100066  45.883  18.302  58.545 0.0000000000
98333  48.951  16.815  59.081 0.0000000000
99172  48.468  17.826  59.450 0.0000000000
98342  48.510  17.002  58.388 0.0000000000
99190  47.475  17.841  57.207 0.0000000000
97530  47.871  15.852  56.983 0.0000000000
96644  47.360  14.646  55.622 0.0000000000
96632  48.579  14.638  56.825 0.0000000000
95608  51.172  13.401  55.564 0.0000000000
102654  48.509  21.787  39.188 0.0000000000
103394  47.624  22.003  41.502 0.0000000000
103414  47.472  22.063  39.528 0.0000000000
103416  45.511  23.106  39.506 0.0000000000
103438  46.435  23.043  37.343 0.0000000000
104221  45.673  23.278  35.506 0.0000000000
104227  46.801  22.587  35.146 0.0000000000
100243  47.347  18.317  35.379 0.0000000000
101169  46.964  19.252  35.310 0.0000000000
99355  45.943  17.306  35.339 0.0000000000
98509  43.921  15.775  35.447 0.0000000000
98514  45.245  15.437  34.604 0.0000000000
103272  52.860  22.586  53.992 0.0000000000
102525  53.981  21.414  51.821 0.0000000000
101784  53.985  20.930  53.216 0.0000000000
101007  49.784  19.474  48.177 0.0000000000
101005  51.671  19.614  48.646 0.0000000000
101030  50.840  19.664  46.399 0.0000000000
101052  50.963  19.540  44.352 0.0000000000
101043  48.993  19.639  45.138 0.0000000000
97589  42.673  15.497  48.047 0.0000000000
99264  44.373  17.355  48.398 0.0000000000
98425  42.885  16.796  47.004 0.0000000000
98452  44.095  16.775  41.794 0.0000000000
99288  44.462  17.401  43.081 0.0000000000
99296  45.238  17.520  41.661 0.0000000000
100192  47.056  18.662  41.708 0.0000000000
100201  46.369  17.964  40.399 0.0000000000
100218  46.992  17.550  38.736 0.0000000000
99321  45.933  17.027  39.339 0.0000000000
94768  43.372  12.331  37.754 0.0000000000
96817  45.088  13.597  36.682 0.0000000000
94786  44.660  11.334  36.287 0.0000000000
92835  44.418  10.775  35.397 0.0000000000
102571  54.023  21.849  47.594 0.0000000000
103452  42.677  23.027  36.906 0.0000000000
102679  44.416  21.941  37.017 0.0000000000
104054  47.701  23.448  54.525 0.0000000000
103247  45.841  22.572  55.810 0.0000000000
104020  46.542  23.274  57.579 0.0000000000
103183  46.481  22.524  59.506 0.0000000000
99183  46.816  17.488  59.334 0.0000000000
102638  50.747  21.584  39.940 0.0000000000
102652  50.341  21.577  38.909 0.0000000000
102677  49.106  21.677  37.360 0.0000000000
102696  48.456  21.643  35.393 0.0000000000
102703  49.913  20.503  35.202 0.0000000000
101167  48.977  19.268  35.374 0.0000000000
99345  47.844  17.306  36.063 0.0000000000
101765  50.441  21.001  54.555 0.0000000000
101813  51.772  20.278  52.918 0.0000000000
100967  50.080  19.924  52.561 0.0000000000
100989  48.482  19.096  50.002 0.0000000000
100136  48.207  19.107  48.460 0.0000000000
95757  43.273  14.077  45.072 0.0000000000
97597  42.479  15.361  44.796 0.0000000000
96759  42.566  14.651  44.299 0.0000000000
97614  42.599  15.310  42.601 0.0000000000
98460  43.640  16.162  41.301 0.0000000000
97639  44.136  15.685  39.578 0.0000000000
96785  42.855  14.628  40.516 0.0000000000
95831  42.630  12.952  39.658 0.0000000000
93744  43.505  11.272  39.301 0.0000000000
93709  46.214  11.285  41.816 0.0000000000
103233  41.117  22.292  56.186 0.0000000000
102421  42.323  21.819  57.437 0.0000000000
101736  41.813  20.611  56.949 0.0000000000
100906  43.193  19.409  56.220 0.0000000000
99204  44.295  17.449  56.735 0.0000000000
102608  52.392  21.657  42.272 0.0000000000
101880  53.845  20.534  41.169 0.0000000000
101098  53.140  19.606  41.250 0.0000000000
98397  45.095  16.320  53.364 0.0000000000
98405  44.825  16.650  51.711 0.0000000000
97576  44.197  15.225  51.564 0.0000000000
95694  43.791  13.656  49.858 0.0000000000
95717  44.196  13.299  47.954 0.0000000000
94661  46.820  12.468  48.882 0.0000000000
95715  46.136  12.895  47.792 0.0000000000
95729  44.747  13.309  46.924 0.0000000000
95741  45.124  13.504  45.761 0.0000000000
95754  46.378  13.636  44.226 0.0000000000
95774  46.639  13.808  43.047 0.0000000000
95810  47.220  13.224  41.746 0.0000000000
103274  51.454  23.104  53.690 0.0000000000
104049  52.453  23.112  55.006 0.0000000000
104042  48.901  23.906  56.093 0.0000000000
104815  51.194  24.373  57.018 0.0000000000
103223  51.863  22.635  56.356 0.0000000000
102447  50.275  21.488  55.424 0.0000000000
101751  47.870  20.677  55.474 0.0000000000
100922  46.868  19.669  55.175 0.0000000000
102410  44.477  21.817  58.356 0.0000000000
102409  45.773  21.643  59.031 0.0000000000
101704  47.528  20.466  59.900 0.0000000000
100059  47.027  18.400  59.616 0.0000000000
100878  47.963  19.546  60.052 0.0000000000
101702  48.418  20.376  59.709 0.0000000000
100894  47.584  19.704  57.703 0.0000000000
100075  47.094  18.660  56.695 0.0000000000
99210  46.026  17.371  54.871 0.0000000000
97556  45.885  15.565  54.396 0.0000000000
95656  46.419  13.792  53.765 0.0000000000
94604  47.687  12.886  53.450 0.0000000000
95591  49.341  13.845  56.475 0.0000000000
95637  49.181  13.082  54.800 0.0000000000
102454  39.853  21.832  55.717 0.0000000000
102436  38.807  21.180  56.044 0.0000000000
100930  37.098  19.686  55.635 0.0000000000
104151  46.778  23.364  43.535 0.0000000000
104163  44.844  23.502  42.357 0.0000000000
104214  44.208  24.159  36.312 0.0000000000
103458  44.706  22.674  35.614 0.0000000000
101907  45.293  21.138  36.588 0.0000000000
102706  47.291  21.300  34.597 0.0000000000
101915  45.973  20.664  35.866 0.0000000000
100228  44.738  18.656  36.875 0.0000000000
101845  55.126  20.508  48.584 0.0000000000
100985  52.848  19.732  50.884 0.0000000000
101015  53.559  19.900  48.169 0.0000000000
101037  54.384  20.201  46.508 0.0000000000
101066  54.016  19.774  44.023 0.0000000000
101084  52.083  19.441  42.276 0.0000000000
101100  50.662  19.493  41.107 0.0000000000
99255  45.948  17.784  49.885 0.0000000000
100144  45.924  18.103  48.567 0.0000000000
100149  46.885  19.006  46.878 0.0000000000
99278  43.592  17.394  45.498 0.0000000000
100160  45.209  18.377  45.403 0.0000000000
101045  47.135  19.303  44.893 0.0000000000
101072  47.813  19.310  43.059 0.0000000000
101101  49.455  19.601  41.114 0.0000000000
101113  50.369  19.494  40.042 0.0000000000
101140  48.620  19.083  38.423 0.0000000000
99327  47.551  17.422  37.553 0.0000000000
98498  47.221  15.906  36.109 0.0000000000
97646  45.436  15.602  38.035 0.0000000000
97663  46.283  14.775  36.366 0.0000000000
96823  46.413  14.228  35.230 0.0000000000
95868  45.053  13.004  34.449 0.0000000000
92774  44.630  9.971  40.813 0.0000000000
104965  42.677  24.534  37.971 0.0000000000
102451  42.879  22.129  55.360 0.0000000000
103249  43.514  22.218  55.641 0.0000000000
103231  42.718  22.441  56.653 0.0000000000
101123  53.239  20.115  38.906 0.0000000000
101899  53.104  20.138  38.488 0.0000000000
101136  52.700  19.986  38.090 0.0000000000
101137  51.725  19.602  37.877 0.0000000000
100116  46.407  18.374  52.780 0.0000000000
100970  46.908  18.696  52.430 0.0000000000
100125  45.873  17.855  52.406 0.0000000000
95794  44.844  13.090  42.662 0.0000000000
95795  43.822  13.101  42.867 0.0000000000
94717  45.089  12.672  41.839 0.0000000000
103347  54.293  21.990  45.891 0.0000000000
102583  54.731  21.476  44.777 0.0000000000
102590  54.996  21.125  44.361 0.0000000000
101852  55.009  20.613  45.495 0.0000000000
94626  47.243  12.499  51.620 0.0000000000
94627  46.305  12.724  51.775 0.0000000000
94638  47.446  12.348  50.634 0.0000000000
94691  48.907  12.999  45.500 0.0000000000
95737  48.866  13.361  44.811 0.0000000000
100220  43.790  18.673  38.108 0.0000000000
103980  48.105  22.924  60.181 0.0000000000
103989  49.395  23.256  59.813 0.0000000000
103171  49.063  22.586  60.260 0.0000000000
103195  49.238  21.969  59.365 0.0000000000
102394  48.839  21.354  59.934 0.0000000000
100067  45.238  18.390  57.831 0.0000000000
98343  47.930  16.975  57.575 0.0000000000
97518  48.430  16.267  57.814 0.0000000000
97529  48.636  15.574  57.567 0.0000000000
103424  47.907  22.032  38.421 0.0000000000
103413  47.965  21.893  39.022 0.0000000000
103425  46.862  22.532  38.397 0.0000000000
103449  46.915  22.801  36.370 0.0000000000
99353  47.489  17.427  35.658 0.0000000000
99354  46.884  17.349  35.433 0.0000000000
98507  45.613  16.247  34.939 0.0000000000
98513  45.992  15.447  34.676 0.0000000000
103260  52.843  22.376  54.485 0.0000000000
103271  53.444  22.037  53.682 0.0000000000
102484  53.420  21.325  53.795 0.0000000000
101008  48.917  19.357  47.903 0.0000000000
101019  49.873  19.534  47.199 0.0000000000
101020  49.063  19.452  46.992 0.0000000000
101031  49.939  19.580  46.236 0.0000000000
101032  49.049  19.564  46.097 0.0000000000
96726  42.594  14.872  47.568 0.0000000000
98420  42.622  15.872  47.691 0.0000000000
97593  42.446  15.458  46.604 0.0000000000
99297  44.697  17.356  42.243 0.0000000000
99305  44.756  17.129  41.374 0.0000000000
100194  45.798  17.778  41.291 0.0000000000
99304  45.363  17.415  40.983 0.0000000000
99312  45.686  17.346  40.209 0.0000000000
98465  45.248  16.702  39.736 0.0000000000
94778  43.517  11.583  37.741 0.0000000000
94777  43.936  11.665  36.995 0.0000000000
93768  44.265  10.620  36.630 0.0000000000
104216  42.203  23.492  36.915 0.0000000000
103451  43.268  23.049  36.402 0.0000000000
103440  43.274  22.566  37.272 0.0000000000
103439  43.751  22.584  36.644 0.0000000000
103276  45.723  22.488  53.734 0.0000000000
103263  45.709  22.403  54.834 0.0000000000
104006  44.948  22.990  57.885 0.0000000000
103213  45.262  22.903  57.283 0.0000000000
104005  45.540  23.095  58.236 0.0000000000
104004  46.663  23.283  58.865 0.0000000000
103197  45.648  22.599  58.894 0.0000000000
102622  52.242  21.577  41.142 0.0000000000
102623  51.026  21.695  41.147 0.0000000000
102637  51.952  21.544  40.062 0.0000000000
102663  51.967  21.240  38.141 0.0000000000
102664  50.856  21.532  38.048 0.0000000000
102665  49.808  21.631  38.061 0.0000000000
102676  50.054  21.535  37.209 0.0000000000
102685  50.214  21.234  36.333 0.0000000000
101158  50.074  19.422  36.036 0.0000000000
100241  48.712  18.502  36.029 0.0000000000
101788  49.930  20.245  53.433 0.0000000000
101815  50.232  20.104  52.997 0.0000000000
100954  49.732  20.003  53.030 0.0000000000
100979  47.835  18.863  50.932 0.0000000000
100978  48.690  19.351  51.154 0.0000000000
100990  47.765  18.742  50.384 0.0000000000
100132  48.101  18.908  49.229 0.0000000000
100133  47.487  18.597  49.853 0.0000000000
95758  42.789  14.345  44.646 0.0000000000
95778  42.836  14.047  44.005 0.0000000000
96771  42.537  14.447  43.285 0.0000000000
97622  43.029  15.682  41.719 0.0000000000
97623  42.678  14.931  41.449 0.0000000000
97632  42.790  14.776  40.846 0.0000000000
96786  42.583  14.101  40.932 0.0000000000
94737  43.673  12.270  41.203 0.0000000000
95822  42.570  13.083  40.711 0.0000000000
94750  43.017  12.007  40.260 0.0000000000
94759  42.861  11.903  39.090 0.0000000000
93734  43.842  11.323  39.893 0.0000000000
94748  44.604  11.399  40.493 0.0000000000
93719  46.685  11.862  41.767 0.0000000000
93720  45.939  11.387  41.268 0.0000000000
102434  40.560  21.762  56.553 0.0000000000
101726  40.984  21.218  57.073 0.0000000000
101737  40.999  20.707  56.987 0.0000000000
100907  42.119  19.872  56.295 0.0000000000
100923  42.924  18.770  55.687 0.0000000000
100078  43.930  18.426  56.419 0.0000000000
101879  54.587  20.629  42.154 0.0000000000
102620  54.075  21.064  41.749 0.0000000000
101097  54.161  19.956  41.740 0.0000000000
97571  44.987  15.383  53.200 0.0000000000
98398  44.754  15.872  52.777 0.0000000000
96695  44.385  14.472  51.930 0.0000000000
94652  45.056  12.777  50.189 0.0000000000
95686  43.998  13.815  50.786 0.0000000000
95705  44.553  13.023  49.210 0.0000000000
95706  43.616  13.635  48.791 0.0000000000
94649  47.608  12.329  49.631 0.0000000000
94659  48.639  12.465  48.361 0.0000000000
94684  47.175  12.900  47.019 0.0000000000
95728  46.110  13.158  46.874 0.0000000000
95740  46.212  13.478  45.416 0.0000000000
95753  47.401  13.775  44.025 0.0000000000
95775  45.592  13.504  43.387 0.0000000000
95792  46.953  13.659  42.093 0.0000000000
104063  49.581  23.905  53.863 0.0000000000
104074  50.030  23.366  53.353 0.0000000000
104062  50.661  23.631  53.956 0.0000000000
104061  51.585  23.480  54.366 0.0000000000
104051  51.034  24.095  54.792 0.0000000000
104043  47.676  23.389  55.721 0.0000000000
104796  50.987  23.948  58.783 0.0000000000
104806  50.624  24.311  57.854 0.0000000000
104804  51.594  23.659  57.476 0.0000000000
104028  52.041  23.256  56.689 0.0000000000
103208  51.655  22.884  57.102 0.0000000000
102429  50.848  21.974  56.023 0.0000000000
102430  50.094  21.945  56.357 0.0000000000
102432  48.159  21.284  56.833 0.0000000000
102449  48.513  21.358  56.234 0.0000000000
100921  47.336  20.142  55.046 0.0000000000
101752  47.065  20.050  55.760 0.0000000000
102420  43.354  21.841  57.908 0.0000000000
102419  43.869  21.457  57.816 0.0000000000
101713  45.924  20.436  58.747 0.0000000000
101714  45.160  21.031  58.345 0.0000000000
102408  46.283  21.015  59.236 0.0000000000
102396  46.749  21.506  59.671 0.0000000000
98325  47.318  16.751  59.389 0.0000000000
99174  47.567  17.647  59.749 0.0000000000
100048  48.225  18.739  59.827 0.0000000000
100877  48.280  19.650  59.767 0.0000000000
100876  48.437  19.829  59.440 0.0000000000
100885  48.437  19.713  58.939 0.0000000000
100057  48.176  18.882  58.474 0.0000000000
98355  47.340  16.873  56.755 0.0000000000
99202  46.887  17.712  56.367 0.0000000000
99203  46.373  17.568  55.543 0.0000000000
98364  46.305  16.558  55.222 0.0000000000
98381  46.014  16.176  54.691 0.0000000000
97555  46.336  15.631  54.953 0.0000000000
96665  46.974  14.236  54.845 0.0000000000
95639  47.412  13.762  54.827 0.0000000000
95655  47.131  13.422  54.026 0.0000000000
95654  47.772  13.228  54.281 0.0000000000
95590  50.349  13.756  56.760 0.0000000000
95609  49.858  13.377  55.628 0.0000000000
95636  50.459  12.879  54.228 0.0000000000
102489  40.064  21.318  54.409 0.0000000000
101768  38.331  21.231  54.776 0.0000000000
102474  38.545  21.373  54.918 0.0000000000
102456  38.250  21.189  55.253 0.0000000000
100912  38.556  20.424  56.105 0.0000000000
101754  37.979  20.671  55.606 0.0000000000
103395  46.763  22.302  41.480 0.0000000000
103382  46.981  22.550  42.499 0.0000000000
104161  46.348  23.024  42.780 0.0000000000
104915  46.213  23.939  43.907 0.0000000000
104162  45.710  23.090  42.386 0.0000000000
104153  45.347  23.639  43.080 0.0000000000
103427  45.311  23.396  38.926 0.0000000000
104196  44.151  24.194  38.073 0.0000000000
104203  44.653  24.042  37.196 0.0000000000
103457  45.618  22.723  35.192 0.0000000000
104222  44.505  23.562  35.765 0.0000000000
102699  45.168  22.037  35.548 0.0000000000
102689  44.743  22.101  35.972 0.0000000000
102688  45.353  21.583  35.859 0.0000000000
102705  48.450  21.339  34.698 0.0000000000
103463  48.024  21.873  34.942 0.0000000000
101930  47.543  20.631  34.522 0.0000000000
101170  46.330  19.074  35.661 0.0000000000
101160  46.503  19.932  35.595 0.0000000000
101161  45.944  19.502  36.074 0.0000000000
100227  45.445  19.112  36.403 0.0000000000
99338  44.064  17.887  36.810 0.0000000000
99347  44.532  17.627  36.138 0.0000000000
97672  43.666  14.820  35.257 0.0000000000
102546  52.238  21.543  50.551 0.0000000000
102524  54.363  21.095  51.761 0.0000000000
102544  53.975  21.338  50.820 0.0000000000
102552  55.004  20.966  50.155 0.0000000000
102562  55.045  21.005  49.232 0.0000000000
101841  55.127  20.474  49.549 0.0000000000
100976  50.976  19.687  51.527 0.0000000000
100975  52.052  19.787  51.608 0.0000000000
100986  51.841  19.610  50.687 0.0000000000
101017  51.687  19.729  47.621 0.0000000000
101004  52.637  19.681  48.888 0.0000000000
101027  53.574  20.035  47.148 0.0000000000
101026  54.388  20.096  47.545 0.0000000000
101038  53.644  20.054  46.096 0.0000000000
101049  53.802  19.944  45.055 0.0000000000
101039  52.776  19.867  45.781 0.0000000000
101068  52.084  19.484  43.415 0.0000000000
101069  50.957  19.551  43.287 0.0000000000
101085  50.861  19.559  42.195 0.0000000000
98408  44.772  16.656  50.974 0.0000000000
99253  45.335  17.188  51.224 0.0000000000
99257  44.485  16.687  49.878 0.0000000000
99270  44.537  17.813  47.300 0.0000000000
99263  45.177  17.903  48.092 0.0000000000
99269  45.140  18.059  47.540 0.0000000000
100150  45.744  18.358  47.445 0.0000000000
98436  42.647  16.065  44.371 0.0000000000
98432  43.003  16.784  44.930 0.0000000000
98435  43.153  16.636  43.969 0.0000000000
100174  45.045  17.788  43.308 0.0000000000
100164  45.099  18.055  44.240 0.0000000000
100163  45.846  18.555  44.411 0.0000000000
100159  46.067  18.874  45.247 0.0000000000
100162  46.517  18.962  44.526 0.0000000000
101055  47.916  19.549  44.029 0.0000000000
101073  47.138  18.867  42.978 0.0000000000
101103  47.627  18.956  41.051 0.0000000000
101102  48.393  19.385  41.120 0.0000000000
101114  49.217  19.472  40.107 0.0000000000
101127  48.954  19.328  39.185 0.0000000000
101128  48.248  18.994  39.306 0.0000000000
99328  47.002  17.187  38.151 0.0000000000
100217  47.490  17.954  38.417 0.0000000000
99337  47.382  16.801  37.249 0.0000000000
98489  47.159  16.110  36.905 0.0000000000
97640  43.743  14.975  39.174 0.0000000000
98475  44.907  16.056  39.207 0.0000000000
97648  44.077  14.796  38.536 0.0000000000
95852  45.349  12.902  36.201 0.0000000000
96816  45.583  14.106  36.507 0.0000000000
95851  45.882  13.321  35.672 0.0000000000
96815  46.245  14.165  35.762 0.0000000000
95850  46.170  13.631  35.296 0.0000000000
95867  45.689  13.224  34.679 0.0000000000
94801  45.567  12.329  34.877 0.0000000000
92836  43.771  10.525  35.649 0.0000000000
93778  43.847  11.162  35.035 0.0000000000
92790  44.703  10.186  40.100 0.0000000000
104976  41.758  24.292  37.153 0.0000000000
104975  42.546  24.427  37.105 0.0000000000
104983  43.383  24.297  36.479 0.0000000000
103248  44.738  22.360  55.758 0.0000000000
103265  43.869  22.096  55.099 0.0000000000
103230  43.927  22.523  56.670 0.0000000000
102649  53.390  20.930  39.827 0.0000000000
102650  52.785  21.114  39.120 0.0000000000
102662  52.718  20.663  38.364 0.0000000000
102674  52.093  20.693  37.520 0.0000000000
102684  51.137  20.632  36.537 0.0000000000
101147  51.854  19.873  36.977 0.0000000000
101148  50.934  19.581  36.894 0.0000000000
101149  49.925  19.331  37.064 0.0000000000
100956  48.020  19.670  53.386 0.0000000000
100955  49.237  19.889  53.075 0.0000000000
100129  46.629  18.187  51.091 0.0000000000
94720  42.824  13.046  41.986 0.0000000000
95812  42.628  13.398  41.670 0.0000000000
94736  44.762  11.924  41.068 0.0000000000
94734  46.574  12.383  41.649 0.0000000000
100909  40.350  20.150  56.613 0.0000000000
100926  40.554  19.415  55.979 0.0000000000
102593  53.517  21.598  43.421 0.0000000000
102592  54.315  21.396  43.525 0.0000000000
101872  55.025  20.566  43.120 0.0000000000
101081  54.967  19.869  43.507 0.0000000000
94617  45.595  13.427  52.474 0.0000000000
95676  44.736  13.724  52.018 0.0000000000
94628  45.395  13.147  51.887 0.0000000000
94640  45.640  12.707  50.968 0.0000000000
94651  45.813  12.484  50.058 0.0000000000
94670  48.655  12.542  47.334 0.0000000000
94682  48.619  12.780  46.257 0.0000000000
95726  47.948  13.061  46.054 0.0000000000
95752  48.418  13.777  44.008 0.0000000000
104019  47.802  23.571  58.075 0.0000000000
104030  48.824  23.855  57.328 0.0000000000
104002  49.206  23.855  59.272 0.0000000000
104001  50.266  23.847  59.239 0.0000000000
103193  50.622  23.025  58.716 0.0000000000
103225  50.123  22.370  57.264 0.0000000000
103211  49.276  22.099  58.476 0.0000000000
102417  48.678  21.692  57.727 0.0000000000
102418  48.047  21.040  57.775 0.0000000000
101722  44.355  20.670  57.647 0.0000000000
100895  45.643  19.340  58.262 0.0000000000
100888  46.429  19.191  59.073 0.0000000000
98323  48.752  16.548  59.453 0.0000000000
99173  48.183  17.728  59.848 0.0000000000
99182  48.575  17.968  58.854 0.0000000000
100064  47.979  18.561  58.102 0.0000000000
99189  48.117  18.030  58.041 0.0000000000
97531  47.239  16.134  56.324 0.0000000000
97540  46.830  15.738  55.682 0.0000000000
97539  47.390  15.479  56.218 0.0000000000
96633  47.761  15.117  56.443 0.0000000000
96643  48.081  14.161  55.964 0.0000000000
102640  48.594  21.690  40.163 0.0000000000
102626  48.331  21.735  40.949 0.0000000000
102655  48.117  21.756  39.803 0.0000000000
103403  47.239  22.042  40.690 0.0000000000
103404  46.567  22.362  40.498 0.0000000000
103405  45.759  22.773  40.437 0.0000000000
103415  46.303  22.631  39.449 0.0000000000
103426  45.801  23.202  38.413 0.0000000000
104202  45.504  23.570  37.373 0.0000000000
104212  46.042  23.364  36.301 0.0000000000
104220  46.499  22.964  35.536 0.0000000000
104228  46.378  22.700  35.016 0.0000000000
101168  47.872  19.440  34.854 0.0000000000
101921  47.663  20.254  34.569 0.0000000000
100244  46.537  18.279  35.460 0.0000000000
99346  45.201  17.713  35.731 0.0000000000
99356  45.002  16.995  35.373 0.0000000000
98508  44.721  16.082  35.054 0.0000000000
97671  44.478  15.080  34.759 0.0000000000
103287  52.933  22.324  53.015 0.0000000000
102527  52.417  21.753  51.553 0.0000000000
102504  53.625  21.940  52.563 0.0000000000
102503  53.901  21.632  52.776 0.0000000000
101829  54.285  20.576  51.843 0.0000000000
100997  50.696  19.514  49.457 0.0000000000
100996  51.715  19.562  49.674 0.0000000000
101006  50.704  19.575  48.419 0.0000000000
101018  50.763  19.633  47.404 0.0000000000
101029  51.757  19.796  46.592 0.0000000000
101040  51.867  19.746  45.552 0.0000000000
101041  50.915  19.637  45.383 0.0000000000
101042  49.954  19.589  45.255 0.0000000000
101053  49.916  19.604  44.244 0.0000000000
98413  43.417  16.118  49.010 0.0000000000
98412  44.011  16.457  49.531 0.0000000000
98419  43.063  16.376  48.064 0.0000000000
99271  43.638  17.165  47.630 0.0000000000
99275  43.583  17.401  46.598 0.0000000000
98444  43.309  16.503  43.090 0.0000000000
99289  43.794  17.078  43.535 0.0000000000
99298  43.938  16.929  42.662 0.0000000000
100185  44.942  17.614  42.756 0.0000000000
100184  45.586  17.871  42.353 0.0000000000
100183  46.688  18.548  42.508 0.0000000000
100193  46.408  18.254  41.518 0.0000000000
100200  47.057  18.539  40.789 0.0000000000
100209  47.364  18.438  39.669 0.0000000000
99311  46.262  17.516  39.655 0.0000000000
99320  46.553  17.315  38.963 0.0000000000
99329  46.301  16.750  38.514 0.0000000000
95837  43.406  13.260  38.085 0.0000000000
96800  44.260  14.623  38.183 0.0000000000
95845  44.012  12.985  37.235 0.0000000000
94776  44.659  12.285  36.485 0.0000000000
94785  45.190  11.758  35.807 0.0000000000
93776  45.171  11.346  35.257 0.0000000000
93767  44.842  10.840  35.897 0.0000000000
92827  44.185  10.174  36.230 0.0000000000
102575  54.513  21.629  46.778 0.0000000000
104217  41.817  23.588  37.085 0.0000000000
102667  44.002  21.761  37.815 0.0000000000
101900  44.346  21.184  38.075 0.0000000000
103262  46.754  22.833  54.906 0.0000000000
104032  47.091  23.177  56.493 0.0000000000
103227  46.443  23.009  56.806 0.0000000000
103991  47.372  23.102  59.715 0.0000000000
103981  47.685  22.715  60.104 0.0000000000
99184  46.139  17.402  58.763 0.0000000000
98334  46.569  16.593  58.881 0.0000000000
97506  49.592  16.098  59.101 0.0000000000
96620  49.107  15.208  57.722 0.0000000000
103391  50.080  21.837  41.755 0.0000000000
102624  49.967  21.666  40.872 0.0000000000
102639  49.540  21.624  39.797 0.0000000000
102653  49.437  21.669  38.796 0.0000000000
102666  48.863  21.759  38.190 0.0000000000
103447  48.541  21.739  36.899 0.0000000000
103448  47.850  22.004  36.399 0.0000000000
102686  48.963  21.556  36.362 0.0000000000
102695  49.339  21.250  35.481 0.0000000000
101928  49.090  20.502  34.684 0.0000000000
101919  50.629  20.241  35.725 0.0000000000
101927  49.706  20.337  34.978 0.0000000000
101177  48.571  19.724  34.688 0.0000000000
100242  48.125  18.263  35.609 0.0000000000
98497  47.366  16.653  35.850 0.0000000000
101764  51.723  20.959  54.257 0.0000000000
101786  52.275  20.642  53.576 0.0000000000
101787  51.145  20.544  53.632 0.0000000000
100966  51.305  19.976  52.314 0.0000000000
100968  48.908  19.564  52.285 0.0000000000
100977  49.834  19.588  51.395 0.0000000000
100988  49.675  19.445  50.289 0.0000000000
100998  49.679  19.430  49.210 0.0000000000
100999  48.837  19.270  48.860 0.0000000000
100141  48.303  19.237  47.943 0.0000000000
96746  42.900  14.384  45.834 0.0000000000
97595  42.466  15.422  45.736 0.0000000000
96747  42.642  14.675  45.218 0.0000000000
97605  42.489  15.291  43.796 0.0000000000
98454  42.938  16.017  42.720 0.0000000000
97613  42.930  15.853  42.305 0.0000000000
98467  43.897  16.097  40.617 0.0000000000
98466  44.456  16.315  40.125 0.0000000000
97630  43.929  15.891  40.207 0.0000000000
97631  43.320  15.339  40.512 0.0000000000
96793  42.931  14.207  39.781 0.0000000000
96794  42.602  13.582  40.282 0.0000000000
95830  42.989  13.487  38.895 0.0000000000
95838  42.882  12.623  38.584 0.0000000000
94769  43.119  11.811  38.256 0.0000000000
93743  44.141  10.654  39.367 0.0000000000
92789  45.184  10.662  40.505 0.0000000000
93731  45.514  10.985  40.677 0.0000000000
103251  41.437  22.426  56.015 0.0000000000
103216  42.069  22.189  57.113 0.0000000000
103217  41.505  22.081  56.970 0.0000000000
101724  42.478  21.219  57.395 0.0000000000
101735  42.729  20.457  56.898 0.0000000000
101734  43.556  20.270  57.010 0.0000000000
100905  44.151  19.497  56.908 0.0000000000
100077  44.577  18.439  57.139 0.0000000000
99192  44.869  17.447  57.442 0.0000000000
103377  51.428  21.891  42.723 0.0000000000
102621  53.237  21.383  41.362 0.0000000000
102607  53.456  21.472  42.365 0.0000000000
102635  53.612  20.981  40.706 0.0000000000
101886  53.572  20.608  40.173 0.0000000000
101110  53.561  20.120  40.268 0.0000000000
101111  52.813  19.650  40.008 0.0000000000
99246  45.296  17.235  52.903 0.0000000000
99249  45.332  17.243  52.050 0.0000000000
98401  44.894  16.571  52.514 0.0000000000
98406  44.387  16.048  51.286 0.0000000000
97579  44.030  15.544  50.859 0.0000000000
95677  44.263  13.967  51.449 0.0000000000
96702  43.663  14.420  50.412 0.0000000000
97580  43.609  15.283  50.159 0.0000000000
96709  42.890  14.813  48.842 0.0000000000
96718  43.081  14.268  48.475 0.0000000000
95731  43.131  14.055  47.052 0.0000000000
94650  46.669  12.329  49.842 0.0000000000
94662  45.903  12.579  49.085 0.0000000000
94671  47.808  12.564  47.633 0.0000000000
94673  46.213  12.722  48.339 0.0000000000
95716  45.371  12.936  48.127 0.0000000000
95730  43.778  13.638  46.972 0.0000000000
95743  43.334  14.062  46.234 0.0000000000
95742  44.087  13.742  45.965 0.0000000000
95756  44.294  13.686  44.819 0.0000000000
95755  45.347  13.557  44.551 0.0000000000
95791  47.829  13.930  41.745 0.0000000000
103288  51.950  22.595  53.071 0.0000000000
103273  52.203  22.878  53.828 0.0000000000
104060  52.234  23.180  54.535 0.0000000000
104039  52.422  22.959  55.603 0.0000000000
104053  48.959  24.057  54.855 0.0000000000
104839  49.696  24.292  55.154 0.0000000000
104041  49.546  24.237  56.772 0.0000000000
104816  50.345  24.434  56.897 0.0000000000
104826  50.866  24.514  56.122 0.0000000000
104040  52.110  23.600  55.972 0.0000000000
104027  52.221  22.785  55.972 0.0000000000
102445  51.966  21.785  55.121 0.0000000000
102446  51.270  21.766  55.481 0.0000000000
101749  50.045  21.214  54.995 0.0000000000
101750  49.444  21.123  55.067 0.0000000000
102448  49.173  21.461  55.864 0.0000000000
101767  48.207  20.214  54.161 0.0000000000
100941  47.458  19.990  54.524 0.0000000000
100942  46.813  19.329  54.025 0.0000000000
100105  46.261  18.500  53.637 0.0000000000
103199  43.754  22.272  57.941 0.0000000000
102397  46.189  22.027  59.433 0.0000000000
102395  47.972  21.563  60.214 0.0000000000
100060  46.430  18.144  59.124 0.0000000000
100887  47.281  19.415  59.721 0.0000000000
100049  47.763  18.579  59.979 0.0000000000
101703  48.206  20.478  59.993 0.0000000000
101710  48.509  20.477  59.281 0.0000000000
101720  47.836  20.387  57.977 0.0000000000
100065  47.648  18.803  57.682 0.0000000000
100903  47.244  19.538  56.941 0.0000000000
100904  46.878  19.465  56.137 0.0000000000
100076  46.561  18.612  55.820 0.0000000000
100085  46.154  18.406  54.724 0.0000000000
100106  45.809  17.848  54.055 0.0000000000
98382  45.591  16.388  54.196 0.0000000000
97570  45.413  15.539  53.825 0.0000000000
96682  45.482  14.599  53.460 0.0000000000
96645  46.686  15.145  55.208 0.0000000000
96666  46.367  14.675  54.463 0.0000000000
95657  45.893  13.985  53.467 0.0000000000
94606  46.377  13.480  53.231 0.0000000000
94614  47.976  12.510  52.456 0.0000000000
95610  48.691  13.694  55.769 0.0000000000
95638  48.216  13.378  54.897 0.0000000000
94595  48.489  12.906  54.132 0.0000000000
94603  48.737  12.581  53.270 0.0000000000
102471  41.627  21.759  54.829 0.0000000000
102453  40.963  22.213  55.743 0.0000000000
102490  39.157  21.345  54.572 0.0000000000
102435  39.340  21.369  56.166 0.0000000000
101739  39.511  20.979  56.561 0.0000000000
100910  39.578  20.292  56.504 0.0000000000
101755  36.979  20.265  55.259 0.0000000000
100929  38.141  19.923  55.950 0.0000000000
100093  38.219  18.946  55.750 0.0000000000
104172  45.297  23.047  41.392 0.0000000000
104173  44.582  23.418  41.305 0.0000000000
104164  44.210  23.699  42.015 0.0000000000
104964  43.474  24.416  38.003 0.0000000000
104204  43.864  24.369  37.161 0.0000000000
104990  43.853  24.128  35.947 0.0000000000
104213  45.097  23.772  36.266 0.0000000000
104223  43.776  23.373  35.964 0.0000000000
103450  44.119  22.613  36.183 0.0000000000
101908  44.950  20.645  37.425 0.0000000000
103455  47.829  22.022  35.416 0.0000000000
103464  47.312  22.136  34.861 0.0000000000
102707  46.649  21.633  34.808 0.0000000000
101922  46.950  20.525  34.941 0.0000000000
101914  46.450  20.498  35.409 0.0000000000
101151  45.448  19.891  36.756 0.0000000000
100219  44.474  19.192  37.656 0.0000000000
100229  44.010  18.207  37.288 0.0000000000
98499  44.195  16.703  35.747 0.0000000000
102545  53.179  21.477  50.656 0.0000000000
102564  53.868  21.680  48.610 0.0000000000
102570  54.488  21.408  47.861 0.0000000000
102574  54.866  21.083  47.154 0.0000000000
101812  52.911  20.349  52.645 0.0000000000
101830  53.587  20.245  52.210 0.0000000000
100984  53.752  19.966  51.036 0.0000000000
100995  52.704  19.670  49.897 0.0000000000
100994  53.629  19.858  50.141 0.0000000000
101002  54.410  19.929  49.519 0.0000000000
101014  54.410  19.964  48.545 0.0000000000
101036  54.749  20.308  47.013 0.0000000000
101047  54.803  20.270  45.949 0.0000000000
101064  55.033  20.090  44.993 0.0000000000
101065  54.708  19.911  44.501 0.0000000000
101082  54.219  19.734  42.926 0.0000000000
101051  51.990  19.603  44.501 0.0000000000
101067  53.130  19.560  43.650 0.0000000000
101083  53.254  19.533  42.488 0.0000000000
101099  51.930  19.451  41.118 0.0000000000
101112  51.625  19.474  39.993 0.0000000000
99248  45.943  17.788  51.566 0.0000000000
99252  45.949  17.704  50.736 0.0000000000
100134  46.643  18.191  50.296 0.0000000000
99261  44.518  17.017  49.359 0.0000000000
99259  45.964  17.907  49.400 0.0000000000
100138  46.524  18.232  49.300 0.0000000000
100143  46.718  18.561  48.151 0.0000000000
100142  47.704  19.105  47.752 0.0000000000
100148  47.594  19.218  47.036 0.0000000000
98430  42.549  16.160  46.318 0.0000000000
98429  42.958  16.832  45.959 0.0000000000
99274  44.345  17.923  46.075 0.0000000000
99280  44.399  17.563  43.936 0.0000000000
99277  44.351  17.806  44.937 0.0000000000
100155  45.912  18.717  46.247 0.0000000000
100154  46.627  19.099  45.732 0.0000000000
101033  48.212  19.469  45.940 0.0000000000
101044  48.062  19.559  45.022 0.0000000000
101054  48.884  19.670  44.143 0.0000000000
101071  48.740  19.649  43.131 0.0000000000
101088  47.478  18.995  42.151 0.0000000000
101087  48.552  19.526  42.129 0.0000000000
101086  49.666  19.644  42.156 0.0000000000
101125  51.188  19.450  38.922 0.0000000000
101126  49.983  19.457  39.037 0.0000000000
101139  49.511  19.341  38.140 0.0000000000
101150  48.994  19.055  37.387 0.0000000000
100216  47.950  18.667  38.838 0.0000000000
100225  48.240  18.579  37.821 0.0000000000
100234  48.585  18.490  36.821 0.0000000000
99336  47.810  17.291  36.781 0.0000000000
98488  47.556  16.616  36.454 0.0000000000
98483  45.327  15.878  38.513 0.0000000000
98482  45.950  16.048  38.011 0.0000000000
97656  45.066  14.829  37.520 0.0000000000
97655  45.744  15.193  37.280 0.0000000000
98490  46.539  15.827  37.299 0.0000000000
97654  46.706  15.458  36.603 0.0000000000
97662  46.704  15.020  35.759 0.0000000000
97670  46.500  14.896  35.048 0.0000000000
97677  46.151  14.769  34.688 0.0000000000
96832  45.141  13.965  34.418 0.0000000000
96825  44.210  13.973  34.608 0.0000000000
93777  44.725  11.413  34.802 0.0000000000
94796  44.056  12.041  34.589 0.0000000000
95811  46.477  13.014  41.729 0.0000000000
92826  44.737  10.777  35.560 0.0000000000
92834  44.823  10.984  35.221 0.0000000000
93762  43.485  11.375  38.061 0.0000000000
93775  45.408  11.716  35.151 0.0000000000
93781  45.454  11.845  34.964 0.0000000000
93782  45.270  11.799  34.797 0.0000000000
93783  45.053  11.903  34.601 0.0000000000
94593  49.927  12.680  53.811 0.0000000000
94605  46.801  13.251  53.284 0.0000000000
94616  46.148  13.257  52.672 0.0000000000
94629  44.865  13.328  51.540 0.0000000000
94660  47.714  12.431  48.620 0.0000000000
94672  46.850  12.727  47.870 0.0000000000
94794  45.590  12.108  35.128 0.0000000000
94795  45.442  11.818  35.338 0.0000000000
94802  45.274  12.381  34.618 0.0000000000
94803  44.788  12.234  34.509 0.0000000000
95640  46.821  13.932  54.421 0.0000000000
95666  46.091  13.651  53.214 0.0000000000
95667  45.579  13.792  52.931 0.0000000000
95668  45.093  13.907  52.622 0.0000000000
95675  45.261  13.579  52.396 0.0000000000
95685  44.507  13.507  51.204 0.0000000000
95693  44.424  13.255  50.383 0.0000000000
95704  45.246  12.749  48.959 0.0000000000
95718  43.420  13.818  47.812 0.0000000000
95844  44.767  13.190  36.784 0.0000000000
95859  46.125  13.632  34.948 0.0000000000
95860  45.899  12.899  35.114 0.0000000000
95866  46.008  13.760  34.747 0.0000000000
95869  44.424  12.927  34.526 0.0000000000
96667  45.768  15.079  54.056 0.0000000000
96681  46.029  14.248  53.807 0.0000000000
96683  44.926  14.871  53.001 0.0000000000
96690  44.874  14.399  52.669 0.0000000000
96696  44.018  14.466  51.181 0.0000000000
96708  43.277  14.451  49.436 0.0000000000
96719  42.740  14.819  48.226 0.0000000000
96725  42.911  14.342  47.709 0.0000000000
96732  42.755  14.466  47.143 0.0000000000
96733  42.518  14.866  46.886 0.0000000000
96740  42.553  14.820  46.131 0.0000000000
96807  45.254  14.603  37.147 0.0000000000
96808  44.582  14.167  37.393 0.0000000000
96809  43.908  13.688  37.784 0.0000000000
96824  44.714  14.464  34.504 0.0000000000
96830  46.232  14.198  34.841 0.0000000000
96831  45.868  14.088  34.591 0.0000000000
96833  44.728  13.459  34.456 0.0000000000
97574  44.601  15.155  52.502 0.0000000000
97577  43.854  14.984  50.857 0.0000000000
97582  43.145  15.387  49.242 0.0000000000
97583  42.813  15.258  48.620 0.0000000000
97588  42.966  15.751  48.623 0.0000000000
97591  42.503  15.439  47.343 0.0000000000
97647  44.697  15.232  38.321 0.0000000000
97678  45.597  14.753  34.506 0.0000000000
97679  45.029  14.770  34.442 0.0000000000
98332  49.405  16.149  59.382 0.0000000000
98365  45.941  16.741  54.675 0.0000000000
98402  44.544  15.925  52.098 0.0000000000
98409  44.221  16.232  50.352 0.0000000000
98418  43.818  16.739  48.797 0.0000000000
98426  42.544  16.074  47.201 0.0000000000
98433  42.582  16.137  45.350 0.0000000000
98453  43.383  16.300  42.222 0.0000000000
98459  44.288  16.588  40.968 0.0000000000
98474  45.614  16.415  38.904 0.0000000000
98506  46.610  16.065  35.335 0.0000000000
98512  46.343  15.273  34.895 0.0000000000
99211  45.756  17.213  54.365 0.0000000000
99231  45.457  17.176  53.732 0.0000000000
99256  45.094  17.110  50.220 0.0000000000
99260  45.379  17.645  49.157 0.0000000000
99265  43.695  16.938  48.247 0.0000000000
99281  43.668  17.254  44.466 0.0000000000
100058  47.817  19.271  58.075 0.0000000000
100086  45.930  17.711  54.513 0.0000000000
100123  47.200  18.605  51.323 0.0000000000
100137  47.479  18.698  48.819 0.0000000000
100139  45.955  17.971  49.131 0.0000000000
100151  45.127  18.134  47.248 0.0000000000
100158  46.536  19.123  45.110 0.0000000000
100173  45.786  18.258  43.415 0.0000000000
100182  47.079  18.717  42.138 0.0000000000
100202  45.804  17.636  40.736 0.0000000000
100208  47.850  18.748  39.416 0.0000000000
100210  46.847  17.787  39.326 0.0000000000
100226  47.993  17.934  37.258 0.0000000000
100235  48.214  17.932  36.371 0.0000000000
100237  44.999  18.121  36.132 0.0000000000
100886  47.964  19.724  58.348 0.0000000000
100911  38.899  20.363  56.265 0.0000000000
100964  52.754  20.117  52.272 0.0000000000
100965  52.303  20.063  52.278 0.0000000000
100972  54.212  20.351  51.533 0.0000000000
100973  53.938  20.167  51.648 0.0000000000
100974  53.061  20.008  51.891 0.0000000000
100982  54.604  20.269  50.934 0.0000000000
100983  54.380  20.295  51.155 0.0000000000
100993  54.402  19.970  50.410 0.0000000000
101001  54.993  19.989  49.947 0.0000000000
101003  53.571  19.824  49.171 0.0000000000
101009  48.430  19.317  47.516 0.0000000000
101013  55.016  20.005  49.011 0.0000000000
101016  52.624  19.801  47.867 0.0000000000
101022  47.644  19.294  46.534 0.0000000000
101025  54.939  20.112  48.024 0.0000000000
101034  47.401  19.322  45.857 0.0000000000
101048  54.509  20.106  45.461 0.0000000000
101050  52.945  19.705  44.734 0.0000000000
101056  47.157  19.112  43.862 0.0000000000
101080  55.101  20.040  44.216 0.0000000000
101089  47.108  18.776  42.559 0.0000000000
101115  48.262  19.156  40.135 0.0000000000
101129  47.861  18.844  39.785 0.0000000000
101135  53.319  20.099  38.464 0.0000000000
101152  44.871  19.626  37.415 0.0000000000
101156  51.390  20.031  36.422 0.0000000000
101165  50.452  20.056  35.501 0.0000000000
101166  49.947  19.871  35.209 0.0000000000
101175  49.489  20.154  34.812 0.0000000000
101176  49.105  19.949  34.692 0.0000000000
101711  48.244  20.395  58.618 0.0000000000
101725  41.605  21.245  57.248 0.0000000000
101733  47.170  20.121  56.282 0.0000000000
101740  38.811  20.859  56.218 0.0000000000
101741  38.383  20.578  55.990 0.0000000000
101753  38.501  20.977  55.959 0.0000000000
101762  53.008  21.211  53.935 0.0000000000
101763  52.630  21.100  54.056 0.0000000000
101766  49.090  20.580  54.367 0.0000000000
101783  54.117  20.941  53.046 0.0000000000
101785  53.286  20.970  53.597 0.0000000000
101790  48.320  19.999  53.721 0.0000000000
101793  39.726  20.987  53.952 0.0000000000
101810  54.143  20.862  52.834 0.0000000000
101811  53.796  20.586  52.791 0.0000000000
101814  50.729  20.175  52.980 0.0000000000
101828  54.465  20.598  51.435 0.0000000000
101831  53.218  20.176  52.254 0.0000000000
101834  54.600  20.518  51.091 0.0000000000
101835  54.424  20.482  51.353 0.0000000000
101838  54.985  20.470  50.406 0.0000000000
101848  54.991  20.549  47.572 0.0000000000
101850  54.916  20.622  46.519 0.0000000000
101860  55.109  20.587  44.504 0.0000000000
101861  55.086  20.815  43.859 0.0000000000
101893  53.117  20.549  38.741 0.0000000000
101898  53.426  20.153  38.671 0.0000000000
101905  52.554  20.260  37.868 0.0000000000
101906  52.087  20.253  37.228 0.0000000000
101912  51.586  20.224  36.683 0.0000000000
101913  51.083  20.218  36.197 0.0000000000
101920  50.192  20.274  35.306 0.0000000000
101923  46.362  20.860  35.324 0.0000000000
102384  49.123  22.091  60.198 0.0000000000
102386  48.288  22.106  60.392 0.0000000000
102393  49.222  21.976  60.101 0.0000000000
102407  48.155  20.778  58.274 0.0000000000
102411  43.960  22.177  58.122 0.0000000000
102422  41.353  21.743  57.058 0.0000000000
102423  40.792  21.410  56.947 0.0000000000
102433  41.227  22.000  56.871 0.0000000000
102455  38.796  21.336  55.613 0.0000000000
102463  53.444  21.640  53.862 0.0000000000
102464  53.021  21.595  54.152 0.0000000000
102465  52.229  21.409  54.569 0.0000000000
102466  51.442  21.378  54.856 0.0000000000
102467  50.874  21.404  55.079 0.0000000000
102470  42.689  21.803  54.791 0.0000000000
102473  39.421  21.655  55.027 0.0000000000
102475  38.191  21.246  55.017 0.0000000000
102482  54.094  21.096  53.119 0.0000000000
102483  53.713  21.413  53.525 0.0000000000
102502  54.197  21.121  52.697 0.0000000000
102523  54.569  20.829  51.379 0.0000000000
102526  53.293  21.756  51.858 0.0000000000
102528  51.498  21.749  51.449 0.0000000000
102542  54.883  20.927  50.998 0.0000000000
102543  54.561  21.119  50.925 0.0000000000
102553  54.608  21.192  49.954 0.0000000000
102563  54.572  21.309  48.929 0.0000000000
102569  54.966  21.026  48.217 0.0000000000
102579  54.644  21.661  45.718 0.0000000000
102582  54.980  21.173  45.116 0.0000000000
102591  54.798  21.218  43.806 0.0000000000
102606  54.222  21.259  42.629 0.0000000000
102609  51.534  21.730  41.934 0.0000000000
102619  54.520  21.061  42.270 0.0000000000
102641  47.885  21.791  40.436 0.0000000000
102673  52.696  20.427  38.102 0.0000000000
102678  44.937  21.699  36.305 0.0000000000
102680  43.798  22.068  37.654 0.0000000000
102683  51.767  20.454  36.959 0.0000000000
102687  48.228  21.749  35.869 0.0000000000
102693  50.793  20.421  35.979 0.0000000000
102694  50.257  20.682  35.621 0.0000000000
102697  46.727  21.329  34.824 0.0000000000
102704  49.484  20.787  35.012 0.0000000000
103172  48.488  22.519  60.383 0.0000000000
103173  47.972  22.365  60.308 0.0000000000
103180  49.570  22.518  59.799 0.0000000000
103181  49.247  21.938  59.854 0.0000000000
103182  47.348  22.320  60.010 0.0000000000
103184  45.986  22.250  59.264 0.0000000000
103194  49.864  22.585  59.035 0.0000000000
103196  46.327  22.913  59.210 0.0000000000
103210  50.050  22.609  58.175 0.0000000000
103212  45.889  23.024  57.249 0.0000000000
103214  44.530  22.757  57.462 0.0000000000
103222  52.091  22.566  55.804 0.0000000000
103224  51.065  22.429  56.744 0.0000000000
103226  49.410  22.188  57.691 0.0000000000
103228  45.875  22.796  56.660 0.0000000000
103232  41.561  22.252  56.605 0.0000000000
103242  52.363  22.306  55.187 0.0000000000
103243  51.846  22.254  55.667 0.0000000000
103244  51.412  22.248  56.060 0.0000000000
103245  47.260  23.177  55.628 0.0000000000
103246  46.843  22.975  55.924 0.0000000000
103250  42.293  22.434  55.972 0.0000000000
103252  41.152  22.408  55.963 0.0000000000
103259  53.385  21.848  53.971 0.0000000000
103261  47.264  23.152  55.313 0.0000000000
103286  53.458  22.154  53.227 0.0000000000
103289  50.882  22.820  53.090 0.0000000000
103305  52.487  22.160  52.365 0.0000000000
103342  54.324  21.962  46.346 0.0000000000
103383  46.337  22.660  42.140 0.0000000000
103436  48.268  21.888  37.436 0.0000000000
103456  47.193  22.488  35.543 0.0000000000
103459  43.927  22.960  35.936 0.0000000000
103465  46.530  22.075  34.837 0.0000000000
103979  48.738  23.012  60.218 0.0000000000
103988  50.123  23.266  59.561 0.0000000000
103990  48.472  23.392  59.794 0.0000000000
103992  46.656  23.032  59.385 0.0000000000
104000  50.627  23.504  59.042 0.0000000000
104015  51.571  23.296  57.487 0.0000000000
104016  51.142  23.560  58.233 0.0000000000
104018  48.935  23.994  58.412 0.0000000000
104021  45.472  23.113  57.698 0.0000000000
104022  45.017  22.967  57.646 0.0000000000
104029  49.735  24.249  57.676 0.0000000000
104044  47.204  23.177  56.030 0.0000000000
104050  51.845  23.809  55.211 0.0000000000
104194  45.449  23.526  38.035 0.0000000000
104205  41.937  23.389  37.171 0.0000000000
104797  50.743  24.174  58.605 0.0000000000
104805  51.248  24.049  57.927 0.0000000000
104814  51.750  23.924  56.921 0.0000000000
104825  51.638  24.220  56.147 0.0000000000
104827  49.882  24.431  55.930 0.0000000000
104828  49.369  24.199  55.377 0.0000000000
104837  51.248  24.318  55.506 0.0000000000
104838  50.495  24.409  55.317 0.0000000000
104840  49.351  24.194  55.080 0.0000000000
104955  43.705  24.254  38.581 0.0000000000
104984  42.655  24.134  36.575 0.0000000000
104986  41.661  23.769  37.047 0.0000000000
104991  43.465  23.983  35.983 0.0000000000
