#!ascii label  , from subject 3504 vox2ras=TkReg
1005
109567  42.331  30.795  35.299 0.0000000000
110286  46.549  31.403  33.077 0.0000000000
107909  52.223  28.303  42.028 0.0000000000
110220  39.398  31.693  39.519 0.0000000000
108754  43.110  29.688  42.146 0.0000000000
113095  44.710  34.895  30.292 0.0000000000
113028  43.888  35.415  37.963 0.0000000000
116337  45.879  40.554  36.440 0.0000000000
107859  52.357  28.863  47.305 0.0000000000
103359  49.183  22.637  44.267 0.0000000000
108852  45.276  29.097  30.885 0.0000000000
108794  46.863  29.023  37.287 0.0000000000
107179  51.959  27.103  34.340 0.0000000000
110215  52.474  30.959  40.322 0.0000000000
119617  49.050  45.821  38.588 0.0000000000
113730  49.225  36.090  31.523 0.0000000000
106411  46.250  26.088  44.309 0.0000000000
110251  41.663  31.329  36.852 0.0000000000
110193  41.684  30.871  41.195 0.0000000000
109542  42.753  31.064  38.805 0.0000000000
110993  42.880  32.360  32.339 0.0000000000
110970  41.320  32.468  34.303 0.0000000000
114993  42.560  38.897  38.064 0.0000000000
107065  51.295  26.820  48.492 0.0000000000
104901  51.987  23.992  47.213 0.0000000000
103335  52.675  22.365  48.262 0.0000000000
119650  49.186  45.430  34.841 0.0000000000
109600  46.879  29.944  31.464 0.0000000000
107201  47.854  27.039  32.261 0.0000000000
109576  48.658  29.635  33.535 0.0000000000
113015  51.588  36.086  38.229 0.0000000000
110929  52.278  32.777  37.319 0.0000000000
110916  51.131  33.749  39.672 0.0000000000
110179  51.160  31.694  42.954 0.0000000000
113052  45.905  35.639  34.363 0.0000000000
115016  47.850  38.655  34.437 0.0000000000
111669  47.199  33.751  31.704 0.0000000000
111018  47.768  32.267  29.147 0.0000000000
108771  49.675  29.262  39.156 0.0000000000
108749  47.496  29.547  41.356 0.0000000000
107123  48.166  28.105  43.846 0.0000000000
107897  41.033  28.257  43.456 0.0000000000
105675  42.661  25.408  43.173 0.0000000000
115064  47.970  38.507  30.174 0.0000000000
114374  45.361  37.505  32.297 0.0000000000
111645  45.044  33.734  35.833 0.0000000000
110249  48.335  31.668  35.849 0.0000000000
119605  42.197  45.921  38.855 0.0000000000
118974  44.867  44.478  38.163 0.0000000000
114332  44.523  37.611  36.423 0.0000000000
107871  52.230  28.928  44.836 0.0000000000
107106  49.169  27.053  45.301 0.0000000000
104904  50.211  24.418  46.550 0.0000000000
103362  52.654  21.870  43.806 0.0000000000
108835  43.790  29.701  32.937 0.0000000000
108804  45.116  29.734  36.544 0.0000000000
107984  46.051  28.365  34.306 0.0000000000
107965  49.167  27.800  35.979 0.0000000000
107942  52.535  27.865  38.095 0.0000000000
110273  51.680  30.648  34.765 0.0000000000
108791  53.301  29.377  37.120 0.0000000000
107907  53.566  28.270  41.380 0.0000000000
109484  52.559  30.001  44.009 0.0000000000
110151  51.579  31.573  46.596 0.0000000000
120297  47.957  46.642  37.444 0.0000000000
118357  49.963  43.570  35.938 0.0000000000
116347  49.658  41.017  35.040 0.0000000000
115701  50.506  39.624  32.526 0.0000000000
113102  47.811  35.070  29.103 0.0000000000
111011  44.429  32.250  29.768 0.0000000000
108764  45.436  29.867  40.282 0.0000000000
107893  45.133  28.124  43.321 0.0000000000
104927  44.257  23.962  42.683 0.0000000000
104148  47.215  23.716  44.249 0.0000000000
110266  41.976  31.169  36.025 0.0000000000
110238  41.831  31.338  38.170 0.0000000000
109557  42.612  30.966  36.526 0.0000000000
109591  42.633  30.774  33.356 0.0000000000
110981  41.893  32.430  33.638 0.0000000000
110278  41.384  31.634  34.559 0.0000000000
110279  40.928  31.756  35.159 0.0000000000
105631  51.083  25.941  48.506 0.0000000000
104889  51.863  23.798  48.009 0.0000000000
103337  50.871  22.901  48.741 0.0000000000
104947  42.211  24.518  40.035 0.0000000000
110294  46.631  31.209  31.935 0.0000000000
109588  47.647  29.538  32.438 0.0000000000
109577  47.440  30.546  33.721 0.0000000000
113001  52.206  36.025  39.686 0.0000000000
112281  52.059  35.255  39.251 0.0000000000
112340  45.997  34.086  33.486 0.0000000000
112339  46.578  34.588  33.022 0.0000000000
110991  46.181  32.972  32.781 0.0000000000
111003  46.928  32.224  31.111 0.0000000000
108759  50.831  29.025  40.100 0.0000000000
108747  49.566  29.515  41.071 0.0000000000
107911  49.881  28.809  42.818 0.0000000000
110209  38.810  31.519  40.512 0.0000000000
110208  39.898  31.437  40.565 0.0000000000
109497  42.185  30.085  41.989 0.0000000000
108737  41.462  29.583  42.694 0.0000000000
107896  42.118  28.434  43.248 0.0000000000
106423  42.187  26.421  43.414 0.0000000000
107895  43.146  28.096  43.346 0.0000000000
113743  46.932  36.109  29.832 0.0000000000
114383  47.238  37.709  30.692 0.0000000000
113732  45.567  36.150  30.934 0.0000000000
110240  39.554  31.744  37.364 0.0000000000
110231  38.920  31.763  38.465 0.0000000000
112317  44.557  34.595  36.531 0.0000000000
111636  46.215  32.798  36.384 0.0000000000
112308  45.172  34.075  37.727 0.0000000000
114323  43.141  37.415  37.905 0.0000000000
114991  43.812  38.387  37.059 0.0000000000
113674  43.790  36.552  37.331 0.0000000000
113042  44.741  35.451  35.845 0.0000000000
107865  52.270  28.989  46.072 0.0000000000
107867  51.160  28.042  46.444 0.0000000000
106399  51.334  26.427  47.558 0.0000000000
103343  53.763  22.232  46.580 0.0000000000
103350  52.210  22.514  45.636 0.0000000000
102584  54.318  21.650  44.572 0.0000000000
108843  44.350  29.406  32.011 0.0000000000
108834  44.499  29.105  33.030 0.0000000000
108003  45.793  28.028  32.214 0.0000000000
106479  49.981  26.852  32.985 0.0000000000
107182  48.593  26.945  34.022 0.0000000000
107172  50.692  26.746  34.704 0.0000000000
107963  50.950  27.329  36.242 0.0000000000
107161  52.487  26.787  35.729 0.0000000000
110944  48.937  32.227  36.354 0.0000000000
110262  49.988  31.504  35.251 0.0000000000
110956  51.215  32.215  35.371 0.0000000000
110227  51.753  32.219  38.686 0.0000000000
110247  52.470  31.416  36.571 0.0000000000
109538  53.233  30.058  38.535 0.0000000000
108769  53.965  28.564  39.168 0.0000000000
109520  53.564  29.485  40.390 0.0000000000
109510  53.220  29.703  41.686 0.0000000000
110190  52.545  30.597  42.446 0.0000000000
110871  49.888  32.139  44.653 0.0000000000
110162  51.539  31.472  44.935 0.0000000000
120920  49.201  47.233  38.536 0.0000000000
119629  49.620  45.568  37.302 0.0000000000
118986  50.042  44.466  36.943 0.0000000000
117696  45.082  42.230  37.378 0.0000000000
118984  46.072  43.774  37.604 0.0000000000
117007  46.608  41.298  36.390 0.0000000000
113705  48.750  36.911  32.637 0.0000000000
115677  48.811  39.469  34.470 0.0000000000
115014  49.601  39.104  33.833 0.0000000000
115675  50.197  40.068  34.011 0.0000000000
114371  49.854  37.446  31.905 0.0000000000
114391  49.235  37.499  30.292 0.0000000000
113091  49.315  35.897  30.589 0.0000000000
109638  46.134  30.743  29.596 0.0000000000
111020  46.417  32.244  28.998 0.0000000000
108867  44.966  30.169  30.181 0.0000000000
109616  43.935  30.738  31.297 0.0000000000
108803  45.887  29.304  36.323 0.0000000000
109539  45.265  29.919  38.238 0.0000000000
108786  46.064  29.590  38.612 0.0000000000
107892  46.142  28.343  43.260 0.0000000000
107914  46.161  28.892  42.615 0.0000000000
107114  45.326  26.607  43.941 0.0000000000
106421  44.294  26.233  43.706 0.0000000000
105672  45.180  24.851  43.793 0.0000000000
104908  48.760  24.424  45.857 0.0000000000
105661  47.746  25.247  45.246 0.0000000000
103360  48.506  22.837  44.125 0.0000000000
110230  40.028  31.743  38.562 0.0000000000
110219  40.464  31.585  39.655 0.0000000000
110229  41.105  31.568  38.855 0.0000000000
110217  42.186  31.152  40.194 0.0000000000
109524  43.498  30.590  40.382 0.0000000000
112371  43.615  33.955  30.561 0.0000000000
110252  40.541  31.604  36.526 0.0000000000
107079  51.590  27.520  48.307 0.0000000000
106398  51.710  26.479  48.022 0.0000000000
105651  51.759  24.797  47.957 0.0000000000
104132  52.359  23.301  47.388 0.0000000000
108865  46.084  29.411  30.515 0.0000000000
107211  46.301  27.956  31.633 0.0000000000
108850  47.070  28.578  31.241 0.0000000000
107992  49.101  27.692  32.351 0.0000000000
108830  50.888  28.367  33.247 0.0000000000
112305  51.007  34.947  37.053 0.0000000000
111633  52.030  33.787  36.348 0.0000000000
112304  52.018  34.900  37.356 0.0000000000
110923  51.813  33.285  38.395 0.0000000000
110216  51.679  31.813  39.808 0.0000000000
110191  51.800  31.436  42.066 0.0000000000
110897  51.197  31.975  41.396 0.0000000000
110886  50.329  32.213  42.670 0.0000000000
110878  49.535  32.310  43.530 0.0000000000
120266  47.761  47.133  39.593 0.0000000000
115007  45.822  38.689  35.720 0.0000000000
115666  46.921  39.408  35.412 0.0000000000
114347  47.007  37.589  34.372 0.0000000000
113059  47.593  35.996  32.767 0.0000000000
113081  48.396  34.900  31.379 0.0000000000
111687  48.540  33.798  30.204 0.0000000000
111678  47.597  33.314  30.859 0.0000000000
110315  46.603  30.896  29.870 0.0000000000
108783  48.692  28.983  38.206 0.0000000000
108773  47.639  29.398  39.354 0.0000000000
108761  48.594  29.601  40.230 0.0000000000
108712  48.037  29.147  42.787 0.0000000000
107124  47.051  27.811  43.788 0.0000000000
103378  50.588  21.942  42.443 0.0000000000
103379  49.553  22.109  42.568 0.0000000000
107898  40.071  28.243  43.509 0.0000000000
109515  41.077  30.606  41.803 0.0000000000
108738  40.657  29.632  42.890 0.0000000000
107130  40.634  27.348  43.583 0.0000000000
106424  41.212  26.474  43.423 0.0000000000
105686  42.074  25.113  42.600 0.0000000000
104929  42.715  24.607  42.271 0.0000000000
115712  48.264  40.013  30.496 0.0000000000
115045  47.234  38.879  31.887 0.0000000000
110969  45.760  32.767  34.344 0.0000000000
110276  47.260  31.023  34.389 0.0000000000
110959  46.605  32.116  35.425 0.0000000000
110934  47.416  32.576  36.865 0.0000000000
111622  48.835  33.222  37.330 0.0000000000
112293  49.608  34.967  37.911 0.0000000000
113016  50.219  36.037  38.288 0.0000000000
119622  43.449  45.077  38.568 0.0000000000
118339  44.096  43.060  37.849 0.0000000000
116998  44.543  41.342  37.323 0.0000000000
115657  45.027  39.149  36.458 0.0000000000
113688  45.382  36.388  35.269 0.0000000000
112323  45.166  34.820  35.052 0.0000000000
107887  51.978  28.294  43.020 0.0000000000
107888  50.909  28.297  43.362 0.0000000000
107873  50.976  28.178  45.780 0.0000000000
106402  49.640  26.317  46.293 0.0000000000
104141  49.988  23.256  45.800 0.0000000000
104903  51.124  24.457  46.899 0.0000000000
104140  50.930  23.125  45.959 0.0000000000
103357  51.120  22.306  44.473 0.0000000000
109579  43.195  30.074  33.653 0.0000000000
109556  43.486  30.498  36.126 0.0000000000
108812  44.304  29.655  34.579 0.0000000000
108822  45.420  28.915  34.577 0.0000000000
108802  46.567  28.877  36.024 0.0000000000
107993  46.862  27.411  33.063 0.0000000000
107974  48.139  27.633  34.926 0.0000000000
107966  48.035  28.308  36.189 0.0000000000
107945  49.234  28.792  37.957 0.0000000000
107943  51.159  28.444  38.254 0.0000000000
107929  52.581  28.135  40.274 0.0000000000
109563  48.179  30.631  34.511 0.0000000000
109575  49.930  29.789  34.016 0.0000000000
108818  52.010  28.868  34.131 0.0000000000
110955  51.963  32.233  35.581 0.0000000000
109560  52.373  30.011  35.182 0.0000000000
107971  53.191  27.616  35.541 0.0000000000
107940  53.650  27.790  37.649 0.0000000000
107928  53.350  27.934  39.980 0.0000000000
107922  53.254  27.963  40.907 0.0000000000
107886  52.711  28.487  42.664 0.0000000000
108703  52.554  29.284  44.438 0.0000000000
109474  52.642  30.028  46.173 0.0000000000
110178  51.902  31.094  43.184 0.0000000000
110161  52.132  30.932  45.315 0.0000000000
108690  52.527  29.634  47.464 0.0000000000
108674  52.010  29.654  48.273 0.0000000000
119636  48.486  45.616  36.373 0.0000000000
118988  49.656  44.526  35.802 0.0000000000
118370  49.967  43.439  34.042 0.0000000000
116335  47.542  41.027  35.839 0.0000000000
117704  49.325  42.757  36.368 0.0000000000
117716  49.818  42.710  35.825 0.0000000000
117040  50.193  41.420  34.270 0.0000000000
117070  50.486  41.075  32.423 0.0000000000
115062  49.529  38.515  30.572 0.0000000000
114401  47.956  36.701  29.570 0.0000000000
113103  46.987  35.002  29.210 0.0000000000
111697  47.892  33.159  29.170 0.0000000000
112379  46.562  34.011  29.026 0.0000000000
112381  45.080  33.966  29.592 0.0000000000
111012  43.889  32.328  30.393 0.0000000000
109603  43.093  30.760  32.754 0.0000000000
109549  43.523  30.607  37.358 0.0000000000
109532  44.295  30.421  39.239 0.0000000000
109511  43.976  30.258  40.778 0.0000000000
108750  46.410  29.495  41.272 0.0000000000
108733  45.339  29.267  42.026 0.0000000000
107916  44.328  28.708  42.841 0.0000000000
107127  43.734  27.213  43.577 0.0000000000
104919  43.279  24.738  42.977 0.0000000000
107110  49.297  27.755  44.342 0.0000000000
107111  47.988  27.150  44.508 0.0000000000
105664  46.527  25.268  44.467 0.0000000000
103381  47.864  22.356  42.514 0.0000000000
104152  45.970  23.495  43.296 0.0000000000
102556  51.966  21.651  49.685 0.0000000000
102554  53.938  21.440  49.728 0.0000000000
109592  42.211  30.812  33.944 0.0000000000
110288  42.007  31.310  33.822 0.0000000000
109581  41.936  30.928  34.441 0.0000000000
109568  41.641  31.049  34.946 0.0000000000
104891  50.498  24.495  48.562 0.0000000000
109589  46.949  30.600  32.665 0.0000000000
109578  46.848  30.953  33.415 0.0000000000
110979  45.962  32.795  33.445 0.0000000000
111661  46.042  33.388  33.218 0.0000000000
110990  46.333  32.238  32.567 0.0000000000
107924  51.543  28.586  41.211 0.0000000000
108746  50.513  29.143  41.078 0.0000000000
107910  50.929  28.677  42.165 0.0000000000
110196  39.332  31.008  41.722 0.0000000000
109513  42.716  30.177  41.652 0.0000000000
108736  42.494  29.424  42.568 0.0000000000
107918  42.795  28.695  43.075 0.0000000000
113744  46.119  35.703  30.125 0.0000000000
113731  46.514  36.567  30.554 0.0000000000
113082  45.049  35.416  30.553 0.0000000000
110221  38.339  31.733  39.448 0.0000000000
112309  44.605  34.480  37.510 0.0000000000
113029  43.440  36.165  38.095 0.0000000000
113035  44.179  35.431  36.884 0.0000000000
107860  52.047  28.416  47.414 0.0000000000
107866  51.715  28.461  46.654 0.0000000000
107095  51.653  27.690  47.549 0.0000000000
103348  53.859  22.051  45.634 0.0000000000
108013  44.965  28.994  31.407 0.0000000000
108004  45.023  28.643  32.163 0.0000000000
108012  45.698  28.520  31.293 0.0000000000
106472  50.874  26.835  33.580 0.0000000000
106467  50.144  26.626  33.717 0.0000000000
106461  51.220  26.721  34.450 0.0000000000
107171  51.706  26.739  35.050 0.0000000000
107170  52.199  26.784  34.959 0.0000000000
110931  49.806  33.097  36.469 0.0000000000
110943  50.208  32.769  35.976 0.0000000000
111635  50.471  33.624  36.361 0.0000000000
110226  52.392  31.141  39.141 0.0000000000
109530  53.161  30.233  39.792 0.0000000000
109521  53.155  30.176  40.781 0.0000000000
110203  52.587  30.807  41.391 0.0000000000
120264  49.074  47.476  39.315 0.0000000000
120915  49.131  47.668  39.127 0.0000000000
120285  49.261  46.705  38.748 0.0000000000
120295  49.808  45.924  38.025 0.0000000000
118969  49.750  45.337  38.147 0.0000000000
116997  45.523  41.341  36.863 0.0000000000
117695  46.147  42.350  37.042 0.0000000000
117008  46.039  41.215  36.588 0.0000000000
113717  49.059  36.311  31.934 0.0000000000
114358  49.222  37.703  33.032 0.0000000000
114372  49.414  37.151  32.312 0.0000000000
114357  49.747  37.880  32.616 0.0000000000
113716  49.550  36.786  31.891 0.0000000000
113729  49.515  36.393  31.344 0.0000000000
113079  49.363  35.755  31.000 0.0000000000
108866  45.464  29.641  30.380 0.0000000000
109629  45.556  30.382  29.819 0.0000000000
108853  44.704  29.650  30.921 0.0000000000
108795  45.771  29.547  37.541 0.0000000000
108785  46.765  29.318  38.454 0.0000000000
107125  45.982  27.532  43.732 0.0000000000
107113  45.797  26.753  44.040 0.0000000000
106412  45.478  26.070  44.051 0.0000000000
104142  49.032  23.530  45.549 0.0000000000
104143  48.402  23.748  45.273 0.0000000000
104146  48.672  23.141  44.830 0.0000000000
110239  40.789  31.652  37.684 0.0000000000
110228  42.030  31.294  39.277 0.0000000000
109534  42.817  31.032  39.824 0.0000000000
109525  42.653  30.783  40.741 0.0000000000
111680  43.290  33.296  30.965 0.0000000000
111681  42.741  33.693  31.479 0.0000000000
111005  42.939  33.047  31.659 0.0000000000
111663  41.871  33.649  33.175 0.0000000000
106384  51.486  26.327  48.291 0.0000000000
104125  52.180  23.060  48.002 0.0000000000
103339  53.542  22.249  47.454 0.0000000000
103334  53.478  22.021  48.087 0.0000000000
119652  48.036  46.099  34.910 0.0000000000
120320  47.307  46.647  34.559 0.0000000000
109614  46.455  30.020  30.519 0.0000000000
108851  46.647  29.107  30.883 0.0000000000
108842  47.123  29.078  31.303 0.0000000000
109587  48.351  29.092  32.677 0.0000000000
108833  48.160  28.764  32.247 0.0000000000
108832  48.952  28.447  32.567 0.0000000000
107991  49.621  27.695  32.553 0.0000000000
108831  50.039  28.361  32.936 0.0000000000
113026  51.259  35.528  37.691 0.0000000000
113025  52.012  35.552  38.022 0.0000000000
111604  51.293  34.193  39.636 0.0000000000
111603  51.651  34.194  39.013 0.0000000000
110915  51.217  32.942  39.402 0.0000000000
110907  51.106  32.354  40.517 0.0000000000
110908  50.746  33.302  40.290 0.0000000000
110899  49.782  33.519  41.578 0.0000000000
110887  49.451  32.929  42.399 0.0000000000
113687  46.102  37.103  34.774 0.0000000000
114338  46.413  37.863  34.920 0.0000000000
113697  46.607  36.496  34.068 0.0000000000
112348  46.914  34.117  32.274 0.0000000000
113060  46.941  35.726  33.293 0.0000000000
113071  47.232  34.919  32.495 0.0000000000
113070  48.124  35.674  32.193 0.0000000000
112347  47.686  34.413  31.701 0.0000000000
112357  48.232  34.206  31.026 0.0000000000
110305  46.663  30.936  30.792 0.0000000000
111010  47.005  31.567  30.171 0.0000000000
108772  48.630  29.360  39.240 0.0000000000
107912  49.188  28.829  43.086 0.0000000000
108730  48.599  29.308  42.438 0.0000000000
107890  48.463  28.745  43.251 0.0000000000
108713  47.755  29.022  42.928 0.0000000000
108717  39.565  29.069  43.365 0.0000000000
108739  39.847  29.660  43.025 0.0000000000
110207  40.911  31.295  40.586 0.0000000000
110195  40.470  31.047  41.344 0.0000000000
110194  41.313  30.941  41.221 0.0000000000
108715  41.269  29.057  43.175 0.0000000000
108716  40.413  29.015  43.304 0.0000000000
107129  41.646  27.368  43.511 0.0000000000
105676  41.716  25.680  43.103 0.0000000000
115718  49.212  39.542  30.231 0.0000000000
115719  48.558  39.458  30.199 0.0000000000
115057  46.825  37.950  31.472 0.0000000000
115056  47.366  38.636  31.302 0.0000000000
114373  46.176  37.745  31.852 0.0000000000
115047  45.960  38.136  32.348 0.0000000000
111644  45.253  33.614  35.058 0.0000000000
110960  45.802  32.683  35.258 0.0000000000
111624  46.454  32.987  37.116 0.0000000000
111623  47.736  32.934  37.501 0.0000000000
112294  48.737  34.422  38.390 0.0000000000
113017  49.141  35.272  38.570 0.0000000000
120270  42.772  46.738  39.187 0.0000000000
119604  43.124  45.897  38.806 0.0000000000
118320  43.430  43.219  38.105 0.0000000000
117697  43.981  42.304  37.734 0.0000000000
115000  44.587  38.624  36.559 0.0000000000
115644  44.438  39.491  36.838 0.0000000000
114331  45.016  37.963  35.999 0.0000000000
114340  44.924  36.879  35.903 0.0000000000
112324  44.839  34.326  35.772 0.0000000000
107876  51.793  28.462  44.100 0.0000000000
107872  51.687  28.619  45.314 0.0000000000
106401  50.581  26.358  46.930 0.0000000000
107102  50.503  27.391  46.409 0.0000000000
105657  49.980  25.453  46.607 0.0000000000
104905  49.448  24.736  46.330 0.0000000000
104902  51.689  24.322  47.279 0.0000000000
105655  51.449  25.025  47.517 0.0000000000
103355  53.004  21.933  44.599 0.0000000000
104139  51.567  23.001  46.100 0.0000000000
103356  52.033  22.156  44.566 0.0000000000
103352  50.664  22.672  45.285 0.0000000000
103363  51.882  21.965  43.478 0.0000000000
102594  52.801  21.726  43.045 0.0000000000
109566  43.536  30.147  34.796 0.0000000000
108824  43.975  29.608  33.825 0.0000000000
107985  45.369  28.686  34.039 0.0000000000
108823  44.818  29.118  34.065 0.0000000000
108810  45.940  28.903  35.285 0.0000000000
107976  46.331  28.604  35.074 0.0000000000
107209  47.569  27.401  31.803 0.0000000000
107203  46.522  27.598  32.152 0.0000000000
107192  47.388  27.167  32.858 0.0000000000
107174  48.735  27.304  34.776 0.0000000000
107982  47.882  27.273  34.082 0.0000000000
107954  48.862  28.478  37.282 0.0000000000
107952  51.472  27.644  36.971 0.0000000000
107936  51.623  28.547  39.574 0.0000000000
107935  52.529  28.137  39.220 0.0000000000
110264  47.479  31.388  35.095 0.0000000000
109564  47.566  30.881  34.461 0.0000000000
110263  48.771  31.177  35.264 0.0000000000
110261  50.933  31.463  35.000 0.0000000000
110275  50.438  30.668  34.642 0.0000000000
109574  50.905  29.949  34.154 0.0000000000
108819  51.304  29.146  33.801 0.0000000000
109573  51.744  29.993  34.445 0.0000000000
111632  52.307  33.232  36.441 0.0000000000
110941  52.183  32.934  36.045 0.0000000000
110940  52.369  32.565  36.664 0.0000000000
109546  52.811  30.372  37.332 0.0000000000
109554  52.679  30.236  36.320 0.0000000000
108808  52.718  28.848  35.456 0.0000000000
108800  53.480  28.075  36.483 0.0000000000
107949  53.508  27.497  36.697 0.0000000000
108790  53.608  28.341  37.054 0.0000000000
108758  53.880  28.644  40.084 0.0000000000
107927  53.872  28.019  39.620 0.0000000000
107921  53.789  28.103  40.570 0.0000000000
107908  53.025  28.191  41.735 0.0000000000
109496  52.918  29.749  42.862 0.0000000000
108711  52.918  29.034  43.341 0.0000000000
108701  52.466  29.426  45.569 0.0000000000
109476  52.472  30.107  45.131 0.0000000000
110158  51.603  31.560  45.801 0.0000000000
110157  52.098  31.121  46.223 0.0000000000
110156  52.412  30.604  46.613 0.0000000000
110132  52.261  30.578  47.438 0.0000000000
108673  52.342  29.924  47.945 0.0000000000
120917  48.112  48.164  38.342 0.0000000000
120918  47.152  48.214  38.175 0.0000000000
120922  47.495  47.478  37.848 0.0000000000
120305  48.310  46.039  36.885 0.0000000000
119634  49.797  45.109  36.811 0.0000000000
119642  49.270  45.023  36.024 0.0000000000
118362  49.760  43.876  35.033 0.0000000000
118361  49.897  43.135  35.179 0.0000000000
115005  47.278  39.066  35.053 0.0000000000
116350  47.207  40.100  35.542 0.0000000000
115665  47.725  39.638  35.096 0.0000000000
116363  49.261  40.120  34.662 0.0000000000
117022  48.322  41.438  35.845 0.0000000000
117021  48.920  41.443  35.637 0.0000000000
117717  49.371  42.086  35.880 0.0000000000
117703  49.753  43.001  36.268 0.0000000000
117020  49.668  41.550  35.256 0.0000000000
115690  50.338  39.600  33.338 0.0000000000
116377  50.385  40.545  33.700 0.0000000000
116388  50.564  40.393  32.909 0.0000000000
117059  50.440  41.276  33.239 0.0000000000
116398  50.445  40.392  32.016 0.0000000000
115711  49.836  39.517  30.828 0.0000000000
115710  50.331  39.561  31.658 0.0000000000
113741  49.034  36.525  30.136 0.0000000000
113751  47.888  36.059  29.327 0.0000000000
113752  47.456  35.574  29.279 0.0000000000
111688  48.028  33.087  29.673 0.0000000000
111696  48.407  33.749  29.609 0.0000000000
111021  45.164  32.276  29.278 0.0000000000
111700  45.107  33.378  29.458 0.0000000000
111689  44.421  32.917  29.791 0.0000000000
108844  43.791  30.039  32.285 0.0000000000
109602  43.531  30.780  32.057 0.0000000000
109590  43.309  30.319  32.858 0.0000000000
109555  44.313  29.979  35.814 0.0000000000
109548  44.557  30.127  37.131 0.0000000000
109531  45.012  30.094  39.189 0.0000000000
109540  44.376  30.347  38.268 0.0000000000
109522  44.799  30.186  39.747 0.0000000000
109523  44.400  30.280  40.266 0.0000000000
108765  44.954  29.907  40.788 0.0000000000
108762  47.581  29.575  40.332 0.0000000000
108763  46.568  29.597  40.338 0.0000000000
107915  45.261  28.757  42.707 0.0000000000
108734  44.439  29.286  42.210 0.0000000000
107894  44.121  28.039  43.362 0.0000000000
104918  43.980  24.535  43.173 0.0000000000
105674  43.652  25.392  43.433 0.0000000000
104928  43.618  24.148  42.295 0.0000000000
107109  50.073  27.885  44.543 0.0000000000
107878  49.989  27.966  44.244 0.0000000000
104911  47.391  24.362  44.822 0.0000000000
106407  47.646  25.873  44.993 0.0000000000
105663  47.170  25.218  44.786 0.0000000000
106410  47.183  26.157  44.599 0.0000000000
104912  46.730  24.309  44.368 0.0000000000
103392  49.301  21.868  41.742 0.0000000000
103380  48.690  22.236  42.583 0.0000000000
103393  48.475  21.915  41.720 0.0000000000
109550  42.646  31.008  37.681 0.0000000000
110287  42.484  31.728  33.173 0.0000000000
110980  42.463  32.386  33.054 0.0000000000
110267  41.310  31.327  35.595 0.0000000000
106371  51.220  26.245  48.482 0.0000000000
105641  51.340  25.400  48.352 0.0000000000
104890  51.275  24.213  48.367 0.0000000000
104126  51.407  23.379  48.398 0.0000000000
103336  51.602  22.683  48.585 0.0000000000
109599  47.302  29.278  31.668 0.0000000000
113014  52.182  35.922  38.735 0.0000000000
111597  50.924  34.154  40.097 0.0000000000
113061  46.184  34.884  33.710 0.0000000000
111660  46.390  33.771  32.802 0.0000000000
111670  46.688  33.175  31.989 0.0000000000
111679  47.029  32.896  31.288 0.0000000000
108760  49.656  29.470  40.140 0.0000000000
108729  49.678  29.307  41.958 0.0000000000
109514  41.847  30.565  41.509 0.0000000000
109498  41.660  30.089  42.174 0.0000000000
108714  41.845  29.149  42.958 0.0000000000
107128  42.675  27.316  43.485 0.0000000000
114393  47.622  37.103  29.947 0.0000000000
114394  46.996  36.914  30.405 0.0000000000
114384  46.481  37.127  31.097 0.0000000000
113719  45.347  36.834  31.699 0.0000000000
110241  38.470  31.854  37.646 0.0000000000
111638  44.909  33.917  36.396 0.0000000000
111637  45.565  33.219  36.156 0.0000000000
111626  44.779  34.160  36.910 0.0000000000
111625  45.325  33.761  37.208 0.0000000000
114324  42.615  38.164  38.201 0.0000000000
114992  43.068  38.612  37.690 0.0000000000
114322  43.775  37.478  37.146 0.0000000000
113681  44.451  36.363  36.368 0.0000000000
107101  51.305  27.951  46.820 0.0000000000
105656  50.925  25.397  47.184 0.0000000000
103344  52.952  22.610  46.577 0.0000000000
103345  52.474  22.766  46.351 0.0000000000
103349  53.048  22.267  45.630 0.0000000000
103354  53.661  21.876  44.926 0.0000000000
102585  53.823  21.645  44.193 0.0000000000
107995  45.327  28.428  33.260 0.0000000000
107200  48.776  26.960  32.483 0.0000000000
107191  48.210  26.777  32.976 0.0000000000
107190  49.103  26.593  33.144 0.0000000000
107181  49.762  26.643  33.903 0.0000000000
107173  49.482  27.165  34.995 0.0000000000
107964  50.292  27.566  36.320 0.0000000000
107163  50.466  27.201  35.661 0.0000000000
107162  51.628  27.031  35.932 0.0000000000
107951  52.692  27.353  37.235 0.0000000000
110248  49.291  31.825  35.798 0.0000000000
110957  50.638  32.012  35.401 0.0000000000
110237  52.027  32.681  37.912 0.0000000000
110236  52.234  31.615  37.726 0.0000000000
108780  53.355  29.652  37.779 0.0000000000
108779  53.761  28.804  38.119 0.0000000000
109537  53.749  29.162  38.852 0.0000000000
109529  53.675  29.346  39.491 0.0000000000
108744  53.655  28.873  41.070 0.0000000000
108745  53.481  28.963  41.628 0.0000000000
110877  50.523  31.956  43.755 0.0000000000
110169  51.359  31.512  43.976 0.0000000000
110870  50.816  31.885  44.735 0.0000000000
110861  51.091  31.868  45.456 0.0000000000
122188  48.405  48.995  39.272 0.0000000000
120916  48.871  47.998  38.699 0.0000000000
120921  48.639  47.342  38.111 0.0000000000
120296  49.315  46.233  37.759 0.0000000000
119628  49.753  45.431  37.646 0.0000000000
118318  45.246  43.789  37.763 0.0000000000
119620  45.431  45.331  38.486 0.0000000000
118337  45.619  43.071  37.459 0.0000000000
115032  48.144  38.068  33.797 0.0000000000
115678  48.240  39.457  34.720 0.0000000000
115031  48.785  38.263  33.677 0.0000000000
115015  49.147  38.956  34.007 0.0000000000
115676  49.663  39.573  34.115 0.0000000000
116362  49.842  40.739  34.623 0.0000000000
115691  50.046  39.503  33.722 0.0000000000
115029  50.246  39.113  33.235 0.0000000000
115054  50.431  38.979  32.220 0.0000000000
115055  50.109  38.522  31.487 0.0000000000
114382  49.766  37.472  30.990 0.0000000000
113740  49.478  36.724  30.637 0.0000000000
113092  48.931  35.612  30.028 0.0000000000
110324  46.655  31.532  29.261 0.0000000000
111019  47.415  32.208  28.969 0.0000000000
109639  45.763  30.983  29.375 0.0000000000
109640  45.413  31.175  29.337 0.0000000000
110316  44.464  31.561  29.901 0.0000000000
110306  44.149  31.316  30.451 0.0000000000
109615  44.356  30.694  30.577 0.0000000000
109601  44.076  30.171  31.509 0.0000000000
108796  45.161  29.836  37.193 0.0000000000
109547  45.192  29.872  37.534 0.0000000000
108775  45.843  29.760  39.351 0.0000000000
107913  46.731  29.054  42.544 0.0000000000
108732  46.235  29.284  42.029 0.0000000000
107126  44.931  27.152  43.772 0.0000000000
106420  45.007  26.403  43.884 0.0000000000
105673  44.564  25.207  43.663 0.0000000000
104917  44.781  24.201  43.312 0.0000000000
106403  48.882  25.969  45.891 0.0000000000
106406  48.363  26.175  45.370 0.0000000000
105660  48.411  25.288  45.699 0.0000000000
104909  48.010  24.395  45.320 0.0000000000
104147  47.904  23.470  44.532 0.0000000000
110218  41.433  31.376  39.891 0.0000000000
110206  41.854  31.036  40.816 0.0000000000
110205  42.243  31.026  40.593 0.0000000000
113096  43.846  34.692  30.696 0.0000000000
112358  43.007  34.353  31.194 0.0000000000
111662  42.400  33.053  32.875 0.0000000000
110268  40.465  31.816  35.672 0.0000000000
114313  42.803  37.100  38.449 0.0000000000
113667  42.986  36.601  38.548 0.0000000000
107078  52.227  28.377  47.993 0.0000000000
107094  52.167  28.389  47.684 0.0000000000
105652  51.712  25.350  47.917 0.0000000000
104899  51.762  24.508  47.636 0.0000000000
105640  51.673  24.499  48.081 0.0000000000
104898  51.895  24.067  47.594 0.0000000000
104134  52.353  23.438  46.944 0.0000000000
102576  54.103  22.052  46.935 0.0000000000
108025  45.720  29.039  30.720 0.0000000000
108024  46.159  28.821  30.842 0.0000000000
108011  46.611  28.302  31.183 0.0000000000
108009  47.888  27.553  31.729 0.0000000000
108841  47.612  28.636  31.683 0.0000000000
108002  47.940  27.937  31.683 0.0000000000
108001  48.516  27.600  32.086 0.0000000000
108000  49.256  27.283  32.431 0.0000000000
107990  50.390  27.537  32.880 0.0000000000
107989  51.185  27.653  33.304 0.0000000000
112306  50.110  34.544  37.229 0.0000000000
111634  51.078  33.780  36.143 0.0000000000
112316  51.516  34.421  36.649 0.0000000000
112315  52.091  34.406  36.777 0.0000000000
111619  52.329  34.084  37.123 0.0000000000
112292  52.187  35.041  38.378 0.0000000000
111609  52.251  34.186  37.987 0.0000000000
110930  52.256  33.436  37.587 0.0000000000
110204  51.814  31.557  40.927 0.0000000000
110192  50.983  31.989  42.094 0.0000000000
110898  50.444  32.754  41.447 0.0000000000
110872  48.773  32.364  44.528 0.0000000000
120286  48.484  46.479  39.143 0.0000000000
115655  46.465  39.907  35.829 0.0000000000
115006  46.627  38.597  35.209 0.0000000000
115017  46.950  38.192  34.714 0.0000000000
113707  47.198  36.430  33.515 0.0000000000
113696  47.413  37.054  33.671 0.0000000000
113706  47.842  36.471  32.958 0.0000000000
113718  48.487  36.334  32.428 0.0000000000
113069  48.781  35.901  31.804 0.0000000000
113080  49.002  35.655  31.375 0.0000000000
112356  48.728  34.586  30.733 0.0000000000
111002  47.300  32.624  30.620 0.0000000000
111009  47.469  32.352  30.028 0.0000000000
110314  47.150  31.809  29.394 0.0000000000
109628  46.056  30.117  30.026 0.0000000000
108793  47.773  28.865  37.639 0.0000000000
108748  48.586  29.630  41.267 0.0000000000
108731  47.306  29.258  42.345 0.0000000000
107891  47.221  28.711  43.130 0.0000000000
107112  46.716  26.949  44.214 0.0000000000
103365  49.830  22.284  43.466 0.0000000000
107899  39.125  28.347  43.536 0.0000000000
109516  40.261  30.663  42.070 0.0000000000
109499  40.871  30.164  42.402 0.0000000000
106425  40.179  26.408  43.270 0.0000000000
104930  42.003  24.809  41.915 0.0000000000
115720  48.197  39.376  30.336 0.0000000000
115713  47.881  39.384  30.813 0.0000000000
113083  44.414  35.391  30.937 0.0000000000
113733  44.145  35.887  31.639 0.0000000000
110978  46.183  32.092  33.705 0.0000000000
110277  46.734  31.348  34.143 0.0000000000
110968  46.232  32.110  34.623 0.0000000000
110265  46.731  31.736  34.842 0.0000000000
110958  47.254  31.931  35.825 0.0000000000
110946  46.816  32.421  36.294 0.0000000000
110945  47.813  32.091  36.348 0.0000000000
110933  48.365  32.586  36.923 0.0000000000
112307  49.237  34.044  37.640 0.0000000000
113665  51.287  36.553  38.585 0.0000000000
119621  44.370  45.170  38.502 0.0000000000
118975  43.880  44.309  38.276 0.0000000000
118319  44.341  43.666  37.931 0.0000000000
118338  44.704  43.027  37.666 0.0000000000
116324  45.447  40.809  36.708 0.0000000000
115645  43.557  39.456  37.427 0.0000000000
116326  44.034  40.414  37.327 0.0000000000
116338  45.207  39.814  36.554 0.0000000000
115656  45.675  39.395  36.116 0.0000000000
114339  45.538  37.736  35.599 0.0000000000
113689  44.882  36.264  35.881 0.0000000000
113041  45.259  35.572  35.136 0.0000000000
112333  45.574  34.409  34.250 0.0000000000
111653  45.656  33.475  33.964 0.0000000000
107877  50.731  28.120  44.504 0.0000000000
107105  50.144  27.742  45.140 0.0000000000
107103  49.579  26.855  45.961 0.0000000000
105658  49.120  25.389  46.186 0.0000000000
104145  49.327  22.907  45.067 0.0000000000
105653  51.528  25.721  47.752 0.0000000000
104135  51.993  23.410  46.620 0.0000000000
104136  51.369  23.694  46.557 0.0000000000
104137  50.714  23.752  46.413 0.0000000000
103358  50.084  22.504  44.589 0.0000000000
103364  50.796  22.123  43.529 0.0000000000
109580  42.551  30.495  34.232 0.0000000000
109565  44.285  29.853  35.085 0.0000000000
108811  45.004  29.459  35.269 0.0000000000
107967  47.274  28.668  36.532 0.0000000000
107994  46.270  27.696  33.052 0.0000000000
107183  47.816  27.101  33.528 0.0000000000
107983  47.128  27.577  33.878 0.0000000000
107975  46.987  28.386  35.285 0.0000000000
107956  47.422  28.774  37.167 0.0000000000
108792  48.269  28.738  37.569 0.0000000000
108782  49.691  28.964  38.423 0.0000000000
107953  50.113  28.137  37.116 0.0000000000
108781  50.298  28.800  38.386 0.0000000000
108770  50.571  28.971  38.965 0.0000000000
107930  51.855  28.445  40.499 0.0000000000
109562  49.331  30.528  34.587 0.0000000000
108821  49.639  29.076  33.288 0.0000000000
108820  50.490  29.127  33.543 0.0000000000
108829  51.530  28.373  33.578 0.0000000000
107981  51.928  27.771  33.872 0.0000000000
110942  51.490  33.053  35.801 0.0000000000
110260  51.772  31.222  35.052 0.0000000000
110259  52.375  31.309  35.671 0.0000000000
109561  51.925  30.544  34.797 0.0000000000
109572  52.146  29.504  34.599 0.0000000000
108817  52.385  28.905  34.859 0.0000000000
107169  52.706  27.281  34.991 0.0000000000
107160  53.024  26.803  35.580 0.0000000000
107950  53.279  27.221  37.109 0.0000000000
107941  53.354  27.586  37.980 0.0000000000
107933  53.822  27.957  38.639 0.0000000000
107934  53.385  27.801  38.968 0.0000000000
107923  52.496  28.157  41.155 0.0000000000
107875  52.455  28.678  43.710 0.0000000000
108727  53.265  28.775  42.137 0.0000000000
108696  52.573  29.475  46.639 0.0000000000
110177  52.399  30.447  43.436 0.0000000000
110168  52.093  30.768  44.253 0.0000000000
109477  52.278  30.542  44.838 0.0000000000
107842  52.395  29.179  48.002 0.0000000000
107843  51.946  28.739  48.356 0.0000000000
119643  48.723  45.388  35.697 0.0000000000
120304  48.901  45.841  36.971 0.0000000000
118991  49.634  44.670  34.585 0.0000000000
118386  50.264  43.137  32.784 0.0000000000
119618  47.959  45.696  38.651 0.0000000000
118971  48.607  45.070  38.320 0.0000000000
116336  47.018  40.759  35.916 0.0000000000
116349  48.019  40.759  35.548 0.0000000000
118334  48.751  43.855  37.436 0.0000000000
118981  49.171  44.606  37.896 0.0000000000
118333  49.605  44.116  37.355 0.0000000000
118348  49.749  43.466  36.526 0.0000000000
118356  49.923  43.020  35.631 0.0000000000
117041  49.970  41.455  34.812 0.0000000000
117019  50.023  42.038  35.075 0.0000000000
117731  50.031  42.470  34.636 0.0000000000
117749  50.229  42.286  33.580 0.0000000000
117763  50.377  42.079  32.341 0.0000000000
116399  50.065  40.457  31.117 0.0000000000
115063  48.836  38.506  30.082 0.0000000000
114392  48.414  37.236  29.832 0.0000000000
113742  47.639  36.496  29.619 0.0000000000
113093  46.338  35.356  29.689 0.0000000000
112368  48.901  34.652  29.966 0.0000000000
112377  48.221  34.288  29.336 0.0000000000
111698  47.053  33.086  29.019 0.0000000000
112378  47.518  34.089  29.007 0.0000000000
113104  46.045  34.698  29.420 0.0000000000
112369  45.225  34.475  29.747 0.0000000000
111690  43.869  33.305  30.293 0.0000000000
111004  43.341  32.338  31.470 0.0000000000
110307  43.821  31.431  31.067 0.0000000000
110295  43.338  31.728  31.948 0.0000000000
110296  42.980  31.319  32.626 0.0000000000
109541  43.529  30.708  38.465 0.0000000000
109533  43.564  30.718  39.494 0.0000000000
109512  43.497  30.252  41.125 0.0000000000
108753  43.634  29.755  41.819 0.0000000000
108774  46.724  29.508  39.417 0.0000000000
108751  45.470  29.592  41.279 0.0000000000
108752  44.466  29.824  41.292 0.0000000000
108735  43.573  29.277  42.438 0.0000000000
107917  43.414  28.725  42.964 0.0000000000
106422  43.204  26.333  43.507 0.0000000000
107889  49.702  28.286  43.654 0.0000000000
107122  48.927  28.215  43.778 0.0000000000
107107  48.368  26.709  44.985 0.0000000000
106409  47.915  26.425  44.869 0.0000000000
103366  48.947  22.469  43.413 0.0000000000
103367  48.080  22.744  43.470 0.0000000000
104150  47.462  23.233  43.800 0.0000000000
103368  47.421  22.845  43.172 0.0000000000
104151  46.778  23.364  43.535 0.0000000000
104913  46.160  24.579  44.164 0.0000000000
105665  45.761  25.216  44.135 0.0000000000
104916  45.604  24.229  43.743 0.0000000000
103328  51.733  22.059  49.021 0.0000000000
103327  52.509  21.865  48.965 0.0000000000
102555  53.003  21.582  49.507 0.0000000000
102565  53.129  21.884  48.641 0.0000000000
102580  54.428  21.777  45.300 0.0000000000
103340  52.943  22.671  47.355 0.0000000000
103351  51.397  22.574  45.368 0.0000000000
103377  51.428  21.891  42.723 0.0000000000
104907  49.417  24.021  46.124 0.0000000000
104915  46.213  23.939  43.907 0.0000000000
105630  51.261  25.963  48.414 0.0000000000
105666  45.199  25.453  43.909 0.0000000000
106405  49.117  26.493  45.750 0.0000000000
106413  44.924  25.882  43.855 0.0000000000
106459  51.871  26.846  34.753 0.0000000000
106460  51.624  26.804  34.678 0.0000000000
106464  51.708  26.879  34.481 0.0000000000
106465  51.253  26.762  34.150 0.0000000000
106466  50.718  26.621  33.917 0.0000000000
106471  51.416  26.866  34.015 0.0000000000
106473  50.338  26.785  33.352 0.0000000000
106474  49.844  26.682  33.226 0.0000000000
106478  50.391  26.920  33.163 0.0000000000
106480  49.510  26.785  32.843 0.0000000000
107096  51.036  27.004  47.225 0.0000000000
107152  53.384  27.129  36.038 0.0000000000
107153  53.192  26.865  36.323 0.0000000000
107154  52.673  26.957  36.525 0.0000000000
107155  52.187  27.228  36.659 0.0000000000
107159  53.196  27.276  35.581 0.0000000000
107164  49.817  27.434  35.754 0.0000000000
107168  53.074  27.499  35.340 0.0000000000
107178  52.255  27.503  34.433 0.0000000000
107180  50.313  26.650  34.022 0.0000000000
107188  51.335  27.138  33.669 0.0000000000
107189  50.775  27.181  33.144 0.0000000000
107193  46.829  27.409  32.601 0.0000000000
107198  50.143  27.008  32.919 0.0000000000
107199  49.607  26.961  32.706 0.0000000000
107202  47.161  27.290  32.137 0.0000000000
107208  48.100  27.215  31.958 0.0000000000
107210  46.922  27.664  31.640 0.0000000000
107944  49.867  28.667  37.889 0.0000000000
107955  47.892  28.589  37.105 0.0000000000
107961  53.337  27.810  35.939 0.0000000000
107962  53.047  28.388  35.712 0.0000000000
107972  52.899  28.031  35.288 0.0000000000
107973  48.848  27.484  35.175 0.0000000000
107980  52.418  28.042  34.541 0.0000000000
107999  49.807  27.203  32.653 0.0000000000
108010  47.396  27.938  31.445 0.0000000000
108726  53.519  28.648  41.564 0.0000000000
108728  50.210  29.191  41.602 0.0000000000
108784  47.697  29.142  38.381 0.0000000000
108801  53.091  28.876  36.162 0.0000000000
108809  46.436  28.707  35.424 0.0000000000
108840  48.220  28.236  32.005 0.0000000000
109438  52.198  30.329  47.846 0.0000000000
109456  52.349  30.348  47.553 0.0000000000
109469  52.627  30.123  46.996 0.0000000000
109485  52.350  30.351  44.579 0.0000000000
109509  53.447  29.576  40.996 0.0000000000
109526  42.273  30.664  41.193 0.0000000000
109630  45.027  30.839  29.653 0.0000000000
110133  52.124  30.792  47.402 0.0000000000
110134  51.593  31.295  47.314 0.0000000000
110149  52.338  30.603  47.203 0.0000000000
110150  52.107  31.090  46.944 0.0000000000
110160  52.393  30.563  45.918 0.0000000000
110167  52.345  30.408  43.894 0.0000000000
110250  47.696  31.735  35.816 0.0000000000
110274  51.279  30.708  34.659 0.0000000000
110317  44.049  31.639  30.410 0.0000000000
110323  47.404  31.892  29.027 0.0000000000
110325  45.773  31.559  29.190 0.0000000000
110326  45.133  31.429  29.358 0.0000000000
110846  51.000  31.998  46.155 0.0000000000
110932  49.361  32.886  36.684 0.0000000000
110947  46.161  32.634  35.913 0.0000000000
110954  52.397  32.181  36.003 0.0000000000
110992  43.218  32.149  31.938 0.0000000000
111613  45.458  33.907  37.810 0.0000000000
111618  52.408  33.383  36.870 0.0000000000
111620  50.663  34.221  36.634 0.0000000000
111671  46.292  33.319  32.714 0.0000000000
111677  48.363  33.961  30.660 0.0000000000
111699  46.003  33.144  29.071 0.0000000000
112355  49.075  35.313  30.654 0.0000000000
112367  49.087  35.322  30.321 0.0000000000
112370  44.436  33.971  30.010 0.0000000000
112380  45.656  33.964  29.310 0.0000000000
113002  49.720  36.258  38.819 0.0000000000
113027  50.438  35.240  37.606 0.0000000000
113051  46.463  35.960  33.917 0.0000000000
113094  45.569  35.245  30.087 0.0000000000
113101  48.405  35.299  29.514 0.0000000000
113664  51.916  36.388  38.640 0.0000000000
113675  43.334  36.670  37.979 0.0000000000
113698  45.990  36.405  34.638 0.0000000000
113750  48.461  36.221  29.697 0.0000000000
114346  47.711  37.787  33.893 0.0000000000
114359  48.288  37.459  33.375 0.0000000000
114385  45.791  37.065  31.588 0.0000000000
114400  48.167  36.557  29.563 0.0000000000
114999  45.155  38.463  36.120 0.0000000000
115030  49.862  38.781  33.409 0.0000000000
115043  50.387  39.027  32.910 0.0000000000
115044  50.144  38.409  32.445 0.0000000000
115664  48.567  40.036  34.944 0.0000000000
115667  46.279  39.200  35.654 0.0000000000
115702  47.453  39.453  31.905 0.0000000000
116325  44.995  40.538  36.847 0.0000000000
116348  49.213  40.781  35.158 0.0000000000
116361  50.203  40.676  34.173 0.0000000000
117707  46.231  41.661  36.690 0.0000000000
117715  49.902  42.664  35.322 0.0000000000
118349  49.085  43.379  36.947 0.0000000000
118371  49.820  44.149  34.335 0.0000000000
118970  49.481  45.256  38.243 0.0000000000
118973  46.068  44.576  38.018 0.0000000000
118980  49.787  45.003  37.876 0.0000000000
119616  49.690  45.714  38.216 0.0000000000
119635  49.238  45.512  36.750 0.0000000000
119637  47.831  45.765  36.231 0.0000000000
119644  47.947  45.782  35.483 0.0000000000
119651  48.457  45.932  34.895 0.0000000000
120284  49.643  46.087  38.244 0.0000000000
120311  47.684  46.218  34.908 0.0000000000
120319  48.070  46.536  34.498 0.0000000000
121543  48.718  48.511  39.338 0.0000000000
121544  48.387  48.748  38.856 0.0000000000
