#!ascii label  , from subject 3504 vox2ras=TkReg
214
78365  26.589  -3.877  2.042 0.0000000000
72049  24.829  -10.662  6.203 0.0000000000
83452  24.932  0.252  1.533 0.0000000000
91271  26.461  8.350  1.742 0.0000000000
69750  23.745  -12.556  6.242 0.0000000000
84503  27.495  1.070  0.200 0.0000000000
86504  27.337  3.028  0.487 0.0000000000
77354  24.620  -5.336  2.352 0.0000000000
76319  25.587  -6.825  3.813 0.0000000000
78327  27.510  -4.805  4.408 0.0000000000
81374  28.971  -1.610  2.914 0.0000000000
79342  28.868  -2.966  5.040 0.0000000000
80378  25.904  -2.409  1.681 0.0000000000
82467  28.733  -0.592  0.509 0.0000000000
89390  26.192  6.418  2.180 0.0000000000
88460  28.111  5.116  -0.532 0.0000000000
74243  26.274  -8.791  6.292 0.0000000000
86485  26.531  3.120  1.275 0.0000000000
87488  27.105  4.131  0.955 0.0000000000
78353  26.105  -4.756  2.354 0.0000000000
77340  26.008  -5.488  2.881 0.0000000000
78339  27.286  -4.722  3.543 0.0000000000
70893  24.315  -11.550  6.150 0.0000000000
81400  26.165  -1.647  1.568 0.0000000000
80395  27.603  -1.806  0.960 0.0000000000
82451  26.991  -0.877  1.184 0.0000000000
85515  28.935  1.612  -1.504 0.0000000000
83477  28.967  0.953  -0.232 0.0000000000
91259  24.664  8.486  2.490 0.0000000000
89379  24.272  6.659  2.294 0.0000000000
90329  25.893  7.415  2.231 0.0000000000
91295  27.862  8.292  -1.944 0.0000000000
90360  28.203  7.332  -2.275 0.0000000000
90342  28.315  6.812  -1.014 0.0000000000
89413  28.166  6.316  -1.838 0.0000000000
88471  28.087  5.194  -1.520 0.0000000000
76305  26.492  -6.696  5.102 0.0000000000
75279  25.813  -7.816  5.123 0.0000000000
68731  22.897  -13.132  5.622 0.0000000000
84482  26.860  0.563  0.713 0.0000000000
85480  26.821  1.850  0.768 0.0000000000
85500  27.505  2.114  0.118 0.0000000000
86503  27.861  2.908  -0.550 0.0000000000
75323  23.977  -7.145  2.779 0.0000000000
76330  25.179  -6.498  3.169 0.0000000000
76317  26.783  -6.070  4.892 0.0000000000
77295  27.686  -5.707  5.861 0.0000000000
79371  27.875  -3.115  2.402 0.0000000000
79358  28.286  -3.091  3.771 0.0000000000
80338  28.786  -2.311  3.793 0.0000000000
78384  25.314  -3.677  1.887 0.0000000000
79403  25.566  -3.071  1.797 0.0000000000
79402  26.361  -3.135  1.740 0.0000000000
79400  27.480  -2.383  1.202 0.0000000000
81398  28.724  -1.387  1.185 0.0000000000
82449  29.387  -0.368  1.047 0.0000000000
83466  28.098  0.251  0.138 0.0000000000
82466  29.170  -0.030  0.465 0.0000000000
88437  25.437  5.438  2.271 0.0000000000
91270  27.250  8.211  0.984 0.0000000000
90327  27.373  7.167  1.139 0.0000000000
88435  27.190  5.653  1.364 0.0000000000
88450  26.968  4.962  1.371 0.0000000000
87487  27.840  4.082  0.062 0.0000000000
86517  28.131  3.302  -1.626 0.0000000000
73196  24.500  -9.923  4.983 0.0000000000
75293  24.890  -7.918  3.873 0.0000000000
78326  28.140  -4.296  5.080 0.0000000000
78304  28.458  -4.577  5.908 0.0000000000
86486  25.467  3.278  1.642 0.0000000000
87473  24.931  4.316  2.002 0.0000000000
78352  26.812  -4.439  2.494 0.0000000000
67575  22.401  -14.556  6.511 0.0000000000
68714  22.498  -14.004  6.052 0.0000000000
70892  24.925  -10.991  6.551 0.0000000000
82453  25.554  -0.777  1.636 0.0000000000
82452  26.363  -0.849  1.474 0.0000000000
85528  29.142  2.045  -1.907 0.0000000000
84527  29.286  1.546  -1.399 0.0000000000
91258  25.634  8.427  2.287 0.0000000000
90315  24.931  7.494  2.403 0.0000000000
88485  28.176  5.758  -3.060 0.0000000000
76288  27.689  -6.397  6.297 0.0000000000
75277  27.102  -7.041  6.178 0.0000000000
70928  23.071  -11.144  4.529 0.0000000000
84484  25.325  1.174  1.414 0.0000000000
85481  25.901  2.102  1.416 0.0000000000
92202  25.374  9.457  2.340 0.0000000000
76345  24.710  -6.138  2.638 0.0000000000
77341  25.217  -5.692  2.637 0.0000000000
77326  26.913  -5.523  4.161 0.0000000000
77327  26.382  -5.829  3.611 0.0000000000
77314  27.405  -5.380  5.137 0.0000000000
68713  23.189  -13.558  6.327 0.0000000000
80350  28.603  -2.251  2.903 0.0000000000
78385  24.532  -3.836  1.968 0.0000000000
79401  27.109  -2.688  1.421 0.0000000000
80377  26.746  -2.267  1.382 0.0000000000
81414  27.787  -1.351  0.852 0.0000000000
80394  27.844  -1.665  0.835 0.0000000000
81413  28.136  -1.331  0.706 0.0000000000
81397  29.275  -0.995  1.144 0.0000000000
82450  29.208  -0.949  0.871 0.0000000000
83467  27.458  0.005  0.526 0.0000000000
84502  28.093  1.059  -0.112 0.0000000000
83465  28.827  0.319  0.145 0.0000000000
84481  29.698  1.537  1.138 0.0000000000
89378  25.208  6.542  2.379 0.0000000000
89380  23.354  6.621  2.358 0.0000000000
88423  24.565  5.931  2.315 0.0000000000
88424  23.753  5.845  2.223 0.0000000000
92228  27.457  9.079  -1.572 0.0000000000
91280  27.760  8.162  0.173 0.0000000000
90336  27.822  7.105  0.484 0.0000000000
89397  28.023  6.170  0.069 0.0000000000
89388  27.535  6.276  0.929 0.0000000000
88449  27.552  5.200  0.621 0.0000000000
87535  28.149  4.519  -2.913 0.0000000000
87518  27.883  4.373  -1.979 0.0000000000
86533  28.157  3.664  -2.445 0.0000000000
73215  23.695  -9.993  4.062 0.0000000000
75306  25.122  -7.284  3.697 0.0000000000
75307  24.456  -7.596  3.269 0.0000000000
75292  25.481  -7.561  4.377 0.0000000000
74259  26.452  -8.158  6.135 0.0000000000
74260  25.862  -8.498  5.646 0.0000000000
73182  25.668  -9.398  6.157 0.0000000000
79343  28.267  -3.607  4.510 0.0000000000
85482  24.878  2.300  1.574 0.0000000000
77353  25.512  -4.958  2.334 0.0000000000
77339  26.725  -5.246  3.294 0.0000000000
70894  23.665  -12.079  5.821 0.0000000000
69749  24.232  -12.507  6.762 0.0000000000
70875  24.618  -11.985  6.815 0.0000000000
69732  25.466  -12.220  7.633 0.0000000000
81385  28.831  -1.552  2.249 0.0000000000
81401  25.315  -1.639  1.734 0.0000000000
80396  27.227  -1.922  1.103 0.0000000000
81399  26.844  -1.576  1.272 0.0000000000
81415  27.388  -1.461  1.070 0.0000000000
82468  27.923  -0.682  0.508 0.0000000000
85499  27.930  1.734  -0.402 0.0000000000
84517  28.490  1.338  -0.505 0.0000000000
84515  29.762  1.446  -0.787 0.0000000000
90352  28.262  7.217  -1.408 0.0000000000
90343  28.181  7.148  -0.479 0.0000000000
89405  28.236  6.231  -0.973 0.0000000000
88486  27.997  5.369  -2.470 0.0000000000
75291  26.068  -7.187  4.929 0.0000000000
75278  26.445  -7.419  5.656 0.0000000000
75263  26.882  -7.690  6.309 0.0000000000
68732  22.269  -13.569  5.543 0.0000000000
69768  22.671  -12.604  5.186 0.0000000000
70909  23.353  -11.601  5.182 0.0000000000
70908  24.025  -11.112  5.477 0.0000000000
72066  24.468  -10.462  5.514 0.0000000000
83451  25.820  0.096  1.454 0.0000000000
84483  26.180  0.940  1.132 0.0000000000
85516  28.447  2.068  -1.273 0.0000000000
85529  28.504  2.834  -2.179 0.0000000000
92211  26.158  9.390  1.778 0.0000000000
92210  26.775  9.280  1.026 0.0000000000
76329  25.897  -6.247  3.536 0.0000000000
76318  26.209  -6.499  4.300 0.0000000000
76304  27.066  -6.373  5.617 0.0000000000
79385  27.045  -3.445  1.906 0.0000000000
79372  27.350  -3.764  2.406 0.0000000000
79357  28.755  -2.565  4.285 0.0000000000
80349  29.105  -1.687  3.520 0.0000000000
80337  29.217  -1.964  4.417 0.0000000000
80324  29.523  -1.846  5.294 0.0000000000
78367  25.043  -4.390  2.104 0.0000000000
78366  26.033  -4.078  1.946 0.0000000000
79404  24.772  -3.146  1.853 0.0000000000
78383  25.840  -3.488  1.862 0.0000000000
79384  27.611  -2.667  1.531 0.0000000000
80362  28.294  -2.232  1.790 0.0000000000
80376  27.353  -2.177  1.132 0.0000000000
80375  27.865  -1.994  1.041 0.0000000000
81384  29.195  -0.912  1.782 0.0000000000
82436  29.465  -0.110  2.222 0.0000000000
83450  26.557  -0.081  1.195 0.0000000000
83478  28.475  0.797  -0.095 0.0000000000
88438  24.302  5.138  2.293 0.0000000000
92219  27.305  9.062  0.275 0.0000000000
90328  26.723  7.324  1.701 0.0000000000
89389  27.000  6.384  1.635 0.0000000000
88436  26.548  5.518  1.873 0.0000000000
87472  26.163  4.389  1.687 0.0000000000
87500  28.150  4.598  -1.323 0.0000000000
87501  28.180  4.206  -1.064 0.0000000000
72087  24.170  -10.263  4.875 0.0000000000
72065  25.050  -10.024  6.005 0.0000000000
74290  24.463  -8.581  3.749 0.0000000000
74277  25.338  -8.475  4.895 0.0000000000
73213  24.918  -9.002  4.678 0.0000000000
73195  25.021  -9.418  5.267 0.0000000000
78351  27.607  -3.917  3.064 0.0000000000
78338  27.804  -4.060  4.082 0.0000000000
78325  28.788  -3.861  5.759 0.0000000000
77313  28.022  -5.077  5.686 0.0000000000
69767  23.273  -12.611  5.701 0.0000000000
74278  24.904  -8.519  4.309 0.0000000000
79386  26.502  -3.610  1.920 0.0000000000
82469  27.477  -0.800  0.875 0.0000000000
83449  27.065  -0.259  0.907 0.0000000000
83476  29.357  1.098  -0.428 0.0000000000
84516  29.015  1.321  -0.953 0.0000000000
84526  29.522  1.684  -1.479 0.0000000000
87517  28.057  4.608  -1.546 0.0000000000
88459  28.179  4.792  -1.176 0.0000000000
88470  28.108  4.818  -1.422 0.0000000000
89404  28.317  6.593  -1.138 0.0000000000
91281  27.442  8.484  0.503 0.0000000000
