#!ascii label  , from subject 4051 vox2ras=TkReg
1498
62698  -30.059  -14.754  67.197 0.0000000000
75984  -41.351  -3.296  54.217 0.0000000000
66026  -31.922  -11.583  55.950 0.0000000000
52244  1.247  -24.522  71.391 0.0000000000
60379  -18.486  -15.819  72.233 0.0000000000
60452  1.913  -16.940  66.928 0.0000000000
60393  -2.807  -17.836  70.869 0.0000000000
71597  -36.254  -7.419  56.719 0.0000000000
64891  0.290  -14.031  59.602 0.0000000000
57968  2.080  -20.580  81.095 0.0000000000
60521  -29.058  -17.569  60.394 0.0000000000
59278  -26.599  -16.099  66.826 0.0000000000
62668  -25.561  -13.898  70.350 0.0000000000
79150  -43.356  -0.394  52.327 0.0000000000
66030  -34.594  -11.074  56.510 0.0000000000
58076  -12.360  -18.279  70.372 0.0000000000
68156  0.834  -10.627  63.916 0.0000000000
54573  2.334  -21.944  67.597 0.0000000000
55858  -1.749  -21.266  63.743 0.0000000000
51215  -3.110  -25.555  67.182 0.0000000000
59128  -6.284  -18.584  80.535 0.0000000000
60309  -2.895  -17.543  80.425 0.0000000000
67158  -28.000  -10.224  56.630 0.0000000000
62634  -24.005  -13.581  73.319 0.0000000000
60411  -19.915  -15.926  69.322 0.0000000000
59259  0.311  -18.567  68.909 0.0000000000
56887  2.673  -19.962  72.362 0.0000000000
73774  -38.681  -4.446  55.805 0.0000000000
57992  -9.232  -19.160  77.924 0.0000000000
58025  -10.402  -19.173  74.148 0.0000000000
62731  0.541  -15.452  63.533 0.0000000000
58237  -0.519  -19.603  60.127 0.0000000000
62635  -5.178  -16.379  73.970 0.0000000000
60332  -0.235  -18.457  76.661 0.0000000000
55668  2.654  -22.342  75.930 0.0000000000
63788  -31.389  -14.327  65.464 0.0000000000
60470  -29.420  -16.148  65.504 0.0000000000
61607  -30.160  -16.230  64.406 0.0000000000
60432  -28.858  -15.734  67.082 0.0000000000
58134  -27.841  -16.739  65.448 0.0000000000
61540  -28.764  -14.539  69.029 0.0000000000
77115  -42.434  -1.753  53.338 0.0000000000
72711  -39.321  -5.126  52.200 0.0000000000
76011  -40.558  -3.724  51.021 0.0000000000
77128  -41.179  -2.055  50.626 0.0000000000
66028  -33.356  -11.839  56.423 0.0000000000
67185  -29.449  -10.629  54.336 0.0000000000
64959  -30.675  -12.601  53.976 0.0000000000
64961  -32.370  -13.267  54.498 0.0000000000
52270  1.995  -23.920  69.732 0.0000000000
52301  -0.303  -24.482  67.152 0.0000000000
51189  -0.601  -25.346  69.185 0.0000000000
49001  -1.961  -27.765  68.307 0.0000000000
50078  -1.101  -26.536  71.013 0.0000000000
55633  -6.023  -21.085  79.059 0.0000000000
57972  -4.796  -19.922  81.145 0.0000000000
65995  -28.865  -12.122  58.673 0.0000000000
62751  -30.066  -15.296  60.596 0.0000000000
61647  -28.508  -16.782  59.290 0.0000000000
63853  -28.440  -14.658  58.800 0.0000000000
64920  -27.517  -13.231  57.915 0.0000000000
64763  -25.729  -12.394  72.614 0.0000000000
61567  -23.227  -15.254  67.684 0.0000000000
61533  -22.088  -14.614  69.706 0.0000000000
79204  -44.599  -0.477  47.657 0.0000000000
80221  -45.477  0.563  46.171 0.0000000000
59246  -1.169  -18.697  70.046 0.0000000000
58072  0.842  -19.698  70.595 0.0000000000
59206  0.203  -18.872  72.201 0.0000000000
73757  -36.748  -5.615  57.470 0.0000000000
69351  -34.624  -9.826  54.244 0.0000000000
71607  -34.660  -7.460  54.165 0.0000000000
72693  -35.856  -5.802  53.219 0.0000000000
60312  -10.009  -17.155  79.241 0.0000000000
59143  -10.940  -16.971  77.984 0.0000000000
63766  2.137  -14.350  67.439 0.0000000000
63787  2.319  -14.290  65.484 0.0000000000
60486  1.385  -17.158  64.660 0.0000000000
53483  -3.396  -23.303  62.972 0.0000000000
57036  -3.234  -20.099  61.841 0.0000000000
54690  -0.868  -22.848  61.325 0.0000000000
63704  -6.117  -15.009  75.470 0.0000000000
57971  -0.502  -18.970  81.136 0.0000000000
60315  -1.363  -18.232  78.936 0.0000000000
57984  1.565  -19.296  78.745 0.0000000000
57995  2.587  -19.724  76.767 0.0000000000
56808  3.010  -21.337  78.427 0.0000000000
61631  -30.247  -16.070  61.727 0.0000000000
64777  -26.716  -12.851  71.575 0.0000000000
63740  -27.790  -13.628  70.580 0.0000000000
61555  -26.550  -15.221  68.661 0.0000000000
79178  -44.479  0.483  51.404 0.0000000000
78166  -42.704  -0.791  48.782 0.0000000000
68237  -36.009  -9.949  56.435 0.0000000000
66081  -34.001  -11.805  54.168 0.0000000000
58060  -16.813  -16.671  70.180 0.0000000000
59233  -15.987  -16.580  70.849 0.0000000000
65960  1.130  -12.521  62.357 0.0000000000
56946  2.265  -20.068  67.215 0.0000000000
56975  1.016  -20.159  64.567 0.0000000000
53423  1.013  -22.381  65.729 0.0000000000
54628  -2.890  -23.457  65.238 0.0000000000
51238  -2.603  -25.815  64.573 0.0000000000
62577  -7.125  -15.669  79.781 0.0000000000
62598  -4.884  -15.970  78.583 0.0000000000
60302  -4.739  -17.704  81.177 0.0000000000
59115  -2.206  -19.044  82.637 0.0000000000
68245  -30.261  -10.103  55.443 0.0000000000
64937  -26.708  -11.247  56.394 0.0000000000
61510  -21.084  -15.191  73.184 0.0000000000
62644  -24.724  -13.546  71.965 0.0000000000
61517  -21.778  -14.773  71.843 0.0000000000
59237  -18.775  -16.323  70.765 0.0000000000
62674  1.315  -14.817  68.510 0.0000000000
61526  0.612  -15.487  68.855 0.0000000000
60420  1.071  -17.541  68.036 0.0000000000
58112  1.467  -19.348  68.376 0.0000000000
55748  3.020  -21.066  70.339 0.0000000000
54538  2.901  -22.033  71.742 0.0000000000
73786  -40.294  -4.306  55.042 0.0000000000
72696  -38.437  -5.508  53.060 0.0000000000
61455  -8.432  -16.477  80.205 0.0000000000
57981  -7.939  -19.012  79.330 0.0000000000
55657  -7.478  -20.845  77.455 0.0000000000
59195  -14.595  -15.724  72.686 0.0000000000
60356  -13.222  -16.380  75.082 0.0000000000
60336  -12.360  -16.274  76.428 0.0000000000
58002  -9.717  -18.967  76.392 0.0000000000
54466  -7.596  -21.266  75.571 0.0000000000
67076  1.847  -11.323  66.385 0.0000000000
64850  1.598  -13.396  63.887 0.0000000000
63818  -0.569  -14.386  61.862 0.0000000000
58207  -0.673  -18.967  62.990 0.0000000000
61629  -1.994  -17.216  61.730 0.0000000000
61636  -0.425  -17.373  59.777 0.0000000000
61515  -3.419  -17.433  72.370 0.0000000000
61487  -3.883  -16.735  77.081 0.0000000000
60355  -2.399  -17.691  75.402 0.0000000000
60366  -1.435  -18.009  73.983 0.0000000000
59174  1.228  -18.904  74.106 0.0000000000
56870  3.340  -20.689  74.507 0.0000000000
53320  2.207  -23.387  73.571 0.0000000000
54433  3.226  -23.485  80.260 0.0000000000
53279  2.800  -24.325  77.785 0.0000000000
50066  0.089  -26.094  73.494 0.0000000000
63780  -31.323  -14.636  66.325 0.0000000000
64819  -31.067  -13.361  67.129 0.0000000000
60461  -29.574  -15.778  65.944 0.0000000000
61601  -30.362  -15.562  65.285 0.0000000000
61574  -29.648  -15.067  67.335 0.0000000000
60447  -28.987  -15.919  66.531 0.0000000000
63765  -30.050  -14.004  67.609 0.0000000000
62690  -29.238  -14.690  68.196 0.0000000000
77106  -41.889  -2.554  53.658 0.0000000000
73806  -40.260  -4.658  53.086 0.0000000000
74917  -40.392  -4.626  52.033 0.0000000000
75992  -41.241  -3.392  53.060 0.0000000000
77114  -41.688  -2.327  52.633 0.0000000000
66027  -32.670  -11.992  56.220 0.0000000000
65997  -33.365  -10.900  57.451 0.0000000000
67142  -32.528  -10.712  57.336 0.0000000000
66064  -30.278  -11.340  54.061 0.0000000000
66045  -31.546  -11.891  55.219 0.0000000000
66046  -32.175  -12.416  55.637 0.0000000000
51187  1.404  -24.576  70.031 0.0000000000
51188  0.623  -25.058  69.222 0.0000000000
51176  -0.290  -25.330  70.150 0.0000000000
51167  -0.943  -25.843  70.563 0.0000000000
51166  -0.385  -25.587  71.227 0.0000000000
54445  -5.798  -21.799  78.210 0.0000000000
54435  -4.968  -22.045  79.259 0.0000000000
63842  -29.949  -14.139  59.693 0.0000000000
63841  -29.506  -14.578  59.523 0.0000000000
64892  -29.774  -13.934  59.371 0.0000000000
64903  -29.163  -13.517  58.849 0.0000000000
80192  -45.329  0.403  48.775 0.0000000000
79205  -45.083  -0.453  46.976 0.0000000000
81151  -46.207  1.419  46.889 0.0000000000
60391  -1.502  -18.555  70.679 0.0000000000
59228  -1.000  -18.738  70.859 0.0000000000
60384  -1.407  -18.524  71.655 0.0000000000
72671  -36.401  -6.456  57.031 0.0000000000
72661  -37.113  -6.143  58.364 0.0000000000
70460  -35.598  -8.650  55.166 0.0000000000
70458  -34.627  -8.332  54.208 0.0000000000
71601  -35.380  -7.331  55.246 0.0000000000
73780  -35.642  -5.970  55.231 0.0000000000
61459  -11.748  -15.163  78.011 0.0000000000
61464  -12.369  -15.291  77.617 0.0000000000
60373  -19.756  -15.317  73.681 0.0000000000
60371  -17.645  -15.656  73.280 0.0000000000
65975  0.857  -12.905  60.212 0.0000000000
61591  1.905  -16.138  66.840 0.0000000000
62705  2.040  -15.351  66.681 0.0000000000
60465  1.994  -17.072  66.077 0.0000000000
52368  -2.188  -24.057  62.901 0.0000000000
53498  -1.849  -23.010  62.113 0.0000000000
53480  -1.181  -23.920  62.102 0.0000000000
64758  -7.697  -15.368  74.313 0.0000000000
63705  -7.000  -14.645  75.859 0.0000000000
57969  1.363  -20.003  81.164 0.0000000000
57978  0.413  -19.077  79.999 0.0000000000
57977  1.279  -19.549  79.942 0.0000000000
57983  2.360  -19.968  79.162 0.0000000000
56795  2.761  -20.594  79.756 0.0000000000
62727  -30.748  -15.294  63.902 0.0000000000
61615  -30.359  -16.283  63.659 0.0000000000
63812  -30.815  -14.674  63.092 0.0000000000
63819  -30.509  -14.387  61.561 0.0000000000
60415  -27.522  -15.574  67.964 0.0000000000
61556  -27.321  -15.317  68.654 0.0000000000
60428  -26.287  -15.643  67.831 0.0000000000
60427  -25.108  -15.969  67.307 0.0000000000
79166  -43.864  0.033  51.895 0.0000000000
78155  -42.411  -0.949  51.781 0.0000000000
79174  -41.955  -0.891  49.655 0.0000000000
79164  -42.432  -0.563  50.887 0.0000000000
79188  -44.137  -0.019  49.887 0.0000000000
68236  -35.671  -10.508  56.146 0.0000000000
68205  -36.075  -9.870  58.010 0.0000000000
67143  -35.363  -10.601  57.531 0.0000000000
64963  -33.525  -12.553  55.128 0.0000000000
66080  -33.578  -12.580  53.978 0.0000000000
67176  -34.486  -11.170  55.470 0.0000000000
67188  -34.925  -10.650  55.293 0.0000000000
68159  0.746  -10.728  62.994 0.0000000000
67092  1.198  -11.592  62.686 0.0000000000
67089  1.316  -11.503  63.628 0.0000000000
55795  2.294  -21.056  66.884 0.0000000000
55808  2.026  -21.071  65.903 0.0000000000
53413  1.551  -22.609  66.343 0.0000000000
52303  -1.887  -24.943  67.185 0.0000000000
52337  -1.799  -24.136  65.801 0.0000000000
52339  -3.093  -24.589  65.823 0.0000000000
52350  -3.470  -24.278  64.636 0.0000000000
51230  -3.249  -25.395  65.637 0.0000000000
50129  -2.991  -26.685  66.572 0.0000000000
61447  -7.026  -17.006  80.365 0.0000000000
61452  -5.695  -16.633  80.133 0.0000000000
60303  -5.692  -17.936  81.059 0.0000000000
55608  -3.497  -21.037  81.475 0.0000000000
57965  -3.672  -19.842  82.086 0.0000000000
56772  -2.778  -20.584  82.349 0.0000000000
57958  -1.528  -19.805  82.654 0.0000000000
68233  -29.323  -9.627  55.728 0.0000000000
66025  -27.543  -11.319  57.195 0.0000000000
64929  -27.124  -12.035  57.373 0.0000000000
67157  -27.563  -10.400  56.254 0.0000000000
67173  -28.905  -9.990  55.154 0.0000000000
62627  -23.226  -14.041  74.114 0.0000000000
62631  -22.284  -14.537  74.344 0.0000000000
61506  -22.798  -14.514  73.719 0.0000000000
62646  -26.243  -13.551  71.079 0.0000000000
63727  -26.052  -13.411  71.450 0.0000000000
62654  -25.130  -13.656  71.276 0.0000000000
61532  -21.317  -15.134  69.409 0.0000000000
61522  -21.974  -14.758  70.773 0.0000000000
60401  -20.553  -15.648  70.085 0.0000000000
60395  -19.919  -15.756  70.948 0.0000000000
60400  -19.628  -16.081  70.148 0.0000000000
58083  -18.152  -16.485  69.630 0.0000000000
61544  -0.116  -16.506  68.871 0.0000000000
61543  0.346  -16.451  68.708 0.0000000000
61542  0.777  -16.272  68.385 0.0000000000
59257  1.114  -17.962  68.023 0.0000000000
59272  1.269  -18.215  68.005 0.0000000000
58113  1.127  -19.105  68.536 0.0000000000
58050  1.684  -19.706  71.628 0.0000000000
56908  1.796  -20.030  70.662 0.0000000000
56907  2.504  -20.587  70.786 0.0000000000
54552  3.036  -21.772  70.683 0.0000000000
55740  3.195  -21.104  71.314 0.0000000000
73775  -39.310  -4.433  55.732 0.0000000000
74894  -40.367  -4.087  56.347 0.0000000000
74877  -39.437  -4.010  57.395 0.0000000000
73791  -36.972  -5.293  54.408 0.0000000000
72683  -37.520  -5.521  53.896 0.0000000000
73793  -38.649  -4.955  54.367 0.0000000000
73794  -39.342  -4.834  54.264 0.0000000000
63671  -9.778  -14.686  80.067 0.0000000000
59141  -9.581  -18.233  78.584 0.0000000000
59136  -9.294  -17.849  79.368 0.0000000000
57986  -8.403  -19.278  78.810 0.0000000000
56809  -7.609  -20.264  78.342 0.0000000000
56825  -8.584  -20.076  77.704 0.0000000000
58057  -14.267  -17.133  70.464 0.0000000000
59212  -14.863  -16.245  71.807 0.0000000000
59230  -13.104  -16.894  71.615 0.0000000000
58027  -11.710  -18.167  73.366 0.0000000000
59192  -12.236  -17.422  73.520 0.0000000000
59178  -12.148  -17.435  74.414 0.0000000000
59164  -12.377  -16.796  75.772 0.0000000000
59168  -11.164  -18.006  75.275 0.0000000000
59162  -10.822  -18.043  75.889 0.0000000000
58014  -10.121  -19.040  74.897 0.0000000000
55706  -8.227  -20.921  74.736 0.0000000000
68132  1.931  -11.056  67.682 0.0000000000
62718  1.681  -14.799  64.156 0.0000000000
64840  2.067  -13.420  64.527 0.0000000000
63802  1.415  -14.306  63.764 0.0000000000
64859  0.327  -13.678  62.672 0.0000000000
62732  -0.243  -15.543  63.211 0.0000000000
55855  0.194  -20.288  63.908 0.0000000000
58192  0.332  -19.504  63.584 0.0000000000
56993  -0.857  -20.201  63.417 0.0000000000
57051  -2.095  -20.044  60.749 0.0000000000
59379  -2.503  -18.611  61.814 0.0000000000
59393  -2.215  -18.425  60.814 0.0000000000
61638  -1.774  -16.606  60.834 0.0000000000
59391  -0.709  -18.651  60.078 0.0000000000
60526  -0.164  -17.889  59.286 0.0000000000
61509  -4.556  -16.701  73.785 0.0000000000
61461  -4.082  -16.779  79.561 0.0000000000
62606  -4.530  -16.214  78.156 0.0000000000
61469  -3.479  -16.993  78.873 0.0000000000
60323  -0.504  -18.472  77.439 0.0000000000
60334  -1.742  -17.820  77.216 0.0000000000
60344  -1.642  -17.853  76.169 0.0000000000
60354  -1.552  -17.958  75.098 0.0000000000
60353  -0.795  -18.442  74.777 0.0000000000
60352  -0.067  -18.685  74.411 0.0000000000
59161  1.008  -18.784  75.660 0.0000000000
56841  3.271  -21.030  76.446 0.0000000000
58004  3.338  -20.064  75.250 0.0000000000
55705  3.156  -21.493  74.681 0.0000000000
54505  2.684  -22.064  73.968 0.0000000000
54474  2.507  -22.756  75.209 0.0000000000
52149  3.383  -25.415  79.569 0.0000000000
53267  2.932  -24.277  78.590 0.0000000000
63797  -31.086  -14.391  64.540 0.0000000000
59332  -28.897  -16.843  64.706 0.0000000000
59346  -28.980  -17.436  64.218 0.0000000000
60481  -29.715  -16.376  64.853 0.0000000000
61608  -30.429  -15.709  64.618 0.0000000000
60430  -27.985  -15.858  67.296 0.0000000000
59299  -28.294  -16.326  66.087 0.0000000000
59318  -28.754  -16.512  65.381 0.0000000000
61572  -28.697  -15.452  67.646 0.0000000000
78147  -42.415  -1.392  52.548 0.0000000000
74942  -39.592  -4.388  50.653 0.0000000000
76021  -39.828  -3.401  50.197 0.0000000000
77137  -40.151  -2.431  49.499 0.0000000000
76012  -40.991  -2.905  51.101 0.0000000000
78146  -41.890  -1.631  51.985 0.0000000000
66029  -33.997  -11.649  56.319 0.0000000000
65999  -34.606  -10.688  57.498 0.0000000000
65998  -33.999  -10.815  57.441 0.0000000000
67123  -33.786  -10.415  58.044 0.0000000000
66061  -26.774  -10.531  54.669 0.0000000000
66078  -28.398  -11.216  53.548 0.0000000000
66079  -29.026  -11.762  53.367 0.0000000000
64980  -30.302  -13.100  53.453 0.0000000000
64981  -31.216  -13.444  53.582 0.0000000000
64960  -31.459  -13.136  54.317 0.0000000000
64940  -33.217  -12.681  55.420 0.0000000000
53393  2.199  -22.864  68.212 0.0000000000
53406  1.379  -23.241  66.875 0.0000000000
52284  1.160  -24.462  68.215 0.0000000000
51199  -0.259  -25.077  68.133 0.0000000000
51201  -1.967  -25.613  68.540 0.0000000000
49003  -2.719  -26.614  68.141 0.0000000000
51191  -2.029  -26.061  69.110 0.0000000000
48973  -1.815  -27.176  69.807 0.0000000000
57979  -6.524  -19.629  79.884 0.0000000000
59127  -5.727  -18.829  81.041 0.0000000000
56786  -5.568  -20.660  80.197 0.0000000000
66010  -28.030  -11.505  57.752 0.0000000000
61640  -29.463  -16.406  60.471 0.0000000000
60530  -28.766  -17.151  59.611 0.0000000000
61648  -29.026  -16.417  59.719 0.0000000000
62772  -28.392  -15.347  59.059 0.0000000000
63852  -27.896  -14.817  58.615 0.0000000000
63868  -28.226  -13.756  58.223 0.0000000000
64921  -28.118  -12.643  58.027 0.0000000000
63718  -24.577  -13.183  73.089 0.0000000000
61553  -24.476  -14.371  69.260 0.0000000000
62680  -24.790  -13.912  70.158 0.0000000000
61552  -23.216  -14.593  68.865 0.0000000000
61550  -21.392  -15.234  68.497 0.0000000000
78185  -44.799  -1.190  46.898 0.0000000000
78190  -45.108  -1.058  46.153 0.0000000000
79226  -45.214  -0.557  44.638 0.0000000000
80230  -44.702  0.698  44.689 0.0000000000
59260  -0.564  -18.636  69.326 0.0000000000
58095  -0.031  -19.297  69.574 0.0000000000
58074  -0.241  -19.263  70.283 0.0000000000
58052  0.442  -19.406  71.085 0.0000000000
58038  1.399  -19.385  72.402 0.0000000000
74890  -37.817  -4.475  56.749 0.0000000000
73740  -37.840  -5.513  58.628 0.0000000000
70466  -34.074  -8.136  53.432 0.0000000000
71624  -34.230  -7.044  53.063 0.0000000000
71625  -34.904  -6.556  52.440 0.0000000000
73801  -35.023  -6.340  53.714 0.0000000000
73781  -36.323  -5.375  55.415 0.0000000000
62580  -10.197  -15.460  80.080 0.0000000000
62581  -10.910  -15.128  79.346 0.0000000000
60319  -10.732  -17.007  78.479 0.0000000000
59148  -9.674  -18.612  77.896 0.0000000000
56888  -10.238  -19.493  72.640 0.0000000000
56879  -9.272  -20.203  74.046 0.0000000000
65923  2.266  -12.587  68.060 0.0000000000
65924  2.300  -12.513  67.327 0.0000000000
63779  2.239  -14.349  66.569 0.0000000000
62717  1.918  -15.181  64.771 0.0000000000
61613  1.317  -16.384  64.328 0.0000000000
55860  -3.164  -21.820  63.746 0.0000000000
57019  -3.039  -20.647  62.797 0.0000000000
55897  -3.254  -21.136  62.091 0.0000000000
55896  -2.586  -21.471  61.623 0.0000000000
55911  -1.043  -21.338  60.782 0.0000000000
64775  -7.976  -14.056  72.748 0.0000000000
63716  -7.094  -15.775  74.105 0.0000000000
62630  -5.699  -15.953  74.272 0.0000000000
59126  -1.694  -18.300  80.962 0.0000000000
60316  -2.084  -17.917  79.176 0.0000000000
59132  -0.903  -18.495  79.743 0.0000000000
59138  0.124  -18.777  78.570 0.0000000000
59146  0.225  -18.717  77.565 0.0000000000
59153  1.468  -18.869  76.445 0.0000000000
57990  1.657  -19.002  77.912 0.0000000000
57994  3.084  -20.292  77.199 0.0000000000
55655  2.577  -22.171  77.561 0.0000000000
59384  -28.877  -18.265  61.557 0.0000000000
59374  -29.518  -17.787  63.349 0.0000000000
60503  -29.637  -17.674  62.585 0.0000000000
61630  -29.679  -16.710  61.283 0.0000000000
62743  -30.344  -15.254  61.206 0.0000000000
62656  -26.822  -13.772  70.494 0.0000000000
62672  -28.680  -14.193  69.579 0.0000000000
62670  -27.303  -14.396  69.910 0.0000000000
61536  -26.191  -14.502  69.491 0.0000000000
61569  -25.355  -15.202  68.292 0.0000000000
78165  -42.214  -1.166  48.653 0.0000000000
79195  -43.780  -0.575  48.043 0.0000000000
79197  -44.943  0.213  49.591 0.0000000000
69326  -36.054  -9.287  55.969 0.0000000000
70440  -36.700  -8.100  58.281 0.0000000000
69300  -36.311  -9.243  57.763 0.0000000000
65001  -32.054  -13.496  52.736 0.0000000000
68253  -34.512  -10.584  54.302 0.0000000000
68255  -35.633  -10.038  55.188 0.0000000000
59235  -17.579  -16.515  70.737 0.0000000000
59214  -16.691  -16.263  71.506 0.0000000000
58059  -16.072  -16.776  70.135 0.0000000000
58078  -14.458  -17.582  69.693 0.0000000000
67095  1.199  -11.679  61.753 0.0000000000
65968  0.324  -13.118  60.920 0.0000000000
58141  2.048  -19.042  66.534 0.0000000000
59324  1.886  -18.079  65.851 0.0000000000
56962  1.638  -20.155  65.309 0.0000000000
55833  0.843  -20.847  64.761 0.0000000000
54650  -0.336  -22.165  64.837 0.0000000000
53415  0.235  -23.216  65.998 0.0000000000
53448  -1.142  -22.965  64.836 0.0000000000
55838  -2.557  -22.198  64.312 0.0000000000
54669  -3.719  -22.911  64.000 0.0000000000
63689  -6.300  -14.994  77.408 0.0000000000
62587  -5.575  -15.859  79.056 0.0000000000
61451  -4.770  -16.709  80.048 0.0000000000
61443  -3.746  -17.352  80.866 0.0000000000
59122  -4.506  -18.886  81.543 0.0000000000
60295  -3.540  -17.911  81.954 0.0000000000
60294  -2.799  -17.859  81.853 0.0000000000
57964  -1.494  -19.070  82.200 0.0000000000
57963  -0.526  -19.431  82.041 0.0000000000
57961  1.100  -20.456  81.906 0.0000000000
67175  -31.159  -10.765  55.469 0.0000000000
67141  -32.065  -10.791  56.847 0.0000000000
68235  -31.061  -10.152  56.167 0.0000000000
60529  -28.182  -17.701  59.266 0.0000000000
64936  -26.370  -10.993  55.648 0.0000000000
67174  -30.169  -10.544  54.756 0.0000000000
61503  -20.326  -15.193  73.857 0.0000000000
60380  -19.503  -15.667  72.657 0.0000000000
64768  -26.102  -12.653  72.141 0.0000000000
63722  -24.871  -13.278  72.419 0.0000000000
62639  -24.341  -13.400  72.609 0.0000000000
61535  -23.810  -13.871  70.552 0.0000000000
61524  -23.522  -13.888  71.563 0.0000000000
61513  -23.377  -13.871  72.792 0.0000000000
60390  -21.068  -15.297  72.357 0.0000000000
60389  -20.212  -15.648  71.978 0.0000000000
60387  -18.615  -16.068  71.516 0.0000000000
59247  -17.872  -16.548  70.403 0.0000000000
81184  -43.353  1.011  44.577 0.0000000000
82163  -42.435  1.858  44.445 0.0000000000
82147  -41.755  2.776  44.289 0.0000000000
63760  1.997  -14.156  67.921 0.0000000000
61560  1.464  -15.975  67.659 0.0000000000
61525  1.010  -15.265  68.596 0.0000000000
61541  1.174  -15.992  68.053 0.0000000000
59307  2.093  -17.577  66.901 0.0000000000
58127  2.000  -18.923  67.476 0.0000000000
56935  1.960  -20.175  68.180 0.0000000000
55776  2.325  -21.024  67.934 0.0000000000
58093  1.344  -19.895  68.987 0.0000000000
56922  1.828  -20.365  69.457 0.0000000000
54565  2.669  -21.854  68.885 0.0000000000
54553  2.739  -22.323  69.999 0.0000000000
53367  2.293  -23.130  70.382 0.0000000000
52257  1.759  -24.049  70.804 0.0000000000
74905  -40.749  -4.001  54.581 0.0000000000
71626  -35.690  -6.237  52.097 0.0000000000
71628  -37.202  -5.936  51.910 0.0000000000
71629  -37.779  -5.770  51.847 0.0000000000
72710  -38.500  -5.484  52.197 0.0000000000
72698  -39.796  -4.866  53.268 0.0000000000
61454  -7.487  -16.313  80.272 0.0000000000
61448  -7.743  -16.905  80.244 0.0000000000
61456  -9.571  -16.400  80.025 0.0000000000
60310  -8.234  -18.027  79.879 0.0000000000
59129  -6.982  -18.464  80.059 0.0000000000
55644  -6.381  -21.152  78.365 0.0000000000
59197  -16.460  -15.860  72.302 0.0000000000
59183  -16.145  -15.553  73.188 0.0000000000
60368  -15.066  -15.487  74.081 0.0000000000
59210  -13.020  -16.603  72.444 0.0000000000
59180  -13.305  -15.940  73.965 0.0000000000
60348  -15.227  -15.610  75.529 0.0000000000
60338  -14.487  -15.648  76.230 0.0000000000
60329  -13.772  -15.570  76.986 0.0000000000
60321  -12.829  -15.518  77.281 0.0000000000
59151  -11.554  -16.483  76.966 0.0000000000
59155  -10.246  -18.355  76.988 0.0000000000
58001  -9.530  -19.188  76.786 0.0000000000
56871  -9.113  -20.136  74.753 0.0000000000
55671  -8.712  -20.514  75.959 0.0000000000
55659  -8.671  -20.372  76.693 0.0000000000
55669  -7.548  -21.014  76.848 0.0000000000
68153  0.814  -10.717  64.997 0.0000000000
67084  2.028  -11.846  66.171 0.0000000000
65943  1.702  -11.940  65.014 0.0000000000
67087  1.407  -11.409  64.578 0.0000000000
65954  1.378  -12.483  63.322 0.0000000000
64868  0.697  -13.135  62.193 0.0000000000
64870  -0.219  -13.888  60.925 0.0000000000
59338  1.422  -18.161  64.862 0.0000000000
59362  0.457  -18.173  63.621 0.0000000000
60497  0.144  -17.383  63.430 0.0000000000
58209  -2.101  -19.414  62.708 0.0000000000
60499  -1.129  -17.513  62.860 0.0000000000
61622  -1.038  -16.676  62.783 0.0000000000
62741  -1.584  -16.089  61.664 0.0000000000
62748  -1.048  -15.674  60.289 0.0000000000
62756  -0.392  -15.608  59.403 0.0000000000
61644  0.151  -16.995  58.877 0.0000000000
62608  -5.709  -15.544  77.108 0.0000000000
62622  -4.919  -15.932  75.847 0.0000000000
62628  -4.456  -16.457  75.631 0.0000000000
60335  -2.552  -17.531  77.501 0.0000000000
61486  -3.125  -17.033  76.755 0.0000000000
61501  -4.005  -16.705  74.833 0.0000000000
61500  -3.048  -17.272  74.578 0.0000000000
60377  -2.216  -17.874  73.266 0.0000000000
60376  -1.519  -18.299  72.852 0.0000000000
60365  -0.638  -18.556  73.587 0.0000000000
59189  0.392  -18.834  72.983 0.0000000000
58023  2.155  -19.582  73.494 0.0000000000
59159  2.272  -19.438  75.582 0.0000000000
58013  2.441  -19.665  74.317 0.0000000000
56886  2.980  -20.251  72.836 0.0000000000
54523  2.713  -22.137  72.913 0.0000000000
53336  2.360  -23.123  72.677 0.0000000000
52233  1.138  -24.557  72.349 0.0000000000
55610  2.623  -22.294  81.982 0.0000000000
54413  2.918  -23.392  81.628 0.0000000000
56784  3.386  -21.770  80.526 0.0000000000
55631  3.426  -22.496  79.878 0.0000000000
54453  2.752  -23.367  77.987 0.0000000000
54454  2.524  -23.150  76.919 0.0000000000
52194  2.484  -24.813  76.425 0.0000000000
53298  2.197  -23.732  75.379 0.0000000000
52214  1.598  -24.485  74.763 0.0000000000
52223  1.061  -24.615  73.293 0.0000000000
51165  0.486  -25.088  71.766 0.0000000000
50077  -0.669  -26.596  71.796 0.0000000000
48952  -0.471  -27.843  71.910 0.0000000000
63772  -30.987  -14.279  67.191 0.0000000000
63773  -31.351  -13.723  66.952 0.0000000000
62706  -30.543  -15.075  66.582 0.0000000000
61585  -29.657  -15.384  66.687 0.0000000000
64818  -30.536  -13.440  67.531 0.0000000000
75985  -42.019  -2.630  54.380 0.0000000000
75979  -41.741  -2.912  55.067 0.0000000000
74910  -40.772  -4.114  53.564 0.0000000000
74918  -40.658  -4.385  52.403 0.0000000000
66011  -32.308  -11.305  56.651 0.0000000000
66044  -30.974  -11.306  54.715 0.0000000000
51174  1.320  -24.522  70.587 0.0000000000
51175  0.769  -24.959  70.655 0.0000000000
54444  -5.268  -22.111  78.589 0.0000000000
60392  -2.091  -18.274  70.849 0.0000000000
71589  -36.519  -7.260  57.455 0.0000000000
70452  -35.863  -8.570  55.575 0.0000000000
70451  -35.500  -8.060  55.219 0.0000000000
71602  -35.835  -7.577  55.813 0.0000000000
62591  -13.134  -14.766  77.768 0.0000000000
60372  -18.731  -15.570  73.423 0.0000000000
60378  -17.884  -15.802  72.411 0.0000000000
64880  0.718  -13.441  60.004 0.0000000000
64890  0.596  -13.712  59.477 0.0000000000
60453  2.024  -16.856  66.595 0.0000000000
63698  -6.897  -14.723  76.829 0.0000000000
57976  2.148  -20.224  80.312 0.0000000000
56785  2.874  -20.936  80.657 0.0000000000
63803  -30.867  -14.335  63.754 0.0000000000
62736  -30.790  -15.247  63.112 0.0000000000
63811  -30.637  -14.209  62.458 0.0000000000
60429  -27.156  -15.778  67.444 0.0000000000
78156  -42.896  -0.762  52.287 0.0000000000
79165  -43.181  -0.324  51.534 0.0000000000
67160  -35.347  -10.734  56.789 0.0000000000
66048  -34.407  -11.321  56.064 0.0000000000
66067  -33.839  -12.238  54.809 0.0000000000
66047  -34.237  -11.533  55.565 0.0000000000
67177  -34.874  -10.976  55.806 0.0000000000
69210  -0.077  -10.244  64.855 0.0000000000
54588  2.044  -21.930  66.568 0.0000000000
53405  1.926  -22.751  67.179 0.0000000000
52304  -2.507  -25.186  67.289 0.0000000000
52322  -2.539  -24.763  66.618 0.0000000000
52323  -2.987  -25.108  66.836 0.0000000000
50130  -3.370  -25.929  66.551 0.0000000000
50138  -3.311  -26.118  66.054 0.0000000000
60304  -6.576  -17.759  80.382 0.0000000000
61446  -6.150  -17.079  80.624 0.0000000000
56777  -3.375  -20.564  82.010 0.0000000000
68217  -29.102  -9.430  56.736 0.0000000000
59397  -28.748  -18.298  60.741 0.0000000000
63717  -24.046  -13.668  73.634 0.0000000000
62633  -23.643  -14.042  73.791 0.0000000000
62632  -22.863  -14.380  74.006 0.0000000000
62637  -23.168  -14.247  73.640 0.0000000000
62655  -25.982  -13.752  70.782 0.0000000000
59262  -18.603  -16.390  69.600 0.0000000000
59263  -19.147  -16.193  69.460 0.0000000000
60406  -0.030  -17.550  68.729 0.0000000000
60405  0.544  -17.428  68.412 0.0000000000
59258  0.921  -18.420  68.338 0.0000000000
56897  2.368  -19.972  71.624 0.0000000000
56896  2.899  -20.452  71.909 0.0000000000
74893  -39.474  -4.190  56.514 0.0000000000
74892  -38.838  -4.263  56.548 0.0000000000
74899  -38.042  -4.435  55.992 0.0000000000
73792  -37.843  -4.984  54.447 0.0000000000
73783  -38.293  -4.603  55.142 0.0000000000
73784  -39.036  -4.705  55.037 0.0000000000
57987  -9.025  -19.027  78.549 0.0000000000
59140  -8.985  -18.814  78.925 0.0000000000
57991  -8.767  -19.477  78.296 0.0000000000
56810  -8.268  -20.000  78.143 0.0000000000
56811  -8.824  -19.803  77.941 0.0000000000
58056  -13.256  -17.395  70.838 0.0000000000
59231  -14.074  -16.715  71.237 0.0000000000
58026  -11.173  -18.592  73.867 0.0000000000
59191  -11.830  -18.010  73.961 0.0000000000
59177  -11.537  -18.057  74.580 0.0000000000
59169  -11.920  -17.474  75.175 0.0000000000
58015  -10.807  -18.553  74.690 0.0000000000
67066  2.311  -11.708  68.024 0.0000000000
62725  1.342  -15.383  63.973 0.0000000000
63808  0.790  -14.456  63.356 0.0000000000
55857  -0.947  -20.933  63.804 0.0000000000
55856  -0.213  -20.566  63.841 0.0000000000
56994  -1.660  -20.543  63.355 0.0000000000
58239  -2.198  -19.199  60.689 0.0000000000
58238  -1.368  -19.379  60.380 0.0000000000
59392  -1.526  -18.492  60.374 0.0000000000
59390  -0.225  -18.733  59.611 0.0000000000
62636  -5.919  -16.325  73.420 0.0000000000
61460  -3.420  -17.175  79.903 0.0000000000
60317  -2.819  -17.593  79.511 0.0000000000
60333  -0.933  -18.025  76.909 0.0000000000
60343  -0.816  -18.145  75.867 0.0000000000
60342  0.023  -18.665  75.551 0.0000000000
59154  0.609  -18.686  76.551 0.0000000000
55667  2.740  -21.772  76.588 0.0000000000
56860  3.487  -20.881  75.456 0.0000000000
55687  3.035  -21.795  75.604 0.0000000000
54488  2.797  -22.184  74.837 0.0000000000
49988  3.159  -26.875  79.425 0.0000000000
51061  3.511  -26.143  79.880 0.0000000000
51075  3.381  -26.000  79.082 0.0000000000
59333  -29.179  -16.475  65.093 0.0000000000
59347  -29.375  -16.929  64.443 0.0000000000
62712  -30.824  -15.114  65.782 0.0000000000
62719  -30.824  -15.093  64.954 0.0000000000
60431  -28.544  -15.805  67.135 0.0000000000
60445  -28.343  -16.055  66.740 0.0000000000
60446  -28.672  -16.032  66.603 0.0000000000
60460  -29.195  -16.076  65.997 0.0000000000
59301  -29.010  -16.253  65.991 0.0000000000
58152  -28.608  -16.804  64.878 0.0000000000
61573  -29.197  -15.279  67.504 0.0000000000
61559  -29.057  -14.804  68.263 0.0000000000
61571  -28.388  -15.618  67.555 0.0000000000
77116  -42.857  -1.360  53.769 0.0000000000
72725  -38.775  -5.200  51.436 0.0000000000
72726  -39.426  -5.004  51.784 0.0000000000
74931  -40.834  -4.204  51.836 0.0000000000
74930  -40.373  -4.471  51.606 0.0000000000
77127  -40.545  -2.673  50.391 0.0000000000
64933  -33.539  -11.906  56.028 0.0000000000
66014  -34.244  -11.086  56.965 0.0000000000
66013  -33.667  -11.426  56.991 0.0000000000
67107  -33.516  -9.930  58.441 0.0000000000
66062  -27.605  -10.549  54.191 0.0000000000
66063  -28.998  -11.115  53.827 0.0000000000
66065  -31.180  -12.185  54.502 0.0000000000
64958  -29.854  -12.063  53.506 0.0000000000
64931  -32.780  -12.519  55.689 0.0000000000
64939  -32.602  -13.051  55.294 0.0000000000
64932  -33.200  -12.185  55.881 0.0000000000
52283  1.955  -23.820  68.689 0.0000000000
52299  1.664  -23.613  67.648 0.0000000000
51198  0.534  -24.872  68.318 0.0000000000
51200  -1.227  -25.332  68.453 0.0000000000
51190  -1.434  -25.640  69.172 0.0000000000
50086  -1.487  -26.469  70.204 0.0000000000
48972  -1.399  -27.508  70.389 0.0000000000
56787  -6.133  -20.327  79.843 0.0000000000
56783  -5.661  -20.106  80.446 0.0000000000
55622  -5.744  -21.034  79.792 0.0000000000
67140  -28.386  -10.722  57.887 0.0000000000
62742  -29.935  -15.874  60.881 0.0000000000
62750  -29.611  -15.429  60.099 0.0000000000
62759  -28.915  -15.411  59.379 0.0000000000
64762  -25.166  -12.615  72.990 0.0000000000
61568  -24.267  -15.169  68.085 0.0000000000
79203  -43.995  -0.717  47.408 0.0000000000
77157  -44.434  -1.454  46.654 0.0000000000
80211  -45.411  0.317  46.889 0.0000000000
79210  -45.318  -0.221  46.363 0.0000000000
79218  -45.299  -0.349  45.589 0.0000000000
80231  -45.223  0.470  45.168 0.0000000000
58096  -0.425  -19.111  69.831 0.0000000000
59245  -0.689  -18.983  70.222 0.0000000000
59207  -0.406  -18.779  71.900 0.0000000000
59227  -0.427  -18.971  71.005 0.0000000000
59226  0.086  -19.032  71.444 0.0000000000
59225  0.523  -19.135  71.720 0.0000000000
59205  0.811  -19.014  72.334 0.0000000000
73773  -37.195  -4.789  56.757 0.0000000000
73758  -37.581  -4.862  57.685 0.0000000000
69350  -34.356  -9.127  53.910 0.0000000000
71613  -34.387  -7.549  53.742 0.0000000000
72691  -34.702  -6.801  53.700 0.0000000000
72680  -34.829  -6.975  54.352 0.0000000000
72675  -36.063  -6.408  56.046 0.0000000000
73772  -36.493  -5.404  56.460 0.0000000000
73782  -37.287  -4.699  55.568 0.0000000000
62582  -11.633  -14.662  78.446 0.0000000000
60314  -11.284  -15.966  78.270 0.0000000000
60313  -10.864  -16.345  78.646 0.0000000000
59142  -10.507  -17.541  78.165 0.0000000000
55722  -9.554  -20.118  72.765 0.0000000000
64812  2.230  -13.359  67.499 0.0000000000
63767  2.265  -13.869  67.120 0.0000000000
61600  1.853  -16.211  65.518 0.0000000000
62711  2.035  -15.255  65.884 0.0000000000
61606  1.622  -16.330  64.807 0.0000000000
62724  1.580  -15.842  64.431 0.0000000000
54682  -3.676  -22.677  63.400 0.0000000000
55878  -3.478  -21.820  63.068 0.0000000000
54681  -3.496  -22.377  62.757 0.0000000000
54691  -1.480  -22.598  61.608 0.0000000000
54692  -2.366  -22.395  61.979 0.0000000000
55895  -1.738  -21.828  61.321 0.0000000000
55894  -0.944  -22.176  61.114 0.0000000000
55893  -0.587  -22.463  61.009 0.0000000000
63711  -6.923  -15.106  74.845 0.0000000000
63710  -6.271  -15.492  74.563 0.0000000000
62623  -5.536  -15.607  75.188 0.0000000000
59125  -0.999  -18.619  80.672 0.0000000000
59133  -1.452  -18.310  80.250 0.0000000000
59124  -0.275  -18.865  80.343 0.0000000000
59130  0.743  -18.952  79.200 0.0000000000
59131  -0.085  -18.781  79.456 0.0000000000
59137  0.931  -18.840  78.250 0.0000000000
57982  2.938  -20.688  79.037 0.0000000000
57988  2.892  -20.457  78.212 0.0000000000
56824  2.956  -21.152  77.415 0.0000000000
59373  -29.280  -18.019  62.723 0.0000000000
60491  -29.943  -16.909  64.102 0.0000000000
59358  -29.554  -17.522  63.851 0.0000000000
61625  -30.401  -16.296  62.668 0.0000000000
60510  -30.048  -16.850  62.123 0.0000000000
58133  -27.194  -17.020  65.351 0.0000000000
63739  -27.279  -13.638  70.596 0.0000000000
62657  -27.599  -13.961  70.244 0.0000000000
62673  -29.026  -14.117  69.403 0.0000000000
61538  -27.724  -14.891  69.211 0.0000000000
61537  -26.963  -14.871  69.416 0.0000000000
61554  -25.722  -14.792  68.934 0.0000000000
61570  -26.024  -15.246  68.443 0.0000000000
60426  -23.991  -15.773  67.312 0.0000000000
79189  -44.707  0.480  50.437 0.0000000000
77138  -41.047  -1.756  49.420 0.0000000000
79186  -42.451  -0.816  49.217 0.0000000000
79185  -42.081  -1.059  49.191 0.0000000000
78175  -42.913  -0.781  48.193 0.0000000000
79187  -43.285  -0.472  49.144 0.0000000000
79177  -43.923  0.186  50.929 0.0000000000
69313  -36.183  -9.219  56.884 0.0000000000
68221  -36.066  -9.919  57.239 0.0000000000
68190  -36.090  -9.682  58.800 0.0000000000
67125  -35.148  -10.405  58.015 0.0000000000
64982  -32.116  -13.450  53.683 0.0000000000
65000  -30.999  -13.689  52.845 0.0000000000
67195  -33.810  -11.814  53.324 0.0000000000
67196  -34.255  -11.132  53.877 0.0000000000
68247  -35.395  -10.401  55.476 0.0000000000
68248  -35.882  -10.000  55.650 0.0000000000
59234  -16.814  -16.537  70.784 0.0000000000
68162  1.070  -10.697  62.181 0.0000000000
65967  0.734  -12.683  61.307 0.0000000000
56954  2.169  -20.117  66.190 0.0000000000
54605  1.563  -21.815  65.779 0.0000000000
55820  1.365  -20.974  65.241 0.0000000000
54624  0.929  -21.581  65.195 0.0000000000
54649  0.298  -21.499  64.812 0.0000000000
54625  0.411  -22.150  65.304 0.0000000000
52300  0.786  -24.004  66.967 0.0000000000
53414  0.879  -23.133  66.258 0.0000000000
52318  0.421  -23.505  66.402 0.0000000000
53426  -1.122  -23.410  65.281 0.0000000000
53449  -1.778  -23.243  64.909 0.0000000000
54652  -1.852  -22.654  64.550 0.0000000000
54653  -2.526  -23.012  64.826 0.0000000000
55839  -3.096  -22.525  64.500 0.0000000000
54654  -3.045  -23.104  64.992 0.0000000000
51239  -3.226  -25.071  64.614 0.0000000000
52360  -3.421  -24.162  63.730 0.0000000000
49002  -2.446  -27.192  68.237 0.0000000000
49014  -2.266  -27.445  67.479 0.0000000000
62588  -6.524  -15.477  78.926 0.0000000000
62576  -6.094  -15.960  79.703 0.0000000000
61445  -5.250  -17.077  80.807 0.0000000000
61444  -4.393  -17.180  80.819 0.0000000000
61450  -3.938  -16.987  80.354 0.0000000000
59123  -5.109  -18.907  81.239 0.0000000000
57967  -4.796  -19.388  81.295 0.0000000000
59116  -3.031  -19.228  82.735 0.0000000000
59121  -3.742  -18.911  82.163 0.0000000000
59120  -2.897  -18.365  82.537 0.0000000000
59119  -2.056  -18.385  81.921 0.0000000000
56769  -0.438  -20.939  82.794 0.0000000000
57957  -0.752  -20.177  82.655 0.0000000000
56776  -0.092  -20.186  82.463 0.0000000000
57962  0.510  -19.938  81.903 0.0000000000
68246  -30.708  -10.162  55.758 0.0000000000
66024  -27.291  -10.852  56.439 0.0000000000
63898  -26.491  -12.013  56.751 0.0000000000
68244  -29.691  -10.057  55.234 0.0000000000
61505  -22.142  -14.792  73.909 0.0000000000
61499  -21.909  -14.671  74.465 0.0000000000
61504  -20.978  -15.174  73.744 0.0000000000
60374  -20.417  -15.257  73.591 0.0000000000
60381  -20.518  -15.330  73.027 0.0000000000
62645  -25.546  -13.499  71.525 0.0000000000
63723  -25.594  -13.159  72.049 0.0000000000
62640  -25.016  -13.400  72.085 0.0000000000
61534  -22.965  -14.149  70.056 0.0000000000
61523  -22.745  -14.281  71.218 0.0000000000
61518  -22.617  -14.318  72.232 0.0000000000
61519  -23.379  -13.914  72.339 0.0000000000
61511  -21.763  -15.052  72.956 0.0000000000
60388  -19.174  -15.977  71.488 0.0000000000
59236  -18.254  -16.454  70.785 0.0000000000
58103  -17.715  -16.547  69.150 0.0000000000
58082  -17.622  -16.589  69.825 0.0000000000
81174  -44.776  1.165  45.286 0.0000000000
81173  -44.027  1.202  45.093 0.0000000000
82148  -42.226  2.553  44.611 0.0000000000
63752  1.563  -14.034  68.465 0.0000000000
62685  1.579  -15.030  68.079 0.0000000000
62694  1.846  -15.148  67.652 0.0000000000
61527  0.210  -15.652  69.077 0.0000000000
60404  0.935  -17.225  68.080 0.0000000000
60419  1.312  -16.978  67.662 0.0000000000
59289  1.652  -17.759  67.434 0.0000000000
59290  1.966  -18.118  67.228 0.0000000000
58111  1.638  -18.421  67.669 0.0000000000
58073  0.277  -19.551  70.283 0.0000000000
58094  0.906  -19.619  69.340 0.0000000000
56909  1.217  -19.930  70.306 0.0000000000
56921  2.516  -20.795  70.039 0.0000000000
55760  2.664  -21.056  69.548 0.0000000000
55761  2.335  -20.903  68.806 0.0000000000
54564  2.913  -21.607  69.884 0.0000000000
54539  2.706  -22.465  70.870 0.0000000000
53350  2.342  -23.036  71.542 0.0000000000
74900  -40.712  -4.055  55.440 0.0000000000
73777  -40.387  -4.240  55.625 0.0000000000
68220  -32.179  -10.126  57.442 0.0000000000
72706  -35.461  -6.195  52.725 0.0000000000
72707  -36.292  -5.924  52.628 0.0000000000
72695  -37.729  -5.775  53.256 0.0000000000
72708  -37.129  -5.972  52.637 0.0000000000
72709  -37.826  -5.800  52.496 0.0000000000
73785  -39.699  -4.553  54.948 0.0000000000
72686  -39.494  -4.932  53.622 0.0000000000
73795  -40.093  -4.589  54.044 0.0000000000
62578  -8.114  -15.603  80.154 0.0000000000
61457  -10.465  -16.018  79.373 0.0000000000
59135  -8.640  -18.413  79.370 0.0000000000
60311  -8.819  -17.458  80.003 0.0000000000
59134  -7.758  -18.473  79.721 0.0000000000
57980  -7.172  -19.302  79.582 0.0000000000
57985  -7.714  -19.539  79.078 0.0000000000
55645  -7.088  -20.872  78.119 0.0000000000
54446  -6.442  -21.419  77.803 0.0000000000
59198  -17.325  -15.861  72.223 0.0000000000
59213  -15.812  -16.269  71.630 0.0000000000
59196  -15.569  -15.769  72.449 0.0000000000
59182  -15.280  -15.486  73.395 0.0000000000
60369  -15.686  -15.486  74.066 0.0000000000
59229  -12.592  -17.273  72.184 0.0000000000
58041  -12.100  -17.972  72.617 0.0000000000
59179  -12.692  -16.719  74.179 0.0000000000
59171  -13.246  -16.287  74.704 0.0000000000
59172  -13.866  -15.782  74.562 0.0000000000
60357  -13.737  -16.019  75.088 0.0000000000
60347  -14.113  -15.891  75.567 0.0000000000
60337  -13.100  -16.012  76.155 0.0000000000
60328  -12.244  -16.006  76.864 0.0000000000
59157  -11.735  -16.775  76.504 0.0000000000
58003  -10.250  -18.405  76.120 0.0000000000
59156  -10.809  -17.930  76.670 0.0000000000
57998  -10.153  -18.473  76.674 0.0000000000
57997  -9.926  -18.831  77.047 0.0000000000
55707  -8.696  -20.761  74.235 0.0000000000
55689  -8.183  -20.897  75.433 0.0000000000
55690  -8.695  -20.593  75.133 0.0000000000
55670  -8.052  -20.884  76.276 0.0000000000
68133  1.307  -10.723  67.389 0.0000000000
68145  1.261  -10.805  66.266 0.0000000000
64830  2.422  -13.399  65.956 0.0000000000
65933  2.257  -12.526  66.450 0.0000000000
65946  2.151  -12.931  64.850 0.0000000000
65947  1.756  -12.431  64.396 0.0000000000
63817  -0.150  -13.894  62.307 0.0000000000
64869  0.133  -13.470  61.564 0.0000000000
58157  1.767  -19.153  65.544 0.0000000000
58175  1.178  -19.238  64.628 0.0000000000
58206  0.079  -19.000  63.248 0.0000000000
58205  0.368  -18.625  63.417 0.0000000000
60496  0.586  -17.302  63.876 0.0000000000
59363  0.152  -18.166  63.172 0.0000000000
58210  -2.602  -19.649  62.518 0.0000000000
58225  -2.926  -19.491  62.040 0.0000000000
60508  -2.199  -17.804  62.018 0.0000000000
61624  -1.917  -17.373  62.108 0.0000000000
61623  -1.596  -16.909  62.184 0.0000000000
62734  -1.333  -16.284  62.288 0.0000000000
61637  -0.989  -16.824  59.991 0.0000000000
61646  -0.655  -16.078  59.710 0.0000000000
62757  -0.635  -15.608  59.767 0.0000000000
61645  -0.247  -16.755  59.415 0.0000000000
62599  -5.789  -15.536  78.137 0.0000000000
62607  -5.035  -15.864  77.690 0.0000000000
61479  -3.968  -16.591  78.006 0.0000000000
62614  -4.520  -16.352  77.367 0.0000000000
62621  -4.507  -16.464  76.470 0.0000000000
61494  -3.902  -16.847  76.083 0.0000000000
60326  -2.751  -17.625  78.506 0.0000000000
60325  -1.915  -17.893  78.226 0.0000000000
60345  -2.477  -17.607  76.467 0.0000000000
61493  -3.215  -17.300  75.699 0.0000000000
60367  -2.274  -17.749  74.321 0.0000000000
59167  0.672  -18.845  74.766 0.0000000000
59175  0.469  -18.786  73.836 0.0000000000
59188  1.126  -18.961  73.191 0.0000000000
59187  1.626  -19.183  73.631 0.0000000000
59152  2.152  -19.286  76.256 0.0000000000
58005  2.686  -19.698  75.076 0.0000000000
58012  3.120  -19.985  74.379 0.0000000000
58022  2.802  -19.933  73.604 0.0000000000
56878  3.128  -20.526  73.607 0.0000000000
55732  3.158  -21.104  72.578 0.0000000000
55720  3.032  -21.313  73.716 0.0000000000
54506  2.554  -22.719  73.372 0.0000000000
52232  1.763  -23.958  72.930 0.0000000000
53247  3.157  -24.376  80.676 0.0000000000
54423  3.205  -23.626  81.053 0.0000000000
55618  3.326  -22.677  81.105 0.0000000000
53280  2.654  -24.065  77.086 0.0000000000
53290  2.439  -23.903  76.225 0.0000000000
52205  2.127  -24.678  75.616 0.0000000000
51149  0.544  -25.365  73.808 0.0000000000
51157  0.271  -25.324  72.828 0.0000000000
51158  -0.155  -25.789  72.107 0.0000000000
63789  -31.626  -14.117  66.021 0.0000000000
64832  -31.458  -13.410  65.827 0.0000000000
63781  -31.556  -13.941  66.534 0.0000000000
65932  -30.985  -12.985  66.741 0.0000000000
60471  -29.890  -15.834  65.391 0.0000000000
61596  -30.117  -15.469  65.934 0.0000000000
61584  -29.236  -15.654  66.770 0.0000000000
60448  -29.273  -15.800  66.361 0.0000000000
63759  -29.663  -13.842  68.286 0.0000000000
62691  -29.593  -14.585  67.808 0.0000000000
64810  -29.913  -13.281  68.077 0.0000000000
77107  -42.567  -2.016  54.152 0.0000000000
73805  -39.828  -4.924  52.693 0.0000000000
73814  -40.018  -4.836  52.083 0.0000000000
73815  -40.214  -4.739  52.569 0.0000000000
76003  -41.125  -3.509  51.874 0.0000000000
66012  -33.071  -11.255  56.709 0.0000000000
67122  -33.149  -10.286  58.038 0.0000000000
64938  -31.751  -12.860  55.053 0.0000000000
52271  1.528  -24.478  69.164 0.0000000000
51177  -1.083  -25.720  69.863 0.0000000000
55632  -5.486  -21.449  79.431 0.0000000000
54436  -5.538  -21.730  78.930 0.0000000000
63829  -30.120  -14.560  60.327 0.0000000000
63828  -29.759  -14.861  59.970 0.0000000000
64904  -29.575  -12.773  59.152 0.0000000000
65861  -26.104  -12.205  72.371 0.0000000000
61566  -22.203  -15.194  67.768 0.0000000000
80191  -44.852  -0.025  48.180 0.0000000000
80202  -44.838  -0.112  47.877 0.0000000000
80203  -45.178  0.206  47.738 0.0000000000
82104  -46.247  2.393  47.943 0.0000000000
60397  -1.762  -18.400  69.919 0.0000000000
59208  -0.822  -18.742  71.471 0.0000000000
60383  -0.871  -18.674  71.881 0.0000000000
72660  -36.649  -6.593  57.754 0.0000000000
71576  -37.347  -7.024  58.899 0.0000000000
69338  -34.878  -9.211  54.501 0.0000000000
69337  -34.605  -8.908  54.236 0.0000000000
70459  -35.215  -8.558  54.834 0.0000000000
71608  -35.033  -7.630  54.711 0.0000000000
72681  -35.143  -6.657  54.874 0.0000000000
72674  -35.563  -6.766  55.480 0.0000000000
62590  -12.302  -14.791  77.869 0.0000000000
61463  -11.571  -15.641  77.998 0.0000000000
60320  -11.481  -16.197  77.748 0.0000000000
61497  -20.041  -14.857  74.420 0.0000000000
67103  1.108  -11.853  59.834 0.0000000000
62704  2.000  -15.304  67.193 0.0000000000
63778  2.155  -14.861  67.027 0.0000000000
61592  1.948  -16.181  66.293 0.0000000000
60476  1.711  -17.178  65.287 0.0000000000
52369  -2.889  -23.858  63.130 0.0000000000
54680  -3.045  -22.656  62.494 0.0000000000
53481  -1.727  -23.648  62.358 0.0000000000
53497  -1.221  -23.250  61.904 0.0000000000
57970  0.295  -19.456  80.917 0.0000000000
61616  -30.441  -15.913  64.171 0.0000000000
62726  -30.636  -15.692  63.141 0.0000000000
62735  -30.618  -15.244  62.355 0.0000000000
58150  -27.505  -17.446  64.862 0.0000000000
61557  -28.152  -15.324  68.240 0.0000000000
61539  -28.419  -14.711  69.055 0.0000000000
60414  -26.930  -15.548  68.163 0.0000000000
60413  -26.629  -15.483  68.229 0.0000000000
78154  -41.674  -1.272  51.116 0.0000000000
78158  -41.519  -1.312  50.083 0.0000000000
79163  -41.902  -0.788  50.354 0.0000000000
79175  -42.505  -0.536  49.933 0.0000000000
79176  -43.236  -0.197  50.385 0.0000000000
67161  -35.877  -10.414  56.823 0.0000000000
67144  -35.836  -10.443  57.458 0.0000000000
67126  -35.753  -10.273  58.134 0.0000000000
64983  -32.962  -13.289  53.761 0.0000000000
66066  -33.593  -12.649  54.503 0.0000000000
67187  -34.404  -11.118  54.909 0.0000000000
58080  -16.114  -17.053  69.534 0.0000000000
52302  -1.169  -24.715  67.081 0.0000000000
52320  -1.061  -24.289  66.393 0.0000000000
52321  -1.849  -24.555  66.492 0.0000000000
52338  -2.491  -24.290  65.877 0.0000000000
53429  -2.951  -23.772  65.374 0.0000000000
53451  -3.386  -23.678  64.998 0.0000000000
51229  -2.996  -25.600  65.130 0.0000000000
50137  -2.881  -26.272  65.537 0.0000000000
50128  -2.573  -26.887  65.992 0.0000000000
61453  -6.576  -16.405  80.210 0.0000000000
56778  -3.852  -20.471  81.512 0.0000000000
57966  -4.277  -19.698  81.586 0.0000000000
57960  -3.125  -19.918  82.425 0.0000000000
57959  -2.467  -19.853  82.671 0.0000000000
56771  -2.097  -20.608  82.613 0.0000000000
56770  -1.323  -20.764  82.746 0.0000000000
68234  -30.267  -9.590  55.926 0.0000000000
61656  -27.940  -16.565  58.850 0.0000000000
64930  -27.675  -11.928  57.603 0.0000000000
67172  -27.664  -10.108  55.726 0.0000000000
63728  -26.805  -13.286  71.138 0.0000000000
63724  -26.323  -12.958  71.760 0.0000000000
60402  -21.373  -15.144  70.288 0.0000000000
60396  -21.009  -15.402  71.217 0.0000000000
60394  -19.283  -16.155  70.716 0.0000000000
59248  -18.352  -16.486  70.219 0.0000000000
59249  -18.980  -16.362  70.184 0.0000000000
77179  -44.807  -1.710  44.826 0.0000000000
59273  1.227  -18.809  68.251 0.0000000000
58071  1.325  -19.748  70.943 0.0000000000
73776  -39.966  -4.358  55.693 0.0000000000
72694  -36.866  -5.723  53.550 0.0000000000
72684  -38.224  -5.368  53.775 0.0000000000
72685  -38.924  -5.155  53.664 0.0000000000
62579  -9.142  -15.570  80.172 0.0000000000
56798  -7.856  -19.879  78.692 0.0000000000
55646  -7.717  -20.486  77.867 0.0000000000
59232  -15.060  -16.597  70.971 0.0000000000
59211  -13.892  -16.340  72.090 0.0000000000
58040  -11.143  -18.727  72.842 0.0000000000
59170  -12.742  -16.863  74.997 0.0000000000
60346  -13.202  -16.304  75.437 0.0000000000
59163  -11.440  -17.487  75.879 0.0000000000
58007  -10.468  -18.450  75.404 0.0000000000
58006  -9.866  -18.918  75.631 0.0000000000
54476  -7.041  -21.847  75.106 0.0000000000
68144  1.770  -11.080  66.944 0.0000000000
63795  2.245  -14.118  64.782 0.0000000000
64839  2.418  -13.423  65.111 0.0000000000
63796  1.848  -14.221  64.299 0.0000000000
64858  1.090  -13.442  63.056 0.0000000000
63809  -0.121  -14.487  63.004 0.0000000000
63810  -0.552  -14.937  62.693 0.0000000000
56976  0.712  -20.468  64.383 0.0000000000
58190  0.879  -19.582  64.294 0.0000000000
56991  0.534  -19.997  64.007 0.0000000000
56992  -0.080  -19.809  63.480 0.0000000000
57015  -0.339  -19.365  63.176 0.0000000000
55914  -3.174  -20.261  61.444 0.0000000000
58241  -3.077  -19.492  61.518 0.0000000000
58240  -2.890  -19.118  61.038 0.0000000000
59394  -2.575  -18.563  61.263 0.0000000000
60519  -2.212  -17.682  61.244 0.0000000000
61639  -1.990  -17.023  61.318 0.0000000000
60518  -1.657  -17.609  60.475 0.0000000000
60517  -0.904  -17.806  60.042 0.0000000000
60527  -0.206  -17.509  59.597 0.0000000000
60515  -0.177  -18.216  59.616 0.0000000000
61471  -4.691  -16.247  78.987 0.0000000000
62597  -4.586  -16.219  78.502 0.0000000000
61470  -4.352  -16.447  78.755 0.0000000000
61478  -3.224  -16.998  77.796 0.0000000000
60324  -1.076  -18.270  77.952 0.0000000000
59166  1.448  -18.977  74.918 0.0000000000
57999  3.249  -20.212  76.194 0.0000000000
58000  2.739  -19.728  75.867 0.0000000000
54489  2.491  -22.782  74.235 0.0000000000
52134  3.366  -25.397  80.406 0.0000000000
53256  3.175  -24.477  79.655 0.0000000000
54443  2.999  -23.381  79.202 0.0000000000
52162  3.176  -25.164  78.863 0.0000000000
52178  2.910  -25.059  78.050 0.0000000000
51136  1.068  -25.492  74.510 0.0000000000
58185  -28.411  -17.829  64.073 0.0000000000
60482  -30.101  -15.971  64.934 0.0000000000
59279  -27.415  -16.140  66.670 0.0000000000
59280  -27.979  -16.204  66.576 0.0000000000
59298  -27.624  -16.459  65.999 0.0000000000
59300  -28.731  -16.270  66.055 0.0000000000
58135  -28.195  -16.610  65.539 0.0000000000
58169  -28.509  -17.262  64.523 0.0000000000
62682  -28.943  -14.408  69.076 0.0000000000
62684  -29.400  -14.281  68.437 0.0000000000
61558  -28.826  -14.839  68.443 0.0000000000
78149  -43.456  -0.344  53.410 0.0000000000
78148  -42.965  -0.847  53.060 0.0000000000
73830  -39.524  -4.854  51.343 0.0000000000
73840  -39.230  -4.751  50.864 0.0000000000
74941  -39.153  -4.561  50.406 0.0000000000
74951  -39.437  -3.983  50.173 0.0000000000
77121  -41.395  -2.304  51.583 0.0000000000
66015  -34.854  -10.776  57.124 0.0000000000
67124  -34.468  -10.393  58.056 0.0000000000
64979  -29.372  -12.646  53.254 0.0000000000
64941  -33.652  -12.118  55.578 0.0000000000
52285  0.410  -24.602  67.759 0.0000000000
51212  -1.193  -25.064  67.708 0.0000000000
51213  -1.926  -25.271  67.866 0.0000000000
51214  -2.627  -25.634  67.828 0.0000000000
50121  -3.170  -26.167  67.451 0.0000000000
50110  -2.711  -26.150  68.147 0.0000000000
50099  -2.486  -26.392  68.593 0.0000000000
48988  -2.217  -27.233  69.096 0.0000000000
51178  -1.607  -26.071  69.624 0.0000000000
50087  -1.916  -26.598  69.526 0.0000000000
48987  -1.687  -27.852  69.314 0.0000000000
57975  -6.591  -19.084  80.092 0.0000000000
57974  -6.045  -19.449  80.404 0.0000000000
56782  -5.094  -20.452  80.682 0.0000000000
55621  -5.092  -21.298  80.067 0.0000000000
55613  -4.615  -21.017  80.638 0.0000000000
56781  -4.440  -20.477  81.098 0.0000000000
55612  -4.000  -21.306  80.964 0.0000000000
62758  -28.442  -15.992  59.171 0.0000000000
62771  -27.880  -15.381  58.717 0.0000000000
64761  -24.686  -12.938  73.446 0.0000000000
62681  -25.411  -14.209  69.605 0.0000000000
61551  -22.210  -14.866  68.649 0.0000000000
60412  -20.766  -15.716  69.056 0.0000000000
77162  -44.625  -1.678  46.316 0.0000000000
77169  -44.824  -1.765  45.549 0.0000000000
78196  -45.161  -1.205  45.149 0.0000000000
80240  -44.999  0.060  44.164 0.0000000000
81162  -45.775  1.383  46.449 0.0000000000
60407  -0.695  -17.519  68.962 0.0000000000
58053  0.019  -19.281  70.827 0.0000000000
58051  1.005  -19.451  71.544 0.0000000000
58037  2.094  -19.689  72.518 0.0000000000
74875  -38.312  -4.375  57.298 0.0000000000
74874  -38.026  -4.426  57.104 0.0000000000
69368  -33.690  -9.114  52.842 0.0000000000
71642  -34.257  -6.906  52.245 0.0000000000
72705  -34.860  -6.546  53.020 0.0000000000
73802  -35.364  -5.964  53.758 0.0000000000
73789  -35.434  -5.872  54.449 0.0000000000
73790  -36.129  -5.504  54.596 0.0000000000
63672  -10.713  -14.692  79.825 0.0000000000
61458  -11.139  -15.542  78.564 0.0000000000
60318  -10.231  -17.509  78.659 0.0000000000
58075  -11.615  -18.605  71.057 0.0000000000
56899  -10.867  -19.116  71.294 0.0000000000
58054  -11.477  -18.574  71.908 0.0000000000
56889  -10.769  -19.093  72.075 0.0000000000
58039  -10.556  -19.159  73.412 0.0000000000
56880  -9.884  -19.833  73.542 0.0000000000
55721  -9.030  -20.604  73.297 0.0000000000
64820  2.321  -13.341  66.823 0.0000000000
61614  0.895  -16.370  63.920 0.0000000000
55859  -2.490  -21.538  63.783 0.0000000000
56995  -2.412  -20.882  63.324 0.0000000000
56996  -2.849  -21.213  63.402 0.0000000000
54693  -2.999  -21.972  62.245 0.0000000000
55913  -2.741  -20.597  61.277 0.0000000000
55912  -1.937  -20.944  60.998 0.0000000000
57050  -1.198  -20.342  60.511 0.0000000000
57049  -0.394  -20.725  60.242 0.0000000000
64764  -7.553  -15.491  73.548 0.0000000000
63721  -7.038  -15.667  73.194 0.0000000000
63715  -6.496  -16.031  73.772 0.0000000000
60308  -2.097  -17.899  80.170 0.0000000000
60307  -1.565  -18.157  79.664 0.0000000000
59139  -0.627  -18.558  78.800 0.0000000000
59147  -0.403  -18.652  78.072 0.0000000000
59145  1.157  -18.797  77.330 0.0000000000
59144  1.964  -19.104  77.126 0.0000000000
57989  2.309  -19.684  77.885 0.0000000000
59357  -28.991  -17.952  63.625 0.0000000000
60504  -30.008  -17.374  63.023 0.0000000000
60509  -29.533  -17.524  61.968 0.0000000000
64778  -27.353  -12.918  71.268 0.0000000000
62669  -26.514  -14.176  70.065 0.0000000000
62658  -28.203  -13.941  70.116 0.0000000000
62671  -28.027  -14.370  69.718 0.0000000000
78164  -41.727  -1.280  49.293 0.0000000000
77139  -41.630  -1.428  48.843 0.0000000000
77149  -41.563  -1.494  48.034 0.0000000000
79196  -44.476  -0.206  48.779 0.0000000000
80179  -45.439  1.073  49.817 0.0000000000
70444  -36.141  -8.418  56.400 0.0000000000
70439  -36.457  -8.249  57.511 0.0000000000
70433  -36.546  -8.605  58.357 0.0000000000
66000  -35.003  -10.657  57.549 0.0000000000
68267  -34.590  -10.222  54.279 0.0000000000
68254  -34.997  -10.176  54.828 0.0000000000
69339  -35.680  -9.342  55.103 0.0000000000
59216  -18.164  -16.210  71.349 0.0000000000
59199  -17.908  -15.915  71.867 0.0000000000
59215  -17.461  -16.258  71.388 0.0000000000
58058  -15.217  -16.933  70.218 0.0000000000
58077  -13.481  -17.824  70.008 0.0000000000
65976  0.552  -13.031  60.653 0.0000000000
64881  0.313  -13.631  60.308 0.0000000000
59308  2.028  -17.835  66.789 0.0000000000
55834  0.399  -20.791  64.299 0.0000000000
55835  -0.256  -21.318  64.236 0.0000000000
55836  -1.014  -21.727  64.135 0.0000000000
53424  0.405  -22.748  65.664 0.0000000000
52319  -0.214  -23.800  66.167 0.0000000000
53425  -0.354  -23.041  65.364 0.0000000000
54626  0.043  -22.526  65.335 0.0000000000
53447  -0.730  -22.673  64.861 0.0000000000
54651  -1.134  -22.392  64.521 0.0000000000
55837  -1.824  -21.961  64.161 0.0000000000
55879  -3.538  -22.376  63.679 0.0000000000
53484  -3.739  -23.069  63.221 0.0000000000
52351  -3.751  -23.866  64.082 0.0000000000
52361  -3.646  -24.057  63.972 0.0000000000
53467  -3.611  -23.473  63.431 0.0000000000
52359  -2.655  -24.567  63.395 0.0000000000
49015  -2.749  -26.914  67.510 0.0000000000
62575  -5.333  -16.303  79.617 0.0000000000
62586  -4.968  -16.153  79.225 0.0000000000
61449  -3.459  -17.353  80.608 0.0000000000
60297  -4.921  -18.340  81.283 0.0000000000
60296  -4.229  -18.207  81.592 0.0000000000
60301  -3.975  -17.649  81.272 0.0000000000
60300  -3.274  -17.567  81.160 0.0000000000
60299  -2.435  -17.863  81.119 0.0000000000
59118  -1.214  -18.804  81.507 0.0000000000
56780  1.646  -20.659  81.624 0.0000000000
67159  -31.738  -10.803  56.332 0.0000000000
68219  -31.707  -10.109  56.896 0.0000000000
68218  -30.662  -9.414  56.473 0.0000000000
60520  -28.665  -18.010  59.824 0.0000000000
60539  -27.643  -17.189  58.811 0.0000000000
66042  -26.832  -10.450  54.933 0.0000000000
67184  -28.229  -10.269  54.581 0.0000000000
61498  -21.207  -14.659  74.654 0.0000000000
64767  -25.518  -12.832  72.460 0.0000000000
63719  -25.189  -12.934  72.621 0.0000000000
62638  -23.548  -13.776  73.170 0.0000000000
62667  -24.535  -13.762  71.001 0.0000000000
62653  -24.222  -13.705  71.790 0.0000000000
61512  -22.900  -14.415  73.137 0.0000000000
60382  -21.096  -15.186  72.910 0.0000000000
58061  -17.362  -16.605  70.209 0.0000000000
80239  -44.079  0.366  44.210 0.0000000000
82164  -42.869  1.599  44.718 0.0000000000
81183  -42.740  1.109  44.214 0.0000000000
82161  -41.294  2.627  43.715 0.0000000000
61579  1.895  -15.877  67.115 0.0000000000
60438  1.585  -16.893  67.334 0.0000000000
56923  1.377  -20.119  69.941 0.0000000000
53380  2.325  -22.999  69.320 0.0000000000
52258  1.283  -24.501  70.857 0.0000000000
75978  -41.175  -3.599  55.174 0.0000000000
71643  -34.983  -6.556  51.763 0.0000000000
71644  -35.890  -6.316  51.482 0.0000000000
71627  -36.488  -6.032  51.957 0.0000000000
70492  -36.090  -6.399  50.988 0.0000000000
71645  -36.591  -6.120  51.277 0.0000000000
71646  -37.290  -5.885  51.278 0.0000000000
71655  -37.391  -5.845  50.702 0.0000000000
71647  -37.991  -5.630  51.367 0.0000000000
72697  -39.222  -5.184  52.956 0.0000000000
60306  -8.155  -17.116  80.160 0.0000000000
60305  -7.649  -17.639  80.090 0.0000000000
56788  -6.722  -19.998  79.512 0.0000000000
56796  -6.523  -20.450  79.194 0.0000000000
56797  -7.203  -20.184  78.952 0.0000000000
55634  -6.651  -20.756  78.740 0.0000000000
59184  -16.894  -15.661  72.985 0.0000000000
60370  -16.594  -15.535  73.843 0.0000000000
60349  -16.287  -15.321  75.401 0.0000000000
58055  -12.399  -17.902  71.540 0.0000000000
59194  -13.606  -15.959  72.997 0.0000000000
59209  -12.538  -17.158  72.803 0.0000000000
59193  -12.834  -16.575  73.306 0.0000000000
59181  -14.359  -15.576  73.810 0.0000000000
60358  -14.778  -15.647  74.757 0.0000000000
60327  -11.514  -16.370  77.237 0.0000000000
59150  -11.065  -17.066  77.384 0.0000000000
59149  -10.206  -18.201  77.549 0.0000000000
57993  -9.685  -18.820  77.513 0.0000000000
57996  -9.406  -19.284  77.192 0.0000000000
56872  -9.713  -19.645  74.411 0.0000000000
56862  -9.461  -19.469  75.152 0.0000000000
56843  -9.372  -19.379  75.853 0.0000000000
56861  -9.069  -20.029  75.571 0.0000000000
56826  -8.969  -19.957  77.374 0.0000000000
55658  -8.174  -20.454  77.290 0.0000000000
54456  -6.896  -21.390  77.134 0.0000000000
54465  -7.177  -21.525  76.128 0.0000000000
54464  -6.388  -22.044  76.325 0.0000000000
69203  0.277  -10.346  65.731 0.0000000000
67075  2.117  -11.664  66.994 0.0000000000
65942  2.115  -12.475  65.428 0.0000000000
67085  1.666  -11.458  65.547 0.0000000000
63826  -0.095  -14.132  60.200 0.0000000000
59350  1.171  -17.675  64.486 0.0000000000
58176  0.901  -18.796  64.276 0.0000000000
59351  0.869  -18.143  64.211 0.0000000000
60487  1.022  -17.178  64.259 0.0000000000
61620  0.300  -16.437  63.577 0.0000000000
57018  -2.280  -20.160  62.922 0.0000000000
57017  -1.530  -19.858  62.989 0.0000000000
58208  -1.431  -19.124  62.871 0.0000000000
59380  -2.530  -19.106  62.249 0.0000000000
59366  -2.121  -18.605  62.501 0.0000000000
59364  -0.463  -18.247  62.977 0.0000000000
60498  -0.396  -17.434  63.072 0.0000000000
61621  -0.410  -16.519  63.227 0.0000000000
62733  -0.971  -15.629  62.443 0.0000000000
62740  -1.230  -15.201  61.278 0.0000000000
63827  -0.553  -14.534  60.516 0.0000000000
63840  -0.566  -15.147  59.846 0.0000000000
63839  -0.167  -14.522  59.585 0.0000000000
62755  0.017  -15.677  58.825 0.0000000000
61654  0.328  -16.749  58.328 0.0000000000
60536  0.216  -17.881  58.535 0.0000000000
60386  -3.059  -17.660  71.562 0.0000000000
63697  -6.195  -14.965  76.478 0.0000000000
62616  -5.610  -15.536  76.158 0.0000000000
62615  -5.034  -15.938  76.773 0.0000000000
62629  -4.833  -16.088  74.842 0.0000000000
61502  -4.649  -16.472  74.357 0.0000000000
61508  -3.721  -17.077  73.645 0.0000000000
61507  -2.920  -17.553  73.514 0.0000000000
61514  -2.748  -17.719  72.812 0.0000000000
60385  -2.402  -17.936  72.037 0.0000000000
60375  -0.858  -18.620  72.464 0.0000000000
59190  -0.229  -18.743  72.784 0.0000000000
60364  -0.069  -18.686  73.834 0.0000000000
59176  -0.021  -18.733  73.427 0.0000000000
58024  1.677  -19.378  73.065 0.0000000000
59160  1.789  -19.005  75.649 0.0000000000
59165  2.079  -19.345  74.982 0.0000000000
59173  1.855  -19.227  74.251 0.0000000000
58036  2.568  -19.875  72.972 0.0000000000
53349  2.595  -22.598  72.328 0.0000000000
52243  1.868  -23.943  71.938 0.0000000000
56774  1.340  -21.146  82.234 0.0000000000
56779  2.271  -21.237  81.648 0.0000000000
53237  2.827  -24.259  81.412 0.0000000000
54414  2.692  -23.022  82.028 0.0000000000
55609  2.967  -22.822  81.725 0.0000000000
55619  3.044  -21.706  81.265 0.0000000000
56794  3.321  -21.358  79.568 0.0000000000
55643  3.051  -22.337  78.755 0.0000000000
55656  2.535  -22.474  76.609 0.0000000000
52179  2.705  -24.957  77.248 0.0000000000
54463  2.410  -23.041  76.039 0.0000000000
53308  2.117  -23.543  74.478 0.0000000000
52222  1.686  -24.120  73.825 0.0000000000
52215  1.142  -24.756  74.049 0.0000000000
48971  -0.783  -28.169  70.682 0.0000000000
48989  -2.483  -26.818  68.673 0.0000000000
49027  -2.555  -27.142  67.014 0.0000000000
50098  -2.283  -26.555  69.039 0.0000000000
50122  -3.339  -25.749  66.961 0.0000000000
50136  -2.136  -26.996  65.445 0.0000000000
51192  -2.302  -26.245  68.850 0.0000000000
51202  -2.386  -25.994  68.553 0.0000000000
51211  -0.716  -24.865  67.518 0.0000000000
51223  -3.250  -25.391  66.527 0.0000000000
52305  -2.842  -25.375  67.298 0.0000000000
52335  -0.680  -23.535  65.646 0.0000000000
52336  -1.087  -23.863  65.730 0.0000000000
53335  2.593  -22.660  72.735 0.0000000000
53427  -1.748  -23.641  65.334 0.0000000000
53428  -2.470  -23.638  65.305 0.0000000000
53450  -2.167  -23.404  65.070 0.0000000000
53452  -3.642  -23.531  64.326 0.0000000000
53468  -3.719  -23.473  63.754 0.0000000000
53482  -2.544  -23.279  62.545 0.0000000000
54406  2.519  -23.511  82.059 0.0000000000
54473  2.808  -22.256  75.286 0.0000000000
54524  2.625  -22.691  72.965 0.0000000000
54627  -2.792  -23.282  65.101 0.0000000000
54648  0.612  -21.150  64.813 0.0000000000
54655  -3.493  -23.049  64.559 0.0000000000
54689  -0.506  -22.840  60.994 0.0000000000
55688  2.764  -22.286  75.524 0.0000000000
55840  -3.311  -22.807  64.560 0.0000000000
55861  -3.463  -22.556  64.191 0.0000000000
56990  0.753  -19.751  64.163 0.0000000000
57016  -0.802  -19.572  63.115 0.0000000000
57052  -2.864  -19.830  60.930 0.0000000000
57053  -3.181  -19.736  61.308 0.0000000000
58126  1.848  -18.328  67.428 0.0000000000
58191  0.632  -19.108  63.887 0.0000000000
58224  -2.816  -19.067  61.512 0.0000000000
59117  -3.368  -19.457  82.362 0.0000000000
59158  -12.398  -16.450  76.205 0.0000000000
59217  -18.604  -16.242  71.151 0.0000000000
59271  1.436  -17.790  67.647 0.0000000000
59317  -28.526  -16.460  65.626 0.0000000000
59319  -29.088  -16.302  65.625 0.0000000000
59339  1.102  -18.590  64.478 0.0000000000
59365  -1.283  -18.342  62.846 0.0000000000
59367  -2.358  -19.191  62.453 0.0000000000
60298  -5.354  -18.485  81.165 0.0000000000
60403  1.013  -16.847  68.015 0.0000000000
60500  -1.781  -17.702  62.487 0.0000000000
60516  -0.237  -18.001  59.799 0.0000000000
61442  -3.487  -17.426  80.891 0.0000000000
61462  -4.633  -16.478  79.355 0.0000000000
61628  -1.849  -16.718  61.538 0.0000000000
62574  -4.925  -16.425  79.559 0.0000000000
62643  -23.904  -13.601  72.433 0.0000000000
62749  -1.538  -15.805  60.969 0.0000000000
63706  -7.305  -14.525  76.493 0.0000000000
63714  -24.456  -13.158  73.686 0.0000000000
64825  -31.333  -13.274  66.586 0.0000000000
64882  -0.101  -14.019  60.482 0.0000000000
70493  -36.429  -6.257  50.871 0.0000000000
72682  -37.178  -5.564  53.947 0.0000000000
72692  -35.172  -6.245  53.314 0.0000000000
73788  -35.008  -6.396  54.155 0.0000000000
73803  -36.015  -5.563  53.898 0.0000000000
73804  -36.526  -5.515  54.111 0.0000000000
74891  -38.327  -4.349  56.570 0.0000000000
74898  -37.608  -4.529  56.271 0.0000000000
74950  -38.965  -4.336  50.003 0.0000000000
76002  -40.805  -4.064  51.567 0.0000000000
78184  -44.202  -1.035  46.942 0.0000000000
82162  -41.904  2.135  44.125 0.0000000000
83126  -42.499  3.062  44.933 0.0000000000
