#!ascii label  , from subject 3605 vox2ras=TkReg
1340
35237  -15.244  -39.444  62.910 0.0000000000
51912  -36.022  -28.444  49.893 0.0000000000
62419  -31.529  -20.697  50.315 0.0000000000
51862  -28.149  -26.038  54.466 0.0000000000
76219  -41.414  -6.597  44.593 0.0000000000
69789  -34.137  -12.866  46.230 0.0000000000
49216  -36.339  -29.400  55.170 0.0000000000
50566  -31.213  -30.092  51.683 0.0000000000
76139  -45.674  -6.146  47.797 0.0000000000
83338  -48.523  -1.707  46.672 0.0000000000
88460  -51.209  2.409  44.981 0.0000000000
66120  -35.117  -16.319  53.989 0.0000000000
66204  -31.514  -15.267  47.403 0.0000000000
70985  -36.408  -11.752  53.076 0.0000000000
76112  -38.987  -6.854  52.881 0.0000000000
50530  -23.190  -29.328  54.369 0.0000000000
29158  -13.377  -42.389  66.433 0.0000000000
58062  -35.404  -24.754  51.024 0.0000000000
61178  -34.579  -20.912  56.189 0.0000000000
54526  -22.668  -26.201  50.491 0.0000000000
55783  -28.243  -24.943  48.675 0.0000000000
90713  -47.473  3.500  40.799 0.0000000000
94978  -52.080  6.785  44.276 0.0000000000
77476  -36.141  -6.538  46.944 0.0000000000
79850  -42.134  -3.862  50.193 0.0000000000
38283  -15.151  -37.050  58.257 0.0000000000
26270  -8.772  -45.390  63.079 0.0000000000
79892  -47.598  -4.214  46.986 0.0000000000
66152  -36.425  -14.722  53.014 0.0000000000
45356  -21.167  -31.730  52.793 0.0000000000
32134  -15.028  -40.737  64.393 0.0000000000
55815  -36.637  -25.218  47.270 0.0000000000
54533  -37.307  -26.133  50.454 0.0000000000
54495  -26.406  -25.679  53.203 0.0000000000
55780  -25.454  -24.452  49.367 0.0000000000
54513  -28.328  -25.298  51.554 0.0000000000
50590  -33.448  -29.785  50.100 0.0000000000
51950  -31.494  -28.708  48.529 0.0000000000
51970  -33.351  -27.539  47.370 0.0000000000
51833  -26.779  -27.642  56.744 0.0000000000
54459  -24.208  -26.135  54.729 0.0000000000
84626  -44.367  -1.241  42.390 0.0000000000
87169  -47.882  1.071  40.067 0.0000000000
91749  -52.428  4.741  43.817 0.0000000000
66222  -32.828  -14.191  46.642 0.0000000000
73653  -34.832  -9.302  47.687 0.0000000000
78630  -39.944  -5.477  51.843 0.0000000000
42581  -19.905  -33.821  56.177 0.0000000000
41115  -18.842  -34.557  57.864 0.0000000000
41063  -18.330  -35.557  60.351 0.0000000000
39786  -15.448  -35.505  56.504 0.0000000000
27751  -9.881  -44.766  61.902 0.0000000000
50554  -35.424  -28.839  52.025 0.0000000000
54497  -35.887  -26.779  52.841 0.0000000000
53137  -35.798  -27.474  55.934 0.0000000000
50522  -30.264  -28.205  56.096 0.0000000000
51874  -30.406  -27.291  52.865 0.0000000000
49234  -32.134  -29.025  53.910 0.0000000000
49253  -33.951  -30.322  52.763 0.0000000000
76182  -43.499  -6.845  46.053 0.0000000000
78732  -44.356  -5.671  45.511 0.0000000000
82169  -46.295  -2.982  45.202 0.0000000000
84615  -48.251  -0.372  44.639 0.0000000000
85873  -49.682  0.952  43.267 0.0000000000
84603  -50.211  0.327  45.836 0.0000000000
63631  -32.194  -18.519  52.413 0.0000000000
63652  -30.804  -18.405  49.309 0.0000000000
66161  -33.150  -15.412  50.744 0.0000000000
66193  -34.594  -14.120  49.871 0.0000000000
69742  -35.055  -12.072  49.410 0.0000000000
73584  -36.094  -9.830  50.253 0.0000000000
73513  -36.724  -9.441  53.379 0.0000000000
50497  -21.238  -29.741  56.099 0.0000000000
44017  -19.930  -32.499  53.891 0.0000000000
98196  -50.331  10.684  41.107 0.0000000000
29137  -11.996  -42.378  68.013 0.0000000000
58091  -35.898  -23.744  47.518 0.0000000000
59085  -33.364  -23.060  50.126 0.0000000000
56942  -35.067  -25.505  52.716 0.0000000000
59054  -33.974  -22.917  53.489 0.0000000000
61195  -33.271  -20.974  53.826 0.0000000000
64840  -34.429  -17.673  55.845 0.0000000000
51910  -29.890  -27.931  49.907 0.0000000000
54433  -23.322  -26.573  56.500 0.0000000000
53171  -22.112  -27.638  52.625 0.0000000000
89633  -48.645  2.920  42.735 0.0000000000
92881  -49.150  5.705  42.554 0.0000000000
94987  -49.320  7.707  42.099 0.0000000000
97053  -51.410  9.572  44.459 0.0000000000
35271  -12.954  -40.123  58.907 0.0000000000
32172  -12.157  -41.597  60.557 0.0000000000
77515  -39.029  -5.933  45.520 0.0000000000
76122  -36.689  -6.990  49.835 0.0000000000
77450  -38.596  -4.959  48.787 0.0000000000
77481  -41.765  -5.929  47.249 0.0000000000
78689  -44.438  -5.912  48.611 0.0000000000
36769  -15.158  -38.063  60.428 0.0000000000
30639  -12.274  -42.816  63.034 0.0000000000
27730  -10.813  -43.102  65.109 0.0000000000
27719  -9.231  -43.541  65.431 0.0000000000
33700  -14.615  -40.205  63.331 0.0000000000
51955  -35.897  -27.940  48.581 0.0000000000
54546  -36.674  -26.691  48.913 0.0000000000
53226  -36.863  -27.225  49.700 0.0000000000
53157  -27.366  -26.061  54.336 0.0000000000
54512  -27.355  -25.211  52.356 0.0000000000
53174  -28.712  -25.831  53.297 0.0000000000
50592  -35.397  -28.990  50.095 0.0000000000
50616  -33.477  -29.130  49.034 0.0000000000
51934  -34.803  -28.485  48.693 0.0000000000
53242  -34.945  -27.494  47.607 0.0000000000
50520  -28.492  -27.315  56.328 0.0000000000
50510  -27.361  -27.610  56.986 0.0000000000
51843  -27.880  -27.164  56.190 0.0000000000
53156  -26.359  -26.201  54.453 0.0000000000
85883  -47.543  0.544  41.469 0.0000000000
60145  -32.360  -21.768  49.182 0.0000000000
61255  -31.171  -21.062  48.384 0.0000000000
67412  -33.488  -13.600  46.588 0.0000000000
67431  -33.413  -14.045  44.741 0.0000000000
72314  -34.531  -11.343  46.832 0.0000000000
42578  -18.092  -33.934  55.784 0.0000000000
41144  -19.067  -34.149  56.701 0.0000000000
41142  -17.428  -34.380  56.525 0.0000000000
39771  -17.073  -34.747  57.745 0.0000000000
41141  -16.201  -34.787  56.302 0.0000000000
49226  -35.877  -29.208  54.048 0.0000000000
50545  -35.912  -28.523  53.935 0.0000000000
50525  -36.548  -28.666  55.683 0.0000000000
49212  -31.376  -29.322  56.472 0.0000000000
49233  -31.478  -28.632  54.525 0.0000000000
49214  -32.695  -29.616  55.457 0.0000000000
47914  -35.093  -29.689  55.609 0.0000000000
47930  -33.968  -29.752  55.017 0.0000000000
47949  -34.609  -29.515  53.988 0.0000000000
49254  -34.582  -29.717  52.817 0.0000000000
76183  -44.105  -6.503  46.254 0.0000000000
76221  -43.638  -6.676  45.086 0.0000000000
77517  -45.393  -5.914  46.275 0.0000000000
81001  -47.559  -3.323  46.945 0.0000000000
81015  -46.368  -3.658  46.141 0.0000000000
82170  -47.295  -2.790  46.214 0.0000000000
83375  -46.333  -1.003  45.010 0.0000000000
83357  -48.310  -1.047  45.867 0.0000000000
84616  -49.449  0.344  44.871 0.0000000000
84583  -49.314  -0.550  46.615 0.0000000000
66118  -33.383  -16.651  53.363 0.0000000000
66135  -32.929  -16.427  52.532 0.0000000000
66136  -33.919  -16.175  52.746 0.0000000000
67326  -36.241  -14.101  52.665 0.0000000000
66164  -35.529  -14.276  51.664 0.0000000000
67358  -35.782  -13.810  50.725 0.0000000000
67372  -34.614  -13.588  49.577 0.0000000000
69732  -35.652  -12.575  51.020 0.0000000000
72229  -35.855  -10.854  51.575 0.0000000000
72212  -36.119  -11.029  52.602 0.0000000000
51830  -22.072  -28.045  56.580 0.0000000000
51819  -21.242  -28.507  56.655 0.0000000000
49211  -22.557  -30.117  54.799 0.0000000000
45336  -20.586  -32.212  53.299 0.0000000000
98180  -51.763  11.373  42.466 0.0000000000
98181  -52.402  11.821  42.042 0.0000000000
29145  -13.074  -42.498  67.476 0.0000000000
58080  -36.628  -24.411  49.176 0.0000000000
57004  -36.450  -24.276  47.138 0.0000000000
58079  -35.845  -23.995  48.872 0.0000000000
59108  -34.409  -23.519  48.648 0.0000000000
59097  -34.441  -23.855  50.281 0.0000000000
55717  -35.376  -26.002  54.632 0.0000000000
55729  -35.447  -26.230  53.354 0.0000000000
56912  -35.186  -25.218  55.149 0.0000000000
60082  -34.567  -21.749  56.366 0.0000000000
59047  -34.511  -23.147  54.986 0.0000000000
60089  -34.002  -21.572  55.081 0.0000000000
60098  -33.611  -21.812  54.098 0.0000000000
61187  -33.813  -20.864  54.866 0.0000000000
62355  -33.615  -19.568  54.565 0.0000000000
62347  -34.413  -19.589  55.917 0.0000000000
56981  -26.705  -24.519  48.845 0.0000000000
50565  -30.823  -29.435  52.271 0.0000000000
51889  -29.960  -27.672  51.197 0.0000000000
51911  -30.412  -28.644  50.600 0.0000000000
53241  -30.299  -28.033  48.244 0.0000000000
53098  -23.856  -27.156  57.770 0.0000000000
54493  -23.455  -25.484  52.692 0.0000000000
54475  -22.959  -26.307  53.493 0.0000000000
54508  -22.260  -26.555  51.319 0.0000000000
51908  -22.058  -28.342  50.253 0.0000000000
87152  -49.967  1.813  44.116 0.0000000000
88470  -49.308  2.285  43.104 0.0000000000
88471  -49.854  2.555  44.050 0.0000000000
92871  -51.718  5.497  43.702 0.0000000000
91761  -50.222  4.876  43.498 0.0000000000
93986  -49.949  6.479  42.872 0.0000000000
93992  -49.013  6.827  41.878 0.0000000000
94976  -50.518  7.636  43.479 0.0000000000
97055  -50.338  8.977  42.980 0.0000000000
95978  -51.676  8.210  44.813 0.0000000000
66188  -30.980  -16.672  48.275 0.0000000000
63673  -30.352  -18.670  47.593 0.0000000000
77513  -36.922  -6.571  45.176 0.0000000000
77497  -36.909  -6.299  46.261 0.0000000000
76109  -37.154  -8.039  51.447 0.0000000000
74886  -36.062  -8.523  50.099 0.0000000000
76116  -38.031  -6.712  51.819 0.0000000000
79829  -41.495  -4.176  50.779 0.0000000000
78657  -39.132  -5.279  50.313 0.0000000000
78685  -40.569  -4.274  48.859 0.0000000000
77451  -40.041  -4.653  48.162 0.0000000000
78686  -41.811  -4.507  48.445 0.0000000000
77454  -43.220  -5.911  47.828 0.0000000000
78661  -43.580  -4.569  48.935 0.0000000000
39734  -16.582  -35.078  59.358 0.0000000000
38254  -15.938  -35.992  60.312 0.0000000000
38242  -16.234  -37.448  60.887 0.0000000000
38267  -15.140  -37.814  59.210 0.0000000000
38266  -14.701  -38.225  58.898 0.0000000000
36797  -14.108  -38.551  57.650 0.0000000000
32157  -11.051  -42.351  60.036 0.0000000000
30660  -12.415  -42.218  61.871 0.0000000000
30645  -11.212  -42.941  61.947 0.0000000000
27745  -9.482  -45.167  62.522 0.0000000000
27740  -10.785  -43.547  63.543 0.0000000000
26261  -10.068  -44.339  63.962 0.0000000000
27720  -9.772  -43.520  65.340 0.0000000000
26259  -8.933  -44.481  64.254 0.0000000000
47896  -33.414  -29.961  56.765 0.0000000000
77459  -47.531  -5.599  48.373 0.0000000000
77518  -46.434  -5.469  46.845 0.0000000000
77504  -48.155  -5.298  47.673 0.0000000000
64893  -35.863  -15.673  53.188 0.0000000000
49263  -21.713  -29.700  52.140 0.0000000000
47959  -21.695  -30.006  53.053 0.0000000000
32126  -15.438  -40.522  66.114 0.0000000000
30629  -14.171  -41.237  65.292 0.0000000000
54578  -35.874  -26.131  46.610 0.0000000000
55784  -37.278  -25.352  49.625 0.0000000000
56967  -36.160  -25.073  51.032 0.0000000000
62337  -35.005  -19.478  57.288 0.0000000000
54510  -24.306  -25.062  51.775 0.0000000000
55762  -24.263  -24.757  50.489 0.0000000000
55749  -25.755  -24.608  51.363 0.0000000000
54530  -27.528  -24.835  51.194 0.0000000000
54531  -28.566  -25.369  50.433 0.0000000000
50589  -32.498  -30.044  50.370 0.0000000000
50614  -31.594  -29.468  49.762 0.0000000000
50615  -32.549  -29.461  49.514 0.0000000000
51951  -32.376  -28.498  48.123 0.0000000000
53264  -33.514  -26.873  46.870 0.0000000000
51821  -25.613  -27.808  57.357 0.0000000000
53124  -24.620  -26.977  56.852 0.0000000000
53145  -25.552  -27.028  55.186 0.0000000000
54477  -25.361  -26.003  54.056 0.0000000000
83371  -42.812  -2.064  42.920 0.0000000000
88487  -47.800  1.892  40.311 0.0000000000
88462  -52.685  2.768  45.290 0.0000000000
89625  -51.757  3.347  44.282 0.0000000000
66205  -32.199  -14.582  47.613 0.0000000000
74940  -34.235  -9.672  45.570 0.0000000000
74927  -35.097  -8.230  47.351 0.0000000000
77410  -40.508  -6.147  53.484 0.0000000000
77415  -39.379  -6.377  52.563 0.0000000000
78625  -41.084  -5.467  52.790 0.0000000000
46617  -20.244  -32.635  57.017 0.0000000000
46598  -19.366  -32.676  58.115 0.0000000000
46570  -18.186  -33.520  60.258 0.0000000000
41067  -18.823  -34.916  59.344 0.0000000000
39752  -17.259  -34.922  58.270 0.0000000000
39769  -15.308  -36.284  57.590 0.0000000000
38298  -14.407  -37.698  57.159 0.0000000000
39785  -14.643  -36.626  56.466 0.0000000000
50568  -36.092  -28.889  51.291 0.0000000000
53194  -37.093  -27.625  51.631 0.0000000000
51876  -35.670  -28.026  52.464 0.0000000000
53148  -35.695  -27.495  54.768 0.0000000000
50531  -29.794  -27.281  55.465 0.0000000000
51864  -30.195  -27.344  54.380 0.0000000000
50542  -30.537  -28.235  54.115 0.0000000000
49249  -31.198  -29.333  53.669 0.0000000000
49270  -31.639  -30.199  52.516 0.0000000000
47928  -33.155  -29.850  55.245 0.0000000000
47966  -33.385  -29.951  53.496 0.0000000000
49271  -32.582  -30.291  52.298 0.0000000000
49273  -34.164  -30.210  51.856 0.0000000000
49294  -34.957  -29.582  50.708 0.0000000000
50512  -29.525  -27.687  57.074 0.0000000000
74943  -42.374  -6.708  45.160 0.0000000000
76240  -41.854  -6.777  43.529 0.0000000000
76220  -42.801  -6.923  44.692 0.0000000000
77548  -43.160  -6.197  44.172 0.0000000000
79914  -43.097  -5.146  44.207 0.0000000000
78734  -46.112  -4.906  46.326 0.0000000000
81013  -44.620  -3.728  45.407 0.0000000000
82186  -44.173  -2.948  44.813 0.0000000000
83373  -44.641  -1.827  44.203 0.0000000000
84613  -45.833  -0.515  44.136 0.0000000000
84629  -47.144  0.162  43.264 0.0000000000
84644  -47.814  0.759  42.198 0.0000000000
85861  -49.106  0.342  43.640 0.0000000000
85862  -50.015  0.681  44.136 0.0000000000
85864  -51.057  1.604  45.295 0.0000000000
84585  -51.148  -0.239  46.986 0.0000000000
87130  -52.019  1.973  45.907 0.0000000000
63642  -31.669  -19.065  51.522 0.0000000000
63653  -31.112  -18.834  49.967 0.0000000000
63641  -31.712  -18.372  50.866 0.0000000000
66159  -31.791  -16.588  49.946 0.0000000000
66173  -32.194  -15.873  49.233 0.0000000000
64905  -34.867  -15.216  52.085 0.0000000000
66175  -33.724  -15.066  49.942 0.0000000000
66191  -33.042  -14.841  48.766 0.0000000000
66207  -33.402  -13.954  48.469 0.0000000000
67384  -33.506  -13.390  48.347 0.0000000000
69752  -34.720  -12.131  48.352 0.0000000000
71020  -34.912  -11.357  48.009 0.0000000000
72254  -35.563  -10.535  49.691 0.0000000000
73545  -36.655  -9.736  51.908 0.0000000000
76087  -37.596  -7.741  53.499 0.0000000000
76072  -38.780  -8.285  54.776 0.0000000000
76089  -39.671  -7.300  54.440 0.0000000000
49186  -20.316  -30.125  56.711 0.0000000000
46680  -21.539  -30.858  54.123 0.0000000000
46654  -20.896  -31.129  55.063 0.0000000000
45283  -20.497  -32.473  56.342 0.0000000000
43997  -19.798  -33.277  55.296 0.0000000000
59095  -33.624  -23.109  49.140 0.0000000000
60127  -32.328  -21.717  50.456 0.0000000000
54514  -36.548  -26.161  51.954 0.0000000000
56956  -35.836  -25.442  51.804 0.0000000000
58052  -34.809  -25.066  51.956 0.0000000000
58040  -34.363  -24.286  53.457 0.0000000000
59075  -34.189  -23.975  51.914 0.0000000000
60118  -33.368  -23.074  52.136 0.0000000000
60117  -32.765  -22.348  52.300 0.0000000000
61212  -31.786  -20.899  51.697 0.0000000000
62380  -32.499  -19.458  52.887 0.0000000000
63592  -33.489  -18.016  54.451 0.0000000000
66100  -34.966  -16.517  55.198 0.0000000000
63563  -35.041  -18.249  56.938 0.0000000000
64842  -36.305  -16.352  55.886 0.0000000000
53175  -29.560  -26.216  52.686 0.0000000000
53211  -29.060  -25.847  51.274 0.0000000000
54545  -29.170  -26.165  49.152 0.0000000000
53225  -30.070  -28.105  48.875 0.0000000000
53224  -29.682  -27.319  48.892 0.0000000000
53096  -22.467  -26.745  57.925 0.0000000000
53133  -23.078  -27.176  55.983 0.0000000000
54434  -23.895  -26.267  56.374 0.0000000000
53144  -23.007  -27.248  54.159 0.0000000000
51872  -22.599  -28.448  52.978 0.0000000000
50562  -21.908  -29.106  51.720 0.0000000000
87150  -48.469  1.327  42.189 0.0000000000
88481  -48.243  2.104  42.231 0.0000000000
89632  -47.499  2.862  41.794 0.0000000000
90688  -50.309  3.602  43.906 0.0000000000
91759  -49.137  4.244  42.623 0.0000000000
91769  -47.817  4.598  41.706 0.0000000000
92891  -48.448  6.201  41.170 0.0000000000
94000  -48.965  6.840  40.346 0.0000000000
95006  -49.471  7.290  39.847 0.0000000000
95987  -49.485  8.732  41.462 0.0000000000
98178  -50.421  9.831  42.913 0.0000000000
35260  -14.151  -39.166  60.392 0.0000000000
33713  -13.772  -40.116  62.133 0.0000000000
35258  -13.140  -40.277  59.917 0.0000000000
62444  -30.544  -19.763  47.890 0.0000000000
76196  -39.546  -6.572  44.927 0.0000000000
73625  -35.132  -9.741  48.638 0.0000000000
74895  -35.867  -8.109  49.248 0.0000000000
76136  -35.950  -6.738  48.875 0.0000000000
78638  -39.104  -5.827  50.943 0.0000000000
78683  -38.718  -5.329  49.796 0.0000000000
77477  -36.601  -6.152  47.575 0.0000000000
77478  -38.038  -5.018  47.415 0.0000000000
77500  -40.509  -5.378  46.465 0.0000000000
76179  -40.875  -6.064  45.748 0.0000000000
76158  -42.324  -6.503  46.578 0.0000000000
77483  -43.521  -6.380  47.324 0.0000000000
77456  -44.857  -6.270  48.392 0.0000000000
35238  -15.933  -38.852  62.671 0.0000000000
36747  -16.351  -38.198  62.090 0.0000000000
36757  -15.012  -38.540  60.825 0.0000000000
36767  -14.286  -38.865  59.704 0.0000000000
36796  -13.327  -39.332  57.777 0.0000000000
32146  -13.566  -41.212  62.610 0.0000000000
30641  -13.441  -41.857  63.410 0.0000000000
29176  -12.855  -42.291  64.635 0.0000000000
29179  -10.932  -43.406  62.614 0.0000000000
27741  -11.128  -43.099  64.146 0.0000000000
27732  -12.000  -42.675  65.587 0.0000000000
27714  -11.400  -42.702  66.375 0.0000000000
27705  -10.621  -42.583  66.553 0.0000000000
26263  -7.713  -45.208  63.467 0.0000000000
27726  -8.291  -44.227  64.454 0.0000000000
35236  -14.489  -39.552  62.509 0.0000000000
51936  -36.283  -27.946  49.368 0.0000000000
53158  -28.182  -25.959  53.946 0.0000000000
50618  -35.088  -28.725  49.295 0.0000000000
51935  -35.534  -28.381  49.172 0.0000000000
51954  -35.197  -28.014  48.262 0.0000000000
51844  -28.706  -27.126  56.057 0.0000000000
51852  -27.791  -26.287  55.295 0.0000000000
85882  -47.272  0.006  41.289 0.0000000000
61243  -32.008  -21.341  49.548 0.0000000000
60144  -32.032  -21.526  49.026 0.0000000000
61242  -31.707  -21.131  49.225 0.0000000000
68597  -33.732  -13.429  46.186 0.0000000000
67411  -33.334  -13.861  45.757 0.0000000000
71059  -34.594  -11.999  46.274 0.0000000000
71040  -34.676  -11.587  47.256 0.0000000000
42577  -17.060  -34.115  55.482 0.0000000000
50534  -36.309  -28.970  54.424 0.0000000000
49217  -36.800  -29.087  55.516 0.0000000000
49204  -31.747  -29.751  56.887 0.0000000000
49213  -32.164  -29.505  56.099 0.0000000000
47909  -32.356  -29.852  56.699 0.0000000000
49215  -35.620  -29.521  55.131 0.0000000000
47932  -35.058  -29.268  54.766 0.0000000000
49225  -35.625  -29.372  54.473 0.0000000000
49237  -35.152  -29.274  53.584 0.0000000000
49193  -31.490  -29.879  57.630 0.0000000000
76162  -45.168  -6.361  47.212 0.0000000000
76202  -44.498  -6.356  46.086 0.0000000000
76203  -45.172  -6.202  46.525 0.0000000000
82158  -47.971  -2.649  46.936 0.0000000000
82157  -47.560  -2.917  46.791 0.0000000000
82171  -47.975  -1.982  46.295 0.0000000000
83356  -47.646  -1.635  45.713 0.0000000000
83358  -48.623  -0.930  46.523 0.0000000000
84602  -49.060  -0.415  45.985 0.0000000000
83339  -49.132  -0.997  47.087 0.0000000000
66119  -34.164  -16.308  53.640 0.0000000000
66137  -34.788  -16.151  53.021 0.0000000000
68507  -36.305  -13.358  52.532 0.0000000000
67343  -35.993  -13.947  51.432 0.0000000000
68524  -36.103  -13.334  51.637 0.0000000000
68537  -35.814  -13.321  50.575 0.0000000000
69721  -36.017  -12.565  51.946 0.0000000000
70995  -35.977  -11.767  52.277 0.0000000000
51840  -23.070  -28.240  56.031 0.0000000000
51831  -22.477  -28.673  56.381 0.0000000000
50519  -23.147  -29.445  55.458 0.0000000000
99360  -52.168  11.683  43.053 0.0000000000
99367  -52.269  11.735  42.530 0.0000000000
32120  -14.399  -42.163  67.114 0.0000000000
30612  -14.006  -42.433  67.356 0.0000000000
29146  -13.755  -42.512  67.820 0.0000000000
29151  -12.974  -42.632  66.766 0.0000000000
58071  -35.900  -24.806  49.814 0.0000000000
58070  -35.116  -23.916  50.148 0.0000000000
56895  -35.524  -25.308  55.903 0.0000000000
59039  -34.253  -22.246  55.509 0.0000000000
60081  -34.280  -21.379  55.758 0.0000000000
61177  -34.331  -20.579  55.579 0.0000000000
62356  -33.939  -19.855  55.194 0.0000000000
61168  -34.700  -20.101  56.369 0.0000000000
53223  -22.634  -26.918  49.765 0.0000000000
54542  -23.086  -25.868  49.466 0.0000000000
50587  -30.820  -29.433  51.219 0.0000000000
54509  -22.902  -25.580  51.530 0.0000000000
53210  -22.190  -27.412  50.556 0.0000000000
90723  -48.631  3.457  39.578 0.0000000000
87153  -50.417  2.182  44.616 0.0000000000
88472  -50.692  2.650  44.651 0.0000000000
93981  -51.996  6.191  43.902 0.0000000000
93980  -50.992  6.301  43.572 0.0000000000
94984  -50.403  7.030  43.220 0.0000000000
94977  -51.263  7.008  43.803 0.0000000000
94969  -50.985  7.608  44.018 0.0000000000
94970  -51.515  7.458  44.343 0.0000000000
66189  -31.548  -15.859  48.343 0.0000000000
66187  -30.497  -17.004  47.658 0.0000000000
66203  -30.861  -16.240  47.305 0.0000000000
76176  -34.905  -7.935  46.451 0.0000000000
77495  -35.218  -7.385  45.552 0.0000000000
77496  -35.768  -6.921  46.256 0.0000000000
76103  -37.761  -7.242  52.817 0.0000000000
76110  -37.635  -7.216  52.039 0.0000000000
76111  -38.513  -6.781  52.359 0.0000000000
78659  -41.228  -3.937  49.776 0.0000000000
78660  -42.483  -4.126  49.119 0.0000000000
79851  -43.068  -4.103  49.997 0.0000000000
38284  -15.510  -36.401  58.570 0.0000000000
38269  -15.787  -35.625  59.576 0.0000000000
38268  -15.647  -36.504  59.189 0.0000000000
38282  -14.696  -38.068  58.333 0.0000000000
30658  -10.671  -42.829  60.746 0.0000000000
26271  -9.238  -44.857  63.157 0.0000000000
26266  -9.666  -44.472  63.812 0.0000000000
26265  -9.049  -44.698  63.669 0.0000000000
26260  -9.545  -44.349  64.299 0.0000000000
66122  -37.563  -15.881  53.925 0.0000000000
47978  -21.533  -30.678  51.805 0.0000000000
33681  -15.613  -40.306  65.447 0.0000000000
32129  -14.803  -40.766  65.329 0.0000000000
30630  -14.462  -41.087  65.740 0.0000000000
32128  -14.595  -40.881  64.806 0.0000000000
53267  -35.980  -26.836  47.643 0.0000000000
54547  -37.096  -26.197  49.187 0.0000000000
55767  -37.170  -25.268  50.754 0.0000000000
55748  -25.105  -24.938  51.370 0.0000000000
54511  -25.787  -24.922  52.223 0.0000000000
55765  -27.508  -24.607  50.108 0.0000000000
51952  -33.283  -28.347  48.095 0.0000000000
50637  -32.898  -28.776  48.486 0.0000000000
51969  -32.543  -27.906  47.359 0.0000000000
53265  -34.319  -26.913  47.045 0.0000000000
50499  -27.045  -28.006  57.578 0.0000000000
50498  -26.305  -27.940  57.734 0.0000000000
51822  -26.453  -27.894  57.339 0.0000000000
51832  -25.871  -27.801  56.204 0.0000000000
51841  -25.971  -27.630  55.694 0.0000000000
54478  -26.244  -25.915  53.878 0.0000000000
54494  -24.909  -25.491  52.918 0.0000000000
83387  -43.798  -1.605  42.364 0.0000000000
66221  -32.391  -14.511  46.477 0.0000000000
72290  -34.263  -10.413  46.824 0.0000000000
73652  -34.386  -9.734  47.007 0.0000000000
74926  -34.672  -8.844  47.004 0.0000000000
77396  -41.471  -6.312  54.343 0.0000000000
79816  -42.276  -4.584  52.440 0.0000000000
43955  -20.789  -33.241  57.036 0.0000000000
46599  -19.773  -32.487  57.432 0.0000000000
42566  -20.326  -34.049  56.914 0.0000000000
41116  -19.324  -34.354  57.893 0.0000000000
42527  -19.926  -33.984  57.926 0.0000000000
43893  -19.663  -33.862  58.615 0.0000000000
43880  -18.966  -34.401  60.126 0.0000000000
41096  -18.265  -35.064  58.054 0.0000000000
39770  -16.190  -35.078  57.498 0.0000000000
39751  -15.845  -35.649  58.520 0.0000000000
50569  -36.157  -28.298  51.714 0.0000000000
50555  -35.572  -28.416  52.357 0.0000000000
51855  -36.060  -28.141  55.317 0.0000000000
51865  -35.875  -28.086  54.282 0.0000000000
50532  -30.290  -27.872  55.069 0.0000000000
50533  -30.862  -28.531  55.269 0.0000000000
49269  -30.928  -29.909  53.058 0.0000000000
49250  -31.754  -29.994  53.456 0.0000000000
47911  -33.534  -30.088  55.943 0.0000000000
47967  -33.717  -30.061  53.448 0.0000000000
47947  -33.647  -29.822  54.195 0.0000000000
49252  -33.301  -30.278  52.873 0.0000000000
49272  -33.344  -30.324  52.049 0.0000000000
49255  -35.106  -29.176  52.482 0.0000000000
49274  -35.048  -29.838  51.649 0.0000000000
49275  -35.435  -29.218  51.707 0.0000000000
50567  -35.462  -29.378  51.079 0.0000000000
50514  -30.951  -29.178  56.705 0.0000000000
50521  -29.346  -27.396  56.088 0.0000000000
76199  -42.529  -6.765  45.414 0.0000000000
74958  -42.750  -6.733  44.815 0.0000000000
76200  -43.149  -6.910  45.328 0.0000000000
77532  -44.089  -6.199  45.381 0.0000000000
77531  -43.641  -6.427  44.770 0.0000000000
78746  -43.751  -5.799  44.835 0.0000000000
78745  -43.200  -5.807  44.137 0.0000000000
79915  -43.793  -5.123  44.944 0.0000000000
78721  -47.461  -5.077  46.932 0.0000000000
78720  -46.164  -5.329  46.456 0.0000000000
79891  -46.859  -4.721  46.576 0.0000000000
81014  -45.445  -3.776  45.756 0.0000000000
82168  -45.136  -3.096  45.343 0.0000000000
82167  -44.642  -3.224  45.334 0.0000000000
82187  -45.384  -2.381  44.741 0.0000000000
83376  -47.382  -1.099  45.011 0.0000000000
84614  -46.852  -0.390  44.270 0.0000000000
84628  -46.168  -0.202  43.128 0.0000000000
84630  -48.001  0.532  43.124 0.0000000000
84617  -50.129  0.860  44.970 0.0000000000
85863  -50.363  1.392  44.674 0.0000000000
85849  -50.732  1.059  45.387 0.0000000000
85851  -51.944  1.556  45.991 0.0000000000
63630  -32.015  -18.087  51.612 0.0000000000
66147  -32.430  -16.203  51.423 0.0000000000
66146  -32.029  -16.662  50.642 0.0000000000
66160  -32.310  -15.957  50.149 0.0000000000
67341  -32.127  -16.231  49.836 0.0000000000
66138  -36.505  -15.173  53.173 0.0000000000
64906  -35.492  -15.143  52.516 0.0000000000
66177  -35.167  -14.320  50.704 0.0000000000
66163  -34.949  -14.657  51.421 0.0000000000
66176  -34.470  -14.642  50.398 0.0000000000
66192  -33.769  -14.416  49.221 0.0000000000
68549  -35.071  -13.012  49.361 0.0000000000
67385  -34.037  -13.171  49.212 0.0000000000
68562  -34.021  -12.779  48.447 0.0000000000
71021  -35.301  -11.265  48.940 0.0000000000
71009  -35.219  -11.480  50.201 0.0000000000
73546  -36.320  -10.364  52.031 0.0000000000
73565  -36.212  -10.528  51.563 0.0000000000
73528  -36.649  -9.632  52.582 0.0000000000
74859  -36.981  -9.121  52.290 0.0000000000
74846  -37.027  -8.670  53.053 0.0000000000
74835  -39.482  -8.887  55.257 0.0000000000
76073  -39.240  -8.187  54.854 0.0000000000
76088  -38.510  -7.843  54.377 0.0000000000
77395  -40.401  -7.010  54.528 0.0000000000
50496  -21.282  -29.240  56.342 0.0000000000
50495  -20.632  -29.074  56.742 0.0000000000
50494  -20.116  -28.902  57.258 0.0000000000
49187  -20.338  -30.521  56.370 0.0000000000
46693  -21.476  -31.244  52.652 0.0000000000
46694  -21.629  -30.965  53.210 0.0000000000
45357  -21.363  -31.545  53.457 0.0000000000
44018  -20.619  -32.192  54.126 0.0000000000
45318  -21.134  -32.076  54.500 0.0000000000
43999  -20.959  -32.121  55.173 0.0000000000
45299  -20.819  -31.894  55.501 0.0000000000
43998  -20.430  -32.499  55.058 0.0000000000
43978  -20.584  -32.482  55.838 0.0000000000
29136  -11.374  -42.357  67.856 0.0000000000
58090  -35.132  -23.606  48.086 0.0000000000
59096  -34.343  -23.677  49.668 0.0000000000
60135  -32.945  -22.354  49.644 0.0000000000
60128  -32.520  -22.123  50.820 0.0000000000
53195  -36.826  -27.183  52.179 0.0000000000
55728  -35.186  -25.783  53.603 0.0000000000
55739  -35.851  -25.904  52.432 0.0000000000
56943  -35.497  -25.615  52.269 0.0000000000
56955  -35.402  -25.362  51.724 0.0000000000
59055  -34.275  -23.453  53.968 0.0000000000
58032  -34.434  -24.044  54.469 0.0000000000
58051  -34.419  -24.482  52.405 0.0000000000
59062  -34.186  -23.765  52.944 0.0000000000
59061  -33.787  -23.389  52.523 0.0000000000
60097  -33.327  -21.549  53.868 0.0000000000
60106  -33.049  -21.875  53.500 0.0000000000
61205  -32.587  -21.266  53.017 0.0000000000
61213  -32.261  -21.492  51.956 0.0000000000
61204  -32.226  -20.515  52.583 0.0000000000
62381  -32.886  -20.187  53.284 0.0000000000
63593  -33.777  -18.776  54.997 0.0000000000
63607  -33.399  -18.968  54.188 0.0000000000
64861  -34.107  -17.502  55.150 0.0000000000
64860  -33.677  -17.192  54.475 0.0000000000
64862  -34.598  -17.127  55.651 0.0000000000
63564  -35.851  -18.255  57.613 0.0000000000
55763  -25.060  -24.616  50.596 0.0000000000
55779  -24.173  -24.974  49.734 0.0000000000
55794  -24.487  -25.223  48.563 0.0000000000
50552  -30.579  -27.989  53.692 0.0000000000
51873  -29.603  -26.296  53.293 0.0000000000
53212  -29.457  -26.592  50.298 0.0000000000
54532  -28.910  -25.968  49.822 0.0000000000
51932  -31.343  -29.099  49.121 0.0000000000
51931  -30.616  -28.680  49.275 0.0000000000
51949  -30.828  -28.452  48.484 0.0000000000
53109  -22.879  -26.718  57.208 0.0000000000
53123  -22.759  -27.070  56.539 0.0000000000
54444  -23.158  -26.761  56.175 0.0000000000
54447  -24.928  -26.835  55.643 0.0000000000
54435  -24.537  -26.653  56.390 0.0000000000
54458  -23.315  -26.339  54.501 0.0000000000
53154  -22.595  -27.393  53.267 0.0000000000
51888  -21.950  -28.418  52.253 0.0000000000
85872  -48.574  0.901  42.417 0.0000000000
90690  -52.383  3.888  43.981 0.0000000000
90689  -51.127  3.934  43.865 0.0000000000
92882  -49.943  5.741  43.182 0.0000000000
91760  -49.321  4.658  43.241 0.0000000000
92880  -48.881  5.069  42.615 0.0000000000
91758  -48.369  4.401  42.435 0.0000000000
92889  -48.111  5.008  42.295 0.0000000000
92899  -48.143  5.436  40.731 0.0000000000
92890  -48.318  5.549  41.850 0.0000000000
94995  -49.130  7.886  40.543 0.0000000000
95991  -49.582  8.949  40.355 0.0000000000
97052  -51.033  8.968  44.103 0.0000000000
98172  -50.831  9.967  43.730 0.0000000000
98173  -51.540  10.924  43.797 0.0000000000
98168  -51.925  10.167  44.858 0.0000000000
35259  -13.662  -39.546  59.990 0.0000000000
35257  -12.725  -40.425  59.262 0.0000000000
62431  -30.672  -19.596  48.707 0.0000000000
63664  -30.565  -18.724  48.572 0.0000000000
77514  -38.177  -6.416  45.337 0.0000000000
72267  -35.404  -10.310  48.952 0.0000000000
72266  -35.165  -10.694  48.378 0.0000000000
73604  -35.633  -9.534  49.282 0.0000000000
76123  -37.190  -6.903  50.505 0.0000000000
76135  -35.662  -7.761  48.474 0.0000000000
77420  -39.280  -5.871  51.576 0.0000000000
78684  -39.469  -4.761  49.341 0.0000000000
77449  -36.938  -5.611  49.076 0.0000000000
77480  -40.773  -5.317  47.228 0.0000000000
77479  -39.615  -4.632  47.212 0.0000000000
76157  -41.345  -6.122  46.554 0.0000000000
76180  -41.992  -6.564  45.887 0.0000000000
78688  -43.832  -5.497  48.358 0.0000000000
77455  -43.982  -6.236  48.074 0.0000000000
76137  -44.251  -6.416  47.527 0.0000000000
38241  -15.779  -37.659  60.775 0.0000000000
38232  -16.402  -37.762  61.523 0.0000000000
36758  -15.488  -38.124  61.201 0.0000000000
36746  -15.766  -38.603  62.052 0.0000000000
36768  -14.671  -38.427  59.947 0.0000000000
33711  -13.197  -40.656  60.775 0.0000000000
33698  -13.744  -40.497  62.282 0.0000000000
32160  -13.323  -41.287  61.930 0.0000000000
30646  -12.128  -42.679  62.202 0.0000000000
30648  -13.356  -42.038  62.902 0.0000000000
30640  -12.859  -42.391  63.369 0.0000000000
30634  -13.112  -42.133  63.809 0.0000000000
29175  -12.611  -42.415  64.144 0.0000000000
29184  -10.357  -43.889  61.619 0.0000000000
27746  -10.295  -44.258  62.605 0.0000000000
27735  -10.737  -43.434  64.436 0.0000000000
27737  -11.759  -42.683  65.207 0.0000000000
27731  -11.415  -42.756  65.418 0.0000000000
27723  -11.684  -42.733  65.986 0.0000000000
27722  -11.041  -42.765  65.735 0.0000000000
27712  -10.204  -42.862  65.880 0.0000000000
27711  -9.636  -43.043  65.799 0.0000000000
29150  -10.072  -42.648  66.347 0.0000000000
26258  -8.269  -44.584  64.096 0.0000000000
32139  -14.759  -40.807  63.758 0.0000000000
53244  -36.287  -27.204  48.598 0.0000000000
53227  -37.208  -26.701  50.042 0.0000000000
54496  -27.267  -25.624  52.988 0.0000000000
53191  -27.903  -25.614  52.912 0.0000000000
53192  -28.786  -25.585  52.304 0.0000000000
50591  -34.373  -29.430  49.990 0.0000000000
50617  -34.567  -28.953  49.242 0.0000000000
51933  -34.067  -28.534  48.604 0.0000000000
51953  -34.222  -27.832  47.869 0.0000000000
50511  -28.136  -27.616  56.832 0.0000000000
51834  -27.527  -27.500  56.682 0.0000000000
51842  -26.617  -27.155  55.779 0.0000000000
51851  -26.834  -26.619  55.335 0.0000000000
53172  -26.773  -25.963  53.843 0.0000000000
84641  -45.741  -0.631  41.826 0.0000000000
85897  -47.721  0.747  40.848 0.0000000000
60157  -32.658  -22.267  47.900 0.0000000000
67395  -33.177  -13.885  46.611 0.0000000000
66237  -32.713  -14.556  45.592 0.0000000000
66238  -33.016  -14.198  45.911 0.0000000000
67410  -33.082  -14.407  45.075 0.0000000000
72313  -34.075  -11.054  46.266 0.0000000000
72291  -34.649  -10.626  47.480 0.0000000000
42579  -18.913  -33.719  56.078 0.0000000000
42564  -19.566  -34.171  56.591 0.0000000000
41143  -18.363  -34.307  56.639 0.0000000000
41129  -18.478  -34.561  57.331 0.0000000000
41113  -18.006  -34.984  57.788 0.0000000000
41128  -17.713  -34.713  57.400 0.0000000000
41140  -15.622  -35.200  55.995 0.0000000000
39803  -14.896  -36.040  55.748 0.0000000000
41156  -15.365  -35.525  55.055 0.0000000000
49238  -35.329  -28.894  53.179 0.0000000000
50544  -35.637  -28.756  53.616 0.0000000000
50535  -36.409  -28.584  54.767 0.0000000000
50523  -30.878  -28.894  56.186 0.0000000000
49222  -31.554  -28.847  55.680 0.0000000000
49223  -32.341  -28.916  55.108 0.0000000000
49224  -32.728  -29.523  54.613 0.0000000000
47931  -34.427  -29.560  54.925 0.0000000000
47948  -33.996  -29.773  54.160 0.0000000000
47968  -34.159  -29.863  53.419 0.0000000000
49236  -34.697  -29.503  53.444 0.0000000000
49203  -31.052  -29.493  57.176 0.0000000000
76201  -43.805  -6.649  45.665 0.0000000000
76222  -44.006  -6.466  45.612 0.0000000000
77533  -44.771  -5.993  45.890 0.0000000000
79906  -47.056  -4.294  46.593 0.0000000000
82188  -46.122  -1.930  44.886 0.0000000000
83355  -46.877  -1.910  45.365 0.0000000000
83377  -48.004  -1.116  45.248 0.0000000000
84601  -48.600  -0.625  45.488 0.0000000000
64891  -32.750  -17.547  53.073 0.0000000000
64904  -32.345  -17.302  52.071 0.0000000000
66148  -33.544  -15.759  51.851 0.0000000000
66165  -35.968  -14.276  52.320 0.0000000000
67342  -35.663  -14.096  50.888 0.0000000000
67357  -35.352  -13.749  50.179 0.0000000000
68550  -35.605  -13.078  49.946 0.0000000000
69743  -35.416  -12.529  50.144 0.0000000000
71001  -35.207  -11.205  50.778 0.0000000000
71002  -35.377  -11.582  51.241 0.0000000000
73529  -36.298  -10.232  53.064 0.0000000000
51818  -21.009  -27.752  57.210 0.0000000000
50508  -22.107  -28.861  56.374 0.0000000000
49201  -21.930  -29.973  55.435 0.0000000000
45355  -20.705  -32.569  52.322 0.0000000000
44016  -19.223  -33.108  53.817 0.0000000000
98187  -50.996  11.064  41.709 0.0000000000
98197  -50.947  11.126  40.406 0.0000000000
98188  -51.931  11.333  41.334 0.0000000000
98189  -52.645  12.017  41.145 0.0000000000
27703  -12.151  -42.565  67.568 0.0000000000
56995  -37.179  -24.681  48.884 0.0000000000
57005  -37.092  -24.741  47.885 0.0000000000
56994  -36.679  -24.200  48.235 0.0000000000
58078  -35.042  -23.604  49.208 0.0000000000
59086  -33.815  -23.706  50.546 0.0000000000
54479  -35.535  -26.812  54.076 0.0000000000
56927  -34.811  -25.320  53.950 0.0000000000
59040  -34.602  -22.872  56.280 0.0000000000
59046  -34.164  -22.524  54.492 0.0000000000
61196  -33.560  -21.018  54.354 0.0000000000
62367  -33.374  -19.861  53.933 0.0000000000
62368  -33.613  -20.343  54.467 0.0000000000
63594  -33.997  -19.076  55.713 0.0000000000
63580  -34.441  -18.466  56.246 0.0000000000
63565  -36.743  -17.498  57.622 0.0000000000
55781  -26.614  -24.370  49.516 0.0000000000
51875  -30.653  -28.544  52.543 0.0000000000
51890  -30.550  -28.512  51.766 0.0000000000
51967  -30.971  -28.227  47.944 0.0000000000
53110  -23.689  -26.628  57.412 0.0000000000
54476  -23.986  -25.744  53.744 0.0000000000
54492  -22.376  -26.496  52.425 0.0000000000
53190  -21.885  -27.417  51.745 0.0000000000
51909  -21.819  -28.279  51.236 0.0000000000
53209  -22.209  -27.850  50.149 0.0000000000
87151  -48.926  1.530  42.522 0.0000000000
89622  -49.520  2.959  43.552 0.0000000000
91748  -51.301  4.744  43.617 0.0000000000
91747  -50.541  5.251  43.498 0.0000000000
93985  -49.558  6.179  42.539 0.0000000000
94988  -49.788  7.166  42.660 0.0000000000
94983  -49.958  7.706  42.843 0.0000000000
95985  -49.836  8.401  42.572 0.0000000000
95982  -50.330  8.256  43.215 0.0000000000
97051  -50.669  8.616  43.673 0.0000000000
35283  -12.569  -40.371  57.855 0.0000000000
35270  -12.423  -40.596  58.733 0.0000000000
64934  -30.833  -17.137  48.906 0.0000000000
64933  -30.570  -17.669  48.185 0.0000000000
64939  -30.332  -17.773  47.262 0.0000000000
77498  -37.975  -5.683  46.268 0.0000000000
74875  -36.483  -8.931  50.907 0.0000000000
76114  -36.830  -7.735  50.666 0.0000000000
78640  -40.559  -4.578  51.090 0.0000000000
78639  -39.547  -5.159  51.051 0.0000000000
78658  -39.917  -4.361  50.140 0.0000000000
77452  -41.264  -4.900  47.784 0.0000000000
77453  -42.321  -5.444  47.704 0.0000000000
78687  -42.938  -4.941  48.185 0.0000000000
39719  -17.353  -35.556  59.959 0.0000000000
39718  -16.661  -35.351  60.082 0.0000000000
39705  -17.354  -36.246  60.916 0.0000000000
38253  -15.664  -37.512  60.184 0.0000000000
38252  -15.142  -37.925  59.929 0.0000000000
36782  -14.684  -38.279  59.211 0.0000000000
32159  -12.699  -41.576  61.396 0.0000000000
32158  -11.686  -42.067  60.679 0.0000000000
30659  -11.822  -42.394  61.486 0.0000000000
27739  -9.963  -44.428  63.315 0.0000000000
27734  -10.259  -44.086  64.067 0.0000000000
27729  -10.149  -43.824  64.783 0.0000000000
27721  -10.421  -43.091  65.462 0.0000000000
27728  -9.490  -44.078  64.832 0.0000000000
29161  -9.312  -43.800  65.198 0.0000000000
47895  -32.769  -29.851  57.005 0.0000000000
47899  -35.016  -30.131  56.485 0.0000000000
77458  -46.508  -5.839  48.234 0.0000000000
77484  -46.293  -5.766  47.596 0.0000000000
77485  -47.087  -5.573  47.819 0.0000000000
77503  -47.631  -5.336  47.413 0.0000000000
78709  -47.930  -5.173  47.234 0.0000000000
81003  -48.879  -3.248  47.402 0.0000000000
82159  -48.977  -2.500  47.346 0.0000000000
82160  -49.745  -1.761  47.389 0.0000000000
64880  -37.013  -16.231  54.150 0.0000000000
64878  -35.466  -16.047  53.308 0.0000000000
64895  -37.326  -15.950  53.877 0.0000000000
66139  -37.097  -15.401  53.542 0.0000000000
67319  -37.330  -14.900  53.610 0.0000000000
67327  -36.770  -14.487  53.212 0.0000000000
68508  -36.757  -13.893  53.267 0.0000000000
70963  -36.934  -12.045  53.878 0.0000000000
49232  -22.224  -29.589  53.270 0.0000000000
49221  -22.396  -29.698  54.011 0.0000000000
49245  -21.803  -29.594  52.780 0.0000000000
47979  -21.601  -30.428  52.421 0.0000000000
30623  -14.219  -41.467  66.130 0.0000000000
30622  -13.675  -41.820  65.975 0.0000000000
55800  -37.000  -25.706  47.956 0.0000000000
54559  -36.621  -26.253  48.054 0.0000000000
54560  -37.063  -25.893  48.372 0.0000000000
55801  -37.184  -25.347  48.358 0.0000000000
56983  -36.982  -24.657  50.032 0.0000000000
54527  -23.531  -25.130  50.544 0.0000000000
54528  -24.454  -24.844  50.999 0.0000000000
54529  -26.610  -24.641  51.678 0.0000000000
55764  -26.371  -24.360  50.624 0.0000000000
55766  -28.132  -24.924  49.554 0.0000000000
50588  -31.549  -30.071  50.847 0.0000000000
50613  -30.878  -29.401  50.283 0.0000000000
50635  -31.865  -29.188  49.116 0.0000000000
50636  -32.441  -29.039  48.745 0.0000000000
51968  -31.625  -28.137  47.566 0.0000000000
51971  -33.836  -27.251  47.324 0.0000000000
51820  -24.818  -27.540  57.429 0.0000000000
53125  -25.090  -27.341  56.518 0.0000000000
54436  -24.939  -27.083  56.065 0.0000000000
54460  -25.000  -26.497  54.949 0.0000000000
53155  -25.722  -26.589  54.713 0.0000000000
82184  -42.575  -2.824  43.158 0.0000000000
89640  -47.756  2.699  40.422 0.0000000000
88461  -51.764  2.786  44.890 0.0000000000
88473  -51.361  3.123  44.594 0.0000000000
89613  -52.401  3.298  44.623 0.0000000000
94971  -52.086  7.282  44.670 0.0000000000
66220  -31.724  -14.956  46.264 0.0000000000
76177  -35.236  -7.506  46.968 0.0000000000
77409  -39.849  -6.787  53.755 0.0000000000
77416  -40.295  -5.686  52.582 0.0000000000
78631  -40.800  -5.143  51.978 0.0000000000
78641  -41.323  -4.557  51.487 0.0000000000
79830  -42.310  -4.191  51.281 0.0000000000
42528  -20.127  -33.340  57.449 0.0000000000
46597  -19.054  -32.690  58.668 0.0000000000
41066  -18.571  -35.278  59.510 0.0000000000
39753  -17.919  -35.219  58.079 0.0000000000
39735  -17.910  -35.433  58.628 0.0000000000
39720  -18.229  -35.472  59.262 0.0000000000
39750  -15.470  -36.371  58.249 0.0000000000
38299  -14.814  -36.961  57.659 0.0000000000
39768  -14.701  -36.862  57.287 0.0000000000
50593  -36.098  -28.654  50.418 0.0000000000
51913  -36.615  -28.049  50.489 0.0000000000
51891  -36.574  -28.296  51.383 0.0000000000
51892  -36.541  -28.023  52.004 0.0000000000
53176  -35.964  -27.439  52.787 0.0000000000
50556  -35.517  -28.373  53.140 0.0000000000
51877  -35.669  -27.929  53.214 0.0000000000
53159  -35.707  -27.453  53.639 0.0000000000
51845  -36.231  -28.035  56.362 0.0000000000
51853  -29.205  -26.832  55.449 0.0000000000
51863  -29.197  -26.274  54.213 0.0000000000
51854  -29.934  -27.293  55.072 0.0000000000
50543  -30.811  -28.627  54.244 0.0000000000
50553  -30.749  -28.776  53.288 0.0000000000
47910  -32.846  -30.048  56.152 0.0000000000
47929  -33.618  -29.811  55.077 0.0000000000
47946  -33.192  -29.808  54.195 0.0000000000
49235  -32.523  -29.704  53.827 0.0000000000
49251  -32.659  -30.056  53.200 0.0000000000
49290  -31.904  -30.243  51.736 0.0000000000
49291  -32.550  -30.270  51.390 0.0000000000
49292  -33.400  -30.202  51.079 0.0000000000
49293  -34.288  -29.974  50.851 0.0000000000
50501  -29.872  -28.158  57.974 0.0000000000
74956  -41.999  -6.590  44.950 0.0000000000
74975  -41.894  -6.668  44.491 0.0000000000
74957  -42.338  -6.667  44.894 0.0000000000
74977  -42.669  -6.554  44.253 0.0000000000
76242  -43.306  -6.516  44.599 0.0000000000
78719  -45.576  -5.596  46.302 0.0000000000
78733  -45.173  -5.492  46.057 0.0000000000
79905  -46.546  -4.333  46.405 0.0000000000
79904  -45.688  -4.519  46.145 0.0000000000
79903  -44.561  -4.856  45.552 0.0000000000
81028  -43.817  -4.321  44.979 0.0000000000
81027  -43.089  -3.934  44.201 0.0000000000
82185  -43.016  -2.802  43.860 0.0000000000
83372  -43.779  -2.007  43.668 0.0000000000
83389  -44.608  -1.007  44.013 0.0000000000
83374  -45.294  -1.116  44.566 0.0000000000
84612  -45.324  -0.599  44.075 0.0000000000
84627  -45.119  -0.722  43.219 0.0000000000
84643  -47.315  0.442  42.203 0.0000000000
85874  -50.178  1.158  43.946 0.0000000000
87141  -50.706  1.996  44.843 0.0000000000
83340  -50.197  -0.970  47.311 0.0000000000
84584  -49.859  -0.479  46.621 0.0000000000
84604  -51.073  0.658  46.014 0.0000000000
85850  -51.397  1.214  45.694 0.0000000000
85865  -51.517  1.635  45.605 0.0000000000
87142  -51.641  2.095  45.471 0.0000000000
87143  -52.151  2.477  45.452 0.0000000000
62406  -31.414  -20.283  51.224 0.0000000000
62418  -31.300  -20.265  49.865 0.0000000000
62405  -31.341  -19.565  50.636 0.0000000000
64914  -31.591  -17.495  50.415 0.0000000000
64903  -32.057  -17.323  51.174 0.0000000000
64925  -31.076  -17.469  49.628 0.0000000000
66172  -31.556  -16.448  49.196 0.0000000000
64892  -35.254  -15.762  52.613 0.0000000000
66149  -34.509  -15.765  52.199 0.0000000000
66162  -34.296  -15.180  51.273 0.0000000000
64915  -34.729  -14.881  51.738 0.0000000000
66174  -32.825  -15.343  49.560 0.0000000000
66190  -32.213  -15.174  48.529 0.0000000000
66206  -32.923  -14.308  47.849 0.0000000000
67371  -33.919  -13.773  49.192 0.0000000000
67383  -33.151  -13.863  47.544 0.0000000000
67396  -33.418  -13.483  47.339 0.0000000000
68579  -33.958  -13.137  47.136 0.0000000000
69770  -34.444  -12.300  47.228 0.0000000000
69751  -34.717  -11.824  47.699 0.0000000000
72241  -35.594  -10.772  50.816 0.0000000000
73564  -36.355  -10.188  51.237 0.0000000000
74866  -36.913  -9.100  51.642 0.0000000000
76102  -37.284  -8.104  52.453 0.0000000000
76104  -38.485  -7.080  53.305 0.0000000000
72191  -36.386  -11.075  53.612 0.0000000000
73514  -36.760  -9.940  54.137 0.0000000000
74833  -37.542  -9.204  54.628 0.0000000000
74834  -38.442  -8.829  54.982 0.0000000000
74847  -37.278  -8.694  54.081 0.0000000000
76105  -39.213  -7.007  53.527 0.0000000000
47941  -21.746  -30.105  53.680 0.0000000000
47923  -21.787  -30.235  54.399 0.0000000000
47908  -21.582  -30.460  54.977 0.0000000000
45337  -21.119  -31.927  53.718 0.0000000000
45319  -21.220  -31.502  54.743 0.0000000000
47893  -20.915  -30.625  55.438 0.0000000000
47878  -20.121  -31.033  55.936 0.0000000000
47877  -20.101  -31.717  56.537 0.0000000000
45268  -20.663  -33.016  56.778 0.0000000000
43977  -20.204  -33.383  55.953 0.0000000000
42595  -19.648  -33.611  55.854 0.0000000000
42610  -19.066  -33.252  54.730 0.0000000000
42594  -19.341  -33.474  55.491 0.0000000000
99369  -52.905  12.268  42.753 0.0000000000
59107  -33.806  -23.152  48.203 0.0000000000
60158  -33.386  -22.813  47.835 0.0000000000
60146  -33.149  -22.561  48.659 0.0000000000
60134  -32.434  -21.718  50.076 0.0000000000
61231  -32.074  -21.306  49.906 0.0000000000
53214  -37.155  -27.231  50.834 0.0000000000
54534  -37.165  -25.823  51.310 0.0000000000
55768  -36.623  -25.408  51.518 0.0000000000
56968  -36.135  -25.329  51.543 0.0000000000
58033  -34.505  -24.730  53.964 0.0000000000
58041  -34.598  -24.992  53.043 0.0000000000
58061  -34.701  -24.405  51.347 0.0000000000
59087  -34.362  -23.924  50.926 0.0000000000
59074  -33.741  -23.628  51.527 0.0000000000
59073  -33.190  -23.082  51.227 0.0000000000
60107  -33.490  -22.584  53.004 0.0000000000
61223  -32.080  -21.505  51.262 0.0000000000
62393  -31.840  -19.783  52.163 0.0000000000
63619  -32.668  -18.615  53.156 0.0000000000
62366  -33.006  -19.232  53.527 0.0000000000
63606  -33.031  -18.291  53.750 0.0000000000
64877  -33.288  -17.371  53.884 0.0000000000
66099  -34.207  -16.577  54.529 0.0000000000
66121  -35.773  -16.298  54.568 0.0000000000
62336  -34.691  -19.210  56.556 0.0000000000
64824  -36.478  -16.799  56.941 0.0000000000
64823  -35.704  -17.232  56.879 0.0000000000
64841  -35.052  -17.020  56.229 0.0000000000
66081  -35.362  -16.467  55.651 0.0000000000
66101  -35.824  -16.307  55.262 0.0000000000
64863  -36.492  -16.305  54.705 0.0000000000
53193  -29.660  -26.521  51.741 0.0000000000
54544  -28.714  -25.439  49.383 0.0000000000
53108  -21.891  -26.919  57.351 0.0000000000
53122  -22.192  -27.121  56.900 0.0000000000
51839  -22.813  -27.607  56.367 0.0000000000
51850  -23.193  -28.266  54.845 0.0000000000
54423  -24.422  -26.669  56.915 0.0000000000
54422  -24.160  -26.359  56.992 0.0000000000
54445  -23.507  -26.490  55.629 0.0000000000
53134  -23.138  -27.207  55.179 0.0000000000
51861  -23.025  -28.331  53.807 0.0000000000
50541  -23.022  -29.327  53.398 0.0000000000
50551  -22.262  -29.237  52.692 0.0000000000
50582  -21.860  -28.998  50.880 0.0000000000
85884  -47.883  0.947  41.690 0.0000000000
87160  -47.933  1.486  41.623 0.0000000000
87161  -48.329  1.680  42.139 0.0000000000
88480  -47.643  2.191  41.275 0.0000000000
89624  -50.973  3.387  44.394 0.0000000000
90702  -49.323  3.711  43.290 0.0000000000
90704  -50.640  4.297  43.677 0.0000000000
90701  -48.169  3.747  42.181 0.0000000000
90712  -47.584  4.139  41.282 0.0000000000
90722  -47.874  4.096  40.339 0.0000000000
91778  -47.801  4.724  40.797 0.0000000000
91779  -48.365  4.712  39.910 0.0000000000
92900  -48.879  5.805  39.767 0.0000000000
97061  -49.721  9.868  41.062 0.0000000000
97057  -49.876  9.428  42.207 0.0000000000
98186  -50.255  10.378  42.012 0.0000000000
98179  -50.946  10.646  42.797 0.0000000000
98169  -52.245  11.194  44.519 0.0000000000
35249  -13.957  -39.415  61.767 0.0000000000
35248  -13.543  -39.943  60.756 0.0000000000
35247  -13.332  -40.292  60.499 0.0000000000
33724  -12.556  -41.102  60.326 0.0000000000
33723  -12.375  -40.839  59.456 0.0000000000
32171  -11.692  -41.692  59.679 0.0000000000
62432  -30.931  -20.114  49.226 0.0000000000
62445  -30.773  -20.258  48.460 0.0000000000
66219  -30.917  -15.682  46.202 0.0000000000
76197  -40.697  -6.505  45.039 0.0000000000
74894  -35.362  -8.871  48.874 0.0000000000
74909  -35.384  -8.568  48.085 0.0000000000
76156  -35.655  -6.813  48.181 0.0000000000
77414  -38.847  -6.523  52.112 0.0000000000
77419  -38.528  -6.322  51.464 0.0000000000
77426  -37.783  -5.980  50.292 0.0000000000
78656  -38.599  -5.654  50.249 0.0000000000
77425  -37.086  -6.177  49.768 0.0000000000
77499  -39.442  -5.266  46.062 0.0000000000
76178  -39.948  -6.074  45.418 0.0000000000
76198  -41.804  -6.557  45.212 0.0000000000
76181  -42.940  -7.006  46.173 0.0000000000
77482  -42.738  -6.200  47.201 0.0000000000
76159  -43.135  -6.632  46.606 0.0000000000
76160  -43.811  -6.504  46.713 0.0000000000
76161  -44.492  -6.455  46.970 0.0000000000
76138  -45.015  -6.395  47.723 0.0000000000
79852  -44.086  -4.496  49.881 0.0000000000
35251  -15.527  -38.961  61.879 0.0000000000
35250  -15.057  -39.175  61.628 0.0000000000
35261  -14.642  -38.970  60.901 0.0000000000
35272  -13.580  -39.554  59.192 0.0000000000
36781  -14.178  -38.754  58.890 0.0000000000
36780  -13.606  -39.329  58.585 0.0000000000
35284  -13.206  -39.700  58.472 0.0000000000
36813  -14.014  -38.351  57.085 0.0000000000
33699  -13.970  -40.088  62.625 0.0000000000
32147  -14.103  -40.690  63.267 0.0000000000
32138  -14.245  -40.943  63.711 0.0000000000
32145  -13.180  -41.594  62.072 0.0000000000
32137  -13.755  -41.216  63.535 0.0000000000
32132  -13.899  -41.132  63.955 0.0000000000
30636  -13.812  -41.383  64.786 0.0000000000
30628  -13.509  -41.757  65.220 0.0000000000
29164  -13.204  -42.311  65.767 0.0000000000
30638  -11.706  -43.054  62.665 0.0000000000
29173  -11.515  -43.130  63.167 0.0000000000
29174  -11.815  -42.813  63.781 0.0000000000
29168  -12.025  -42.652  64.432 0.0000000000
29163  -12.620  -42.582  65.641 0.0000000000
29157  -12.865  -42.651  66.227 0.0000000000
27716  -12.577  -42.699  66.644 0.0000000000
27707  -11.766  -42.745  67.019 0.0000000000
27702  -11.530  -42.570  67.458 0.0000000000
27706  -11.171  -42.623  66.803 0.0000000000
29143  -10.995  -42.484  67.239 0.0000000000
29142  -10.489  -42.431  66.991 0.0000000000
26269  -8.084  -46.038  63.003 0.0000000000
26264  -8.374  -44.916  63.444 0.0000000000
27727  -8.969  -44.091  64.877 0.0000000000
27718  -8.725  -43.702  65.121 0.0000000000
26275  -9.118  -45.481  62.873 0.0000000000
27704  -12.526  -42.520  67.589 0.0000000000
27708  -12.466  -42.647  67.186 0.0000000000
27709  -12.783  -42.631  67.012 0.0000000000
27713  -10.801  -42.711  66.103 0.0000000000
27715  -12.031  -42.775  66.562 0.0000000000
27724  -12.305  -42.736  66.118 0.0000000000
27736  -11.437  -42.820  64.714 0.0000000000
29135  -10.906  -42.234  67.572 0.0000000000
29138  -12.743  -42.369  68.006 0.0000000000
29140  -14.032  -42.584  68.539 0.0000000000
29144  -12.756  -42.503  67.564 0.0000000000
29152  -13.531  -42.496  67.104 0.0000000000
29155  -9.419  -43.666  65.337 0.0000000000
29156  -9.530  -43.666  65.303 0.0000000000
29162  -9.506  -43.952  65.149 0.0000000000
29169  -12.278  -42.547  64.962 0.0000000000
29170  -13.003  -42.256  65.094 0.0000000000
29180  -12.359  -42.659  63.497 0.0000000000
29181  -12.420  -42.570  63.724 0.0000000000
30613  -14.829  -41.981  67.204 0.0000000000
30616  -13.971  -42.101  66.747 0.0000000000
30617  -14.511  -41.698  66.695 0.0000000000
30618  -14.861  -41.274  66.792 0.0000000000
30624  -14.614  -41.079  66.173 0.0000000000
30632  -11.907  -43.079  63.043 0.0000000000
30633  -11.913  -43.003  63.286 0.0000000000
30635  -13.420  -41.734  64.290 0.0000000000
30647  -12.939  -42.191  62.374 0.0000000000
32107  -14.464  -42.392  67.794 0.0000000000
32113  -14.312  -42.374  67.475 0.0000000000
32119  -14.145  -42.277  67.115 0.0000000000
32125  -14.984  -40.733  66.104 0.0000000000
32130  -15.297  -40.542  65.383 0.0000000000
32133  -14.264  -41.050  64.341 0.0000000000
32135  -15.205  -40.587  64.882 0.0000000000
32148  -14.504  -40.687  63.521 0.0000000000
33712  -13.564  -40.617  61.702 0.0000000000
35235  -14.084  -39.543  62.414 0.0000000000
35273  -14.012  -39.166  59.625 0.0000000000
36738  -16.397  -38.619  62.911 0.0000000000
36759  -15.979  -37.915  61.631 0.0000000000
38243  -16.770  -36.365  60.703 0.0000000000
38255  -16.718  -35.710  60.369 0.0000000000
38297  -13.972  -38.319  56.769 0.0000000000
39706  -17.995  -35.761  60.139 0.0000000000
39733  -15.792  -35.565  59.135 0.0000000000
39736  -18.467  -35.241  58.660 0.0000000000
39787  -15.883  -35.023  56.858 0.0000000000
41080  -18.706  -35.015  58.913 0.0000000000
41081  -19.138  -34.693  59.233 0.0000000000
41097  -18.742  -34.747  58.358 0.0000000000
41098  -19.167  -34.526  58.449 0.0000000000
41114  -18.370  -34.860  57.923 0.0000000000
41127  -16.929  -34.598  57.224 0.0000000000
41130  -19.121  -34.385  57.254 0.0000000000
41131  -19.464  -34.366  57.436 0.0000000000
42492  -18.976  -34.647  59.802 0.0000000000
42512  -19.494  -34.290  58.585 0.0000000000
42547  -20.065  -34.186  57.415 0.0000000000
42548  -20.309  -33.441  57.282 0.0000000000
42565  -19.945  -34.325  56.836 0.0000000000
42580  -19.492  -33.809  56.191 0.0000000000
42582  -20.111  -34.161  56.414 0.0000000000
42593  -18.648  -33.430  55.202 0.0000000000
43894  -19.595  -33.447  58.151 0.0000000000
43911  -19.861  -33.969  58.150 0.0000000000
43912  -19.878  -33.420  57.687 0.0000000000
43934  -20.494  -32.951  57.002 0.0000000000
43956  -20.649  -32.998  56.733 0.0000000000
43976  -20.067  -33.582  55.893 0.0000000000
43996  -19.387  -33.228  54.875 0.0000000000
45234  -18.699  -34.153  60.266 0.0000000000
45236  -18.649  -33.739  60.091 0.0000000000
45244  -19.424  -33.421  58.676 0.0000000000
45245  -19.606  -33.068  57.796 0.0000000000
45255  -20.250  -32.991  57.156 0.0000000000
45267  -20.696  -32.895  56.955 0.0000000000
45282  -20.806  -32.870  56.912 0.0000000000
45338  -21.419  -31.510  53.987 0.0000000000
46631  -20.395  -32.542  56.764 0.0000000000
46632  -20.202  -31.892  56.297 0.0000000000
46645  -20.471  -31.613  55.727 0.0000000000
46666  -21.361  -30.810  54.654 0.0000000000
46707  -21.475  -31.253  51.965 0.0000000000
46708  -21.581  -30.982  52.578 0.0000000000
47828  -18.780  -32.395  58.837 0.0000000000
47844  -19.833  -32.061  57.287 0.0000000000
47950  -35.144  -29.316  54.195 0.0000000000
47969  -34.486  -29.650  53.418 0.0000000000
47997  -21.537  -30.264  51.726 0.0000000000
49169  -19.914  -31.030  56.882 0.0000000000
49185  -20.058  -29.970  57.059 0.0000000000
49188  -21.137  -30.158  55.896 0.0000000000
49256  -35.209  -28.750  52.515 0.0000000000
50509  -22.204  -29.377  56.126 0.0000000000
50524  -36.883  -29.011  55.042 0.0000000000
51893  -36.045  -27.716  52.396 0.0000000000
51914  -36.974  -27.930  51.278 0.0000000000
51930  -29.980  -28.085  49.223 0.0000000000
53111  -24.376  -27.003  57.335 0.0000000000
53112  -24.854  -27.377  57.080 0.0000000000
53135  -25.491  -27.320  55.808 0.0000000000
53136  -25.979  -27.401  55.390 0.0000000000
53146  -26.297  -26.917  55.033 0.0000000000
53147  -26.874  -26.324  54.951 0.0000000000
53173  -27.500  -25.840  53.488 0.0000000000
53213  -36.932  -27.526  50.339 0.0000000000
53215  -37.221  -26.484  51.425 0.0000000000
54421  -23.604  -26.397  56.939 0.0000000000
54446  -24.327  -26.334  55.621 0.0000000000
55716  -35.102  -25.623  54.328 0.0000000000
55738  -35.403  -25.817  52.836 0.0000000000
55750  -36.195  -25.570  51.898 0.0000000000
55816  -37.120  -25.096  47.789 0.0000000000
56913  -35.450  -25.608  55.401 0.0000000000
58069  -34.914  -23.622  49.703 0.0000000000
60156  -31.922  -21.650  48.520 0.0000000000
61222  -31.925  -21.355  50.665 0.0000000000
61230  -31.744  -20.997  49.767 0.0000000000
61254  -30.799  -20.638  47.925 0.0000000000
63579  -34.129  -18.308  55.613 0.0000000000
63665  -30.783  -19.140  49.209 0.0000000000
64879  -36.122  -16.183  53.871 0.0000000000
64894  -36.661  -15.733  53.556 0.0000000000
64907  -36.107  -15.260  53.055 0.0000000000
64916  -34.979  -14.782  52.068 0.0000000000
64924  -30.715  -17.868  48.939 0.0000000000
66082  -35.647  -16.387  55.834 0.0000000000
66098  -33.668  -16.728  54.034 0.0000000000
66123  -37.791  -15.820  54.370 0.0000000000
66150  -35.304  -14.591  52.137 0.0000000000
66151  -35.877  -14.707  52.635 0.0000000000
67318  -36.808  -14.777  53.212 0.0000000000
67340  -32.013  -16.328  49.607 0.0000000000
67355  -32.062  -16.189  49.400 0.0000000000
67356  -32.213  -16.109  49.633 0.0000000000
68536  -35.524  -13.343  49.997 0.0000000000
68561  -33.597  -13.025  47.827 0.0000000000
68580  -33.863  -12.838  47.805 0.0000000000
69771  -34.189  -12.619  47.784 0.0000000000
71010  -35.242  -12.069  50.674 0.0000000000
72228  -35.946  -10.634  51.173 0.0000000000
72242  -35.446  -11.009  51.243 0.0000000000
73603  -35.358  -9.452  49.018 0.0000000000
73626  -35.413  -9.917  48.997 0.0000000000
73675  -34.194  -10.090  46.272 0.0000000000
74848  -37.918  -8.603  54.627 0.0000000000
74942  -42.192  -6.582  45.083 0.0000000000
74944  -42.648  -6.781  45.148 0.0000000000
74976  -42.209  -6.698  44.269 0.0000000000
76086  -37.301  -8.026  53.064 0.0000000000
76115  -37.518  -6.828  51.226 0.0000000000
76140  -46.015  -5.927  47.771 0.0000000000
76155  -35.521  -7.212  47.549 0.0000000000
76163  -45.718  -6.077  47.371 0.0000000000
76184  -44.779  -6.390  46.611 0.0000000000
76185  -45.344  -6.243  46.906 0.0000000000
77392  -37.459  -7.860  53.112 0.0000000000
77393  -37.581  -7.707  53.224 0.0000000000
77394  -39.955  -6.920  54.226 0.0000000000
77407  -37.416  -7.868  52.880 0.0000000000
77408  -37.491  -7.665  52.997 0.0000000000
77418  -37.901  -6.315  51.066 0.0000000000
77427  -38.665  -5.868  50.633 0.0000000000
77487  -48.443  -5.235  48.016 0.0000000000
77501  -45.853  -5.879  46.963 0.0000000000
77502  -46.718  -5.515  47.307 0.0000000000
77516  -44.491  -6.215  45.863 0.0000000000
77519  -47.066  -5.304  47.137 0.0000000000
77549  -44.126  -6.068  44.718 0.0000000000
78632  -41.558  -4.778  52.199 0.0000000000
78710  -48.551  -4.943  47.531 0.0000000000
81016  -47.094  -3.799  46.534 0.0000000000
83388  -44.268  -1.274  43.358 0.0000000000
87140  -50.315  1.744  44.618 0.0000000000
89623  -50.188  3.109  44.184 0.0000000000
90687  -49.833  3.345  43.798 0.0000000000
90700  -47.960  4.198  41.896 0.0000000000
90703  -50.174  4.156  43.628 0.0000000000
91745  -48.646  4.535  42.837 0.0000000000
91746  -48.912  4.431  42.951 0.0000000000
91762  -50.870  4.417  43.670 0.0000000000
92868  -48.972  4.676  42.702 0.0000000000
92869  -49.010  4.795  42.498 0.0000000000
92870  -50.715  5.668  43.507 0.0000000000
92879  -48.621  4.820  42.854 0.0000000000
92898  -47.904  5.134  41.451 0.0000000000
93993  -49.502  7.022  42.327 0.0000000000
94975  -50.194  7.937  43.044 0.0000000000
94982  -50.022  7.945  42.854 0.0000000000
95976  -50.638  8.035  43.833 0.0000000000
95977  -50.993  8.120  44.289 0.0000000000
95981  -50.080  8.161  42.855 0.0000000000
95984  -49.885  8.088  42.717 0.0000000000
97062  -50.145  10.424  40.323 0.0000000000
98171  -50.649  9.290  43.502 0.0000000000
99368  -52.594  12.035  42.617 0.0000000000
