#!ascii label  , from subject 3605 vox2ras=TkReg
490
95583  -34.800  7.711  -3.132 0.0000000000
102225  -29.628  13.194  -3.030 0.0000000000
115736  -24.613  26.986  -0.098 0.0000000000
110566  -28.832  21.667  0.600 0.0000000000
107624  -32.358  18.647  -4.461 0.0000000000
103254  -36.551  14.689  -2.413 0.0000000000
117676  -23.992  28.721  0.273 0.0000000000
108597  -30.890  19.960  -0.936 0.0000000000
106447  -28.803  17.288  -1.283 0.0000000000
98801  -33.203  10.458  -0.696 0.0000000000
102182  -33.701  13.429  -0.755 0.0000000000
100009  -35.595  11.444  -2.612 0.0000000000
91275  -28.858  3.261  -1.360 0.0000000000
95552  -30.816  7.530  -1.091 0.0000000000
124558  -23.343  36.026  1.262 0.0000000000
123705  -25.896  34.372  1.283 0.0000000000
121794  -26.963  32.333  1.920 0.0000000000
118699  -28.515  29.993  2.258 0.0000000000
116681  -29.539  27.584  1.217 0.0000000000
113719  -26.961  24.408  1.078 0.0000000000
114813  -30.685  25.657  -0.558 0.0000000000
112708  -31.387  23.411  -2.014 0.0000000000
111707  -33.102  22.050  -4.320 0.0000000000
109682  -36.096  20.703  -4.677 0.0000000000
105391  -31.092  16.171  -3.321 0.0000000000
106476  -34.847  17.830  -2.117 0.0000000000
107578  -26.972  18.543  -1.141 0.0000000000
106445  -26.862  17.481  -1.849 0.0000000000
96574  -34.160  8.653  -1.491 0.0000000000
98803  -34.931  10.520  -1.571 0.0000000000
97655  -35.289  9.589  -3.163 0.0000000000
86549  -27.195  -0.403  -4.382 0.0000000000
86519  -28.884  -0.531  -2.433 0.0000000000
87857  -29.488  0.416  -2.088 0.0000000000
97622  -29.662  9.725  -1.816 0.0000000000
95569  -28.161  8.015  -2.680 0.0000000000
122756  -26.365  33.521  1.724 0.0000000000
116691  -24.655  27.704  0.093 0.0000000000
118712  -26.669  29.712  1.660 0.0000000000
117661  -27.405  28.828  2.130 0.0000000000
117650  -28.774  29.246  2.204 0.0000000000
116679  -27.914  27.482  2.173 0.0000000000
112670  -27.484  23.250  0.926 0.0000000000
113709  -29.123  24.884  1.790 0.0000000000
112672  -29.949  24.027  1.537 0.0000000000
113758  -30.996  24.638  -1.623 0.0000000000
111653  -31.130  22.454  0.170 0.0000000000
108628  -31.707  19.558  -2.539 0.0000000000
109629  -32.374  20.970  -2.513 0.0000000000
109661  -32.536  20.368  -4.309 0.0000000000
110632  -34.654  21.167  -4.399 0.0000000000
109663  -34.685  20.291  -4.173 0.0000000000
102224  -28.251  13.838  -2.922 0.0000000000
104297  -29.246  15.136  -2.609 0.0000000000
103276  -30.562  14.277  -2.905 0.0000000000
103236  -35.551  14.323  -1.449 0.0000000000
105322  -34.131  15.798  -1.079 0.0000000000
105346  -35.784  16.460  -1.741 0.0000000000
107608  -37.437  18.556  -3.312 0.0000000000
105370  -37.794  16.641  -2.494 0.0000000000
91276  -29.926  3.341  -1.343 0.0000000000
92281  -29.331  4.319  -1.367 0.0000000000
92282  -30.432  4.388  -1.342 0.0000000000
93440  -32.122  5.477  -1.232 0.0000000000
110581  -27.615  20.868  -0.024 0.0000000000
110583  -30.497  21.298  0.429 0.0000000000
108595  -29.070  19.559  -0.152 0.0000000000
107565  -29.575  18.836  -0.681 0.0000000000
107601  -30.799  17.995  -2.396 0.0000000000
99993  -31.117  11.643  -1.403 0.0000000000
102203  -31.173  13.613  -1.804 0.0000000000
99974  -33.127  11.748  -0.808 0.0000000000
101096  -35.170  12.750  -0.929 0.0000000000
102205  -35.745  13.528  -2.027 0.0000000000
89146  -29.967  1.411  -1.687 0.0000000000
100007  -29.418  11.448  -2.503 0.0000000000
98798  -30.124  10.506  -1.640 0.0000000000
96572  -32.341  8.554  -0.783 0.0000000000
95554  -33.040  7.576  -1.195 0.0000000000
126412  -23.639  37.872  1.175 0.0000000000
122752  -22.585  33.619  1.611 0.0000000000
124559  -24.436  35.684  0.933 0.0000000000
124546  -26.956  35.656  1.960 0.0000000000
123695  -28.509  34.386  2.164 0.0000000000
122749  -29.026  33.506  2.103 0.0000000000
119742  -25.295  30.495  0.988 0.0000000000
120808  -27.677  31.563  2.025 0.0000000000
121815  -30.092  32.600  1.352 0.0000000000
119746  -30.058  30.668  1.277 0.0000000000
118730  -30.424  29.659  0.085 0.0000000000
117691  -30.177  28.671  -0.640 0.0000000000
114797  -26.103  25.443  0.754 0.0000000000
115725  -28.509  26.524  1.655 0.0000000000
115740  -29.823  26.918  0.779 0.0000000000
115757  -30.359  26.664  -0.854 0.0000000000
114850  -30.157  25.589  -2.563 0.0000000000
112739  -31.866  23.336  -4.165 0.0000000000
110597  -31.817  21.444  -1.257 0.0000000000
111705  -31.845  22.771  -3.434 0.0000000000
105337  -27.480  16.460  -1.634 0.0000000000
105340  -29.969  16.750  -2.668 0.0000000000
106472  -31.484  17.554  -2.834 0.0000000000
104277  -32.671  15.498  -0.984 0.0000000000
106450  -32.722  17.308  -2.240 0.0000000000
107605  -33.891  18.712  -3.268 0.0000000000
108633  -35.712  19.035  -3.209 0.0000000000
108667  -37.642  19.585  -5.199 0.0000000000
94537  -30.329  6.466  -1.170 0.0000000000
94539  -32.556  6.551  -1.252 0.0000000000
93459  -34.211  6.394  -3.178 0.0000000000
95572  -34.955  8.203  -2.528 0.0000000000
97641  -35.080  9.076  -2.083 0.0000000000
95584  -35.301  8.361  -2.944 0.0000000000
97654  -34.757  9.539  -3.927 0.0000000000
96602  -34.925  8.684  -3.525 0.0000000000
86570  -27.538  -0.091  -4.978 0.0000000000
85342  -27.974  -0.801  -3.891 0.0000000000
86550  -28.065  -0.095  -4.289 0.0000000000
116692  -25.671  27.653  0.689 0.0000000000
116677  -26.207  28.028  1.225 0.0000000000
116678  -26.984  27.702  1.536 0.0000000000
116693  -26.431  27.378  1.151 0.0000000000
111631  -27.093  22.396  0.260 0.0000000000
111632  -28.168  22.379  0.802 0.0000000000
112671  -28.405  23.182  1.190 0.0000000000
111633  -29.353  22.487  0.949 0.0000000000
112673  -30.727  23.554  0.588 0.0000000000
111652  -30.295  21.854  0.423 0.0000000000
107622  -31.538  19.102  -3.734 0.0000000000
108629  -32.066  19.716  -3.161 0.0000000000
108664  -31.994  19.639  -4.705 0.0000000000
109662  -33.541  20.221  -4.303 0.0000000000
108651  -32.982  19.221  -4.763 0.0000000000
102251  -28.809  13.631  -3.297 0.0000000000
103301  -29.263  14.261  -3.348 0.0000000000
102226  -30.021  13.661  -2.962 0.0000000000
103253  -35.914  14.495  -2.001 0.0000000000
104262  -35.241  15.229  -1.315 0.0000000000
104279  -36.062  15.468  -1.867 0.0000000000
105347  -36.691  16.520  -2.124 0.0000000000
104280  -37.085  15.626  -2.435 0.0000000000
104300  -38.186  15.677  -2.623 0.0000000000
103278  -37.540  14.688  -2.578 0.0000000000
91277  -30.952  3.421  -1.569 0.0000000000
109610  -26.612  20.431  -0.667 0.0000000000
109612  -28.305  20.450  0.103 0.0000000000
108594  -27.990  19.597  -0.414 0.0000000000
107579  -28.163  18.139  -0.934 0.0000000000
107564  -28.618  18.822  -0.570 0.0000000000
107580  -29.286  18.061  -0.965 0.0000000000
107581  -30.510  18.382  -1.525 0.0000000000
106448  -29.715  17.418  -1.762 0.0000000000
98785  -32.366  11.422  -0.941 0.0000000000
99994  -31.958  11.949  -1.132 0.0000000000
98786  -32.809  11.208  -0.817 0.0000000000
99996  -35.264  11.357  -1.690 0.0000000000
99995  -34.707  11.388  -1.031 0.0000000000
101117  -35.508  12.439  -1.707 0.0000000000
101133  -35.911  12.478  -2.695 0.0000000000
100025  -35.482  11.554  -3.791 0.0000000000
84044  -26.954  -1.875  -3.473 0.0000000000
84043  -26.638  -1.985  -3.892 0.0000000000
89145  -29.028  1.268  -1.435 0.0000000000
89147  -30.669  1.649  -2.231 0.0000000000
99991  -29.837  11.003  -1.993 0.0000000000
96570  -30.235  8.590  -1.427 0.0000000000
97623  -30.618  9.606  -1.243 0.0000000000
96571  -31.244  8.566  -0.954 0.0000000000
95553  -31.925  7.538  -1.043 0.0000000000
124545  -22.723  36.451  1.325 0.0000000000
125491  -22.809  37.055  1.212 0.0000000000
125492  -24.018  36.790  1.101 0.0000000000
126413  -24.890  37.642  1.372 0.0000000000
122754  -24.353  33.591  0.877 0.0000000000
123704  -24.881  34.559  0.978 0.0000000000
125493  -25.205  36.481  1.364 0.0000000000
124560  -25.518  35.368  1.170 0.0000000000
125477  -26.686  36.581  2.050 0.0000000000
124561  -26.408  35.071  1.506 0.0000000000
122746  -26.593  32.844  1.991 0.0000000000
123707  -27.152  34.056  1.758 0.0000000000
122747  -27.154  33.357  2.140 0.0000000000
122748  -28.145  33.424  2.296 0.0000000000
118729  -25.153  29.646  0.647 0.0000000000
118713  -27.314  29.908  2.057 0.0000000000
119744  -26.911  30.614  1.555 0.0000000000
119727  -28.151  30.778  2.181 0.0000000000
120809  -28.401  31.618  2.239 0.0000000000
120810  -29.152  31.636  2.053 0.0000000000
120831  -29.778  31.632  1.559 0.0000000000
119745  -29.484  30.707  1.794 0.0000000000
117663  -29.397  28.672  1.784 0.0000000000
118715  -30.264  29.703  0.922 0.0000000000
117664  -30.039  28.964  1.258 0.0000000000
117679  -30.226  28.623  0.454 0.0000000000
113736  -25.767  23.951  -0.285 0.0000000000
113718  -26.041  24.486  0.085 0.0000000000
114798  -26.869  25.568  1.432 0.0000000000
114783  -27.571  25.413  1.509 0.0000000000
113710  -29.674  25.055  1.348 0.0000000000
114786  -29.914  25.636  1.117 0.0000000000
115727  -30.048  26.269  0.801 0.0000000000
115741  -30.348  26.632  0.179 0.0000000000
115769  -29.927  26.627  -1.906 0.0000000000
114829  -30.418  25.819  -1.485 0.0000000000
113759  -31.382  23.830  -1.407 0.0000000000
112707  -31.011  23.942  -2.611 0.0000000000
112720  -30.965  23.890  -3.534 0.0000000000
112721  -31.376  23.283  -3.071 0.0000000000
109614  -30.706  20.485  -0.250 0.0000000000
110584  -31.297  21.364  -0.279 0.0000000000
109615  -31.301  20.616  -1.078 0.0000000000
110630  -32.666  21.478  -3.628 0.0000000000
110611  -32.367  21.448  -2.846 0.0000000000
111686  -32.062  22.109  -3.221 0.0000000000
112740  -32.438  22.968  -4.546 0.0000000000
111723  -32.837  22.690  -4.651 0.0000000000
110651  -35.862  21.218  -4.736 0.0000000000
110652  -37.030  21.299  -4.917 0.0000000000
105365  -26.655  16.494  -2.206 0.0000000000
105389  -30.000  15.890  -4.044 0.0000000000
104274  -29.472  15.971  -2.619 0.0000000000
105366  -30.071  16.291  -3.468 0.0000000000
105341  -30.551  17.094  -2.655 0.0000000000
105368  -31.582  16.611  -2.637 0.0000000000
102181  -32.615  13.458  -0.974 0.0000000000
103252  -32.155  14.613  -1.307 0.0000000000
103233  -33.068  14.430  -0.674 0.0000000000
106452  -34.398  17.258  -1.741 0.0000000000
105344  -33.816  16.592  -1.338 0.0000000000
106451  -33.460  17.326  -1.923 0.0000000000
106474  -33.125  18.016  -2.624 0.0000000000
106475  -34.099  18.013  -2.315 0.0000000000
107626  -34.705  18.918  -3.345 0.0000000000
107606  -34.999  18.519  -2.724 0.0000000000
107627  -38.376  18.783  -4.491 0.0000000000
108655  -37.173  19.162  -4.261 0.0000000000
107641  -38.912  19.103  -5.267 0.0000000000
93457  -33.111  5.163  -2.370 0.0000000000
93441  -33.124  5.705  -1.781 0.0000000000
93442  -33.669  6.160  -1.999 0.0000000000
93458  -33.796  5.784  -2.782 0.0000000000
108611  -26.575  19.079  -0.958 0.0000000000
107577  -26.152  18.439  -2.073 0.0000000000
106446  -27.781  17.405  -1.401 0.0000000000
97626  -33.789  9.537  -0.952 0.0000000000
98802  -34.177  10.553  -0.901 0.0000000000
97627  -34.681  9.543  -1.666 0.0000000000
97628  -35.103  9.971  -1.976 0.0000000000
98815  -35.330  10.402  -2.401 0.0000000000
98833  -35.190  10.516  -3.531 0.0000000000
98832  -34.670  10.165  -4.322 0.0000000000
86548  -26.465  -0.738  -4.518 0.0000000000
87856  -28.557  0.281  -1.627 0.0000000000
86534  -29.377  -0.329  -2.895 0.0000000000
97640  -28.844  9.596  -2.427 0.0000000000
96569  -29.270  8.592  -1.986 0.0000000000
95551  -29.706  7.532  -1.446 0.0000000000
124557  -23.169  35.385  1.301 0.0000000000
122755  -25.357  33.529  1.408 0.0000000000
121812  -26.101  32.457  1.696 0.0000000000
117659  -25.671  28.732  0.989 0.0000000000
117660  -26.429  28.756  1.536 0.0000000000
117648  -27.678  29.515  2.254 0.0000000000
118700  -29.187  29.841  2.042 0.0000000000
117662  -28.460  28.474  2.245 0.0000000000
116680  -28.892  27.525  1.785 0.0000000000
113720  -27.696  23.835  1.322 0.0000000000
113708  -28.009  24.552  1.529 0.0000000000
112659  -29.046  24.029  1.899 0.0000000000
112660  -29.564  24.265  1.573 0.0000000000
113722  -30.351  24.652  0.989 0.0000000000
113737  -31.029  24.528  -0.112 0.0000000000
112688  -31.245  23.340  -0.285 0.0000000000
112689  -31.571  23.243  -1.135 0.0000000000
108613  -31.332  19.846  -1.628 0.0000000000
109628  -31.958  20.533  -2.091 0.0000000000
109642  -32.087  20.037  -2.725 0.0000000000
109643  -32.366  20.478  -3.153 0.0000000000
110631  -33.471  21.211  -3.947 0.0000000000
111708  -33.869  21.918  -4.472 0.0000000000
110612  -34.838  20.687  -4.326 0.0000000000
109664  -35.666  20.391  -4.397 0.0000000000
104296  -28.476  14.913  -1.993 0.0000000000
103274  -28.773  14.392  -2.892 0.0000000000
103302  -29.772  14.701  -3.508 0.0000000000
103304  -30.669  15.257  -3.672 0.0000000000
103235  -34.922  14.318  -1.025 0.0000000000
104260  -33.619  15.202  -0.825 0.0000000000
104261  -34.435  15.071  -1.049 0.0000000000
105345  -34.863  16.266  -1.423 0.0000000000
106453  -35.326  17.273  -1.871 0.0000000000
107607  -36.208  18.331  -2.525 0.0000000000
106454  -36.188  17.344  -2.035 0.0000000000
106477  -37.212  17.585  -2.454 0.0000000000
106478  -38.455  17.685  -3.322 0.0000000000
106492  -39.251  17.673  -3.695 0.0000000000
105371  -38.759  16.649  -2.940 0.0000000000
93439  -30.969  5.430  -1.188 0.0000000000
92283  -31.531  4.446  -1.408 0.0000000000
92284  -32.469  4.650  -1.990 0.0000000000
110580  -27.021  21.292  -0.323 0.0000000000
110565  -27.839  21.447  0.313 0.0000000000
110582  -29.630  21.511  0.634 0.0000000000
109597  -28.765  21.071  0.335 0.0000000000
109613  -29.582  20.559  0.289 0.0000000000
108596  -30.228  19.535  -0.550 0.0000000000
107563  -27.604  18.900  -0.710 0.0000000000
107582  -31.245  19.089  -1.929 0.0000000000
107602  -31.444  18.532  -2.887 0.0000000000
101113  -30.434  12.378  -1.962 0.0000000000
102202  -30.558  13.373  -2.314 0.0000000000
101114  -31.176  12.655  -1.659 0.0000000000
101115  -31.851  12.991  -1.295 0.0000000000
101094  -33.393  12.505  -0.768 0.0000000000
99975  -33.925  11.598  -0.611 0.0000000000
101095  -34.434  12.435  -0.724 0.0000000000
102183  -34.649  13.456  -0.824 0.0000000000
102184  -35.387  13.473  -1.192 0.0000000000
102206  -36.182  13.987  -2.417 0.0000000000
102228  -36.884  13.729  -2.674 0.0000000000
102227  -36.205  13.330  -2.562 0.0000000000
84042  -25.585  -2.309  -3.802 0.0000000000
90255  -28.426  2.221  -1.417 0.0000000000
90256  -29.458  2.304  -1.386 0.0000000000
90257  -30.454  2.396  -1.592 0.0000000000
101131  -29.492  12.510  -2.793 0.0000000000
100008  -29.858  12.147  -2.303 0.0000000000
99992  -30.216  11.403  -1.818 0.0000000000
98799  -30.923  10.618  -1.184 0.0000000000
97624  -31.634  9.626  -0.794 0.0000000000
97625  -32.759  9.586  -0.660 0.0000000000
96573  -33.360  8.613  -0.975 0.0000000000
95555  -33.773  7.953  -1.426 0.0000000000
95571  -34.310  7.750  -2.153 0.0000000000
125490  -22.390  37.598  1.481 0.0000000000
123702  -22.991  34.725  1.396 0.0000000000
123703  -23.707  34.811  0.820 0.0000000000
126392  -25.580  37.222  1.710 0.0000000000
124562  -27.162  34.763  1.748 0.0000000000
124547  -27.896  35.279  2.129 0.0000000000
125480  -29.244  36.203  2.097 0.0000000000
124549  -29.622  35.453  1.826 0.0000000000
123696  -29.361  34.498  1.942 0.0000000000
122758  -29.761  33.581  1.647 0.0000000000
120828  -25.398  31.478  1.288 0.0000000000
121813  -26.649  31.924  1.650 0.0000000000
119743  -26.115  30.563  1.290 0.0000000000
120830  -27.080  31.448  1.638 0.0000000000
121795  -27.818  32.463  2.320 0.0000000000
121796  -28.691  32.538  2.242 0.0000000000
121814  -29.440  32.582  1.840 0.0000000000
122759  -30.292  33.595  1.055 0.0000000000
121836  -30.462  32.595  0.675 0.0000000000
120849  -30.511  31.609  0.243 0.0000000000
118714  -29.793  29.747  1.567 0.0000000000
119759  -30.389  30.645  0.587 0.0000000000
114812  -24.932  25.615  -0.143 0.0000000000
115737  -25.230  26.446  0.217 0.0000000000
115738  -26.370  26.500  1.150 0.0000000000
115724  -27.325  26.405  1.676 0.0000000000
114784  -28.283  25.565  1.587 0.0000000000
115726  -29.409  26.576  1.254 0.0000000000
116695  -30.263  27.627  -0.230 0.0000000000
116710  -30.037  27.577  -1.125 0.0000000000
114869  -30.107  25.073  -3.274 0.0000000000
113796  -30.173  24.485  -3.903 0.0000000000
112738  -30.998  23.886  -4.594 0.0000000000
111654  -31.595  22.366  -0.650 0.0000000000
111672  -31.979  22.432  -1.715 0.0000000000
110598  -32.259  21.483  -2.097 0.0000000000
111673  -32.111  22.040  -2.502 0.0000000000
111685  -31.748  22.661  -2.656 0.0000000000
111725  -34.508  22.397  -5.013 0.0000000000
105338  -28.419  16.487  -1.510 0.0000000000
104273  -28.966  15.700  -1.849 0.0000000000
105339  -29.280  16.554  -1.873 0.0000000000
106449  -30.397  17.531  -2.315 0.0000000000
106471  -30.911  17.554  -2.714 0.0000000000
107603  -31.905  18.155  -3.683 0.0000000000
103250  -30.829  14.010  -2.292 0.0000000000
103251  -31.328  14.597  -2.261 0.0000000000
104276  -31.870  15.745  -1.904 0.0000000000
105343  -32.749  16.502  -1.691 0.0000000000
105342  -32.071  16.466  -2.112 0.0000000000
106473  -32.202  17.641  -2.807 0.0000000000
107604  -32.757  18.449  -3.662 0.0000000000
107625  -34.400  19.136  -3.575 0.0000000000
108653  -35.061  19.492  -3.704 0.0000000000
109665  -36.318  20.012  -4.558 0.0000000000
108634  -36.604  19.044  -3.376 0.0000000000
108666  -36.783  19.716  -4.684 0.0000000000
109683  -36.674  20.449  -4.883 0.0000000000
94538  -31.477  6.484  -1.043 0.0000000000
94540  -33.399  6.642  -1.601 0.0000000000
94556  -33.875  6.741  -2.160 0.0000000000
94557  -34.276  6.855  -2.815 0.0000000000
84019  -26.843  -2.051  -3.025 0.0000000000
85324  -28.274  -1.279  -3.129 0.0000000000
85340  -26.547  -1.276  -4.233 0.0000000000
86520  -29.454  -0.107  -2.589 0.0000000000
86568  -25.922  -0.676  -5.012 0.0000000000
93471  -34.006  6.240  -3.543 0.0000000000
95570  -33.728  7.309  -1.657 0.0000000000
96588  -34.786  8.639  -2.038 0.0000000000
96589  -35.198  8.759  -2.469 0.0000000000
96603  -35.371  8.951  -2.920 0.0000000000
97642  -35.233  9.462  -2.372 0.0000000000
98787  -33.459  11.098  -0.684 0.0000000000
98800  -32.086  10.823  -0.859 0.0000000000
99973  -32.575  11.736  -0.947 0.0000000000
101093  -32.588  12.391  -0.998 0.0000000000
101116  -35.135  12.034  -1.096 0.0000000000
101132  -29.954  12.903  -2.561 0.0000000000
102204  -31.771  13.872  -1.467 0.0000000000
102252  -29.534  13.825  -3.335 0.0000000000
102253  -30.054  14.270  -3.369 0.0000000000
103234  -34.061  14.314  -0.859 0.0000000000
103275  -29.419  14.765  -3.168 0.0000000000
103277  -30.970  14.977  -3.283 0.0000000000
103303  -30.362  14.889  -3.607 0.0000000000
104263  -35.711  14.880  -1.617 0.0000000000
104272  -28.135  15.708  -1.591 0.0000000000
104275  -29.745  16.177  -3.132 0.0000000000
104278  -35.503  15.858  -1.529 0.0000000000
104298  -29.673  15.544  -3.397 0.0000000000
104299  -31.314  15.621  -2.901 0.0000000000
104321  -29.996  15.286  -3.882 0.0000000000
104322  -30.434  15.519  -3.884 0.0000000000
104323  -30.913  15.615  -3.610 0.0000000000
105321  -33.368  15.988  -1.018 0.0000000000
105323  -34.664  15.588  -1.204 0.0000000000
105367  -30.781  16.747  -3.040 0.0000000000
105369  -32.242  16.910  -2.309 0.0000000000
105390  -30.590  16.125  -3.756 0.0000000000
106479  -38.972  17.161  -3.337 0.0000000000
107562  -27.115  18.941  -0.799 0.0000000000
107583  -35.433  17.973  -2.198 0.0000000000
107584  -35.792  17.753  -2.089 0.0000000000
107623  -31.667  18.927  -4.363 0.0000000000
107638  -31.926  19.267  -4.946 0.0000000000
107639  -32.209  18.993  -4.943 0.0000000000
107640  -38.411  19.257  -5.297 0.0000000000
108593  -26.906  19.439  -0.703 0.0000000000
108612  -30.886  19.334  -1.262 0.0000000000
108630  -32.856  18.693  -4.403 0.0000000000
108631  -33.308  18.842  -4.118 0.0000000000
108632  -35.137  18.918  -3.304 0.0000000000
108649  -31.741  19.268  -3.317 0.0000000000
108650  -31.862  19.673  -3.922 0.0000000000
108652  -33.950  19.438  -3.968 0.0000000000
108654  -36.234  19.621  -3.977 0.0000000000
108665  -32.330  19.483  -5.026 0.0000000000
108668  -38.519  19.812  -5.551 0.0000000000
109598  -29.211  21.205  0.445 0.0000000000
109611  -27.406  20.352  -0.347 0.0000000000
109644  -35.057  20.534  -4.352 0.0000000000
109645  -35.253  20.616  -4.455 0.0000000000
109680  -32.338  19.865  -4.857 0.0000000000
109681  -32.735  19.871  -4.819 0.0000000000
109684  -37.754  20.593  -5.548 0.0000000000
110564  -27.217  21.766  0.007 0.0000000000
110613  -35.017  20.767  -4.438 0.0000000000
110633  -35.283  20.839  -4.549 0.0000000000
110634  -37.529  21.575  -4.727 0.0000000000
111634  -30.426  23.029  0.902 0.0000000000
111706  -32.429  22.522  -3.976 0.0000000000
112753  -31.126  24.129  -5.525 0.0000000000
113707  -27.353  24.989  1.384 0.0000000000
113721  -29.818  24.513  1.412 0.0000000000
113738  -31.384  23.963  -0.881 0.0000000000
114785  -29.164  25.690  1.465 0.0000000000
114799  -30.479  25.573  0.451 0.0000000000
115723  -26.794  26.994  1.361 0.0000000000
115739  -26.794  26.137  1.552 0.0000000000
116694  -29.942  27.605  0.550 0.0000000000
117649  -28.128  29.334  2.308 0.0000000000
117678  -29.816  28.287  1.062 0.0000000000
118698  -27.874  30.046  2.267 0.0000000000
118711  -25.882  29.647  1.193 0.0000000000
119726  -27.530  30.718  1.920 0.0000000000
119728  -28.867  30.757  2.232 0.0000000000
120829  -26.383  31.418  1.494 0.0000000000
120832  -30.340  31.616  1.021 0.0000000000
121793  -26.561  32.561  1.861 0.0000000000
122757  -26.856  33.782  1.752 0.0000000000
123694  -27.671  34.217  2.057 0.0000000000
123706  -26.666  34.255  1.558 0.0000000000
124548  -28.889  35.341  2.167 0.0000000000
125494  -26.121  35.978  1.633 0.0000000000
