#!ascii label  , from subject 3605 vox2ras=TkReg
1369
127667  53.546  34.201  35.853 0.0000000000
131083  59.024  38.357  41.657 0.0000000000
120809  59.875  27.623  40.948 0.0000000000
126756  47.559  33.864  35.894 0.0000000000
124807  49.260  31.283  37.394 0.0000000000
133740  56.902  41.194  35.900 0.0000000000
131026  54.121  39.106  47.126 0.0000000000
136339  57.687  44.073  46.724 0.0000000000
116661  60.808  23.522  46.794 0.0000000000
114341  55.978  21.032  42.933 0.0000000000
130268  59.075  37.294  35.435 0.0000000000
123765  56.909  30.551  35.328 0.0000000000
125807  61.394  32.105  36.941 0.0000000000
122681  60.453  29.500  43.353 0.0000000000
139888  55.645  48.452  41.230 0.0000000000
134588  58.802  42.867  39.471 0.0000000000
119891  52.883  26.371  40.290 0.0000000000
126773  50.338  33.491  35.102 0.0000000000
124874  48.069  32.361  34.166 0.0000000000
125866  51.368  32.800  34.038 0.0000000000
130272  54.699  38.005  35.185 0.0000000000
128493  52.519  35.661  38.017 0.0000000000
132771  53.411  40.731  47.780 0.0000000000
113159  61.637  20.936  49.165 0.0000000000
112176  60.371  19.430  46.518 0.0000000000
111118  62.668  17.747  45.705 0.0000000000
142463  56.933  51.410  38.349 0.0000000000
130251  60.702  37.631  37.486 0.0000000000
127641  61.088  34.232  36.139 0.0000000000
128480  61.455  35.423  38.731 0.0000000000
125766  55.134  32.161  42.614 0.0000000000
124777  58.050  31.528  40.801 0.0000000000
123680  58.071  30.898  44.439 0.0000000000
121713  59.463  27.678  45.624 0.0000000000
133651  55.641  41.742  44.248 0.0000000000
135479  57.683  43.833  43.841 0.0000000000
132827  57.066  40.782  39.794 0.0000000000
132867  59.803  40.752  36.543 0.0000000000
121809  58.728  28.946  37.594 0.0000000000
121794  55.360  28.816  38.538 0.0000000000
120821  56.613  27.256  40.109 0.0000000000
123754  46.519  30.199  36.499 0.0000000000
122716  47.511  28.725  39.302 0.0000000000
136397  59.090  44.476  37.945 0.0000000000
134608  55.180  42.548  38.434 0.0000000000
131050  55.728  38.944  44.517 0.0000000000
129330  59.257  36.854  41.790 0.0000000000
136356  51.595  44.486  44.303 0.0000000000
137237  54.244  45.232  43.966 0.0000000000
133621  56.590  41.365  48.084 0.0000000000
118881  60.584  25.756  43.607 0.0000000000
117844  57.249  24.755  43.104 0.0000000000
115502  58.480  22.543  45.498 0.0000000000
113227  58.869  19.606  42.444 0.0000000000
128514  56.501  35.404  35.570 0.0000000000
125862  54.912  32.463  33.639 0.0000000000
126765  58.556  33.370  35.337 0.0000000000
123761  60.669  30.556  35.315 0.0000000000
122725  61.436  29.289  38.196 0.0000000000
127612  58.904  33.684  38.721 0.0000000000
124774  60.312  30.832  39.966 0.0000000000
121746  61.718  28.207  41.833 0.0000000000
119865  61.448  26.867  45.454 0.0000000000
117802  60.164  24.563  47.909 0.0000000000
141648  54.116  50.322  39.340 0.0000000000
140754  58.223  50.111  41.172 0.0000000000
138136  58.571  46.767  42.723 0.0000000000
137272  60.146  45.853  39.288 0.0000000000
134657  60.345  43.032  36.141 0.0000000000
132027  57.505  39.428  33.837 0.0000000000
123751  52.785  31.013  35.806 0.0000000000
121776  51.914  28.798  39.648 0.0000000000
118907  49.357  25.587  40.349 0.0000000000
116699  54.415  23.331  41.786 0.0000000000
126751  52.420  33.924  36.043 0.0000000000
126789  50.671  33.339  34.293 0.0000000000
126788  52.032  33.230  34.361 0.0000000000
128502  55.195  36.017  36.166 0.0000000000
129370  53.932  36.768  36.776 0.0000000000
127645  53.281  34.552  36.648 0.0000000000
127647  51.255  33.954  36.851 0.0000000000
112133  61.572  19.576  49.342 0.0000000000
112171  62.016  18.730  47.553 0.0000000000
109962  62.456  17.804  48.033 0.0000000000
119912  46.387  26.575  38.222 0.0000000000
130234  59.938  38.063  39.718 0.0000000000
130242  61.117  37.340  38.623 0.0000000000
129344  61.002  37.174  40.843 0.0000000000
124736  55.522  31.558  44.028 0.0000000000
125752  56.652  31.579  43.519 0.0000000000
131946  56.418  39.423  42.315 0.0000000000
132801  55.938  41.156  41.689 0.0000000000
131108  57.690  39.032  40.177 0.0000000000
131983  58.775  39.501  38.893 0.0000000000
120838  59.147  27.710  39.287 0.0000000000
121770  57.662  28.060  38.961 0.0000000000
119886  57.796  26.909  40.643 0.0000000000
125820  46.411  33.201  36.283 0.0000000000
125837  45.898  32.422  34.824 0.0000000000
124838  48.602  31.651  35.396 0.0000000000
124861  47.639  31.542  34.857 0.0000000000
124821  47.673  31.071  36.547 0.0000000000
122752  47.011  30.043  37.852 0.0000000000
123723  49.077  30.497  38.547 0.0000000000
134629  58.221  42.648  37.044 0.0000000000
135510  57.096  43.659  38.611 0.0000000000
133724  56.000  41.184  37.076 0.0000000000
127633  48.012  34.158  37.304 0.0000000000
127652  46.775  34.256  36.698 0.0000000000
131038  54.845  39.065  46.380 0.0000000000
130174  56.649  37.589  44.433 0.0000000000
130163  54.748  37.861  45.874 0.0000000000
132725  53.292  40.614  49.679 0.0000000000
133623  54.994  41.290  48.282 0.0000000000
132735  55.509  40.407  48.651 0.0000000000
132770  55.665  40.367  46.670 0.0000000000
117834  60.536  24.946  45.053 0.0000000000
116685  59.358  24.058  45.035 0.0000000000
115501  59.438  22.553  46.058 0.0000000000
112185  60.823  18.888  44.085 0.0000000000
112187  58.955  19.550  44.859 0.0000000000
112200  60.534  19.365  42.501 0.0000000000
129389  57.478  36.444  35.460 0.0000000000
127663  57.028  34.450  35.360 0.0000000000
128511  58.777  35.562  36.020 0.0000000000
126750  61.649  33.225  36.506 0.0000000000
125830  61.138  32.546  35.370 0.0000000000
124828  62.214  31.361  35.887 0.0000000000
122762  60.672  29.404  36.339 0.0000000000
123728  61.187  30.391  37.547 0.0000000000
129347  57.467  35.967  40.817 0.0000000000
128469  59.455  35.240  39.811 0.0000000000
128471  57.918  34.578  39.779 0.0000000000
124752  59.454  31.381  42.281 0.0000000000
124775  59.662  31.372  40.312 0.0000000000
123697  60.407  30.375  41.656 0.0000000000
122701  61.188  29.488  40.425 0.0000000000
122683  61.475  28.986  42.185 0.0000000000
120803  61.302  27.398  43.527 0.0000000000
121739  61.158  28.157  44.235 0.0000000000
119841  58.686  26.434  46.541 0.0000000000
119832  59.692  25.779  46.987 0.0000000000
140766  54.995  49.566  40.385 0.0000000000
141640  55.726  50.293  40.250 0.0000000000
140755  57.027  49.914  41.557 0.0000000000
137217  55.547  45.593  45.472 0.0000000000
138132  55.863  46.283  44.477 0.0000000000
138106  57.463  46.488  46.257 0.0000000000
135486  57.735  43.745  41.242 0.0000000000
137243  58.514  45.689  42.880 0.0000000000
136378  58.602  44.655  40.978 0.0000000000
137264  58.991  46.138  40.489 0.0000000000
136389  59.771  44.353  39.571 0.0000000000
136387  60.527  44.542  38.796 0.0000000000
134603  59.731  43.016  38.537 0.0000000000
131139  59.996  38.706  35.462 0.0000000000
132899  59.402  40.216  34.991 0.0000000000
130292  58.507  37.826  33.777 0.0000000000
130283  56.799  37.733  34.622 0.0000000000
123783  56.302  31.216  34.660 0.0000000000
124855  53.937  31.438  33.619 0.0000000000
123749  55.074  30.520  35.939 0.0000000000
120843  54.310  27.720  39.910 0.0000000000
121796  53.313  28.971  39.165 0.0000000000
120845  52.402  27.430  40.041 0.0000000000
120827  50.512  27.069  40.060 0.0000000000
118905  51.344  25.323  40.641 0.0000000000
116691  56.336  23.563  43.627 0.0000000000
117846  55.877  24.301  42.402 0.0000000000
115515  54.782  22.392  42.600 0.0000000000
126775  48.748  33.518  35.293 0.0000000000
126793  47.771  33.234  34.423 0.0000000000
127690  48.876  33.509  34.092 0.0000000000
125868  49.545  32.755  33.796 0.0000000000
124836  50.929  32.056  35.279 0.0000000000
132904  55.285  39.640  34.344 0.0000000000
127648  50.217  33.817  36.675 0.0000000000
115475  61.286  21.847  48.015 0.0000000000
114304  60.526  21.311  47.267 0.0000000000
113194  61.248  20.249  47.857 0.0000000000
112175  61.389  18.670  46.068 0.0000000000
131138  60.206  37.920  35.526 0.0000000000
129377  59.728  35.829  36.325 0.0000000000
130257  61.345  36.579  37.201 0.0000000000
128490  61.726  35.161  37.493 0.0000000000
127625  61.701  34.376  38.034 0.0000000000
126716  55.630  33.715  40.900 0.0000000000
125794  56.831  32.816  39.913 0.0000000000
125774  56.565  31.860  42.189 0.0000000000
124742  58.434  31.452  43.286 0.0000000000
123679  58.991  30.165  44.015 0.0000000000
122664  60.011  29.019  44.581 0.0000000000
122666  58.747  28.981  44.491 0.0000000000
120787  57.740  27.851  45.620 0.0000000000
119843  56.686  26.314  46.330 0.0000000000
139016  54.830  47.131  41.118 0.0000000000
134558  57.259  42.710  45.523 0.0000000000
136352  58.635  44.389  45.333 0.0000000000
134569  56.310  42.855  43.353 0.0000000000
134576  56.992  42.630  41.027 0.0000000000
133684  57.785  41.704  39.528 0.0000000000
133721  59.242  41.600  38.029 0.0000000000
132841  59.066  40.536  38.029 0.0000000000
131123  59.665  38.961  37.245 0.0000000000
122765  58.258  29.551  36.288 0.0000000000
123730  56.113  29.772  36.925 0.0000000000
121811  56.743  28.672  38.052 0.0000000000
120841  56.264  27.804  39.443 0.0000000000
119889  55.156  26.391  40.508 0.0000000000
113239  56.829  20.332  41.549 0.0000000000
113241  54.908  20.505  41.297 0.0000000000
122790  44.530  29.520  34.161 0.0000000000
124876  46.245  31.584  34.068 0.0000000000
123787  46.296  30.638  34.604 0.0000000000
122782  45.511  29.895  35.574 0.0000000000
122753  46.230  29.426  37.540 0.0000000000
121782  46.629  28.012  39.118 0.0000000000
119905  47.541  26.378  39.335 0.0000000000
137281  57.834  45.591  38.694 0.0000000000
136390  56.499  44.393  39.041 0.0000000000
131056  57.689  38.406  43.261 0.0000000000
130183  59.590  37.860  42.618 0.0000000000
130173  57.813  37.657  44.014 0.0000000000
129312  57.475  36.890  42.679 0.0000000000
129333  56.391  36.195  41.252 0.0000000000
128443  55.352  35.171  41.171 0.0000000000
126707  54.124  33.530  41.905 0.0000000000
136367  52.716  45.047  43.978 0.0000000000
136347  54.527  44.672  45.433 0.0000000000
135459  55.848  43.554  46.108 0.0000000000
135438  57.127  42.726  47.425 0.0000000000
133638  56.583  41.537  46.103 0.0000000000
132792  55.063  40.251  44.616 0.0000000000
119872  60.557  26.600  42.433 0.0000000000
118893  58.448  26.432  41.738 0.0000000000
118883  58.327  25.207  43.263 0.0000000000
116687  57.555  23.572  44.409 0.0000000000
114336  56.937  21.394  44.309 0.0000000000
114319  58.723  21.050  46.168 0.0000000000
113220  57.761  20.533  44.816 0.0000000000
113229  56.838  20.443  42.653 0.0000000000
127665  55.319  34.196  35.735 0.0000000000
126786  54.137  33.180  34.210 0.0000000000
126768  55.630  33.425  35.309 0.0000000000
126783  56.930  32.754  35.061 0.0000000000
124851  57.979  31.469  34.717 0.0000000000
126764  59.708  33.378  35.548 0.0000000000
125845  59.786  32.042  34.948 0.0000000000
123763  58.839  30.174  35.441 0.0000000000
122763  59.880  29.220  36.054 0.0000000000
121789  60.036  28.430  37.934 0.0000000000
120836  60.967  27.995  39.208 0.0000000000
128454  60.351  36.315  40.812 0.0000000000
127610  60.565  34.499  38.655 0.0000000000
126741  60.312  33.411  37.906 0.0000000000
125801  57.941  32.723  39.105 0.0000000000
124804  59.525  31.725  38.011 0.0000000000
124792  60.608  31.030  38.145 0.0000000000
123718  61.383  29.835  38.726 0.0000000000
121760  61.504  28.428  39.753 0.0000000000
120808  60.734  27.410  41.082 0.0000000000
118886  61.037  26.447  43.057 0.0000000000
118876  61.057  25.723  44.502 0.0000000000
117822  61.065  24.725  46.125 0.0000000000
120771  60.914  27.162  45.923 0.0000000000
118851  60.874  25.642  46.662 0.0000000000
117812  60.957  24.360  46.975 0.0000000000
116641  61.122  23.030  48.571 0.0000000000
141660  55.799  51.138  38.453 0.0000000000
141638  57.375  50.916  39.708 0.0000000000
139901  58.930  49.667  40.406 0.0000000000
138119  58.909  46.347  44.945 0.0000000000
139869  57.586  48.486  42.897 0.0000000000
139868  58.437  48.643  42.355 0.0000000000
139012  59.368  48.094  40.772 0.0000000000
139037  60.061  47.748  39.175 0.0000000000
137278  60.219  45.266  38.180 0.0000000000
136430  59.714  43.916  37.015 0.0000000000
133738  58.941  42.071  35.696 0.0000000000
133737  60.000  41.790  36.730 0.0000000000
133769  59.318  40.924  34.742 0.0000000000
132884  57.385  40.608  34.542 0.0000000000
131150  55.948  38.512  34.147 0.0000000000
129391  55.884  36.313  35.761 0.0000000000
125880  52.865  32.052  32.569 0.0000000000
124858  52.087  31.910  34.486 0.0000000000
124805  51.180  31.377  36.769 0.0000000000
122749  53.936  29.896  37.595 0.0000000000
122751  52.090  30.203  38.045 0.0000000000
122731  50.575  29.898  38.604 0.0000000000
121778  49.936  28.591  39.439 0.0000000000
120829  48.589  27.172  40.147 0.0000000000
118895  56.513  25.506  41.424 0.0000000000
118896  55.269  25.058  41.173 0.0000000000
118898  53.809  24.708  41.150 0.0000000000
113242  54.209  20.595  41.130 0.0000000000
116704  52.150  23.806  40.914 0.0000000000
108888  62.534  16.821  45.630 0.0000000000
110027  62.791  17.615  43.866 0.0000000000
126771  52.634  33.698  35.319 0.0000000000
126787  53.185  33.221  34.261 0.0000000000
127644  54.205  34.779  36.523 0.0000000000
127627  54.217  35.426  36.874 0.0000000000
127668  52.828  34.194  36.077 0.0000000000
111059  62.214  18.392  48.909 0.0000000000
131095  59.560  38.374  40.936 0.0000000000
130226  60.497  37.759  40.526 0.0000000000
130219  59.988  38.235  41.569 0.0000000000
131084  58.121  38.496  41.568 0.0000000000
131085  57.415  38.949  41.437 0.0000000000
131096  58.715  38.552  40.733 0.0000000000
120818  59.538  27.598  40.039 0.0000000000
120819  58.538  27.412  40.076 0.0000000000
120810  59.045  27.596  40.741 0.0000000000
126757  46.978  33.696  35.942 0.0000000000
125836  46.516  32.947  35.365 0.0000000000
124819  49.499  31.618  36.241 0.0000000000
124820  48.467  31.383  36.408 0.0000000000
123737  48.612  30.812  37.919 0.0000000000
123736  49.299  30.918  38.088 0.0000000000
133723  57.383  41.837  36.690 0.0000000000
134630  56.979  42.104  37.446 0.0000000000
127651  47.531  34.182  36.415 0.0000000000
126744  46.311  33.715  36.926 0.0000000000
131927  54.634  39.247  46.783 0.0000000000
131045  55.170  38.183  45.926 0.0000000000
131039  54.521  38.710  46.533 0.0000000000
131897  53.994  39.548  48.559 0.0000000000
132723  54.948  40.361  49.087 0.0000000000
131896  54.899  39.941  48.675 0.0000000000
131926  54.897  39.761  46.727 0.0000000000
116674  60.759  24.116  46.208 0.0000000000
117824  60.239  24.302  45.512 0.0000000000
116675  60.413  23.614  46.185 0.0000000000
112192  60.116  19.140  43.410 0.0000000000
129388  58.173  36.649  35.535 0.0000000000
128512  58.100  35.498  35.657 0.0000000000
125819  61.863  31.996  36.381 0.0000000000
125829  61.751  32.093  35.926 0.0000000000
125818  62.683  31.585  36.228 0.0000000000
123744  62.455  31.192  36.109 0.0000000000
124801  61.643  31.370  36.713 0.0000000000
129348  56.928  35.651  40.738 0.0000000000
128457  57.501  35.111  40.330 0.0000000000
127598  57.295  34.207  39.929 0.0000000000
123688  60.028  30.563  42.714 0.0000000000
124751  60.057  31.151  41.808 0.0000000000
122684  60.744  29.641  42.422 0.0000000000
122680  61.028  28.886  43.164 0.0000000000
122674  60.796  28.922  43.794 0.0000000000
118853  58.193  25.770  46.765 0.0000000000
139902  54.983  48.448  40.662 0.0000000000
140767  54.147  49.148  40.043 0.0000000000
140757  55.415  48.981  40.883 0.0000000000
140756  55.982  49.337  41.213 0.0000000000
139887  56.705  48.601  41.937 0.0000000000
136345  56.677  44.491  46.162 0.0000000000
137216  56.492  45.547  45.986 0.0000000000
137215  57.270  45.345  46.429 0.0000000000
135490  58.088  43.331  40.533 0.0000000000
135485  58.213  44.294  40.990 0.0000000000
135489  58.514  43.867  40.358 0.0000000000
136385  59.394  44.832  40.263 0.0000000000
135494  59.293  43.912  39.565 0.0000000000
135493  60.082  43.815  39.146 0.0000000000
134587  59.484  43.411  39.157 0.0000000000
130279  59.671  37.874  34.893 0.0000000000
131158  59.297  38.382  33.849 0.0000000000
130280  59.217  37.791  34.479 0.0000000000
129398  57.915  37.128  34.858 0.0000000000
123766  55.727  30.774  35.154 0.0000000000
119902  53.438  26.856  40.154 0.0000000000
120844  53.385  27.544  40.011 0.0000000000
119903  53.033  26.972  39.917 0.0000000000
120825  52.188  26.724  40.229 0.0000000000
118904  52.393  25.319  40.664 0.0000000000
115512  55.833  22.424  43.636 0.0000000000
116692  55.589  23.035  43.303 0.0000000000
114342  55.289  21.337  42.587 0.0000000000
126774  49.545  33.479  35.142 0.0000000000
126791  49.149  33.505  34.584 0.0000000000
126790  49.779  33.521  34.489 0.0000000000
126805  50.539  33.068  33.885 0.0000000000
127687  50.040  33.235  33.758 0.0000000000
125867  50.336  32.811  33.898 0.0000000000
125853  49.935  32.479  34.214 0.0000000000
125835  50.548  32.361  34.651 0.0000000000
132030  54.931  39.017  33.998 0.0000000000
132016  54.489  39.482  34.690 0.0000000000
131140  54.426  38.470  34.913 0.0000000000
128492  53.291  35.960  37.512 0.0000000000
129371  53.415  37.062  37.050 0.0000000000
126753  50.807  33.745  35.912 0.0000000000
126754  49.936  33.688  35.805 0.0000000000
127649  49.470  33.632  36.392 0.0000000000
115474  62.025  21.553  48.088 0.0000000000
114302  61.342  21.241  47.876 0.0000000000
113193  61.947  20.800  48.270 0.0000000000
111098  62.146  18.449  47.131 0.0000000000
111108  62.079  18.333  46.409 0.0000000000
111119  62.073  18.368  45.393 0.0000000000
142476  56.477  51.343  37.838 0.0000000000
141674  55.867  51.018  37.441 0.0000000000
131129  60.272  38.057  36.415 0.0000000000
130258  60.812  37.137  36.529 0.0000000000
129362  61.420  36.518  38.759 0.0000000000
129369  61.484  36.109  37.808 0.0000000000
127624  62.065  34.339  37.299 0.0000000000
126706  55.071  33.241  41.428 0.0000000000
125786  55.702  32.883  40.984 0.0000000000
125775  55.744  32.533  41.909 0.0000000000
124734  57.440  31.464  44.114 0.0000000000
125763  57.537  31.606  43.275 0.0000000000
124733  58.329  31.255  43.936 0.0000000000
124732  58.859  31.063  43.569 0.0000000000
123668  58.888  29.604  44.284 0.0000000000
123669  58.361  30.044  44.464 0.0000000000
121728  57.617  28.626  45.015 0.0000000000
120775  57.274  27.156  46.000 0.0000000000
133650  56.246  41.937  45.185 0.0000000000
134559  56.484  42.661  44.614 0.0000000000
134560  55.841  42.364  43.618 0.0000000000
131972  56.479  40.600  40.924 0.0000000000
133667  56.379  41.707  41.374 0.0000000000
132828  56.929  41.277  40.050 0.0000000000
133675  57.112  41.883  40.314 0.0000000000
133685  57.213  41.404  39.897 0.0000000000
133702  58.181  41.273  38.716 0.0000000000
132843  57.797  40.561  38.916 0.0000000000
131116  59.466  38.745  38.316 0.0000000000
131122  60.028  38.246  37.279 0.0000000000
122744  58.727  29.215  36.808 0.0000000000
122745  58.025  29.290  37.145 0.0000000000
121810  57.710  28.805  37.935 0.0000000000
120820  57.537  27.276  39.979 0.0000000000
120840  57.213  27.685  39.218 0.0000000000
120822  55.692  27.193  40.233 0.0000000000
119888  56.044  26.522  40.541 0.0000000000
123789  44.567  30.485  34.034 0.0000000000
126809  47.535  32.848  34.077 0.0000000000
126810  47.189  32.727  34.019 0.0000000000
124875  47.285  31.846  34.189 0.0000000000
123786  47.040  30.872  35.103 0.0000000000
123796  47.041  31.057  34.656 0.0000000000
123771  46.336  30.354  35.462 0.0000000000
123772  45.705  30.271  34.857 0.0000000000
122781  46.074  30.062  35.965 0.0000000000
122768  45.891  29.782  36.415 0.0000000000
122734  47.513  29.680  38.597 0.0000000000
122735  46.703  28.834  38.798 0.0000000000
122717  46.993  28.431  39.304 0.0000000000
120850  47.003  27.240  39.400 0.0000000000
121781  47.362  27.968  39.480 0.0000000000
138176  59.545  46.463  38.303 0.0000000000
137280  58.856  45.546  38.325 0.0000000000
134607  56.322  42.427  38.132 0.0000000000
135495  56.747  44.156  38.941 0.0000000000
135511  55.923  43.265  38.806 0.0000000000
135512  54.951  43.530  38.778 0.0000000000
131048  58.118  38.035  43.648 0.0000000000
131049  56.816  38.218  44.262 0.0000000000
129296  57.264  36.892  44.221 0.0000000000
129313  56.493  36.935  42.259 0.0000000000
129315  54.494  36.415  42.104 0.0000000000
127578  54.833  34.247  41.292 0.0000000000
136376  51.993  44.702  42.908 0.0000000000
136368  51.733  44.854  43.742 0.0000000000
136348  53.564  44.474  45.241 0.0000000000
135461  53.713  43.585  45.234 0.0000000000
133622  55.905  41.562  48.317 0.0000000000
134535  56.249  42.124  47.765 0.0000000000
134544  56.663  42.578  47.537 0.0000000000
134534  56.725  42.096  47.728 0.0000000000
134543  57.294  42.247  47.225 0.0000000000
133629  56.741  41.327  47.187 0.0000000000
131934  55.116  39.734  45.550 0.0000000000
131935  55.060  40.139  45.130 0.0000000000
131058  55.777  39.267  43.954 0.0000000000
131057  56.446  38.825  43.410 0.0000000000
118888  60.069  26.197  42.994 0.0000000000
118882  59.583  25.363  43.625 0.0000000000
116686  58.737  23.551  44.991 0.0000000000
117837  58.373  24.198  44.385 0.0000000000
115508  58.030  23.029  45.002 0.0000000000
116688  56.927  22.987  44.335 0.0000000000
115509  57.485  22.298  44.831 0.0000000000
113207  60.298  20.427  47.135 0.0000000000
114317  60.033  21.351  46.744 0.0000000000
112177  59.354  19.867  46.251 0.0000000000
112193  58.890  19.355  43.729 0.0000000000
113223  58.275  19.818  44.515 0.0000000000
112194  58.339  19.602  43.301 0.0000000000
113225  57.140  20.537  43.620 0.0000000000
113228  58.027  19.764  42.725 0.0000000000
113238  57.927  20.114  41.609 0.0000000000
128515  55.704  35.207  35.805 0.0000000000
127664  56.188  34.325  35.624 0.0000000000
126766  57.490  33.547  35.260 0.0000000000
126782  57.799  32.843  34.991 0.0000000000
125847  57.406  32.208  34.715 0.0000000000
128500  60.219  35.216  36.470 0.0000000000
127642  59.843  34.649  36.214 0.0000000000
127660  60.235  33.929  35.807 0.0000000000
124848  61.097  31.439  35.232 0.0000000000
125831  60.281  32.666  35.251 0.0000000000
124849  60.344  31.288  35.123 0.0000000000
124850  59.179  31.206  35.025 0.0000000000
124831  59.426  30.687  35.235 0.0000000000
122779  59.389  29.686  35.734 0.0000000000
122778  60.244  29.777  35.667 0.0000000000
122742  61.236  29.507  37.031 0.0000000000
122743  60.864  29.091  36.853 0.0000000000
121788  60.997  28.552  37.922 0.0000000000
120856  60.368  28.105  38.572 0.0000000000
121769  61.496  28.585  38.824 0.0000000000
129310  59.168  37.209  42.450 0.0000000000
129329  60.150  36.922  41.649 0.0000000000
128439  59.860  36.531  41.444 0.0000000000
127596  59.422  34.625  39.236 0.0000000000
127595  60.049  34.929  39.361 0.0000000000
126729  59.925  33.942  38.332 0.0000000000
125784  57.385  31.847  40.673 0.0000000000
125793  57.640  32.185  39.887 0.0000000000
124787  58.285  31.664  40.099 0.0000000000
124785  59.734  31.200  39.341 0.0000000000
124794  59.095  31.521  38.665 0.0000000000
124793  59.969  31.317  38.479 0.0000000000
124803  60.276  31.662  37.800 0.0000000000
124784  60.490  30.858  38.997 0.0000000000
123719  61.019  30.515  38.486 0.0000000000
123712  60.956  30.043  39.516 0.0000000000
122691  61.497  28.926  41.131 0.0000000000
122700  61.621  28.967  40.182 0.0000000000
121752  61.529  28.297  40.786 0.0000000000
120816  61.161  27.820  40.379 0.0000000000
120807  61.356  27.525  41.507 0.0000000000
119876  60.971  26.899  41.871 0.0000000000
120805  61.419  27.484  42.510 0.0000000000
120801  61.347  27.267  44.461 0.0000000000
119868  61.252  26.631  43.990 0.0000000000
119866  61.377  26.582  44.971 0.0000000000
118865  61.317  25.847  45.589 0.0000000000
118864  61.465  26.299  45.784 0.0000000000
121726  59.558  28.340  45.061 0.0000000000
121725  60.335  28.419  44.967 0.0000000000
121712  60.284  27.773  45.519 0.0000000000
119831  60.129  25.612  47.130 0.0000000000
119839  60.373  26.134  46.566 0.0000000000
118840  60.491  25.216  47.267 0.0000000000
118839  60.961  25.015  47.032 0.0000000000
117801  60.811  24.111  47.820 0.0000000000
116651  61.028  23.001  47.825 0.0000000000
140775  53.775  49.599  39.733 0.0000000000
141650  52.577  49.803  38.963 0.0000000000
141649  53.147  50.090  39.187 0.0000000000
141647  55.310  50.604  39.590 0.0000000000
140764  57.288  50.508  40.623 0.0000000000
141639  56.404  50.724  40.096 0.0000000000
140763  58.311  50.426  39.837 0.0000000000
135478  58.218  43.898  44.782 0.0000000000
137222  59.106  45.269  45.148 0.0000000000
136363  58.531  44.588  44.260 0.0000000000
138130  59.043  46.647  43.860 0.0000000000
138989  58.510  47.630  43.815 0.0000000000
139003  58.536  47.785  42.533 0.0000000000
138155  59.556  46.597  39.846 0.0000000000
138156  59.039  47.277  40.581 0.0000000000
139021  59.612  47.752  40.303 0.0000000000
138167  60.194  46.858  39.361 0.0000000000
139036  60.372  46.856  38.770 0.0000000000
138166  60.333  46.079  38.769 0.0000000000
135529  60.274  43.836  37.599 0.0000000000
136408  60.102  44.435  37.573 0.0000000000
135567  60.064  43.316  36.129 0.0000000000
135554  59.166  43.228  36.387 0.0000000000
134659  59.495  42.305  35.557 0.0000000000
132853  59.344  40.983  37.639 0.0000000000
132912  58.844  39.658  33.810 0.0000000000
132901  57.893  40.119  34.089 0.0000000000
133770  58.380  40.826  34.535 0.0000000000
132028  56.645  39.341  33.798 0.0000000000
132043  56.478  38.748  33.736 0.0000000000
129390  56.644  36.700  35.357 0.0000000000
130270  56.213  37.478  34.989 0.0000000000
126801  54.352  32.807  33.629 0.0000000000
126802  53.635  32.870  33.465 0.0000000000
125863  54.079  32.455  32.972 0.0000000000
123768  53.470  31.210  35.057 0.0000000000
124833  53.028  31.430  34.481 0.0000000000
123769  52.957  31.305  35.079 0.0000000000
124816  52.198  31.492  35.649 0.0000000000
123752  52.186  31.264  36.201 0.0000000000
122747  55.976  29.346  37.643 0.0000000000
123731  55.506  30.026  36.879 0.0000000000
122727  54.544  29.400  38.200 0.0000000000
121797  52.701  29.017  39.458 0.0000000000
122729  52.473  29.530  38.779 0.0000000000
122711  51.744  29.419  39.006 0.0000000000
123720  51.628  30.370  37.859 0.0000000000
122712  51.115  29.313  39.063 0.0000000000
122713  50.242  29.229  39.126 0.0000000000
121777  50.744  28.616  39.524 0.0000000000
119894  49.914  26.359  40.364 0.0000000000
120828  49.474  27.400  40.206 0.0000000000
119895  48.998  26.469  40.370 0.0000000000
118908  48.677  25.798  40.098 0.0000000000
117859  48.808  25.085  40.072 0.0000000000
118890  57.429  25.279  42.491 0.0000000000
118894  57.786  26.020  41.713 0.0000000000
116698  55.024  23.897  41.849 0.0000000000
117849  55.562  24.471  41.800 0.0000000000
117850  54.773  24.294  41.471 0.0000000000
118897  54.342  24.879  41.183 0.0000000000
117851  53.935  24.115  41.291 0.0000000000
113253  54.831  20.154  40.415 0.0000000000
113254  53.811  20.322  40.402 0.0000000000
126772  51.371  33.504  35.139 0.0000000000
126804  51.634  32.815  33.946 0.0000000000
129378  55.249  37.041  35.998 0.0000000000
130260  54.560  37.578  35.844 0.0000000000
129379  54.432  36.808  36.463 0.0000000000
127628  53.732  35.231  37.118 0.0000000000
127629  52.871  34.978  37.396 0.0000000000
127630  51.762  34.726  37.814 0.0000000000
127646  52.330  34.248  36.718 0.0000000000
126752  51.820  33.678  36.039 0.0000000000
113160  61.702  20.708  49.127 0.0000000000
113176  61.711  20.261  48.525 0.0000000000
112132  62.004  19.270  48.810 0.0000000000
111097  62.353  18.252  47.629 0.0000000000
109982  62.375  17.615  47.218 0.0000000000
130243  60.168  37.938  38.477 0.0000000000
130233  60.774  37.564  39.662 0.0000000000
129355  61.351  37.026  39.619 0.0000000000
128467  61.237  36.272  39.985 0.0000000000
125753  55.660  31.679  43.369 0.0000000000
125765  56.114  31.899  42.768 0.0000000000
124744  56.232  31.515  43.640 0.0000000000
123681  57.514  31.108  44.514 0.0000000000
131947  55.717  40.262  42.421 0.0000000000
132798  55.696  41.077  42.400 0.0000000000
131957  56.204  40.303  41.503 0.0000000000
131098  57.344  39.290  40.639 0.0000000000
131985  57.537  39.648  39.660 0.0000000000
131994  57.994  39.846  39.037 0.0000000000
131107  58.215  38.895  39.930 0.0000000000
130235  59.536  38.407  39.143 0.0000000000
121790  59.206  28.515  38.192 0.0000000000
121791  58.290  28.399  38.589 0.0000000000
120859  58.490  28.126  38.883 0.0000000000
124860  48.559  32.156  34.455 0.0000000000
124839  47.717  31.252  35.691 0.0000000000
123753  47.235  30.607  36.847 0.0000000000
123739  46.889  30.215  37.308 0.0000000000
123738  47.653  30.495  37.678 0.0000000000
123724  48.298  30.303  38.385 0.0000000000
122733  48.705  29.860  39.003 0.0000000000
135508  58.877  44.012  37.528 0.0000000000
135509  58.279  43.750  37.767 0.0000000000
134605  58.136  43.156  37.517 0.0000000000
134606  57.550  42.910  37.830 0.0000000000
133704  55.412  41.754  37.891 0.0000000000
127634  47.034  34.558  37.272 0.0000000000
126733  46.187  34.071  37.534 0.0000000000
125812  46.183  32.870  36.949 0.0000000000
131044  55.496  38.590  45.544 0.0000000000
131043  56.326  38.038  44.942 0.0000000000
130162  55.707  37.865  45.391 0.0000000000
132737  53.367  41.354  49.068 0.0000000000
133624  54.186  41.066  48.066 0.0000000000
133605  53.863  41.383  49.056 0.0000000000
133604  54.937  41.219  48.982 0.0000000000
133602  56.151  40.757  48.656 0.0000000000
132769  56.350  40.715  47.488 0.0000000000
132759  55.710  40.249  47.692 0.0000000000
118878  59.857  25.007  44.247 0.0000000000
117835  59.849  24.576  44.834 0.0000000000
116676  59.654  23.626  45.557 0.0000000000
116677  59.102  23.069  45.514 0.0000000000
112181  60.859  18.891  45.180 0.0000000000
112182  59.691  19.372  45.509 0.0000000000
112186  59.888  19.194  44.462 0.0000000000
112201  59.503  19.506  42.630 0.0000000000
128513  57.304  35.486  35.442 0.0000000000
127662  57.944  34.478  35.371 0.0000000000
128498  61.572  34.532  36.629 0.0000000000
127659  60.896  33.679  35.694 0.0000000000
126762  61.277  33.175  35.794 0.0000000000
125843  61.355  31.895  35.417 0.0000000000
123778  61.260  31.008  35.321 0.0000000000
122777  61.130  29.974  35.689 0.0000000000
122776  61.457  30.195  35.836 0.0000000000
123745  61.694  30.814  36.333 0.0000000000
129331  58.442  36.662  41.664 0.0000000000
128441  58.842  36.113  41.000 0.0000000000
128456  58.502  35.673  40.416 0.0000000000
128470  58.525  34.903  39.758 0.0000000000
127597  58.389  34.017  39.188 0.0000000000
124765  58.837  31.631  41.580 0.0000000000
124776  58.921  31.615  40.629 0.0000000000
124764  59.664  31.649  41.281 0.0000000000
124763  60.296  31.113  40.953 0.0000000000
123704  60.588  30.184  40.640 0.0000000000
122692  61.015  29.590  41.412 0.0000000000
121744  61.389  28.174  42.913 0.0000000000
121723  61.231  27.622  45.017 0.0000000000
120773  59.162  27.112  46.126 0.0000000000
120772  59.968  26.999  45.982 0.0000000000
119833  59.140  25.957  46.813 0.0000000000
118841  59.839  25.261  47.527 0.0000000000
139918  53.653  48.859  39.894 0.0000000000
140774  54.506  50.122  39.849 0.0000000000
140765  56.243  50.094  40.733 0.0000000000
137218  54.687  45.362  45.225 0.0000000000
137236  55.509  45.887  44.354 0.0000000000
138108  55.894  46.313  45.245 0.0000000000
138107  56.477  46.407  45.673 0.0000000000
135482  57.493  43.967  42.609 0.0000000000
136364  58.087  44.402  43.302 0.0000000000
136372  57.992  44.748  42.428 0.0000000000
137244  58.134  45.301  41.999 0.0000000000
137253  58.537  45.618  41.553 0.0000000000
138145  58.622  46.988  41.487 0.0000000000
136384  59.771  45.013  39.787 0.0000000000
137271  60.553  45.218  38.782 0.0000000000
135492  60.440  44.242  38.999 0.0000000000
134602  60.210  43.380  38.369 0.0000000000
134626  60.302  43.142  37.808 0.0000000000
132015  59.690  39.569  35.577 0.0000000000
132883  59.686  40.473  35.684 0.0000000000
132025  59.474  39.336  34.518 0.0000000000
132040  59.029  39.166  33.617 0.0000000000
132041  58.080  38.959  33.458 0.0000000000
131161  57.040  38.229  33.885 0.0000000000
130293  57.754  37.749  33.934 0.0000000000
129399  57.520  37.056  34.949 0.0000000000
124853  55.645  31.804  33.895 0.0000000000
124870  54.749  32.066  33.290 0.0000000000
123785  54.570  31.360  33.997 0.0000000000
123767  54.443  31.080  34.743 0.0000000000
123750  53.935  30.847  35.898 0.0000000000
121773  54.772  28.305  39.322 0.0000000000
121795  54.215  28.841  38.820 0.0000000000
121774  53.826  28.328  39.538 0.0000000000
121775  52.947  28.379  39.763 0.0000000000
120846  51.202  27.801  39.937 0.0000000000
120826  51.520  26.884  40.125 0.0000000000
119893  50.910  26.203  40.369 0.0000000000
118906  50.297  25.384  40.516 0.0000000000
117842  56.945  24.352  43.446 0.0000000000
117845  56.544  24.557  42.771 0.0000000000
116694  55.969  24.020  42.854 0.0000000000
116695  55.280  23.499  42.587 0.0000000000
116696  54.631  22.942  42.309 0.0000000000
127669  48.284  33.720  35.659 0.0000000000
126777  47.142  33.189  34.915 0.0000000000
126792  48.555  33.451  34.510 0.0000000000
126808  48.447  33.164  34.000 0.0000000000
127679  49.783  33.537  34.024 0.0000000000
126807  49.221  33.127  33.628 0.0000000000
125869  48.695  32.679  33.968 0.0000000000
124859  49.353  32.328  34.387 0.0000000000
124837  49.731  32.155  35.088 0.0000000000
132868  56.242  40.590  35.324 0.0000000000
133741  56.004  40.672  36.052 0.0000000000
132017  53.628  39.458  34.912 0.0000000000
130261  53.633  37.877  36.251 0.0000000000
127631  50.571  34.106  37.736 0.0000000000
127632  49.292  33.935  37.366 0.0000000000
127650  48.545  33.733  36.271 0.0000000000
132761  52.618  40.757  48.455 0.0000000000
131885  53.563  39.853  49.412 0.0000000000
115476  60.856  22.269  47.498 0.0000000000
115486  60.395  22.394  46.683 0.0000000000
115477  60.698  21.833  47.335 0.0000000000
113195  60.846  20.363  47.587 0.0000000000
112173  60.768  19.819  47.182 0.0000000000
112159  61.546  19.682  47.986 0.0000000000
112172  61.494  19.260  47.272 0.0000000000
111136  61.476  18.765  44.385 0.0000000000
130267  59.832  37.413  35.501 0.0000000000
129387  59.158  36.409  36.005 0.0000000000
129386  59.590  36.836  35.770 0.0000000000
129376  60.193  36.274  36.354 0.0000000000
128499  61.193  35.148  36.678 0.0000000000
130250  61.412  36.977  37.689 0.0000000000
129375  61.222  36.068  36.956 0.0000000000
127640  61.880  34.133  36.719 0.0000000000
126749  62.044  33.758  37.066 0.0000000000
126740  61.525  33.270  37.278 0.0000000000
127588  56.436  34.212  40.502 0.0000000000
127599  56.857  34.012  40.145 0.0000000000
126715  56.190  33.211  40.370 0.0000000000
125785  56.613  32.163  40.934 0.0000000000
124778  57.394  31.642  41.220 0.0000000000
125764  57.023  31.701  42.993 0.0000000000
124767  57.172  31.598  41.934 0.0000000000
124766  57.989  31.451  41.835 0.0000000000
124753  58.626  31.501  42.506 0.0000000000
123689  59.517  31.086  42.871 0.0000000000
123684  59.813  29.965  43.657 0.0000000000
122675  60.328  29.051  44.242 0.0000000000
122676  59.688  29.346  44.268 0.0000000000
122665  59.499  29.081  44.456 0.0000000000
121741  58.418  28.455  44.911 0.0000000000
121714  58.904  27.577  45.792 0.0000000000
120774  58.300  27.312  46.071 0.0000000000
119842  57.716  26.448  46.439 0.0000000000
118854  57.223  25.598  46.692 0.0000000000
139023  55.149  47.762  40.950 0.0000000000
135449  58.052  43.491  46.667 0.0000000000
136343  58.581  44.099  46.145 0.0000000000
135466  58.318  43.630  45.596 0.0000000000
135467  57.634  43.216  44.883 0.0000000000
135480  56.898  43.373  42.971 0.0000000000
134570  56.037  42.247  42.774 0.0000000000
134572  56.482  42.428  42.200 0.0000000000
135487  57.330  43.145  41.277 0.0000000000
134580  57.763  42.629  40.325 0.0000000000
134589  58.200  42.334  39.660 0.0000000000
134604  59.198  42.528  38.782 0.0000000000
133701  58.845  41.881  38.645 0.0000000000
132854  59.053  41.320  38.123 0.0000000000
131992  59.033  39.879  38.280 0.0000000000
132001  59.541  39.859  37.405 0.0000000000
132007  59.730  39.762  36.460 0.0000000000
131130  59.960  38.896  36.386 0.0000000000
123747  57.521  29.954  35.883 0.0000000000
123748  56.356  30.092  36.197 0.0000000000
122766  57.328  29.611  36.636 0.0000000000
122746  57.069  29.161  37.364 0.0000000000
121812  56.126  28.792  38.277 0.0000000000
121792  57.263  28.159  38.643 0.0000000000
121793  56.333  28.266  38.764 0.0000000000
121772  55.626  28.232  39.216 0.0000000000
120842  55.245  27.726  39.752 0.0000000000
120823  54.733  27.103  40.267 0.0000000000
119890  54.067  26.349  40.388 0.0000000000
113230  56.067  20.582  42.320 0.0000000000
113240  55.724  20.405  41.602 0.0000000000
122791  43.586  29.572  34.015 0.0000000000
125855  46.591  32.675  34.539 0.0000000000
125856  46.080  32.077  34.239 0.0000000000
124877  45.635  31.482  33.944 0.0000000000
123797  46.269  31.076  34.121 0.0000000000
123798  45.550  30.961  33.803 0.0000000000
123788  45.420  30.391  34.218 0.0000000000
122789  45.173  29.824  34.699 0.0000000000
122783  44.679  29.198  35.259 0.0000000000
122769  45.155  29.199  36.501 0.0000000000
121798  45.918  28.208  38.178 0.0000000000
120851  46.312  27.297  38.790 0.0000000000
136398  58.066  44.619  38.402 0.0000000000
136399  57.056  44.684  38.824 0.0000000000
132855  55.324  40.577  36.205 0.0000000000
132856  54.628  40.602  36.582 0.0000000000
131068  58.428  38.442  42.450 0.0000000000
131066  59.764  38.233  42.012 0.0000000000
131055  58.812  38.284  43.178 0.0000000000
130171  59.045  37.695  43.392 0.0000000000
129294  58.554  36.992  43.387 0.0000000000
129295  57.664  36.861  43.623 0.0000000000
129311  58.432  36.964  42.628 0.0000000000
129332  57.405  36.573  41.569 0.0000000000
128459  55.941  34.779  40.793 0.0000000000
127589  55.632  34.436  40.917 0.0000000000
125776  54.789  32.756  42.046 0.0000000000
137238  53.283  45.160  44.162 0.0000000000
136355  52.553  44.618  44.646 0.0000000000
136354  53.384  44.952  45.029 0.0000000000
136353  54.024  45.073  45.258 0.0000000000
136346  55.680  44.596  45.677 0.0000000000
136340  57.100  44.055  46.602 0.0000000000
133632  54.149  41.109  47.045 0.0000000000
134552  55.682  42.814  46.533 0.0000000000
135451  56.941  43.338  47.124 0.0000000000
135450  57.747  43.102  46.942 0.0000000000
134551  56.774  42.279  45.607 0.0000000000
133639  55.808  41.351  45.180 0.0000000000
132780  56.286  40.879  46.643 0.0000000000
132791  55.246  40.649  44.462 0.0000000000
131941  55.731  39.703  43.383 0.0000000000
131069  57.275  38.790  42.399 0.0000000000
119877  60.225  27.058  41.726 0.0000000000
119878  59.078  27.001  41.565 0.0000000000
119873  59.797  26.587  42.252 0.0000000000
118889  58.836  26.000  42.439 0.0000000000
117839  59.470  24.861  44.289 0.0000000000
117840  58.765  24.812  44.027 0.0000000000
117841  57.745  24.503  43.698 0.0000000000
116690  57.084  24.079  43.878 0.0000000000
115510  56.532  22.356  44.184 0.0000000000
114338  56.301  21.348  43.615 0.0000000000
115487  59.816  21.944  46.433 0.0000000000
114318  59.218  21.473  46.360 0.0000000000
114332  58.403  21.511  45.791 0.0000000000
112183  58.881  19.839  45.672 0.0000000000
113217  58.086  20.816  45.431 0.0000000000
114333  57.782  21.406  45.228 0.0000000000
114335  57.384  21.260  44.763 0.0000000000
127666  54.459  34.154  35.751 0.0000000000
126770  53.801  33.567  35.083 0.0000000000
126769  54.730  33.483  35.104 0.0000000000
126785  55.025  32.926  34.379 0.0000000000
126767  56.578  33.483  35.364 0.0000000000
126784  55.942  32.711  34.954 0.0000000000
125849  55.527  32.512  34.208 0.0000000000
125848  56.256  32.241  34.447 0.0000000000
124852  56.841  31.644  34.490 0.0000000000
123782  57.406  30.890  34.785 0.0000000000
127661  59.035  34.467  35.778 0.0000000000
126763  60.661  33.261  35.472 0.0000000000
125832  59.384  32.709  35.279 0.0000000000
125846  58.591  32.273  34.913 0.0000000000
123781  58.399  30.705  35.038 0.0000000000
123764  57.976  30.144  35.286 0.0000000000
122780  58.642  29.750  35.762 0.0000000000
122764  59.108  29.221  36.212 0.0000000000
121823  59.173  28.939  36.853 0.0000000000
121822  59.699  28.874  36.577 0.0000000000
121808  59.531  28.667  37.314 0.0000000000
120857  59.623  28.061  38.648 0.0000000000
120837  60.057  27.754  39.262 0.0000000000
120817  60.447  27.619  40.114 0.0000000000
130201  60.285  37.818  41.872 0.0000000000
128453  60.905  36.582  40.732 0.0000000000
128455  59.563  35.807  40.525 0.0000000000
128468  60.542  35.427  39.636 0.0000000000
128481  61.170  34.936  39.085 0.0000000000
127609  61.370  34.767  38.694 0.0000000000
127626  61.103  33.960  37.903 0.0000000000
125808  60.794  32.378  37.523 0.0000000000
126721  58.132  33.468  39.017 0.0000000000
126731  58.451  33.089  38.660 0.0000000000
124786  58.813  31.454  39.640 0.0000000000
125800  58.321  32.101  39.004 0.0000000000
126742  59.264  32.940  38.132 0.0000000000
125809  59.817  32.409  37.777 0.0000000000
124802  60.995  31.377  37.440 0.0000000000
122710  61.442  29.453  39.733 0.0000000000
122709  61.661  29.157  39.239 0.0000000000
119871  61.012  26.645  42.634 0.0000000000
118880  61.063  26.209  43.503 0.0000000000
119870  61.175  26.795  43.059 0.0000000000
117833  60.981  25.148  45.388 0.0000000000
121740  60.721  28.358  44.712 0.0000000000
121724  61.001  27.891  45.116 0.0000000000
120785  61.276  27.248  45.537 0.0000000000
119838  61.139  26.309  46.275 0.0000000000
119837  61.428  26.330  46.061 0.0000000000
118850  61.240  25.567  46.327 0.0000000000
116640  61.289  22.514  48.417 0.0000000000
114289  61.655  21.823  49.269 0.0000000000
141659  56.428  51.319  38.588 0.0000000000
141646  56.605  51.231  39.120 0.0000000000
142455  57.130  51.388  38.752 0.0000000000
141637  57.906  50.881  39.345 0.0000000000
140762  59.102  49.545  39.433 0.0000000000
139014  56.472  47.450  42.237 0.0000000000
139870  56.928  48.092  42.571 0.0000000000
138092  58.385  45.252  46.443 0.0000000000
138105  58.637  45.996  46.044 0.0000000000
137234  59.073  45.552  44.047 0.0000000000
139853  57.812  48.260  43.492 0.0000000000
139886  57.917  49.440  42.185 0.0000000000
139885  58.948  49.129  41.295 0.0000000000
139013  59.098  48.022  41.262 0.0000000000
139900  59.579  48.795  40.072 0.0000000000
139054  60.046  47.044  38.556 0.0000000000
137279  59.675  45.213  38.012 0.0000000000
136395  60.406  44.560  38.220 0.0000000000
137290  59.913  44.839  37.805 0.0000000000
136409  59.592  44.353  37.529 0.0000000000
135531  58.921  43.673  37.034 0.0000000000
134647  58.363  42.271  36.472 0.0000000000
133739  58.183  41.828  35.995 0.0000000000
133700  59.369  42.400  38.445 0.0000000000
133736  60.233  42.578  37.117 0.0000000000
133753  60.392  42.491  36.203 0.0000000000
133768  59.581  40.830  35.196 0.0000000000
133754  59.999  41.581  35.451 0.0000000000
134658  60.123  42.709  35.671 0.0000000000
133755  58.928  41.573  35.198 0.0000000000
133756  57.792  41.156  35.189 0.0000000000
133757  56.929  40.851  35.077 0.0000000000
132885  56.519  40.396  34.609 0.0000000000
132029  55.780  39.230  33.696 0.0000000000
130285  55.233  37.958  34.890 0.0000000000
131149  56.576  38.307  34.148 0.0000000000
130284  55.789  37.985  34.763 0.0000000000
130271  55.597  37.385  35.278 0.0000000000
128516  54.956  34.994  36.101 0.0000000000
126803  52.747  32.758  33.647 0.0000000000
125865  52.594  32.260  33.311 0.0000000000
124872  53.249  31.675  32.959 0.0000000000
125850  52.429  32.042  33.559 0.0000000000
125851  51.952  32.361  34.098 0.0000000000
125834  51.310  32.250  34.616 0.0000000000
124818  50.564  31.744  36.114 0.0000000000
124806  50.403  31.348  37.110 0.0000000000
123732  54.467  30.374  36.851 0.0000000000
123733  53.323  30.526  36.858 0.0000000000
122728  53.557  29.461  38.401 0.0000000000
122750  52.904  30.132  37.835 0.0000000000
123734  51.963  30.740  37.024 0.0000000000
123721  50.918  30.604  37.810 0.0000000000
124795  50.084  31.124  37.828 0.0000000000
123722  49.930  30.633  38.339 0.0000000000
122714  49.380  29.167  39.329 0.0000000000
122715  48.413  29.022  39.394 0.0000000000
120847  50.103  27.927  39.812 0.0000000000
120848  49.609  27.859  39.937 0.0000000000
121762  48.399  27.554  39.842 0.0000000000
120849  47.918  27.259  39.677 0.0000000000
119879  58.132  26.671  41.271 0.0000000000
119880  57.383  26.348  41.136 0.0000000000
119887  56.863  26.558  40.669 0.0000000000
117848  56.226  24.764  42.060 0.0000000000
118900  56.272  26.050  40.809 0.0000000000
118901  55.663  25.804  40.811 0.0000000000
118902  54.695  25.589  40.760 0.0000000000
118903  53.557  25.273  40.845 0.0000000000
114345  54.897  20.965  41.987 0.0000000000
114346  54.242  21.307  41.809 0.0000000000
115518  53.745  22.285  41.730 0.0000000000
114347  53.425  21.170  41.349 0.0000000000
116700  53.491  23.171  41.321 0.0000000000
117852  53.264  23.839  41.030 0.0000000000
117855  52.764  24.315  40.852 0.0000000000
117856  51.819  24.415  40.826 0.0000000000
117857  50.775  24.380  40.732 0.0000000000
108869  62.216  17.193  46.710 0.0000000000
109997  62.666  17.353  46.288 0.0000000000
108899  63.016  17.053  44.866 0.0000000000
111133  62.937  17.561  45.137 0.0000000000
108887  62.957  16.951  45.150 0.0000000000
109922  62.146  18.163  49.107 0.0000000000
109996  62.937  17.223  45.570 0.0000000000
110013  63.066  17.248  45.142 0.0000000000
110014  62.967  17.379  44.705 0.0000000000
111060  61.933  18.642  49.217 0.0000000000
111086  62.268  18.393  48.418 0.0000000000
111107  62.452  17.902  46.744 0.0000000000
111117  62.959  17.433  45.384 0.0000000000
111120  61.648  18.641  44.959 0.0000000000
112158  61.849  19.163  48.123 0.0000000000
112178  58.878  20.168  46.092 0.0000000000
112180  61.528  18.619  45.401 0.0000000000
112202  58.712  19.514  42.937 0.0000000000
113175  61.929  20.793  48.658 0.0000000000
113177  61.452  19.787  48.380 0.0000000000
113192  62.103  20.980  48.346 0.0000000000
113208  59.682  20.498  46.669 0.0000000000
113209  59.009  20.591  46.347 0.0000000000
113216  58.546  20.571  45.856 0.0000000000
113219  58.300  20.097  45.248 0.0000000000
113221  57.357  20.709  44.308 0.0000000000
113224  57.910  20.000  43.864 0.0000000000
114272  61.690  21.348  48.912 0.0000000000
114273  61.574  21.563  48.918 0.0000000000
114287  61.978  21.053  48.171 0.0000000000
114288  61.446  22.080  48.929 0.0000000000
114301  62.044  21.188  48.132 0.0000000000
114303  60.926  21.276  47.766 0.0000000000
114331  58.849  22.060  45.987 0.0000000000
114339  55.684  21.710  43.210 0.0000000000
114343  54.654  21.663  42.264 0.0000000000
115454  61.414  21.991  48.409 0.0000000000
115455  61.678  21.825  48.875 0.0000000000
115456  61.357  22.557  49.030 0.0000000000
115464  61.542  21.453  48.143 0.0000000000
115465  61.403  22.240  48.598 0.0000000000
115466  61.444  22.261  48.821 0.0000000000
115485  60.742  22.843  46.896 0.0000000000
115500  59.998  23.075  46.145 0.0000000000
115503  57.997  21.968  45.382 0.0000000000
115513  55.273  22.422  43.089 0.0000000000
115516  54.343  22.342  42.123 0.0000000000
116630  61.111  22.919  49.090 0.0000000000
116650  61.266  22.347  48.219 0.0000000000
116662  60.628  23.103  46.635 0.0000000000
117823  60.705  24.487  45.739 0.0000000000
117836  59.098  24.390  44.646 0.0000000000
117854  53.464  24.454  41.036 0.0000000000
118849  61.462  26.128  45.925 0.0000000000
118852  58.746  25.865  46.824 0.0000000000
118877  60.305  25.209  44.281 0.0000000000
118884  57.662  24.982  43.154 0.0000000000
118887  60.799  26.293  43.045 0.0000000000
118891  56.668  25.021  42.145 0.0000000000
119840  59.530  26.410  46.507 0.0000000000
119852  61.445  26.621  45.797 0.0000000000
119853  61.431  26.476  45.577 0.0000000000
119875  61.276  27.006  42.301 0.0000000000
119885  58.448  27.230  40.891 0.0000000000
119892  51.884  26.164  40.444 0.0000000000
119904  48.298  26.423  39.880 0.0000000000
120770  61.365  26.780  45.950 0.0000000000
120786  61.040  27.539  45.536 0.0000000000
120800  61.394  27.230  45.093 0.0000000000
120824  53.952  27.122  40.218 0.0000000000
120839  58.227  27.884  39.245 0.0000000000
120858  58.841  28.065  38.775 0.0000000000
120860  56.700  27.879  38.952 0.0000000000
120861  56.452  27.951  39.035 0.0000000000
121711  60.802  27.763  45.450 0.0000000000
121727  58.591  28.154  45.223 0.0000000000
121738  61.293  27.579  44.763 0.0000000000
121742  58.214  28.481  44.951 0.0000000000
121761  48.772  27.725  40.006 0.0000000000
121771  57.377  27.934  38.914 0.0000000000
121779  49.247  28.262  39.808 0.0000000000
121780  48.241  28.069  39.621 0.0000000000
121806  60.937  28.915  37.167 0.0000000000
121807  60.405  28.754  37.004 0.0000000000
121821  60.173  28.988  36.429 0.0000000000
122677  58.569  28.582  44.774 0.0000000000
122726  55.226  29.387  38.042 0.0000000000
122730  51.494  29.841  38.401 0.0000000000
122732  49.680  29.932  38.929 0.0000000000
122748  54.958  29.813  37.593 0.0000000000
122761  61.412  30.021  36.128 0.0000000000
122767  56.579  29.596  36.956 0.0000000000
123678  59.678  29.604  44.056 0.0000000000
123685  59.394  30.760  43.348 0.0000000000
123711  61.443  29.622  39.311 0.0000000000
123729  60.914  30.781  37.878 0.0000000000
123735  51.170  31.096  37.267 0.0000000000
123746  58.126  29.794  35.736 0.0000000000
123759  62.242  31.130  35.988 0.0000000000
123760  61.632  30.685  35.722 0.0000000000
123762  59.638  30.288  35.427 0.0000000000
123770  47.098  30.706  35.991 0.0000000000
123779  60.876  31.071  35.180 0.0000000000
123780  59.072  30.591  35.262 0.0000000000
123784  55.229  31.323  34.290 0.0000000000
124741  59.083  31.296  43.020 0.0000000000
124743  57.836  31.585  43.556 0.0000000000
124745  55.994  31.471  43.738 0.0000000000
124754  57.737  31.584  42.801 0.0000000000
124755  57.102  31.643  42.530 0.0000000000
124796  49.649  31.068  37.980 0.0000000000
124808  48.157  31.146  37.240 0.0000000000
124809  47.640  30.886  37.097 0.0000000000
124814  62.810  31.348  35.992 0.0000000000
124815  62.394  31.396  36.224 0.0000000000
124817  51.588  31.598  36.076 0.0000000000
124829  61.635  31.407  35.577 0.0000000000
124830  59.858  30.784  35.230 0.0000000000
124832  53.609  31.359  34.290 0.0000000000
124834  52.504  31.570  34.943 0.0000000000
124835  51.770  31.849  35.075 0.0000000000
124854  54.675  31.631  33.554 0.0000000000
124856  53.146  31.528  33.688 0.0000000000
124857  52.529  31.795  33.997 0.0000000000
124869  55.197  32.148  33.618 0.0000000000
124871  53.907  31.823  32.719 0.0000000000
124873  52.728  31.817  33.246 0.0000000000
124883  53.406  31.990  32.370 0.0000000000
124884  53.188  31.898  32.503 0.0000000000
124885  52.858  31.894  32.756 0.0000000000
125741  57.149  31.549  43.810 0.0000000000
125743  55.097  31.765  43.616 0.0000000000
125751  57.320  31.586  43.581 0.0000000000
125792  58.223  31.851  39.630 0.0000000000
125810  58.920  32.320  38.196 0.0000000000
125811  46.323  33.304  36.723 0.0000000000
125828  62.385  31.488  36.237 0.0000000000
125833  51.757  32.067  34.525 0.0000000000
125844  60.739  31.989  35.119 0.0000000000
125852  50.896  32.609  34.225 0.0000000000
125854  49.216  32.451  34.067 0.0000000000
125861  55.509  32.241  33.899 0.0000000000
125864  53.263  32.471  32.922 0.0000000000
125870  47.809  32.585  34.114 0.0000000000
125871  46.877  32.360  34.044 0.0000000000
125872  46.010  31.964  34.035 0.0000000000
125878  53.535  32.195  32.581 0.0000000000
125879  53.091  32.153  32.537 0.0000000000
126722  57.644  33.251  39.318 0.0000000000
126723  56.850  33.628  40.002 0.0000000000
126730  59.384  33.525  38.397 0.0000000000
126732  57.955  33.026  38.955 0.0000000000
126739  62.019  33.932  37.455 0.0000000000
126743  58.858  32.783  38.293 0.0000000000
126745  46.182  33.436  37.288 0.0000000000
126755  49.270  33.500  35.778 0.0000000000
126776  47.862  33.605  35.280 0.0000000000
126794  47.160  32.888  34.229 0.0000000000
126806  49.896  33.083  33.662 0.0000000000
127611  59.443  34.063  38.739 0.0000000000
127635  46.478  34.273  37.284 0.0000000000
127643  59.184  34.971  36.239 0.0000000000
127670  47.945  33.912  35.875 0.0000000000
127678  50.131  33.367  33.910 0.0000000000
127680  49.284  33.567  34.179 0.0000000000
127681  48.976  33.536  34.283 0.0000000000
127688  49.704  33.333  33.779 0.0000000000
127689  49.206  33.448  33.894 0.0000000000
128440  59.431  36.325  41.253 0.0000000000
128489  61.853  34.675  36.924 0.0000000000
128491  54.034  36.138  37.014 0.0000000000
128501  59.437  35.433  36.311 0.0000000000
128503  54.573  35.688  36.561 0.0000000000
129284  58.852  37.570  43.482 0.0000000000
129285  58.488  37.395  43.648 0.0000000000
129286  57.831  37.071  44.091 0.0000000000
129287  57.171  36.992  44.004 0.0000000000
129292  59.442  37.746  42.801 0.0000000000
129293  59.123  37.488  43.133 0.0000000000
129308  60.103  37.774  42.031 0.0000000000
129309  59.669  37.629  42.262 0.0000000000
129328  60.328  37.538  41.707 0.0000000000
129345  60.686  36.707  41.062 0.0000000000
129346  58.143  36.246  41.048 0.0000000000
129380  53.855  37.126  36.629 0.0000000000
129400  57.131  37.035  35.130 0.0000000000
130161  56.138  37.953  45.210 0.0000000000
130172  58.697  37.799  43.586 0.0000000000
130184  59.344  37.956  43.110 0.0000000000
130185  58.947  38.071  43.433 0.0000000000
130186  57.291  36.841  44.009 0.0000000000
130187  56.720  37.090  44.080 0.0000000000
130202  59.878  38.008  42.246 0.0000000000
130203  59.498  38.130  42.692 0.0000000000
130204  57.176  36.907  43.587 0.0000000000
130218  60.388  37.842  41.414 0.0000000000
130227  60.124  38.180  40.786 0.0000000000
130244  59.692  38.180  38.912 0.0000000000
130259  55.032  37.508  35.542 0.0000000000
130269  58.594  37.066  35.549 0.0000000000
130273  54.189  38.069  35.632 0.0000000000
130281  58.350  37.385  34.705 0.0000000000
130282  57.597  37.451  34.459 0.0000000000
130291  59.042  37.979  33.671 0.0000000000
130294  57.292  37.796  34.156 0.0000000000
131027  53.883  38.927  46.981 0.0000000000
131047  58.681  38.053  43.501 0.0000000000
131054  59.313  38.214  42.886 0.0000000000
131067  59.345  38.251  42.392 0.0000000000
131070  56.627  39.043  42.782 0.0000000000
131082  59.612  38.311  41.747 0.0000000000
131097  57.865  38.681  40.705 0.0000000000
131105  59.748  38.353  40.301 0.0000000000
131106  59.204  38.859  39.571 0.0000000000
131115  59.825  38.449  37.826 0.0000000000
131147  59.864  37.905  35.113 0.0000000000
131148  59.729  38.330  34.657 0.0000000000
131151  54.913  38.426  34.572 0.0000000000
131152  54.320  38.641  34.770 0.0000000000
131159  58.693  38.378  33.362 0.0000000000
131160  57.830  38.230  33.385 0.0000000000
131162  56.506  38.509  33.970 0.0000000000
131883  54.797  40.065  49.064 0.0000000000
131884  54.458  39.952  49.224 0.0000000000
131895  55.234  40.054  48.499 0.0000000000
131918  55.212  39.863  48.021 0.0000000000
131919  54.462  39.479  47.506 0.0000000000
131937  55.247  39.788  44.518 0.0000000000
131938  54.983  40.104  44.799 0.0000000000
131940  56.351  39.255  42.994 0.0000000000
131945  57.001  39.150  41.892 0.0000000000
131956  56.878  39.536  41.396 0.0000000000
131958  55.745  40.682  41.936 0.0000000000
131971  56.801  40.176  40.540 0.0000000000
131984  58.379  39.428  39.248 0.0000000000
131993  58.429  39.966  38.695 0.0000000000
132026  59.118  39.623  33.939 0.0000000000
132031  54.267  38.933  34.579 0.0000000000
132039  59.465  38.814  34.074 0.0000000000
132042  57.231  38.804  33.624 0.0000000000
132722  55.265  40.501  48.970 0.0000000000
132724  54.273  40.437  49.650 0.0000000000
132734  56.012  40.565  48.593 0.0000000000
132736  55.132  40.235  48.839 0.0000000000
132738  52.980  41.140  49.278 0.0000000000
132758  56.213  40.578  48.286 0.0000000000
132760  53.383  41.136  48.682 0.0000000000
132781  55.605  40.657  45.627 0.0000000000
132782  55.127  40.393  44.942 0.0000000000
132796  55.509  40.850  43.314 0.0000000000
132800  56.251  40.941  41.155 0.0000000000
132812  56.764  40.622  40.218 0.0000000000
132813  56.533  40.996  40.432 0.0000000000
132842  58.684  40.801  38.283 0.0000000000
132869  55.435  40.423  35.486 0.0000000000
132886  55.697  40.222  34.743 0.0000000000
132888  54.001  40.023  35.176 0.0000000000
132900  58.909  40.109  34.173 0.0000000000
132902  56.985  39.924  34.188 0.0000000000
132903  56.088  39.921  34.043 0.0000000000
132913  58.354  39.595  33.770 0.0000000000
133594  55.308  40.703  49.085 0.0000000000
133595  54.911  40.846  49.313 0.0000000000
133596  54.135  41.041  49.501 0.0000000000
133597  53.516  41.201  49.475 0.0000000000
133603  55.740  41.042  48.967 0.0000000000
133606  53.429  41.350  49.358 0.0000000000
133620  56.807  41.748  47.770 0.0000000000
133628  56.959  41.771  47.536 0.0000000000
133637  57.122  41.807  46.939 0.0000000000
133660  55.690  41.713  43.063 0.0000000000
133663  56.331  41.948  41.917 0.0000000000
133664  56.093  41.762  42.164 0.0000000000
133668  56.127  41.522  41.737 0.0000000000
133674  57.552  42.056  40.053 0.0000000000
133683  58.422  42.181  39.334 0.0000000000
133703  56.002  41.781  37.714 0.0000000000
133719  60.110  42.666  37.648 0.0000000000
133720  59.610  42.233  37.784 0.0000000000
133722  58.050  42.123  36.582 0.0000000000
134533  56.995  41.956  47.686 0.0000000000
134545  55.951  42.553  47.287 0.0000000000
134550  57.267  42.411  46.389 0.0000000000
134573  56.216  42.131  42.381 0.0000000000
134575  57.452  43.028  40.965 0.0000000000
134579  58.317  43.145  40.194 0.0000000000
134581  57.264  42.388  40.529 0.0000000000
134627  60.009  42.744  37.950 0.0000000000
134628  58.802  43.065  36.614 0.0000000000
134631  56.312  41.861  37.615 0.0000000000
134644  60.346  43.175  36.802 0.0000000000
134645  59.579  43.036  35.936 0.0000000000
134646  58.890  42.570  36.184 0.0000000000
135437  57.202  42.439  47.431 0.0000000000
135452  56.245  43.199  46.711 0.0000000000
135456  58.192  43.523  46.376 0.0000000000
135457  57.847  43.050  45.985 0.0000000000
135458  56.611  43.723  46.517 0.0000000000
135468  56.913  43.312  43.981 0.0000000000
135483  57.115  43.238  41.871 0.0000000000
135496  56.340  43.915  39.094 0.0000000000
135506  60.376  43.886  38.453 0.0000000000
135507  60.156  43.518  38.635 0.0000000000
135530  59.457  43.883  36.999 0.0000000000
135532  58.406  43.321  37.340 0.0000000000
135552  60.075  43.751  36.833 0.0000000000
135553  59.582  43.560  36.559 0.0000000000
135566  60.225  43.305  36.407 0.0000000000
136338  58.160  43.802  46.605 0.0000000000
136344  57.339  44.612  46.504 0.0000000000
136349  52.907  44.380  45.085 0.0000000000
136366  53.615  45.080  43.777 0.0000000000
136371  58.536  44.963  43.370 0.0000000000
136379  58.141  44.829  41.524 0.0000000000
136388  60.187  44.804  39.437 0.0000000000
136391  56.013  44.408  39.215 0.0000000000
136396  59.549  44.679  37.828 0.0000000000
136410  59.137  44.116  37.491 0.0000000000
136429  59.898  44.116  37.216 0.0000000000
137200  58.312  44.538  46.483 0.0000000000
137201  57.849  44.951  46.598 0.0000000000
137214  58.826  44.921  46.042 0.0000000000
137223  55.261  45.867  45.029 0.0000000000
137224  54.313  45.402  44.827 0.0000000000
137225  53.409  45.144  44.549 0.0000000000
137226  52.938  45.073  44.397 0.0000000000
137235  55.891  46.199  44.174 0.0000000000
137239  52.950  45.147  44.191 0.0000000000
137254  58.266  45.246  41.697 0.0000000000
137263  59.661  45.519  39.780 0.0000000000
137273  56.418  44.810  39.008 0.0000000000
137291  59.675  44.784  37.855 0.0000000000
138093  57.964  45.707  46.599 0.0000000000
138122  55.855  46.365  44.754 0.0000000000
139015  55.692  47.404  41.483 0.0000000000
139022  59.276  47.725  40.723 0.0000000000
139884  59.361  48.397  40.758 0.0000000000
142464  56.402  51.337  38.326 0.0000000000
