#!ascii label  , from subject 3502 vox2ras=TkReg
1029
63168  9.210  -35.042  88.951 0.0000000000
55638  1.679  -42.041  73.971 0.0000000000
54304  2.008  -42.041  87.319 0.0000000000
60965  2.057  -36.364  84.344 0.0000000000
64407  1.099  -33.956  78.442 0.0000000000
57703  5.658  -38.045  90.513 0.0000000000
62071  3.774  -35.526  89.767 0.0000000000
60934  12.489  -35.791  87.558 0.0000000000
55471  8.129  -39.938  87.271 0.0000000000
51955  4.472  -43.107  86.796 0.0000000000
66320  1.146  -31.710  84.522 0.0000000000
61013  0.584  -35.350  80.810 0.0000000000
68190  0.789  -29.529  80.878 0.0000000000
53192  0.492  -43.983  83.106 0.0000000000
56667  1.944  -41.404  82.669 0.0000000000
58777  2.680  -38.270  87.289 0.0000000000
64280  2.364  -32.958  88.183 0.0000000000
57771  5.346  -39.223  79.242 0.0000000000
61103  4.238  -36.223  75.131 0.0000000000
62258  2.570  -35.038  73.855 0.0000000000
66387  4.748  -31.621  77.575 0.0000000000
60913  7.191  -36.578  90.591 0.0000000000
62066  6.090  -34.880  90.334 0.0000000000
63153  11.105  -35.174  89.142 0.0000000000
58772  10.292  -37.318  87.680 0.0000000000
58755  8.456  -37.319  89.564 0.0000000000
56599  6.675  -39.363  89.451 0.0000000000
66345  0.792  -31.223  82.612 0.0000000000
53154  1.139  -42.975  84.895 0.0000000000
56636  1.413  -41.574  85.716 0.0000000000
56612  2.324  -40.502  87.458 0.0000000000
66281  3.923  -31.332  90.182 0.0000000000
64262  3.202  -33.948  89.524 0.0000000000
53124  3.625  -42.671  87.729 0.0000000000
50756  2.632  -44.690  85.212 0.0000000000
50748  1.819  -44.152  85.853 0.0000000000
50768  0.810  -45.024  84.305 0.0000000000
58792  3.934  -38.432  84.550 0.0000000000
57753  3.934  -40.156  81.581 0.0000000000
60979  4.081  -37.041  82.718 0.0000000000
63302  0.308  -34.907  79.273 0.0000000000
59964  2.113  -36.453  77.808 0.0000000000
61074  1.372  -35.497  77.120 0.0000000000
61123  3.101  -35.575  74.244 0.0000000000
63366  1.321  -34.546  75.547 0.0000000000
55460  4.095  -40.287  89.046 0.0000000000
57717  3.336  -38.679  89.042 0.0000000000
59808  4.202  -37.329  90.156 0.0000000000
64250  4.922  -32.727  90.639 0.0000000000
62087  12.826  -35.473  86.025 0.0000000000
59861  10.745  -36.646  83.838 0.0000000000
58783  11.085  -37.343  85.997 0.0000000000
56633  8.710  -39.590  85.381 0.0000000000
53142  5.999  -41.823  87.123 0.0000000000
54292  5.019  -41.751  88.542 0.0000000000
63217  1.280  -33.742  85.087 0.0000000000
59888  1.429  -36.121  82.552 0.0000000000
64331  0.481  -33.620  83.028 0.0000000000
64361  0.395  -33.050  81.567 0.0000000000
65397  0.615  -32.231  80.043 0.0000000000
64274  10.963  -33.824  87.785 0.0000000000
60974  15.067  -34.478  83.528 0.0000000000
62096  16.605  -33.636  85.062 0.0000000000
62080  13.831  -34.413  87.259 0.0000000000
64272  12.339  -33.462  87.626 0.0000000000
50810  0.323  -45.240  81.353 0.0000000000
53239  0.672  -44.177  80.612 0.0000000000
55527  0.903  -42.480  82.664 0.0000000000
57735  2.660  -39.839  85.491 0.0000000000
59837  3.025  -37.485  85.864 0.0000000000
59820  3.220  -36.991  88.913 0.0000000000
60936  2.600  -36.015  87.656 0.0000000000
62089  2.340  -34.832  86.860 0.0000000000
65333  1.777  -31.990  86.408 0.0000000000
55561  1.271  -42.561  79.862 0.0000000000
55575  2.726  -41.527  78.328 0.0000000000
55606  3.910  -41.118  76.756 0.0000000000
59927  3.015  -37.200  79.823 0.0000000000
58878  5.600  -38.198  76.992 0.0000000000
57827  4.488  -39.608  74.060 0.0000000000
58942  3.823  -38.508  72.418 0.0000000000
60055  2.641  -37.511  71.154 0.0000000000
69202  0.771  -28.509  79.355 0.0000000000
67290  1.813  -30.605  78.930 0.0000000000
68219  3.009  -29.372  78.152 0.0000000000
65429  2.735  -33.062  78.001 0.0000000000
64444  3.469  -33.211  75.665 0.0000000000
63157  8.425  -35.339  89.471 0.0000000000
63158  7.366  -34.904  89.858 0.0000000000
63179  8.184  -34.492  88.837 0.0000000000
63167  10.144  -34.975  88.859 0.0000000000
60920  10.054  -35.866  89.158 0.0000000000
62063  8.768  -35.784  89.532 0.0000000000
59813  8.016  -36.885  90.070 0.0000000000
54474  0.990  -42.848  74.004 0.0000000000
55652  2.107  -41.388  73.661 0.0000000000
54305  1.673  -42.201  86.753 0.0000000000
55481  1.622  -41.757  86.567 0.0000000000
56613  2.001  -41.155  87.263 0.0000000000
131340  11.938  -35.467  82.577 0.0000000000
53125  2.908  -42.584  87.639 0.0000000000
51949  2.403  -43.408  86.929 0.0000000000
53137  1.942  -42.774  86.995 0.0000000000
51951  1.463  -43.209  85.833 0.0000000000
59842  2.907  -37.234  85.109 0.0000000000
59846  4.416  -37.778  83.805 0.0000000000
59848  3.080  -37.032  84.191 0.0000000000
64408  0.693  -34.467  78.478 0.0000000000
62189  0.707  -35.486  78.103 0.0000000000
63331  0.981  -34.925  77.263 0.0000000000
62212  1.429  -35.134  75.961 0.0000000000
63330  1.246  -34.662  76.962 0.0000000000
56594  4.590  -38.988  89.662 0.0000000000
57710  4.288  -38.303  89.841 0.0000000000
58758  4.764  -37.914  90.250 0.0000000000
63160  5.632  -34.118  90.629 0.0000000000
67205  5.276  -30.583  89.762 0.0000000000
60941  12.522  -35.817  86.604 0.0000000000
59834  11.615  -36.505  85.767 0.0000000000
59831  11.489  -36.708  86.940 0.0000000000
57723  9.358  -38.389  87.732 0.0000000000
57726  9.450  -38.360  87.006 0.0000000000
56617  8.625  -39.517  86.947 0.0000000000
54300  7.069  -40.699  87.555 0.0000000000
57707  6.117  -38.249  90.415 0.0000000000
55457  5.730  -40.144  89.159 0.0000000000
55458  5.175  -40.094  89.274 0.0000000000
54285  4.517  -41.059  88.973 0.0000000000
64316  0.959  -33.198  84.498 0.0000000000
64317  0.603  -33.710  83.737 0.0000000000
65358  0.833  -32.200  84.024 0.0000000000
67264  0.644  -30.308  81.643 0.0000000000
65376  0.539  -32.189  81.971 0.0000000000
66352  0.446  -31.270  81.315 0.0000000000
64376  0.494  -33.075  80.560 0.0000000000
66360  0.408  -31.340  80.313 0.0000000000
60938  14.460  -34.525  86.066 0.0000000000
51995  0.386  -44.645  82.673 0.0000000000
54376  0.559  -43.558  82.192 0.0000000000
54357  0.721  -43.148  83.361 0.0000000000
57732  2.133  -40.246  86.519 0.0000000000
56635  1.609  -41.085  85.388 0.0000000000
57731  2.541  -39.549  86.284 0.0000000000
58787  2.980  -39.136  85.773 0.0000000000
58776  2.626  -38.645  86.799 0.0000000000
59817  3.559  -37.213  89.528 0.0000000000
58770  3.066  -38.038  88.864 0.0000000000
60927  3.271  -36.366  89.158 0.0000000000
64269  2.776  -33.483  89.069 0.0000000000
62079  2.953  -35.353  88.844 0.0000000000
63192  2.468  -34.516  88.003 0.0000000000
60937  2.493  -35.329  87.216 0.0000000000
63196  2.253  -34.365  87.347 0.0000000000
64303  1.735  -33.677  86.711 0.0000000000
65320  1.889  -32.662  87.190 0.0000000000
58797  9.567  -37.476  83.972 0.0000000000
58813  9.661  -37.977  82.259 0.0000000000
51963  4.964  -43.049  86.214 0.0000000000
50763  3.966  -44.335  84.134 0.0000000000
51972  3.819  -44.247  84.897 0.0000000000
49597  1.840  -45.539  84.553 0.0000000000
49603  2.315  -45.860  84.163 0.0000000000
51973  0.711  -44.381  83.935 0.0000000000
50782  0.243  -45.440  82.956 0.0000000000
55538  0.962  -42.457  81.743 0.0000000000
54396  1.042  -43.113  80.158 0.0000000000
55536  2.049  -41.689  81.344 0.0000000000
57760  4.678  -39.891  80.332 0.0000000000
56687  3.600  -40.748  80.176 0.0000000000
56698  4.551  -40.290  79.361 0.0000000000
55592  3.246  -41.412  77.480 0.0000000000
56728  4.945  -40.330  77.661 0.0000000000
61001  1.075  -35.776  81.914 0.0000000000
59904  1.909  -36.960  81.494 0.0000000000
59917  1.681  -36.809  80.462 0.0000000000
59981  2.874  -36.189  77.134 0.0000000000
59980  3.644  -36.479  77.136 0.0000000000
60014  5.342  -37.292  75.741 0.0000000000
57815  5.229  -39.284  75.282 0.0000000000
58908  5.181  -38.142  74.085 0.0000000000
57842  4.009  -39.413  73.077 0.0000000000
60029  4.766  -37.130  73.781 0.0000000000
61124  2.676  -35.461  74.536 0.0000000000
61151  3.597  -36.685  72.296 0.0000000000
61153  2.949  -36.002  71.816 0.0000000000
69212  0.810  -28.321  78.497 0.0000000000
68198  1.065  -30.033  79.516 0.0000000000
69211  1.073  -28.781  78.389 0.0000000000
69220  4.585  -29.393  77.699 0.0000000000
68218  3.881  -29.908  78.167 0.0000000000
67288  3.427  -30.827  78.335 0.0000000000
66388  3.759  -31.815  77.975 0.0000000000
64429  3.263  -33.293  76.784 0.0000000000
65439  3.866  -32.960  76.583 0.0000000000
58749  6.299  -37.799  91.286 0.0000000000
60910  5.692  -36.759  90.599 0.0000000000
62065  6.722  -35.427  90.272 0.0000000000
62077  11.786  -35.334  88.772 0.0000000000
59827  11.411  -36.570  87.629 0.0000000000
59818  10.683  -36.365  88.700 0.0000000000
57718  9.623  -37.565  88.608 0.0000000000
57720  8.495  -38.735  88.606 0.0000000000
56608  7.628  -39.579  88.590 0.0000000000
57715  7.583  -38.669  89.442 0.0000000000
58757  7.116  -37.759  90.358 0.0000000000
68162  0.824  -30.027  84.529 0.0000000000
66334  0.699  -31.178  83.985 0.0000000000
67253  0.831  -29.695  83.492 0.0000000000
67256  1.038  -29.772  82.762 0.0000000000
68179  0.956  -29.232  82.097 0.0000000000
54332  0.920  -43.062  84.286 0.0000000000
54345  0.744  -42.960  83.919 0.0000000000
55498  1.178  -42.225  85.181 0.0000000000
56626  1.609  -41.347  86.423 0.0000000000
57724  2.505  -39.235  87.869 0.0000000000
64256  3.878  -33.140  90.312 0.0000000000
63172  3.479  -34.515  89.734 0.0000000000
65304  3.446  -32.183  89.912 0.0000000000
65306  3.073  -32.234  89.549 0.0000000000
66289  2.545  -31.839  88.818 0.0000000000
66293  2.320  -31.299  88.265 0.0000000000
51947  4.006  -43.269  87.110 0.0000000000
50745  3.461  -44.244  85.700 0.0000000000
50739  2.999  -44.092  86.429 0.0000000000
50747  2.537  -44.391  85.867 0.0000000000
50767  1.164  -45.415  84.504 0.0000000000
49606  0.700  -45.821  84.304 0.0000000000
50759  1.140  -44.173  84.797 0.0000000000
51966  0.985  -44.047  84.470 0.0000000000
56645  3.065  -40.287  83.768 0.0000000000
56665  3.260  -40.589  81.882 0.0000000000
57743  4.431  -39.308  82.917 0.0000000000
58804  5.020  -38.321  82.449 0.0000000000
59901  4.734  -37.673  81.356 0.0000000000
62160  0.369  -35.156  79.834 0.0000000000
59930  1.337  -36.058  79.045 0.0000000000
61050  0.750  -35.577  78.501 0.0000000000
59983  1.721  -35.762  77.153 0.0000000000
61087  3.185  -35.991  75.971 0.0000000000
61121  4.158  -36.034  74.190 0.0000000000
61089  1.989  -35.793  76.025 0.0000000000
61108  1.647  -35.236  75.753 0.0000000000
63398  1.707  -34.773  74.947 0.0000000000
67311  5.866  -30.715  76.862 0.0000000000
65437  5.199  -32.330  75.912 0.0000000000
67310  6.196  -30.764  76.116 0.0000000000
55467  3.273  -41.171  88.408 0.0000000000
55462  3.090  -40.207  88.382 0.0000000000
56604  3.742  -39.288  89.139 0.0000000000
58760  4.045  -37.946  89.865 0.0000000000
60918  3.926  -36.603  90.078 0.0000000000
62052  4.805  -35.929  90.450 0.0000000000
62068  4.733  -34.807  90.618 0.0000000000
63162  4.329  -34.025  90.625 0.0000000000
65301  3.857  -31.995  90.174 0.0000000000
62100  13.184  -35.114  84.761 0.0000000000
60977  11.697  -35.950  83.509 0.0000000000
62102  11.454  -36.547  84.739 0.0000000000
58775  10.404  -37.451  87.054 0.0000000000
57730  9.600  -38.128  86.157 0.0000000000
56644  8.664  -39.512  84.444 0.0000000000
53153  5.556  -42.712  85.748 0.0000000000
53143  5.326  -42.508  86.794 0.0000000000
55465  6.658  -40.432  88.473 0.0000000000
54302  5.631  -41.661  88.096 0.0000000000
53133  4.783  -42.528  87.652 0.0000000000
53123  4.261  -42.384  88.080 0.0000000000
54294  3.854  -41.950  88.399 0.0000000000
60961  1.911  -35.570  84.730 0.0000000000
59851  1.629  -36.091  83.787 0.0000000000
62109  1.246  -35.013  83.915 0.0000000000
62123  0.612  -35.199  82.919 0.0000000000
63249  -0.032  -34.576  81.986 0.0000000000
65367  0.735  -32.265  82.977 0.0000000000
64346  0.226  -33.768  82.265 0.0000000000
63268  0.093  -34.718  80.947 0.0000000000
64377  0.393  -33.875  80.184 0.0000000000
64393  0.635  -34.132  79.218 0.0000000000
64391  1.269  -32.877  79.228 0.0000000000
64265  9.920  -34.454  88.179 0.0000000000
60976  14.519  -34.964  83.308 0.0000000000
64328  18.138  -33.053  83.484 0.0000000000
64315  18.187  -32.828  84.394 0.0000000000
63229  17.557  -33.402  84.051 0.0000000000
62105  16.213  -34.095  84.520 0.0000000000
60963  14.857  -34.634  84.070 0.0000000000
62108  13.885  -35.119  84.158 0.0000000000
60932  13.642  -34.953  86.920 0.0000000000
62081  13.279  -34.839  87.666 0.0000000000
63184  13.428  -34.110  87.720 0.0000000000
63174  12.770  -34.393  88.099 0.0000000000
63175  11.816  -34.528  88.493 0.0000000000
63176  10.825  -34.527  88.631 0.0000000000
54375  0.637  -43.015  81.956 0.0000000000
55526  1.352  -41.848  82.490 0.0000000000
55507  0.965  -41.976  84.195 0.0000000000
56647  1.543  -41.342  84.371 0.0000000000
56646  2.302  -40.769  84.079 0.0000000000
57734  3.286  -39.262  85.106 0.0000000000
59836  3.220  -37.897  85.673 0.0000000000
59843  2.715  -36.972  85.200 0.0000000000
56609  2.801  -39.890  88.175 0.0000000000
58773  2.737  -38.177  88.183 0.0000000000
62074  3.201  -35.727  89.179 0.0000000000
59825  2.925  -36.638  88.467 0.0000000000
59828  2.902  -37.094  87.535 0.0000000000
60935  2.825  -36.373  87.117 0.0000000000
60943  2.648  -35.969  86.556 0.0000000000
60951  2.413  -35.915  85.698 0.0000000000
63208  1.607  -34.272  85.389 0.0000000000
64308  1.365  -33.207  85.500 0.0000000000
65345  1.623  -31.647  85.556 0.0000000000
66298  1.812  -31.213  87.093 0.0000000000
67225  1.626  -30.344  86.458 0.0000000000
67236  1.338  -30.433  85.517 0.0000000000
50781  3.696  -44.891  83.150 0.0000000000
50765  3.068  -44.679  84.756 0.0000000000
55546  2.221  -41.586  80.397 0.0000000000
55559  2.473  -41.436  79.382 0.0000000000
55623  2.906  -41.813  75.393 0.0000000000
59886  2.390  -36.947  82.345 0.0000000000
61024  3.685  -37.211  81.163 0.0000000000
59925  4.587  -37.306  79.981 0.0000000000
59944  2.834  -37.073  78.803 0.0000000000
59961  4.508  -37.051  78.270 0.0000000000
58864  5.497  -38.205  77.967 0.0000000000
56742  5.347  -39.810  76.985 0.0000000000
56760  4.002  -40.900  75.193 0.0000000000
55637  2.624  -41.530  74.418 0.0000000000
56788  3.101  -40.541  73.530 0.0000000000
61136  3.923  -36.301  73.086 0.0000000000
60054  3.192  -37.476  71.635 0.0000000000
69191  1.092  -28.597  81.234 0.0000000000
69201  0.999  -28.228  80.165 0.0000000000
69192  0.827  -28.884  80.227 0.0000000000
67280  0.732  -30.556  79.827 0.0000000000
66369  0.861  -31.489  79.624 0.0000000000
64406  1.465  -33.176  78.856 0.0000000000
68208  2.326  -29.891  78.543 0.0000000000
66377  2.000  -31.655  78.742 0.0000000000
64418  2.023  -33.700  77.717 0.0000000000
64431  1.971  -33.862  76.229 0.0000000000
64446  1.579  -33.973  75.491 0.0000000000
64490  2.306  -34.028  74.397 0.0000000000
64489  2.837  -33.765  73.877 0.0000000000
63169  8.267  -34.851  89.204 0.0000000000
63156  9.413  -35.363  89.098 0.0000000000
55639  1.049  -42.103  73.273 0.0000000000
55475  1.815  -41.600  87.104 0.0000000000
55474  2.218  -41.341  87.498 0.0000000000
131341  13.482  -35.049  82.797 0.0000000000
131339  12.873  -35.136  82.507 0.0000000000
131338  12.413  -35.501  83.071 0.0000000000
53126  2.358  -42.443  87.428 0.0000000000
53136  2.471  -42.909  87.330 0.0000000000
53138  1.573  -42.782  86.259 0.0000000000
59849  2.283  -36.645  84.325 0.0000000000
63317  0.607  -34.871  78.083 0.0000000000
63316  0.951  -34.579  77.795 0.0000000000
64419  1.347  -34.314  77.549 0.0000000000
56593  5.211  -38.839  89.884 0.0000000000
57709  4.938  -38.218  90.164 0.0000000000
58751  5.222  -37.834  90.470 0.0000000000
59826  12.036  -36.298  87.227 0.0000000000
56611  8.408  -39.391  87.595 0.0000000000
56610  8.932  -38.925  87.306 0.0000000000
55479  8.275  -40.025  86.614 0.0000000000
55480  7.839  -40.348  86.965 0.0000000000
54310  7.280  -40.855  87.004 0.0000000000
55472  7.532  -40.345  87.553 0.0000000000
57708  5.624  -38.297  90.315 0.0000000000
56601  5.461  -39.441  89.546 0.0000000000
55453  4.942  -39.475  89.521 0.0000000000
65346  1.567  -32.262  85.116 0.0000000000
67272  0.502  -30.412  80.568 0.0000000000
54366  0.589  -43.544  82.907 0.0000000000
54358  0.718  -43.439  83.521 0.0000000000
57728  2.356  -39.532  87.028 0.0000000000
56624  2.132  -40.399  85.873 0.0000000000
57727  2.573  -39.057  86.639 0.0000000000
60925  3.678  -36.452  89.661 0.0000000000
64281  2.465  -33.816  88.193 0.0000000000
64270  2.763  -34.102  88.730 0.0000000000
64282  2.312  -34.083  87.750 0.0000000000
64293  2.128  -33.165  87.647 0.0000000000
64292  2.163  -32.741  87.701 0.0000000000
51964  4.410  -43.573  85.841 0.0000000000
51965  3.857  -44.067  85.502 0.0000000000
49604  1.696  -46.186  84.251 0.0000000000
53176  0.718  -43.819  83.685 0.0000000000
51981  0.453  -44.586  83.342 0.0000000000
55525  1.820  -41.653  82.061 0.0000000000
55537  1.424  -42.040  81.515 0.0000000000
57759  5.218  -39.248  80.204 0.0000000000
56697  5.042  -39.917  79.051 0.0000000000
56713  4.784  -40.312  78.528 0.0000000000
56712  5.228  -39.782  78.423 0.0000000000
61012  0.934  -35.639  80.924 0.0000000000
59905  1.430  -36.311  81.453 0.0000000000
59918  1.419  -36.162  80.167 0.0000000000
59996  3.685  -36.209  76.147 0.0000000000
60015  4.804  -36.755  75.068 0.0000000000
58907  5.545  -38.046  75.005 0.0000000000
61120  4.398  -36.357  74.681 0.0000000000
61139  2.891  -35.334  73.931 0.0000000000
61138  3.350  -35.656  73.225 0.0000000000
62257  3.147  -35.321  73.025 0.0000000000
70288  0.805  -27.761  78.526 0.0000000000
68217  4.709  -30.106  77.840 0.0000000000
67298  4.181  -30.837  78.053 0.0000000000
65427  4.298  -32.426  77.196 0.0000000000
59804  6.352  -37.591  90.807 0.0000000000
60908  6.528  -36.797  90.746 0.0000000000
62054  6.856  -36.282  90.563 0.0000000000
63170  7.489  -34.322  89.407 0.0000000000
60930  11.530  -35.971  88.506 0.0000000000
60926  11.093  -35.800  88.882 0.0000000000
58754  9.324  -36.890  89.244 0.0000000000
58753  9.701  -36.753  89.132 0.0000000000
58764  9.204  -37.331  89.135 0.0000000000
57713  9.136  -37.769  88.978 0.0000000000
58765  8.801  -37.662  89.247 0.0000000000
57714  8.349  -38.178  89.277 0.0000000000
57704  7.858  -37.723  89.767 0.0000000000
60923  7.623  -36.674  90.381 0.0000000000
58756  7.425  -37.428  90.316 0.0000000000
59803  7.085  -37.208  90.687 0.0000000000
57701  6.561  -38.003  90.747 0.0000000000
131362  0.749  -30.381  84.381 0.0000000000
68175  1.022  -29.109  83.071 0.0000000000
69182  0.952  -28.399  82.543 0.0000000000
53163  1.013  -43.134  84.511 0.0000000000
54331  0.977  -42.834  84.578 0.0000000000
54321  1.294  -42.534  85.322 0.0000000000
56619  1.787  -41.167  87.006 0.0000000000
56618  1.925  -40.636  86.837 0.0000000000
65303  3.755  -32.134  90.153 0.0000000000
64260  3.628  -32.682  90.082 0.0000000000
66285  3.213  -31.406  89.697 0.0000000000
65307  2.705  -32.354  89.158 0.0000000000
66288  2.746  -31.338  89.119 0.0000000000
66292  2.560  -30.829  88.674 0.0000000000
53135  3.810  -43.103  87.384 0.0000000000
51957  3.311  -43.923  86.448 0.0000000000
51948  3.289  -43.516  87.029 0.0000000000
50741  2.102  -43.779  86.478 0.0000000000
50740  2.536  -43.956  86.495 0.0000000000
50757  1.910  -44.930  84.947 0.0000000000
50758  1.367  -44.589  84.920 0.0000000000
50749  1.341  -43.962  85.292 0.0000000000
53145  1.355  -42.886  85.480 0.0000000000
51960  1.146  -43.679  84.887 0.0000000000
53155  1.083  -43.399  84.676 0.0000000000
53164  0.930  -43.508  84.210 0.0000000000
57739  3.633  -39.519  84.287 0.0000000000
57744  3.783  -39.776  83.376 0.0000000000
57738  4.354  -39.031  83.817 0.0000000000
59865  4.021  -37.132  83.369 0.0000000000
58799  4.938  -38.364  83.190 0.0000000000
59863  5.056  -37.892  82.619 0.0000000000
59883  4.943  -38.008  81.943 0.0000000000
60998  4.326  -37.330  81.740 0.0000000000
61037  0.762  -35.472  79.304 0.0000000000
61062  1.065  -35.715  77.967 0.0000000000
59984  1.510  -35.670  77.247 0.0000000000
59998  2.353  -35.790  76.479 0.0000000000
59999  2.109  -35.818  76.367 0.0000000000
61088  2.397  -35.719  75.807 0.0000000000
60000  1.865  -35.685  76.714 0.0000000000
62225  1.441  -35.151  75.594 0.0000000000
62224  1.957  -35.275  75.210 0.0000000000
64470  1.186  -34.733  75.049 0.0000000000
68231  5.466  -29.739  77.271 0.0000000000
68230  6.229  -30.023  76.369 0.0000000000
55461  3.481  -40.509  88.650 0.0000000000
58759  4.381  -37.877  90.078 0.0000000000
57711  3.909  -38.311  89.642 0.0000000000
59815  4.074  -37.680  89.977 0.0000000000
59809  3.916  -36.956  90.038 0.0000000000
62056  5.657  -35.610  90.412 0.0000000000
62051  5.423  -36.158  90.461 0.0000000000
63161  4.944  -33.992  90.767 0.0000000000
62069  4.295  -34.983  90.344 0.0000000000
64255  4.559  -33.009  90.578 0.0000000000
65300  4.627  -32.114  90.470 0.0000000000
62093  12.817  -35.289  85.572 0.0000000000
62101  12.052  -35.664  84.622 0.0000000000
62094  12.453  -35.569  85.849 0.0000000000
59840  11.478  -37.025  85.531 0.0000000000
59839  11.547  -36.670  85.405 0.0000000000
58788  11.025  -37.353  85.428 0.0000000000
58771  10.749  -36.836  87.932 0.0000000000
58774  10.925  -37.013  87.340 0.0000000000
56616  9.089  -38.955  86.583 0.0000000000
56622  9.147  -39.002  85.771 0.0000000000
56632  9.086  -39.086  84.952 0.0000000000
55496  8.245  -40.093  84.966 0.0000000000
54329  7.784  -40.534  84.604 0.0000000000
54311  6.667  -41.447  86.701 0.0000000000
55455  7.049  -39.884  88.928 0.0000000000
54283  5.383  -40.527  89.048 0.0000000000
54291  5.692  -40.940  88.648 0.0000000000
54303  5.256  -42.105  88.054 0.0000000000
53122  4.620  -42.189  88.274 0.0000000000
54286  3.968  -41.230  88.812 0.0000000000
54287  3.579  -41.363  88.526 0.0000000000
62103  1.802  -34.894  84.914 0.0000000000
60967  1.426  -35.772  83.790 0.0000000000
63233  0.493  -34.347  83.191 0.0000000000
66338  0.790  -31.735  83.374 0.0000000000
64362  0.160  -33.822  81.224 0.0000000000
63267  0.108  -34.418  80.837 0.0000000000
64392  0.951  -33.128  79.511 0.0000000000
65406  0.900  -32.268  79.585 0.0000000000
64288  10.382  -33.656  87.148 0.0000000000
62135  15.267  -34.197  82.941 0.0000000000
63247  14.574  -33.877  82.306 0.0000000000
60992  14.872  -34.281  82.902 0.0000000000
60993  14.863  -34.413  83.161 0.0000000000
64304  17.518  -33.099  85.183 0.0000000000
63213  17.244  -33.474  84.692 0.0000000000
63214  16.973  -33.636  84.232 0.0000000000
62104  16.922  -33.636  84.767 0.0000000000
60954  14.740  -34.527  84.671 0.0000000000
60964  14.410  -34.888  84.100 0.0000000000
60955  14.246  -34.775  84.806 0.0000000000
62086  14.199  -34.485  86.706 0.0000000000
60939  13.871  -34.883  86.226 0.0000000000
64284  13.482  -32.977  87.041 0.0000000000
64271  13.016  -33.482  87.458 0.0000000000
63173  13.094  -34.308  88.015 0.0000000000
63185  12.553  -33.941  87.950 0.0000000000
63186  11.950  -33.870  88.035 0.0000000000
64287  11.534  -33.209  87.151 0.0000000000
64263  11.334  -34.060  88.206 0.0000000000
64264  10.539  -34.320  88.231 0.0000000000
52029  0.491  -44.501  81.436 0.0000000000
54365  0.714  -43.085  82.779 0.0000000000
55508  0.901  -42.426  84.442 0.0000000000
55497  1.200  -41.792  84.926 0.0000000000
56634  2.191  -40.611  85.015 0.0000000000
57740  2.846  -40.034  84.647 0.0000000000
58782  2.958  -38.495  86.187 0.0000000000
58781  3.160  -38.286  85.828 0.0000000000
59838  2.833  -37.022  85.825 0.0000000000
56605  3.233  -39.568  88.655 0.0000000000
62073  3.456  -35.487  89.444 0.0000000000
62078  3.217  -35.132  89.152 0.0000000000
62083  2.615  -35.257  88.273 0.0000000000
60931  2.737  -36.008  88.607 0.0000000000
59829  2.868  -36.866  87.962 0.0000000000
60944  2.519  -35.413  86.643 0.0000000000
60952  2.360  -35.471  85.670 0.0000000000
62095  2.211  -34.801  85.919 0.0000000000
65334  1.578  -32.848  86.345 0.0000000000
64302  1.546  -33.532  86.258 0.0000000000
67217  2.022  -30.346  87.519 0.0000000000
60997  11.245  -35.954  82.840 0.0000000000
59882  9.740  -37.037  82.898 0.0000000000
50773  3.541  -44.721  83.785 0.0000000000
50755  3.084  -44.532  85.273 0.0000000000
49595  2.669  -44.948  84.626 0.0000000000
49644  0.035  -46.191  81.668 0.0000000000
54412  1.047  -43.636  79.675 0.0000000000
54411  1.164  -43.255  79.000 0.0000000000
56678  2.747  -41.173  81.197 0.0000000000
56677  3.438  -40.699  80.996 0.0000000000
55558  3.071  -41.093  79.006 0.0000000000
55576  1.883  -42.103  78.468 0.0000000000
55607  3.042  -41.679  76.425 0.0000000000
55608  2.418  -42.268  75.928 0.0000000000
55622  3.572  -41.327  75.786 0.0000000000
59869  1.476  -36.070  83.341 0.0000000000
59868  1.774  -36.407  83.323 0.0000000000
59887  1.791  -36.610  82.434 0.0000000000
59916  2.378  -37.160  80.626 0.0000000000
59903  2.632  -37.111  81.500 0.0000000000
59915  3.312  -37.200  80.854 0.0000000000
61022  4.282  -37.342  80.479 0.0000000000
59926  3.908  -37.156  80.089 0.0000000000
59946  1.550  -36.343  78.432 0.0000000000
59929  1.605  -36.595  79.378 0.0000000000
59945  2.048  -36.867  78.612 0.0000000000
59979  4.545  -36.839  77.323 0.0000000000
59962  3.631  -36.878  78.045 0.0000000000
59978  5.253  -37.413  77.617 0.0000000000
59960  5.163  -37.489  78.551 0.0000000000
57797  5.598  -39.003  77.394 0.0000000000
57816  4.747  -39.923  74.879 0.0000000000
56759  4.705  -40.309  75.520 0.0000000000
56772  4.327  -40.333  74.768 0.0000000000
56773  3.545  -40.728  74.297 0.0000000000
56774  2.708  -41.032  73.798 0.0000000000
57828  3.665  -40.215  73.802 0.0000000000
57858  3.954  -39.059  72.685 0.0000000000
58943  2.846  -38.560  71.656 0.0000000000
61122  3.475  -35.683  74.148 0.0000000000
61152  3.247  -36.531  71.896 0.0000000000
58958  2.629  -38.037  71.284 0.0000000000
58959  1.858  -38.489  71.003 0.0000000000
70278  1.046  -27.562  79.447 0.0000000000
68199  0.751  -29.565  79.700 0.0000000000
67279  1.249  -30.570  79.424 0.0000000000
66368  1.400  -31.313  79.196 0.0000000000
65405  1.291  -32.317  79.169 0.0000000000
69222  2.845  -28.486  77.696 0.0000000000
68220  2.116  -29.072  78.159 0.0000000000
66389  3.064  -32.363  78.107 0.0000000000
66376  2.945  -31.585  78.368 0.0000000000
65415  2.448  -32.395  78.388 0.0000000000
65430  2.288  -33.051  78.311 0.0000000000
64417  2.887  -33.400  77.306 0.0000000000
64445  2.392  -33.611  75.491 0.0000000000
64430  2.634  -33.595  76.495 0.0000000000
64468  1.572  -33.990  75.033 0.0000000000
64467  2.247  -33.783  74.796 0.0000000000
65444  4.423  -32.917  75.441 0.0000000000
62064  7.607  -35.956  90.171 0.0000000000
62053  7.215  -36.281  90.502 0.0000000000
63180  7.495  -33.989  88.946 0.0000000000
63166  11.031  -34.907  89.011 0.0000000000
60919  10.706  -35.627  89.036 0.0000000000
63155  10.285  -35.233  89.000 0.0000000000
60921  9.245  -36.089  89.460 0.0000000000
59812  8.822  -36.629  89.535 0.0000000000
60922  8.311  -36.330  89.847 0.0000000000
55653  1.522  -41.469  72.987 0.0000000000
54312  1.500  -42.329  86.042 0.0000000000
51940  3.203  -43.028  87.485 0.0000000000
51941  2.858  -43.161  87.364 0.0000000000
51950  1.752  -43.416  86.364 0.0000000000
51958  1.489  -43.634  85.752 0.0000000000
59841  3.410  -37.693  84.952 0.0000000000
58791  4.477  -38.385  83.908 0.0000000000
59847  3.754  -37.374  84.135 0.0000000000
59866  3.186  -36.980  83.140 0.0000000000
63301  0.463  -34.652  78.898 0.0000000000
62177  0.474  -35.178  78.546 0.0000000000
62176  0.409  -34.934  78.151 0.0000000000
62188  0.925  -35.301  77.657 0.0000000000
62200  1.068  -34.946  76.887 0.0000000000
63348  1.240  -34.798  76.385 0.0000000000
63347  1.355  -34.564  76.079 0.0000000000
56603  4.265  -39.473  89.328 0.0000000000
56595  4.105  -38.831  89.531 0.0000000000
58752  4.640  -37.736  90.269 0.0000000000
65298  5.490  -32.466  90.399 0.0000000000
65295  5.170  -32.430  90.565 0.0000000000
66277  5.053  -31.867  90.453 0.0000000000
66283  5.461  -31.253  89.780 0.0000000000
62088  12.754  -35.549  86.251 0.0000000000
60949  11.897  -35.919  85.795 0.0000000000
59830  11.850  -36.335  86.439 0.0000000000
59835  11.477  -36.865  86.226 0.0000000000
57725  9.831  -37.830  87.398 0.0000000000
56623  8.702  -39.559  86.212 0.0000000000
56591  6.338  -38.755  89.940 0.0000000000
55456  6.390  -40.006  89.124 0.0000000000
56600  6.043  -39.408  89.531 0.0000000000
54284  5.066  -40.811  89.058 0.0000000000
55459  4.640  -40.033  89.237 0.0000000000
63218  1.063  -34.212  84.389 0.0000000000
64330  0.650  -33.029  83.464 0.0000000000
67257  0.937  -30.322  82.479 0.0000000000
65388  0.495  -32.192  80.930 0.0000000000
62121  15.642  -34.291  83.554 0.0000000000
63203  16.766  -33.514  85.288 0.0000000000
62085  14.745  -34.100  86.485 0.0000000000
63194  14.418  -33.847  87.077 0.0000000000
52012  0.442  -44.603  81.982 0.0000000000
53204  0.470  -44.038  82.434 0.0000000000
56625  1.705  -40.880  86.191 0.0000000000
59832  2.956  -37.852  86.539 0.0000000000
58761  3.738  -37.724  89.678 0.0000000000
58767  3.455  -37.871  89.372 0.0000000000
63182  2.987  -34.527  88.961 0.0000000000
63191  2.743  -34.592  88.538 0.0000000000
62084  2.457  -35.046  87.598 0.0000000000
63202  1.823  -34.104  86.427 0.0000000000
64294  2.028  -33.702  87.277 0.0000000000
65321  1.785  -33.138  87.107 0.0000000000
59862  9.761  -37.134  83.516 0.0000000000
58803  9.527  -37.830  83.136 0.0000000000
51970  5.128  -43.226  85.176 0.0000000000
51971  4.252  -43.954  84.796 0.0000000000
50764  3.460  -44.549  84.486 0.0000000000
50774  0.354  -45.355  83.645 0.0000000000
49631  -0.065  -46.299  82.502 0.0000000000
50795  0.267  -45.381  82.210 0.0000000000
54384  0.750  -43.030  81.061 0.0000000000
54397  0.845  -43.639  80.431 0.0000000000
55548  1.090  -42.515  80.816 0.0000000000
55547  1.563  -42.054  80.583 0.0000000000
57752  4.505  -39.759  81.258 0.0000000000
56676  4.085  -40.314  80.741 0.0000000000
56686  4.168  -40.447  80.000 0.0000000000
56699  3.760  -40.783  79.320 0.0000000000
55574  3.491  -41.055  78.409 0.0000000000
56714  4.207  -40.688  78.577 0.0000000000
55591  4.054  -40.937  77.755 0.0000000000
55605  4.441  -40.739  77.289 0.0000000000
59963  2.784  -36.730  77.891 0.0000000000
59995  4.609  -36.661  76.299 0.0000000000
59994  5.336  -37.316  76.636 0.0000000000
58893  5.523  -38.217  75.989 0.0000000000
57826  5.207  -38.817  74.547 0.0000000000
58925  4.564  -38.567  73.140 0.0000000000
60042  4.371  -37.711  72.842 0.0000000000
61137  3.533  -35.927  73.084 0.0000000000
61168  2.651  -36.851  71.146 0.0000000000
70279  0.752  -28.035  78.905 0.0000000000
68210  0.807  -28.983  78.868 0.0000000000
68209  1.381  -29.566  78.841 0.0000000000
69221  3.835  -28.892  77.792 0.0000000000
68206  3.555  -30.332  78.296 0.0000000000
68207  3.134  -30.157  78.405 0.0000000000
66375  3.458  -31.350  78.225 0.0000000000
65428  3.443  -32.910  77.477 0.0000000000
57702  6.109  -38.150  90.726 0.0000000000
59806  5.682  -37.615  90.706 0.0000000000
59805  6.057  -37.553  91.241 0.0000000000
62050  6.197  -36.164  90.396 0.0000000000
62055  6.266  -35.889  90.375 0.0000000000
63159  6.379  -34.439  90.281 0.0000000000
60929  12.221  -35.581  88.194 0.0000000000
59822  11.891  -36.159  87.956 0.0000000000
59823  11.171  -36.444  88.224 0.0000000000
58768  10.521  -36.703  88.440 0.0000000000
59810  10.448  -36.097  89.031 0.0000000000
58762  10.385  -36.631  88.660 0.0000000000
57722  9.764  -37.784  88.054 0.0000000000
57719  9.133  -38.252  88.510 0.0000000000
56606  8.750  -38.841  87.993 0.0000000000
56607  8.181  -39.237  88.258 0.0000000000
55463  7.861  -39.777  87.897 0.0000000000
56597  7.974  -39.010  88.949 0.0000000000
56590  6.968  -38.728  89.773 0.0000000000
57705  7.362  -38.066  89.917 0.0000000000
57706  6.649  -38.057  90.389 0.0000000000
66319  1.334  -31.134  84.906 0.0000000000
131361  0.818  -30.680  84.422 0.0000000000
131359  0.686  -30.516  84.117 0.0000000000
66344  0.895  -30.380  83.399 0.0000000000
67263  0.898  -29.859  82.105 0.0000000000
68180  0.812  -29.632  81.613 0.0000000000
54346  0.832  -43.219  84.025 0.0000000000
55488  1.423  -41.965  85.896 0.0000000000
63164  3.763  -34.764  89.981 0.0000000000
63171  3.570  -34.113  90.083 0.0000000000
64261  3.362  -33.282  89.825 0.0000000000
66284  3.575  -31.392  89.993 0.0000000000
64268  2.961  -32.842  89.440 0.0000000000
65310  2.460  -32.356  88.571 0.0000000000
51946  4.337  -42.922  87.292 0.0000000000
51956  3.748  -43.766  86.324 0.0000000000
50746  3.069  -44.283  86.068 0.0000000000
50766  1.484  -45.702  84.489 0.0000000000
50750  1.198  -43.802  85.063 0.0000000000
56656  2.450  -40.925  83.166 0.0000000000
56666  2.478  -41.140  82.179 0.0000000000
56655  3.179  -40.489  82.828 0.0000000000
57748  3.832  -39.965  82.454 0.0000000000
57747  4.383  -39.548  82.056 0.0000000000
58805  4.809  -38.918  82.356 0.0000000000
58815  4.757  -39.236  81.692 0.0000000000
58825  5.218  -38.614  80.837 0.0000000000
58836  5.372  -38.473  79.998 0.0000000000
61026  0.655  -35.406  80.252 0.0000000000
61025  1.102  -35.725  79.709 0.0000000000
61036  1.131  -35.810  78.698 0.0000000000
59947  1.200  -35.931  78.215 0.0000000000
61063  0.780  -35.716  78.239 0.0000000000
59966  1.189  -35.799  77.772 0.0000000000
59965  1.565  -36.045  77.737 0.0000000000
59982  2.293  -35.976  77.197 0.0000000000
59997  3.076  -36.040  76.499 0.0000000000
61086  3.383  -36.013  75.809 0.0000000000
61104  3.714  -35.979  75.220 0.0000000000
61105  3.132  -35.822  75.086 0.0000000000
61106  2.629  -35.708  75.131 0.0000000000
61090  1.656  -35.405  76.286 0.0000000000
61107  2.189  -35.618  75.285 0.0000000000
62239  2.285  -35.173  74.583 0.0000000000
63397  2.116  -34.713  74.597 0.0000000000
67297  5.164  -30.746  77.572 0.0000000000
65426  5.121  -32.104  76.801 0.0000000000
66386  5.460  -31.398  77.096 0.0000000000
66400  6.270  -31.062  75.769 0.0000000000
54473  1.661  -42.653  74.650 0.0000000000
54296  2.565  -41.864  87.719 0.0000000000
55468  2.808  -40.922  88.128 0.0000000000
57716  3.645  -38.434  89.385 0.0000000000
58766  3.744  -38.024  89.631 0.0000000000
60924  3.989  -36.450  89.980 0.0000000000
62070  4.019  -35.466  90.029 0.0000000000
59801  5.365  -36.897  90.563 0.0000000000
59802  4.946  -37.141  90.728 0.0000000000
60912  4.774  -36.351  90.445 0.0000000000
62067  5.328  -34.816  90.620 0.0000000000
62058  4.635  -35.698  90.393 0.0000000000
62059  4.278  -35.833  90.160 0.0000000000
63163  3.876  -34.306  90.312 0.0000000000
66280  4.388  -31.368  90.301 0.0000000000
66279  5.008  -31.396  90.316 0.0000000000
131336  13.378  -35.333  83.623 0.0000000000
60957  11.583  -36.313  85.248 0.0000000000
57736  9.071  -38.500  84.388 0.0000000000
58778  11.032  -37.211  86.675 0.0000000000
58779  10.374  -37.543  86.338 0.0000000000
57729  9.889  -37.817  86.800 0.0000000000
58780  10.084  -37.658  85.932 0.0000000000
57733  9.353  -38.314  85.261 0.0000000000
57742  8.852  -39.092  83.853 0.0000000000
53162  5.567  -42.821  85.196 0.0000000000
51954  4.857  -42.863  86.723 0.0000000000
55464  7.324  -40.136  88.242 0.0000000000
55473  7.001  -40.529  87.909 0.0000000000
54301  6.442  -41.127  87.795 0.0000000000
55466  6.125  -40.463  88.777 0.0000000000
54290  6.226  -40.755  88.437 0.0000000000
53131  5.872  -41.687  87.672 0.0000000000
53132  5.482  -42.098  87.604 0.0000000000
53144  4.823  -42.763  87.012 0.0000000000
53134  4.157  -42.824  87.556 0.0000000000
54293  4.384  -41.809  88.559 0.0000000000
54295  3.220  -41.829  88.156 0.0000000000
60966  1.904  -36.179  84.217 0.0000000000
60981  1.055  -35.698  82.711 0.0000000000
62139  0.392  -35.285  81.698 0.0000000000
64345  0.531  -33.034  82.532 0.0000000000
63250  -0.005  -34.753  81.394 0.0000000000
62140  0.071  -34.934  81.237 0.0000000000
63286  0.187  -34.745  80.271 0.0000000000
63285  0.313  -34.467  79.788 0.0000000000
63187  9.578  -34.538  88.368 0.0000000000
63188  8.906  -34.433  88.341 0.0000000000
64275  9.833  -34.240  87.858 0.0000000000
64289  9.199  -33.739  87.188 0.0000000000
60995  13.719  -35.128  83.010 0.0000000000
63205  16.219  -34.062  83.950 0.0000000000
62120  15.476  -34.358  84.022 0.0000000000
62097  15.788  -33.826  84.951 0.0000000000
60962  15.140  -34.434  84.239 0.0000000000
60975  14.496  -34.837  83.510 0.0000000000
59844  14.114  -35.064  83.495 0.0000000000
131335  13.837  -35.162  83.454 0.0000000000
60940  13.157  -35.328  86.331 0.0000000000
60933  13.036  -35.371  87.194 0.0000000000
62082  12.774  -35.310  87.831 0.0000000000
63200  14.939  -33.196  86.770 0.0000000000
63195  13.708  -33.469  87.205 0.0000000000
63183  13.919  -34.157  87.389 0.0000000000
62075  13.112  -34.540  88.063 0.0000000000
62076  12.654  -34.951  88.327 0.0000000000
63165  11.355  -35.034  89.043 0.0000000000
63177  9.940  -34.698  88.561 0.0000000000
53216  0.520  -44.058  81.761 0.0000000000
54385  0.622  -43.651  81.322 0.0000000000
55517  0.808  -42.585  83.569 0.0000000000
55516  1.111  -41.876  83.451 0.0000000000
56657  1.742  -41.339  83.375 0.0000000000
58786  3.282  -38.459  85.480 0.0000000000
60959  2.357  -36.504  84.908 0.0000000000
57721  2.897  -38.951  88.547 0.0000000000
60928  2.972  -36.067  88.932 0.0000000000
59821  3.026  -36.475  88.798 0.0000000000
59824  2.958  -37.336  88.413 0.0000000000
59833  2.983  -37.195  86.613 0.0000000000
60942  2.873  -36.489  86.536 0.0000000000
60950  2.702  -36.503  85.681 0.0000000000
60960  2.063  -36.010  84.833 0.0000000000
63201  1.597  -33.801  86.166 0.0000000000
63207  1.483  -33.783  85.797 0.0000000000
65319  2.153  -32.174  87.654 0.0000000000
66307  1.593  -31.130  85.976 0.0000000000
131337  11.799  -35.738  83.109 0.0000000000
61007  10.438  -36.087  81.683 0.0000000000
59881  10.297  -36.453  82.584 0.0000000000
50754  3.448  -44.396  85.151 0.0000000000
49602  2.806  -45.270  84.160 0.0000000000
49612  2.847  -45.782  83.588 0.0000000000
56688  2.934  -41.112  80.299 0.0000000000
55560  1.685  -41.962  79.601 0.0000000000
55577  1.398  -42.505  79.048 0.0000000000
54410  1.455  -42.811  78.351 0.0000000000
55593  2.349  -42.045  77.192 0.0000000000
55624  2.255  -42.259  74.902 0.0000000000
59867  2.320  -36.757  83.312 0.0000000000
61000  3.569  -37.041  82.453 0.0000000000
59885  3.026  -37.028  82.110 0.0000000000
60999  3.985  -37.076  82.058 0.0000000000
61009  4.304  -37.373  81.042 0.0000000000
59913  4.698  -37.535  80.572 0.0000000000
59924  5.157  -37.731  79.939 0.0000000000
59928  2.145  -37.111  79.605 0.0000000000
59943  3.717  -37.095  79.015 0.0000000000
59942  4.528  -37.166  79.190 0.0000000000
58848  5.404  -38.198  79.038 0.0000000000
56727  5.378  -39.626  77.749 0.0000000000
56743  4.737  -40.509  76.604 0.0000000000
57805  5.525  -39.086  76.437 0.0000000000
56758  5.181  -39.849  76.140 0.0000000000
56744  4.204  -40.876  75.965 0.0000000000
55636  3.359  -41.338  74.987 0.0000000000
56789  2.300  -40.894  73.076 0.0000000000
60030  4.334  -36.852  73.130 0.0000000000
60043  3.816  -37.443  72.297 0.0000000000
68189  0.930  -29.252  81.430 0.0000000000
67289  2.601  -30.767  78.613 0.0000000000
65416  1.924  -32.747  78.635 0.0000000000
63329  1.708  -34.241  76.980 0.0000000000
63346  1.547  -34.018  76.102 0.0000000000
63364  1.144  -33.954  75.633 0.0000000000
64469  1.194  -33.913  74.925 0.0000000000
63381  1.872  -34.240  74.794 0.0000000000
63396  2.433  -34.404  74.103 0.0000000000
65438  4.505  -32.626  76.329 0.0000000000
65445  4.051  -32.910  75.993 0.0000000000
64466  3.003  -33.451  74.645 0.0000000000
63419  2.519  -34.711  73.934 0.0000000000
51959  1.296  -43.454  85.307 0.0000000000
53146  1.186  -43.228  84.990 0.0000000000
55454  4.660  -39.489  89.457 0.0000000000
55590  4.488  -40.657  77.689 0.0000000000
56592  5.785  -38.810  89.968 0.0000000000
56596  3.829  -38.682  89.428 0.0000000000
56598  7.323  -39.250  89.228 0.0000000000
56602  4.473  -39.494  89.403 0.0000000000
56643  8.957  -39.096  84.516 0.0000000000
56700  3.147  -41.013  79.640 0.0000000000
56729  4.505  -40.597  78.045 0.0000000000
57700  6.838  -38.003  90.733 0.0000000000
57712  9.494  -37.407  88.904 0.0000000000
57737  8.883  -39.084  84.278 0.0000000000
57751  4.996  -39.281  81.035 0.0000000000
57772  5.006  -39.743  79.646 0.0000000000
57784  5.482  -39.014  78.290 0.0000000000
58747  7.213  -37.586  90.552 0.0000000000
58748  6.933  -37.760  90.717 0.0000000000
58750  6.028  -37.697  90.803 0.0000000000
58763  9.956  -36.909  88.879 0.0000000000
58769  10.154  -37.177  88.269 0.0000000000
58784  10.523  -37.487  85.715 0.0000000000
58785  9.886  -37.659  85.506 0.0000000000
58789  10.445  -37.348  85.136 0.0000000000
58798  5.120  -38.179  82.787 0.0000000000
58814  4.994  -38.637  81.673 0.0000000000
59800  5.938  -36.999  90.773 0.0000000000
59807  4.892  -37.331  90.460 0.0000000000
59811  9.739  -36.450  89.199 0.0000000000
59814  7.543  -37.043  90.482 0.0000000000
59816  3.853  -37.296  89.878 0.0000000000
59819  10.222  -36.450  88.962 0.0000000000
59850  1.806  -36.282  83.887 0.0000000000
59859  14.530  -35.113  83.508 0.0000000000
59860  14.338  -35.022  83.405 0.0000000000
59864  4.657  -37.425  82.969 0.0000000000
59879  14.049  -35.040  83.036 0.0000000000
59880  13.928  -35.113  83.245 0.0000000000
59884  4.677  -37.565  82.180 0.0000000000
59900  5.076  -38.135  81.314 0.0000000000
59902  3.101  -37.128  81.532 0.0000000000
59912  5.132  -37.956  80.683 0.0000000000
59914  3.719  -37.241  80.559 0.0000000000
59941  5.068  -37.480  79.330 0.0000000000
60016  3.972  -36.104  75.501 0.0000000000
60909  6.253  -36.882  90.722 0.0000000000
60911  5.139  -36.619  90.545 0.0000000000
60914  6.709  -36.956  90.808 0.0000000000
60915  6.125  -37.121  90.864 0.0000000000
60916  4.804  -36.806  90.494 0.0000000000
60917  4.459  -36.579  90.315 0.0000000000
60958  11.526  -36.785  85.136 0.0000000000
60973  15.103  -34.542  83.978 0.0000000000
60978  4.356  -37.244  82.348 0.0000000000
60980  3.705  -37.010  82.947 0.0000000000
60994  14.222  -35.020  83.202 0.0000000000
60996  11.816  -35.648  82.877 0.0000000000
61010  3.965  -37.183  81.398 0.0000000000
61011  3.518  -37.133  81.656 0.0000000000
61023  3.913  -37.236  80.742 0.0000000000
61034  4.213  -37.291  80.231 0.0000000000
61035  4.053  -37.267  80.396 0.0000000000
61049  0.885  -35.967  78.174 0.0000000000
62048  6.684  -36.623  90.702 0.0000000000
62049  6.442  -36.498  90.604 0.0000000000
62057  5.107  -35.503  90.551 0.0000000000
62060  10.890  -35.322  89.098 0.0000000000
62061  10.436  -35.440  89.046 0.0000000000
62062  9.693  -35.626  89.160 0.0000000000
62072  11.189  -35.372  89.041 0.0000000000
62098  16.100  -34.136  83.969 0.0000000000
62099  16.195  -33.953  83.976 0.0000000000
62106  15.951  -34.233  84.106 0.0000000000
62107  16.101  -34.144  83.847 0.0000000000
62122  16.027  -34.576  84.027 0.0000000000
62136  14.796  -34.192  82.817 0.0000000000
62138  11.624  -35.642  82.650 0.0000000000
62150  0.528  -35.326  81.096 0.0000000000
62151  0.283  -35.101  80.802 0.0000000000
62167  0.523  -35.257  79.059 0.0000000000
62240  1.784  -34.915  74.979 0.0000000000
63154  10.866  -35.113  89.099 0.0000000000
63178  9.034  -34.730  88.713 0.0000000000
63181  3.220  -34.511  89.327 0.0000000000
63193  14.847  -33.848  86.658 0.0000000000
63197  16.409  -33.534  85.386 0.0000000000
63206  16.348  -33.821  84.293 0.0000000000
63215  16.433  -33.937  83.943 0.0000000000
63216  16.174  -34.045  83.784 0.0000000000
63232  15.928  -34.226  83.462 0.0000000000
63318  0.436  -34.888  78.585 0.0000000000
63365  0.856  -34.341  75.502 0.0000000000
63382  1.594  -34.589  74.908 0.0000000000
63383  1.211  -34.908  75.026 0.0000000000
64251  4.719  -32.577  90.564 0.0000000000
64257  3.647  -33.698  90.195 0.0000000000
64416  3.212  -33.255  77.209 0.0000000000
64447  0.947  -34.082  75.216 0.0000000000
64448  1.044  -34.317  75.252 0.0000000000
65296  5.160  -32.509  90.771 0.0000000000
65297  4.856  -32.369  90.569 0.0000000000
65299  4.914  -32.054  90.512 0.0000000000
65335  1.673  -33.370  86.775 0.0000000000
66276  5.161  -32.087  90.468 0.0000000000
67287  3.767  -30.465  78.229 0.0000000000
67299  3.712  -31.202  78.164 0.0000000000
131334  14.061  -35.000  83.113 0.0000000000
131360  0.670  -30.783  84.194 0.0000000000
