#!ascii label  , from subject 4061 vox2ras=TkReg
1163
60711  -38.871  -35.132  35.697 0.0000000000
56040  -21.140  -39.633  35.543 0.0000000000
59443  -28.924  -36.369  34.367 0.0000000000
85414  -47.430  -12.723  19.677 0.0000000000
90651  -50.054  -9.410  16.191 0.0000000000
51665  -11.648  -43.724  39.882 0.0000000000
85371  -42.603  -13.868  22.732 0.0000000000
65565  -40.891  -31.432  34.188 0.0000000000
58204  -34.697  -37.830  36.208 0.0000000000
52766  -16.826  -42.389  37.808 0.0000000000
48457  -17.864  -46.885  42.269 0.0000000000
63168  -34.887  -33.693  33.455 0.0000000000
65602  -35.753  -31.420  31.940 0.0000000000
63145  -24.808  -33.751  34.515 0.0000000000
145274  -31.881  -33.372  34.926 0.0000000000
74082  -40.312  -24.379  23.193 0.0000000000
78499  -42.918  -19.733  22.489 0.0000000000
81924  -46.469  -18.065  19.744 0.0000000000
42725  -8.884  -51.131  42.488 0.0000000000
41461  -5.216  -52.487  43.937 0.0000000000
70465  -35.602  -27.816  31.677 0.0000000000
69318  -34.914  -28.608  28.749 0.0000000000
70570  -36.925  -28.136  25.068 0.0000000000
47403  -12.294  -48.446  42.224 0.0000000000
52771  -21.474  -42.441  37.916 0.0000000000
56008  -23.646  -39.712  37.339 0.0000000000
59424  -37.346  -36.128  36.016 0.0000000000
58138  -19.613  -36.442  37.709 0.0000000000
54942  -19.197  -40.634  36.663 0.0000000000
50642  -19.802  -44.289  38.642 0.0000000000
63118  -34.439  -32.689  36.639 0.0000000000
62012  -33.154  -34.442  34.104 0.0000000000
78477  -39.722  -20.429  23.326 0.0000000000
77405  -42.209  -21.597  22.785 0.0000000000
80737  -40.830  -18.239  22.665 0.0000000000
83074  -43.673  -16.164  19.624 0.0000000000
84252  -46.397  -15.293  18.617 0.0000000000
81927  -49.332  -18.124  19.633 0.0000000000
84263  -48.656  -15.196  17.642 0.0000000000
85436  -49.855  -14.332  17.623 0.0000000000
68075  -34.171  -29.634  34.369 0.0000000000
68131  -35.336  -29.740  31.692 0.0000000000
70424  -32.628  -28.334  33.682 0.0000000000
71616  -32.388  -26.742  29.398 0.0000000000
71638  -33.541  -26.775  27.565 0.0000000000
69396  -36.189  -28.596  26.365 0.0000000000
71662  -35.601  -26.451  25.836 0.0000000000
74065  -37.412  -24.738  24.717 0.0000000000
64343  -26.512  -33.512  34.375 0.0000000000
48471  -9.614  -46.900  40.890 0.0000000000
48496  -11.852  -46.450  40.471 0.0000000000
38997  -6.529  -54.774  46.401 0.0000000000
37865  -4.758  -55.596  45.792 0.0000000000
85353  -41.428  -14.919  24.178 0.0000000000
68079  -40.282  -29.423  33.817 0.0000000000
58201  -32.188  -38.023  35.353 0.0000000000
51701  -14.039  -42.685  38.764 0.0000000000
49536  -14.508  -45.874  40.059 0.0000000000
49556  -17.079  -45.153  39.549 0.0000000000
92650  -50.395  -7.611  15.343 0.0000000000
62016  -36.850  -34.876  33.553 0.0000000000
63170  -38.485  -33.861  33.029 0.0000000000
64380  -35.772  -32.695  32.614 0.0000000000
60667  -20.983  -35.033  36.598 0.0000000000
59440  -23.050  -36.279  34.365 0.0000000000
64321  -22.806  -32.351  35.230 0.0000000000
66852  -25.042  -30.027  34.772 0.0000000000
65576  -27.776  -31.433  33.104 0.0000000000
65561  -30.222  -31.374  34.731 0.0000000000
62044  -30.506  -34.438  32.515 0.0000000000
59460  -32.776  -36.415  33.195 0.0000000000
60728  -34.873  -36.255  34.034 0.0000000000
71683  -42.246  -26.947  24.599 0.0000000000
81908  -42.184  -16.912  21.402 0.0000000000
80756  -44.261  -18.791  21.474 0.0000000000
86617  -51.550  -13.127  17.435 0.0000000000
42714  -6.729  -51.885  43.139 0.0000000000
40221  -7.680  -54.062  45.333 0.0000000000
65592  -38.341  -31.611  31.751 0.0000000000
68122  -37.761  -29.808  31.990 0.0000000000
70447  -37.679  -28.045  31.769 0.0000000000
70462  -31.823  -27.300  31.515 0.0000000000
71607  -34.742  -27.407  30.915 0.0000000000
70483  -38.132  -27.525  30.904 0.0000000000
69322  -38.820  -28.963  29.689 0.0000000000
68192  -39.385  -29.420  27.692 0.0000000000
69400  -40.966  -28.745  25.906 0.0000000000
71701  -39.511  -26.342  24.213 0.0000000000
76359  -38.407  -22.450  23.807 0.0000000000
59394  -24.667  -36.783  36.617 0.0000000000
47399  -6.947  -47.481  42.416 0.0000000000
45093  -10.377  -49.527  42.149 0.0000000000
47406  -15.067  -47.628  42.397 0.0000000000
37874  -3.089  -56.004  45.624 0.0000000000
53874  -21.627  -41.260  36.543 0.0000000000
53845  -22.596  -41.101  38.395 0.0000000000
56025  -22.723  -40.176  35.854 0.0000000000
60710  -38.140  -35.435  35.600 0.0000000000
58174  -20.296  -37.870  36.356 0.0000000000
57072  -19.085  -38.979  36.840 0.0000000000
54955  -20.429  -40.531  35.904 0.0000000000
52786  -20.553  -42.550  37.370 0.0000000000
79578  -39.300  -19.569  23.871 0.0000000000
79579  -39.893  -19.389  23.353 0.0000000000
80720  -39.962  -18.377  23.493 0.0000000000
85393  -46.506  -12.505  20.530 0.0000000000
85422  -45.221  -14.020  19.402 0.0000000000
85423  -46.166  -13.973  18.905 0.0000000000
84261  -47.168  -15.354  18.357 0.0000000000
85433  -47.480  -14.333  18.209 0.0000000000
85445  -48.772  -14.466  17.638 0.0000000000
69234  -33.587  -29.032  33.519 0.0000000000
73996  -32.932  -24.952  28.489 0.0000000000
72770  -34.715  -25.980  26.949 0.0000000000
74015  -35.562  -24.503  27.295 0.0000000000
74039  -36.491  -24.643  26.437 0.0000000000
61987  -27.979  -34.873  34.349 0.0000000000
61973  -27.856  -35.201  35.645 0.0000000000
59395  -28.482  -36.393  35.805 0.0000000000
50608  -10.588  -45.269  40.457 0.0000000000
50610  -11.863  -44.795  40.029 0.0000000000
89650  -50.566  -10.249  16.390 0.0000000000
37866  -5.404  -55.407  46.320 0.0000000000
64331  -41.817  -32.685  35.101 0.0000000000
66902  -40.396  -30.657  33.886 0.0000000000
58202  -33.122  -37.865  35.626 0.0000000000
58182  -34.142  -38.265  36.756 0.0000000000
54930  -17.148  -40.236  37.969 0.0000000000
54929  -16.360  -40.495  38.398 0.0000000000
54927  -14.365  -40.719  38.815 0.0000000000
52765  -15.709  -42.332  38.189 0.0000000000
51685  -15.939  -43.814  38.899 0.0000000000
50641  -17.246  -44.083  38.464 0.0000000000
51669  -20.698  -43.913  39.656 0.0000000000
50616  -20.159  -44.572  39.982 0.0000000000
62015  -35.640  -34.604  33.351 0.0000000000
62047  -36.213  -34.189  33.011 0.0000000000
63197  -35.623  -33.635  32.895 0.0000000000
61904  -21.214  -33.242  37.604 0.0000000000
63111  -21.710  -33.688  35.968 0.0000000000
65510  -22.245  -31.318  37.120 0.0000000000
66834  -24.074  -29.688  35.426 0.0000000000
66853  -26.208  -29.422  34.811 0.0000000000
66896  -27.073  -30.833  33.571 0.0000000000
66876  -28.162  -30.119  34.549 0.0000000000
63098  -31.281  -32.761  36.728 0.0000000000
63134  -30.878  -32.667  34.497 0.0000000000
64362  -30.313  -32.293  33.316 0.0000000000
62045  -31.319  -33.951  33.236 0.0000000000
59478  -31.864  -36.274  32.605 0.0000000000
59479  -32.449  -35.624  33.062 0.0000000000
63167  -34.184  -33.983  33.732 0.0000000000
60749  -34.313  -35.703  33.691 0.0000000000
60750  -35.221  -35.527  33.730 0.0000000000
60751  -36.149  -35.561  33.741 0.0000000000
72805  -41.211  -25.675  23.773 0.0000000000
71704  -42.559  -26.416  24.434 0.0000000000
74069  -41.896  -25.037  23.711 0.0000000000
78480  -42.868  -20.547  22.888 0.0000000000
76364  -43.716  -22.536  23.118 0.0000000000
85370  -42.015  -14.384  23.128 0.0000000000
84203  -41.031  -15.466  22.629 0.0000000000
84215  -41.893  -14.933  21.348 0.0000000000
81940  -44.861  -17.125  19.422 0.0000000000
81921  -43.602  -17.113  20.045 0.0000000000
81911  -45.381  -18.384  21.107 0.0000000000
80742  -45.816  -18.966  21.611 0.0000000000
86606  -51.336  -13.858  17.504 0.0000000000
86615  -49.640  -12.837  17.578 0.0000000000
87683  -49.971  -12.231  17.345 0.0000000000
43949  -6.891  -50.348  42.316 0.0000000000
43939  -6.140  -50.741  42.813 0.0000000000
42715  -7.645  -51.847  42.781 0.0000000000
41449  -8.918  -52.945  45.406 0.0000000000
40198  -7.992  -53.616  47.040 0.0000000000
64381  -36.816  -32.840  32.022 0.0000000000
63200  -38.450  -33.204  32.414 0.0000000000
65603  -36.635  -31.404  31.558 0.0000000000
69275  -34.825  -28.953  31.860 0.0000000000
68132  -36.375  -29.694  31.518 0.0000000000
69277  -36.724  -28.945  31.690 0.0000000000
69257  -38.044  -28.858  32.157 0.0000000000
70445  -36.335  -27.526  32.000 0.0000000000
72653  -31.490  -25.627  31.731 0.0000000000
70509  -33.439  -27.845  28.660 0.0000000000
70494  -33.007  -27.771  29.763 0.0000000000
70495  -34.143  -28.343  29.538 0.0000000000
70481  -35.844  -27.642  30.474 0.0000000000
70497  -36.421  -28.138  29.786 0.0000000000
70499  -38.492  -28.345  30.178 0.0000000000
69320  -36.956  -28.832  29.245 0.0000000000
70553  -36.682  -28.344  25.952 0.0000000000
68208  -37.898  -29.447  27.267 0.0000000000
69398  -38.775  -29.125  25.978 0.0000000000
68211  -40.690  -29.367  26.580 0.0000000000
69416  -39.226  -28.381  25.223 0.0000000000
70590  -39.694  -27.335  24.601 0.0000000000
71682  -38.385  -26.896  24.363 0.0000000000
75245  -37.824  -23.086  25.620 0.0000000000
75258  -37.780  -24.237  24.653 0.0000000000
76350  -37.854  -22.293  24.881 0.0000000000
61984  -23.448  -34.602  34.350 0.0000000000
59416  -24.173  -37.031  35.259 0.0000000000
60708  -24.638  -35.629  35.512 0.0000000000
47420  -11.514  -47.875  41.189 0.0000000000
46258  -10.442  -48.745  41.489 0.0000000000
46260  -11.721  -48.813  42.310 0.0000000000
49520  -16.219  -45.963  41.002 0.0000000000
48477  -15.360  -46.773  41.410 0.0000000000
48455  -16.225  -47.060  42.178 0.0000000000
52744  -21.730  -42.452  40.205 0.0000000000
53825  -22.235  -41.527  39.475 0.0000000000
55971  -23.485  -39.916  39.516 0.0000000000
57056  -24.378  -39.039  39.116 0.0000000000
59422  -35.402  -37.347  36.029 0.0000000000
58184  -35.491  -37.653  37.265 0.0000000000
57053  -18.515  -37.762  38.260 0.0000000000
56005  -18.258  -39.645  37.455 0.0000000000
53858  -17.850  -41.329  37.301 0.0000000000
51706  -18.547  -43.605  38.105 0.0000000000
52768  -19.076  -43.003  37.659 0.0000000000
51708  -20.516  -43.496  38.231 0.0000000000
63150  -34.121  -33.401  34.514 0.0000000000
63151  -34.684  -32.833  34.535 0.0000000000
145273  -32.140  -33.294  35.834 0.0000000000
60747  -32.449  -34.411  34.039 0.0000000000
145276  -33.510  -33.422  35.436 0.0000000000
76380  -39.755  -22.153  22.825 0.0000000000
75274  -40.893  -23.494  22.966 0.0000000000
77404  -41.091  -21.578  22.892 0.0000000000
78497  -41.188  -19.877  22.771 0.0000000000
78498  -42.123  -19.819  22.646 0.0000000000
85409  -43.321  -14.061  20.782 0.0000000000
84236  -44.210  -14.411  19.935 0.0000000000
83090  -45.109  -16.219  19.046 0.0000000000
81941  -45.739  -17.282  19.246 0.0000000000
81925  -47.388  -18.153  19.733 0.0000000000
81950  -47.323  -17.127  18.464 0.0000000000
81952  -48.977  -17.103  18.373 0.0000000000
81954  -50.542  -16.837  18.415 0.0000000000
84264  -49.425  -15.134  17.530 0.0000000000
85435  -48.847  -13.901  17.788 0.0000000000
43929  -9.954  -51.130  43.639 0.0000000000
42703  -9.109  -52.083  43.934 0.0000000000
42692  -10.507  -51.429  44.983 0.0000000000
66900  -34.818  -30.788  33.383 0.0000000000
66922  -35.403  -30.567  31.849 0.0000000000
68102  -34.278  -29.659  33.343 0.0000000000
68119  -34.062  -29.319  32.644 0.0000000000
70444  -32.899  -28.414  32.700 0.0000000000
72671  -31.572  -25.487  30.709 0.0000000000
73971  -32.425  -24.973  29.078 0.0000000000
72716  -32.897  -25.846  28.526 0.0000000000
69370  -33.934  -27.843  27.609 0.0000000000
69344  -35.593  -28.728  27.949 0.0000000000
70530  -34.719  -27.758  26.870 0.0000000000
70551  -35.340  -27.504  26.191 0.0000000000
71680  -36.472  -26.581  25.348 0.0000000000
71681  -37.644  -26.625  24.504 0.0000000000
72790  -36.498  -25.509  25.606 0.0000000000
64322  -25.699  -33.470  34.607 0.0000000000
61953  -25.641  -34.668  35.771 0.0000000000
63132  -26.413  -34.522  35.313 0.0000000000
48472  -10.667  -46.990  40.558 0.0000000000
47421  -12.419  -47.678  41.473 0.0000000000
39020  -5.744  -54.286  44.657 0.0000000000
41447  -4.629  -52.609  44.693 0.0000000000
39019  -5.110  -54.210  44.714 0.0000000000
38995  -4.150  -54.528  45.172 0.0000000000
38994  -3.735  -54.611  45.201 0.0000000000
70408  -40.164  -28.477  33.658 0.0000000000
58199  -30.271  -37.685  34.837 0.0000000000
59379  -29.776  -37.722  36.332 0.0000000000
53823  -13.899  -41.142  39.905 0.0000000000
51682  -12.640  -43.277  39.378 0.0000000000
50612  -13.273  -45.023  39.564 0.0000000000
50627  -14.743  -44.432  39.148 0.0000000000
49554  -15.547  -45.231  39.587 0.0000000000
49522  -17.832  -45.821  41.174 0.0000000000
50631  -18.636  -44.805  39.223 0.0000000000
49541  -18.849  -45.782  40.443 0.0000000000
49507  -18.980  -45.806  42.090 0.0000000000
92636  -49.883  -8.091  15.816 0.0000000000
61974  -38.054  -34.816  34.725 0.0000000000
61991  -38.623  -34.421  33.966 0.0000000000
62017  -37.760  -34.414  33.203 0.0000000000
63198  -36.457  -33.629  32.441 0.0000000000
64393  -36.019  -31.991  32.377 0.0000000000
64364  -35.698  -32.124  33.961 0.0000000000
65580  -35.590  -31.519  34.407 0.0000000000
65579  -35.258  -31.268  33.829 0.0000000000
66878  -34.492  -30.189  34.481 0.0000000000
57098  -21.109  -38.516  35.555 0.0000000000
57099  -22.299  -38.410  34.990 0.0000000000
59414  -21.803  -35.912  34.937 0.0000000000
61968  -22.010  -34.266  34.823 0.0000000000
64340  -23.926  -32.831  34.359 0.0000000000
65512  -23.354  -30.031  36.284 0.0000000000
66851  -23.962  -30.635  34.791 0.0000000000
65558  -24.483  -31.910  34.412 0.0000000000
65574  -26.230  -31.640  33.649 0.0000000000
64359  -27.417  -32.245  33.187 0.0000000000
63164  -28.144  -34.071  33.162 0.0000000000
66838  -28.588  -29.984  36.345 0.0000000000
65560  -29.491  -30.876  34.292 0.0000000000
64377  -29.615  -32.986  32.408 0.0000000000
60746  -29.230  -35.899  33.184 0.0000000000
58224  -30.521  -37.115  32.837 0.0000000000
58217  -32.142  -37.775  34.365 0.0000000000
59446  -33.871  -37.344  34.557 0.0000000000
60748  -33.397  -35.417  33.484 0.0000000000
59462  -34.436  -36.497  34.046 0.0000000000
59447  -34.698  -37.103  34.777 0.0000000000
59448  -36.038  -36.811  34.994 0.0000000000
59450  -37.495  -35.863  35.311 0.0000000000
59375  -20.713  -36.029  37.072 0.0000000000
75276  -43.055  -23.432  23.176 0.0000000000
81896  -40.304  -17.343  23.052 0.0000000000
81897  -41.078  -17.283  22.442 0.0000000000
80739  -42.839  -18.547  21.790 0.0000000000
83057  -42.379  -15.990  21.030 0.0000000000
80755  -43.333  -18.232  21.296 0.0000000000
80741  -43.876  -19.107  21.787 0.0000000000
79604  -45.314  -19.521  22.113 0.0000000000
87685  -52.246  -12.678  17.239 0.0000000000
88628  -50.248  -11.360  16.822 0.0000000000
89638  -49.177  -10.447  16.966 0.0000000000
43927  -5.495  -50.850  43.537 0.0000000000
41473  -5.982  -52.569  43.510 0.0000000000
41463  -8.755  -52.609  44.367 0.0000000000
40232  -7.730  -53.572  44.396 0.0000000000
40231  -6.763  -53.832  44.377 0.0000000000
39010  -7.242  -54.335  45.732 0.0000000000
63153  -39.547  -33.827  34.012 0.0000000000
63172  -39.877  -33.105  33.469 0.0000000000
65581  -39.867  -31.305  32.784 0.0000000000
66924  -37.271  -30.504  31.527 0.0000000000
66913  -38.359  -30.561  31.878 0.0000000000
66914  -39.473  -30.451  32.537 0.0000000000
68103  -39.323  -29.354  33.103 0.0000000000
69258  -38.809  -28.865  32.955 0.0000000000
71572  -39.413  -28.016  32.702 0.0000000000
70443  -31.762  -27.906  33.094 0.0000000000
70464  -33.836  -28.257  31.560 0.0000000000
71606  -31.692  -26.488  30.530 0.0000000000
70478  -32.836  -27.702  30.878 0.0000000000
71594  -34.932  -27.470  31.290 0.0000000000
71595  -35.869  -27.095  31.693 0.0000000000
71597  -37.514  -27.286  31.694 0.0000000000
69374  -37.224  -29.386  27.545 0.0000000000
68177  -39.013  -29.253  28.454 0.0000000000
70573  -41.027  -27.790  24.917 0.0000000000
71702  -40.498  -26.489  24.311 0.0000000000
72821  -39.923  -25.030  23.532 0.0000000000
72802  -38.367  -25.444  24.038 0.0000000000
74067  -38.717  -24.842  23.951 0.0000000000
75272  -38.824  -23.446  23.536 0.0000000000
77402  -39.003  -21.490  23.320 0.0000000000
78465  -38.550  -20.185  24.752 0.0000000000
57087  -23.715  -38.700  35.587 0.0000000000
58155  -24.664  -37.891  37.166 0.0000000000
61931  -25.291  -35.194  36.757 0.0000000000
45091  -8.154  -49.955  41.637 0.0000000000
47417  -8.278  -47.378  41.342 0.0000000000
45103  -9.185  -49.108  41.369 0.0000000000
43952  -9.887  -50.258  42.596 0.0000000000
43942  -10.658  -50.280  43.358 0.0000000000
48498  -13.496  -46.357  40.707 0.0000000000
48475  -13.377  -46.936  41.366 0.0000000000
47405  -14.312  -47.930  42.354 0.0000000000
36695  -5.031  -56.377  47.302 0.0000000000
37864  -4.148  -55.644  45.679 0.0000000000
38993  -3.217  -54.775  45.202 0.0000000000
61960  -39.344  -34.919  35.670 0.0000000000
54956  -21.338  -40.440  35.967 0.0000000000
54957  -22.443  -40.606  36.340 0.0000000000
56041  -22.222  -39.751  35.446 0.0000000000
57097  -20.690  -39.067  35.685 0.0000000000
56023  -19.988  -39.775  35.922 0.0000000000
56024  -20.647  -39.983  35.699 0.0000000000
53873  -20.783  -41.116  36.333 0.0000000000
80708  -39.324  -18.653  24.594 0.0000000000
80719  -39.570  -18.986  23.773 0.0000000000
80709  -39.775  -17.982  24.262 0.0000000000
85413  -46.733  -12.918  19.632 0.0000000000
85424  -47.143  -13.576  18.793 0.0000000000
85425  -47.792  -13.306  18.848 0.0000000000
74014  -34.720  -24.657  27.580 0.0000000000
60726  -28.558  -35.700  34.249 0.0000000000
60709  -28.207  -35.560  35.103 0.0000000000
59418  -28.565  -36.292  35.175 0.0000000000
51652  -11.179  -43.091  40.748 0.0000000000
51664  -11.317  -44.286  40.154 0.0000000000
65550  -41.196  -31.219  34.691 0.0000000000
66882  -40.813  -30.758  34.461 0.0000000000
58203  -34.119  -37.959  35.747 0.0000000000
58183  -34.974  -37.911  36.919 0.0000000000
53842  -16.994  -41.252  37.749 0.0000000000
53841  -15.994  -41.367  38.113 0.0000000000
51704  -16.449  -43.471  38.329 0.0000000000
62046  -35.723  -34.114  33.084 0.0000000000
63169  -35.428  -34.051  33.095 0.0000000000
63096  -21.696  -32.698  37.227 0.0000000000
66818  -26.782  -28.705  37.217 0.0000000000
66836  -26.550  -28.879  35.969 0.0000000000
66854  -27.427  -29.272  34.950 0.0000000000
145278  -31.721  -33.106  35.636 0.0000000000
64326  -31.229  -32.674  35.584 0.0000000000
62010  -31.272  -33.298  34.350 0.0000000000
63195  -30.891  -33.352  33.429 0.0000000000
145277  -31.724  -33.807  34.156 0.0000000000
60769  -32.161  -35.338  32.911 0.0000000000
62014  -34.648  -34.687  33.491 0.0000000000
72822  -40.691  -25.101  23.464 0.0000000000
74068  -41.414  -25.096  23.564 0.0000000000
74083  -41.360  -24.527  23.293 0.0000000000
77406  -43.321  -21.613  22.868 0.0000000000
79580  -43.710  -19.893  22.622 0.0000000000
85388  -41.877  -14.391  22.142 0.0000000000
81923  -45.577  -18.061  19.824 0.0000000000
81922  -44.516  -17.732  20.016 0.0000000000
81899  -46.747  -18.823  21.636 0.0000000000
87682  -49.166  -12.155  17.774 0.0000000000
43950  -7.885  -50.663  41.983 0.0000000000
43940  -7.313  -51.037  42.422 0.0000000000
42724  -8.151  -51.407  42.408 0.0000000000
64394  -36.315  -32.112  31.916 0.0000000000
64395  -37.010  -32.141  31.611 0.0000000000
69276  -35.873  -28.853  31.786 0.0000000000
69255  -36.436  -28.118  31.750 0.0000000000
70510  -34.104  -28.489  28.523 0.0000000000
70496  -35.332  -28.312  29.692 0.0000000000
69319  -35.964  -28.601  28.923 0.0000000000
69414  -37.429  -28.535  25.552 0.0000000000
69415  -37.998  -28.582  25.347 0.0000000000
70571  -38.490  -27.664  24.687 0.0000000000
63144  -24.253  -33.936  34.328 0.0000000000
60725  -24.281  -35.556  34.848 0.0000000000
61969  -24.653  -34.695  34.952 0.0000000000
47402  -11.342  -48.436  41.716 0.0000000000
46244  -12.200  -49.136  42.985 0.0000000000
47384  -12.649  -48.803  42.898 0.0000000000
48479  -16.765  -46.273  41.495 0.0000000000
48478  -16.213  -46.488  41.553 0.0000000000
48456  -16.985  -46.758  42.186 0.0000000000
41448  -4.923  -52.070  44.754 0.0000000000
64330  -41.419  -32.918  34.630 0.0000000000
52755  -21.581  -42.593  38.983 0.0000000000
54943  -23.024  -40.480  37.474 0.0000000000
54931  -23.178  -40.486  38.753 0.0000000000
55988  -23.486  -39.840  38.771 0.0000000000
57055  -23.848  -39.419  39.441 0.0000000000
55989  -23.879  -39.520  38.386 0.0000000000
59423  -36.532  -36.838  35.982 0.0000000000
59399  -36.075  -37.292  36.949 0.0000000000
59355  -19.460  -36.367  38.025 0.0000000000
58137  -19.402  -37.063  37.775 0.0000000000
56022  -19.377  -39.845  36.430 0.0000000000
57071  -18.668  -39.327  37.194 0.0000000000
54941  -18.463  -40.520  37.116 0.0000000000
53859  -18.889  -41.471  36.887 0.0000000000
52784  -18.528  -42.281  37.235 0.0000000000
52785  -19.504  -42.326  37.241 0.0000000000
52787  -21.231  -42.378  37.336 0.0000000000
51722  -20.848  -43.132  37.757 0.0000000000
51709  -21.198  -43.104  38.191 0.0000000000
51691  -20.991  -43.403  38.982 0.0000000000
63135  -34.332  -32.878  35.477 0.0000000000
60674  -32.774  -33.493  36.247 0.0000000000
63117  -33.870  -33.231  35.986 0.0000000000
77420  -39.518  -21.896  22.914 0.0000000000
76381  -39.964  -22.006  22.743 0.0000000000
77403  -40.005  -21.532  22.918 0.0000000000
79599  -40.624  -19.126  22.959 0.0000000000
78496  -40.432  -19.903  23.051 0.0000000000
79600  -41.506  -19.044  22.567 0.0000000000
85410  -44.090  -13.571  20.573 0.0000000000
85411  -45.050  -13.314  20.264 0.0000000000
84251  -45.554  -15.151  18.989 0.0000000000
83091  -45.991  -16.336  18.790 0.0000000000
81942  -46.627  -17.468  19.043 0.0000000000
83092  -46.809  -16.368  18.480 0.0000000000
84262  -47.877  -15.250  18.007 0.0000000000
83101  -47.606  -16.283  18.287 0.0000000000
83102  -48.406  -16.234  18.080 0.0000000000
83103  -49.230  -16.220  17.868 0.0000000000
83104  -50.104  -16.231  17.893 0.0000000000
85426  -48.181  -13.102  18.943 0.0000000000
66899  -34.454  -30.259  33.850 0.0000000000
66910  -34.659  -30.147  33.058 0.0000000000
69233  -33.762  -29.261  33.142 0.0000000000
69254  -33.880  -29.015  32.430 0.0000000000
72717  -33.419  -25.390  28.146 0.0000000000
72739  -33.378  -26.158  28.065 0.0000000000
70528  -33.458  -27.587  27.762 0.0000000000
70529  -34.122  -27.435  27.278 0.0000000000
71639  -34.352  -26.623  27.116 0.0000000000
72771  -35.215  -25.767  26.470 0.0000000000
71661  -34.889  -26.569  26.451 0.0000000000
70569  -36.021  -27.432  25.557 0.0000000000
71663  -36.111  -25.966  25.707 0.0000000000
74040  -36.774  -24.424  26.061 0.0000000000
64304  -26.081  -33.783  34.887 0.0000000000
63133  -26.570  -34.210  34.871 0.0000000000
60670  -28.452  -35.823  37.097 0.0000000000
61956  -28.023  -35.255  36.743 0.0000000000
49532  -11.034  -45.773  40.422 0.0000000000
49518  -10.577  -46.127  40.611 0.0000000000
48495  -11.172  -46.520  40.466 0.0000000000
48473  -11.743  -47.213  40.649 0.0000000000
48474  -12.539  -47.025  40.997 0.0000000000
39009  -6.588  -54.588  45.447 0.0000000000
39008  -5.765  -54.893  45.363 0.0000000000
37875  -4.838  -55.227  45.513 0.0000000000
68080  -40.683  -29.938  34.393 0.0000000000
69215  -40.540  -28.830  34.518 0.0000000000
69214  -40.001  -28.874  33.620 0.0000000000
58200  -31.211  -37.959  35.091 0.0000000000
58178  -30.319  -37.954  35.834 0.0000000000
58179  -31.189  -38.285  36.127 0.0000000000
53839  -14.219  -41.394  38.691 0.0000000000
54908  -13.903  -40.834  39.195 0.0000000000
53822  -13.532  -41.436  39.148 0.0000000000
53821  -13.066  -41.754  39.358 0.0000000000
52754  -13.717  -42.384  38.886 0.0000000000
51683  -13.879  -43.294  38.847 0.0000000000
50629  -16.564  -44.532  39.131 0.0000000000
50628  -15.711  -44.445  39.283 0.0000000000
49555  -16.399  -45.185  39.615 0.0000000000
49538  -16.293  -45.632  40.288 0.0000000000
49539  -17.192  -45.576  40.237 0.0000000000
51689  -19.274  -44.081  38.611 0.0000000000
51687  -18.041  -44.079  38.709 0.0000000000
51688  -18.806  -44.226  38.792 0.0000000000
50601  -20.166  -45.152  40.983 0.0000000000
50615  -19.370  -45.317  40.011 0.0000000000
50600  -19.392  -45.778  41.010 0.0000000000
49523  -18.651  -46.030  41.114 0.0000000000
61990  -37.733  -34.793  34.012 0.0000000000
62048  -36.985  -34.257  32.795 0.0000000000
64345  -35.180  -32.201  34.809 0.0000000000
64363  -35.233  -32.833  33.573 0.0000000000
64346  -35.532  -31.616  35.217 0.0000000000
65562  -35.622  -30.991  34.673 0.0000000000
65591  -35.764  -31.801  33.132 0.0000000000
66879  -35.049  -30.573  34.503 0.0000000000
59393  -21.272  -36.121  35.984 0.0000000000
58194  -21.646  -37.230  35.066 0.0000000000
60688  -21.390  -35.046  35.677 0.0000000000
64320  -22.519  -32.714  35.683 0.0000000000
63129  -22.036  -33.594  35.472 0.0000000000
64338  -22.578  -33.183  35.186 0.0000000000
63143  -23.291  -33.672  34.313 0.0000000000
64339  -23.011  -32.768  34.833 0.0000000000
66873  -24.790  -30.924  34.245 0.0000000000
66872  -24.195  -31.287  34.544 0.0000000000
65559  -25.420  -31.752  34.103 0.0000000000
65575  -26.931  -31.572  33.337 0.0000000000
64360  -28.491  -32.551  32.781 0.0000000000
65533  -30.322  -31.612  36.300 0.0000000000
65515  -30.170  -30.904  36.892 0.0000000000
65532  -30.058  -31.126  36.224 0.0000000000
65531  -29.259  -30.443  36.298 0.0000000000
65546  -29.610  -30.760  35.422 0.0000000000
66877  -29.029  -30.315  34.865 0.0000000000
63194  -30.436  -33.437  32.707 0.0000000000
64378  -30.177  -32.703  32.700 0.0000000000
63193  -29.684  -33.899  32.549 0.0000000000
62043  -29.424  -34.973  32.746 0.0000000000
60766  -29.733  -35.806  32.697 0.0000000000
59445  -29.887  -37.034  33.065 0.0000000000
59458  -30.257  -36.661  32.697 0.0000000000
59459  -32.109  -37.011  32.849 0.0000000000
58226  -32.137  -37.475  33.424 0.0000000000
58227  -32.853  -37.369  33.806 0.0000000000
58218  -33.189  -37.787  34.550 0.0000000000
62011  -32.957  -34.029  34.499 0.0000000000
60729  -35.623  -36.302  34.189 0.0000000000
60752  -36.782  -35.545  33.983 0.0000000000
60730  -36.548  -36.084  34.358 0.0000000000
60731  -37.380  -35.483  34.549 0.0000000000
61929  -21.210  -34.183  37.261 0.0000000000
60643  -20.503  -34.883  37.597 0.0000000000
58175  -20.635  -37.243  36.216 0.0000000000
70574  -42.009  -27.618  24.819 0.0000000000
72807  -43.149  -25.774  24.028 0.0000000000
71705  -43.457  -26.418  24.496 0.0000000000
76362  -41.539  -22.521  22.957 0.0000000000
75275  -41.998  -23.489  23.042 0.0000000000
76363  -42.655  -22.559  22.835 0.0000000000
83034  -40.796  -15.764  24.281 0.0000000000
83033  -40.416  -16.367  23.778 0.0000000000
84190  -40.939  -15.452  23.701 0.0000000000
83056  -41.574  -15.931  21.736 0.0000000000
83046  -41.152  -16.393  22.366 0.0000000000
81907  -41.675  -17.030  21.937 0.0000000000
80738  -41.730  -18.148  21.857 0.0000000000
80753  -41.982  -17.506  21.557 0.0000000000
84235  -43.629  -14.947  20.001 0.0000000000
84216  -42.732  -14.954  20.728 0.0000000000
83058  -43.083  -16.057  20.308 0.0000000000
81910  -43.948  -18.031  20.711 0.0000000000
80740  -43.548  -18.783  21.700 0.0000000000
79603  -44.332  -19.400  22.070 0.0000000000
79616  -44.826  -19.345  21.837 0.0000000000
80743  -46.260  -19.385  22.021 0.0000000000
81926  -48.469  -18.449  19.829 0.0000000000
85437  -50.953  -14.673  17.612 0.0000000000
86607  -52.424  -13.717  17.680 0.0000000000
88627  -49.190  -11.428  17.492 0.0000000000
89639  -49.990  -10.595  16.614 0.0000000000
43938  -5.871  -51.418  43.255 0.0000000000
42701  -5.316  -51.527  43.717 0.0000000000
41474  -6.819  -52.623  43.379 0.0000000000
41464  -9.461  -52.126  44.588 0.0000000000
40222  -8.379  -53.522  45.400 0.0000000000
40233  -8.451  -53.227  44.691 0.0000000000
40220  -6.989  -54.333  45.052 0.0000000000
40197  -7.602  -54.030  47.449 0.0000000000
61992  -39.222  -34.359  34.516 0.0000000000
63152  -38.965  -33.827  33.537 0.0000000000
64383  -38.862  -32.422  32.274 0.0000000000
63171  -39.208  -33.272  33.036 0.0000000000
64365  -39.738  -32.274  32.918 0.0000000000
65593  -39.186  -31.432  32.249 0.0000000000
66923  -36.069  -30.580  31.442 0.0000000000
68133  -37.130  -29.585  31.562 0.0000000000
66912  -37.789  -30.272  31.776 0.0000000000
68124  -39.392  -29.811  32.832 0.0000000000
68123  -38.719  -29.647  32.526 0.0000000000
70448  -38.583  -28.169  32.444 0.0000000000
71579  -31.272  -26.688  32.851 0.0000000000
71580  -31.515  -27.460  32.488 0.0000000000
70463  -32.111  -27.677  31.879 0.0000000000
72691  -31.964  -25.642  29.713 0.0000000000
71605  -31.468  -26.036  30.748 0.0000000000
70479  -34.015  -27.944  30.661 0.0000000000
70493  -32.241  -27.315  30.293 0.0000000000
71608  -35.364  -27.230  31.077 0.0000000000
70482  -36.893  -27.581  30.598 0.0000000000
71609  -36.281  -27.145  31.227 0.0000000000
71611  -37.789  -27.315  31.381 0.0000000000
71598  -38.389  -27.401  31.578 0.0000000000
70466  -38.515  -27.378  31.276 0.0000000000
69321  -37.956  -28.908  29.508 0.0000000000
69372  -35.271  -28.452  26.939 0.0000000000
69345  -36.559  -29.092  28.226 0.0000000000
69373  -36.258  -29.152  27.135 0.0000000000
68209  -38.583  -29.436  26.910 0.0000000000
68191  -38.509  -29.377  27.767 0.0000000000
69399  -39.928  -28.741  26.043 0.0000000000
68212  -41.461  -28.953  26.518 0.0000000000
69401  -41.880  -28.398  26.078 0.0000000000
69418  -41.439  -28.237  25.308 0.0000000000
70591  -40.757  -27.300  24.611 0.0000000000
72804  -40.181  -25.665  23.919 0.0000000000
72803  -39.222  -25.434  23.888 0.0000000000
72791  -37.048  -25.592  24.962 0.0000000000
71699  -37.940  -26.001  23.923 0.0000000000
72801  -37.694  -25.506  24.325 0.0000000000
75259  -38.072  -23.558  24.436 0.0000000000
74066  -38.081  -24.648  24.284 0.0000000000
74080  -38.517  -24.214  23.819 0.0000000000
74081  -39.272  -24.446  23.432 0.0000000000
78475  -38.398  -20.770  24.749 0.0000000000
58212  -22.581  -37.145  34.582 0.0000000000
57100  -23.223  -38.328  34.843 0.0000000000
57108  -23.212  -37.677  34.605 0.0000000000
59417  -24.499  -36.591  35.700 0.0000000000
58177  -24.545  -37.297  36.334 0.0000000000
58156  -24.667  -37.200  36.910 0.0000000000
59376  -24.761  -37.593  37.846 0.0000000000
59377  -24.855  -36.931  37.503 0.0000000000
61932  -26.051  -35.025  37.463 0.0000000000
59378  -29.153  -37.347  36.817 0.0000000000
45090  -6.991  -49.473  42.052 0.0000000000
46274  -7.264  -48.554  41.690 0.0000000000
49515  -8.637  -46.342  41.373 0.0000000000
48451  -8.064  -46.184  41.618 0.0000000000
47418  -9.313  -47.626  40.986 0.0000000000
45104  -9.803  -48.836  41.417 0.0000000000
45092  -9.201  -49.863  41.757 0.0000000000
43953  -10.427  -50.005  42.744 0.0000000000
45079  -10.746  -49.897  42.863 0.0000000000
49552  -13.907  -45.346  39.600 0.0000000000
49535  -13.550  -45.696  40.068 0.0000000000
47424  -15.067  -47.393  41.754 0.0000000000
48476  -14.343  -46.929  41.406 0.0000000000
47423  -14.605  -47.554  41.864 0.0000000000
48452  -13.615  -47.591  41.830 0.0000000000
36693  -4.265  -56.656  46.134 0.0000000000
37854  -4.587  -56.238  46.225 0.0000000000
37863  -3.399  -55.768  45.593 0.0000000000
38992  -2.801  -54.988  45.197 0.0000000000
53862  -21.784  -41.879  37.209 0.0000000000
53844  -21.978  -41.787  38.219 0.0000000000
53863  -22.410  -41.286  37.361 0.0000000000
54958  -23.117  -40.379  36.649 0.0000000000
54944  -23.326  -40.158  36.861 0.0000000000
58153  -19.877  -37.545  36.747 0.0000000000
57073  -19.402  -38.036  37.181 0.0000000000
57084  -19.655  -39.316  36.385 0.0000000000
54954  -19.773  -40.623  36.093 0.0000000000
53860  -20.004  -41.480  36.680 0.0000000000
53872  -20.216  -41.025  36.110 0.0000000000
53861  -21.037  -41.892  36.786 0.0000000000
85412  -45.812  -13.011  19.749 0.0000000000
85432  -46.834  -14.492  18.483 0.0000000000
85434  -48.051  -13.993  17.881 0.0000000000
86595  -47.889  -13.688  18.306 0.0000000000
69212  -33.949  -28.778  34.862 0.0000000000
70406  -33.177  -27.898  34.816 0.0000000000
70423  -32.239  -27.685  34.083 0.0000000000
72740  -34.163  -25.684  27.638 0.0000000000
72741  -34.971  -25.273  27.091 0.0000000000
72742  -35.604  -25.179  26.835 0.0000000000
72772  -35.972  -25.369  26.181 0.0000000000
74016  -36.174  -24.782  26.934 0.0000000000
63147  -27.202  -33.972  34.092 0.0000000000
61972  -27.044  -34.988  34.987 0.0000000000
61986  -27.512  -34.481  34.366 0.0000000000
60690  -28.216  -35.953  36.063 0.0000000000
60671  -28.634  -36.479  36.610 0.0000000000
50609  -10.959  -44.814  40.336 0.0000000000
49533  -11.839  -45.647  40.316 0.0000000000
88638  -50.925  -10.911  16.562 0.0000000000
89651  -51.811  -10.499  16.396 0.0000000000
38983  -6.541  -54.764  47.446 0.0000000000
38996  -5.931  -55.083  46.467 0.0000000000
38982  -5.888  -55.154  47.390 0.0000000000
37856  -5.468  -55.601  46.856 0.0000000000
66859  -41.199  -30.544  34.948 0.0000000000
68105  -40.448  -29.981  33.771 0.0000000000
58180  -32.227  -38.194  36.390 0.0000000000
58181  -33.203  -38.114  36.585 0.0000000000
58162  -34.229  -38.090  37.720 0.0000000000
55985  -17.384  -39.495  38.431 0.0000000000
54911  -16.851  -39.931  38.724 0.0000000000
54910  -16.065  -39.915  39.372 0.0000000000
54928  -15.315  -40.562  38.665 0.0000000000
53840  -15.022  -41.380  38.434 0.0000000000
52764  -14.786  -42.215  38.451 0.0000000000
51684  -15.015  -43.651  38.881 0.0000000000
51703  -15.357  -43.099  38.440 0.0000000000
51686  -16.434  -44.036  38.740 0.0000000000
50640  -16.821  -44.268  38.649 0.0000000000
50633  -20.215  -44.345  39.082 0.0000000000
50632  -19.506  -44.643  39.118 0.0000000000
64379  -35.446  -33.153  32.978 0.0000000000
61950  -21.468  -34.062  36.289 0.0000000000
61951  -21.695  -33.663  36.579 0.0000000000
64302  -22.080  -32.361  36.537 0.0000000000
65542  -22.349  -32.088  36.031 0.0000000000
66816  -24.274  -29.252  36.518 0.0000000000
66817  -25.475  -28.603  36.791 0.0000000000
66835  -25.281  -29.297  35.735 0.0000000000
66874  -26.060  -30.370  33.824 0.0000000000
68047  -26.512  -29.753  34.362 0.0000000000
66875  -27.179  -30.122  34.180 0.0000000000
66897  -27.988  -30.556  33.603 0.0000000000
63116  -30.887  -32.452  36.732 0.0000000000
64307  -30.606  -32.113  36.388 0.0000000000
64325  -30.724  -32.030  35.186 0.0000000000
63149  -30.663  -32.596  33.796 0.0000000000
59477  -30.848  -36.178  32.488 0.0000000000
60768  -31.493  -35.079  32.551 0.0000000000
62013  -33.766  -34.497  33.715 0.0000000000
71703  -41.605  -26.715  24.390 0.0000000000
72806  -42.197  -25.767  24.037 0.0000000000
74070  -42.806  -24.998  23.831 0.0000000000
85369  -41.442  -14.858  23.370 0.0000000000
85387  -41.512  -14.782  22.618 0.0000000000
84214  -41.350  -14.972  21.972 0.0000000000
81939  -44.141  -16.914  19.594 0.0000000000
80757  -45.047  -19.084  21.578 0.0000000000
81898  -46.013  -18.664  21.423 0.0000000000
86605  -50.241  -13.663  17.567 0.0000000000
86616  -50.640  -13.031  17.432 0.0000000000
45089  -6.251  -49.721  42.601 0.0000000000
40210  -7.652  -54.006  46.388 0.0000000000
63199  -37.583  -33.647  32.364 0.0000000000
64382  -37.833  -32.542  31.854 0.0000000000
65604  -37.504  -31.553  31.593 0.0000000000
68130  -34.863  -29.457  31.843 0.0000000000
69278  -37.395  -29.107  31.776 0.0000000000
69256  -37.206  -28.421  31.723 0.0000000000
70446  -36.869  -27.622  31.936 0.0000000000
71592  -31.524  -26.848  31.583 0.0000000000
71617  -32.967  -27.272  29.041 0.0000000000
70480  -34.870  -27.764  30.431 0.0000000000
70498  -37.503  -28.092  29.941 0.0000000000
69397  -37.387  -28.889  26.297 0.0000000000
68210  -39.633  -29.456  26.726 0.0000000000
69417  -40.387  -28.353  25.144 0.0000000000
69430  -39.788  -28.104  24.740 0.0000000000
70589  -38.908  -26.939  24.283 0.0000000000
75244  -37.458  -23.971  25.110 0.0000000000
60723  -22.886  -35.286  34.312 0.0000000000
58213  -23.389  -37.086  34.584 0.0000000000
60724  -23.625  -35.519  34.471 0.0000000000
59442  -24.451  -36.096  35.142 0.0000000000
60689  -24.881  -35.967  36.564 0.0000000000
47419  -10.485  -48.059  40.929 0.0000000000
46277  -9.832  -48.335  41.150 0.0000000000
47401  -10.891  -48.555  41.508 0.0000000000
46259  -11.103  -48.963  42.009 0.0000000000
45094  -11.156  -49.401  42.464 0.0000000000
45080  -11.405  -49.663  43.268 0.0000000000
46243  -11.565  -49.227  42.579 0.0000000000
49537  -15.434  -45.803  40.294 0.0000000000
48500  -15.088  -46.216  40.678 0.0000000000
49519  -15.668  -46.203  41.021 0.0000000000
48454  -15.622  -47.387  42.207 0.0000000000
64347  -41.063  -32.551  34.105 0.0000000000
51657  -21.443  -43.062  40.662 0.0000000000
53809  -22.029  -41.588  40.734 0.0000000000
54889  -22.430  -40.436  40.576 0.0000000000
54913  -22.807  -40.639  39.797 0.0000000000
59398  -35.510  -37.574  36.767 0.0000000000
55970  -18.021  -38.366  38.418 0.0000000000
57061  -18.784  -38.286  37.550 0.0000000000
55987  -18.339  -38.457  37.937 0.0000000000
55986  -17.924  -39.019  38.014 0.0000000000
56004  -17.636  -39.698  37.811 0.0000000000
53843  -17.406  -40.765  37.589 0.0000000000
53857  -17.428  -41.697  37.560 0.0000000000
52767  -17.445  -42.833  37.720 0.0000000000
51721  -18.322  -42.918  37.550 0.0000000000
51707  -19.625  -43.690  38.215 0.0000000000
52769  -19.962  -43.035  37.758 0.0000000000
50643  -20.171  -44.030  38.578 0.0000000000
51670  -21.185  -43.192  39.940 0.0000000000
145272  -31.742  -33.059  36.317 0.0000000000
145271  -31.918  -33.260  35.476 0.0000000000
60692  -32.942  -33.686  34.906 0.0000000000
145279  -33.066  -33.805  34.695 0.0000000000
61957  -33.316  -33.459  35.687 0.0000000000
61988  -33.408  -33.698  34.704 0.0000000000
61989  -33.841  -33.881  34.127 0.0000000000
75273  -39.805  -23.462  23.114 0.0000000000
76361  -40.302  -22.421  22.851 0.0000000000
78478  -40.687  -20.673  22.875 0.0000000000
78479  -41.700  -20.693  22.701 0.0000000000
85389  -42.712  -14.102  21.576 0.0000000000
86569  -43.455  -13.533  21.317 0.0000000000
85421  -44.620  -14.075  19.889 0.0000000000
84250  -44.524  -15.056  19.378 0.0000000000
84249  -44.002  -15.596  19.513 0.0000000000
80764  -45.984  -17.832  19.522 0.0000000000
81943  -47.740  -17.802  18.998 0.0000000000
81951  -48.108  -17.142  18.447 0.0000000000
81944  -48.699  -17.876  18.932 0.0000000000
84265  -50.505  -15.450  17.691 0.0000000000
84276  -48.983  -14.853  17.551 0.0000000000
84277  -49.027  -14.541  17.597 0.0000000000
42717  -9.536  -51.204  43.215 0.0000000000
42716  -8.912  -51.798  43.069 0.0000000000
42704  -9.826  -51.553  44.119 0.0000000000
65590  -35.336  -31.201  32.785 0.0000000000
65601  -35.393  -30.929  32.208 0.0000000000
66911  -34.998  -30.519  32.454 0.0000000000
68121  -35.002  -30.145  31.949 0.0000000000
68101  -33.991  -29.389  32.961 0.0000000000
73943  -32.456  -24.362  30.095 0.0000000000
73995  -32.630  -25.367  28.748 0.0000000000
71626  -32.696  -26.342  28.852 0.0000000000
71627  -32.888  -26.878  28.339 0.0000000000
69342  -33.886  -28.186  27.901 0.0000000000
69343  -34.650  -28.480  27.893 0.0000000000
70550  -34.636  -27.184  26.726 0.0000000000
69395  -35.664  -28.245  26.272 0.0000000000
70552  -36.052  -28.152  25.780 0.0000000000
74055  -36.497  -24.902  25.925 0.0000000000
74056  -36.901  -24.653  25.445 0.0000000000
75226  -37.296  -23.800  26.208 0.0000000000
64341  -24.985  -33.022  34.457 0.0000000000
63131  -25.223  -34.052  34.811 0.0000000000
63113  -25.827  -33.966  34.984 0.0000000000
63114  -26.166  -34.242  35.193 0.0000000000
61954  -26.531  -34.758  35.971 0.0000000000
61955  -27.441  -34.937  36.433 0.0000000000
49516  -8.956  -46.237  41.216 0.0000000000
50598  -10.079  -44.955  40.543 0.0000000000
49517  -9.726  -45.766  41.001 0.0000000000
49493  -18.566  -46.800  42.889 0.0000000000
40230  -5.665  -53.557  44.166 0.0000000000
41460  -4.963  -52.828  44.271 0.0000000000
40229  -5.034  -53.512  44.408 0.0000000000
40219  -4.491  -53.417  44.680 0.0000000000
37876  -5.361  -55.202  45.681 0.0000000000
39007  -4.729  -54.537  44.997 0.0000000000
40209  -3.996  -53.373  44.927 0.0000000000
40208  -3.533  -53.355  45.136 0.0000000000
84172  -41.309  -15.339  24.705 0.0000000000
85354  -41.888  -14.451  24.059 0.0000000000
85355  -42.585  -13.864  23.986 0.0000000000
86534  -43.177  -13.492  23.362 0.0000000000
70426  -39.949  -28.217  33.129 0.0000000000
59419  -29.310  -36.944  34.836 0.0000000000
59420  -29.700  -37.431  34.969 0.0000000000
53806  -12.992  -41.085  39.805 0.0000000000
52741  -12.580  -41.811  39.601 0.0000000000
51681  -12.247  -43.928  39.532 0.0000000000
50626  -13.652  -44.489  39.207 0.0000000000
49553  -14.637  -45.298  39.518 0.0000000000
49521  -16.951  -45.746  41.094 0.0000000000
49505  -17.470  -46.391  41.660 0.0000000000
51705  -17.468  -43.416  38.036 0.0000000000
50630  -17.561  -44.700  39.195 0.0000000000
50614  -18.398  -45.354  39.826 0.0000000000
50613  -17.675  -45.336  39.836 0.0000000000
49540  -18.141  -45.618  40.459 0.0000000000
49506  -18.291  -46.485  41.818 0.0000000000
91639  -49.628  -8.569  16.264 0.0000000000
61975  -38.828  -34.711  35.071 0.0000000000
63196  -35.311  -33.354  33.193 0.0000000000
68076  -34.609  -30.004  35.070 0.0000000000
59439  -22.378  -36.376  34.596 0.0000000000
61967  -21.585  -34.258  35.444 0.0000000000
60706  -21.738  -34.907  35.046 0.0000000000
59415  -22.447  -35.796  34.524 0.0000000000
61983  -22.680  -34.399  34.393 0.0000000000
64287  -22.294  -31.281  37.403 0.0000000000
65511  -22.553  -30.701  37.050 0.0000000000
65528  -22.777  -30.815  35.935 0.0000000000
65529  -23.455  -30.404  35.516 0.0000000000
65544  -23.307  -31.079  35.301 0.0000000000
65557  -23.537  -31.768  34.750 0.0000000000
64342  -26.016  -32.794  34.060 0.0000000000
63146  -26.782  -33.088  33.713 0.0000000000
66895  -26.559  -31.084  33.572 0.0000000000
64358  -26.705  -32.344  33.490 0.0000000000
63163  -27.532  -33.076  33.393 0.0000000000
62008  -28.647  -35.033  33.411 0.0000000000
66837  -27.930  -29.309  36.505 0.0000000000
66855  -28.568  -30.039  35.603 0.0000000000
66898  -28.780  -30.486  34.033 0.0000000000
65577  -28.904  -31.269  33.295 0.0000000000
65578  -29.935  -31.581  33.684 0.0000000000
64361  -29.634  -32.139  32.795 0.0000000000
64376  -28.984  -33.523  32.538 0.0000000000
62042  -28.812  -34.554  32.992 0.0000000000
60727  -28.947  -36.088  33.810 0.0000000000
59444  -29.434  -36.692  33.759 0.0000000000
58215  -30.247  -37.327  33.770 0.0000000000
58216  -31.214  -37.706  34.043 0.0000000000
58242  -31.054  -36.785  32.608 0.0000000000
58225  -31.324  -37.358  32.922 0.0000000000
58219  -33.847  -37.731  34.996 0.0000000000
59461  -33.752  -36.795  33.905 0.0000000000
59421  -34.736  -37.534  35.686 0.0000000000
59449  -36.982  -36.314  35.138 0.0000000000
59356  -19.742  -35.770  37.911 0.0000000000
58154  -19.948  -36.658  37.197 0.0000000000
57086  -20.546  -38.067  36.115 0.0000000000
74084  -42.417  -24.252  23.519 0.0000000000
74085  -43.434  -24.260  23.523 0.0000000000
81881  -40.038  -17.387  24.005 0.0000000000
84202  -40.800  -16.055  22.670 0.0000000000
79601  -42.433  -19.085  22.259 0.0000000000
81909  -42.992  -17.181  20.876 0.0000000000
80754  -42.487  -17.786  21.397 0.0000000000
79602  -43.392  -19.225  22.115 0.0000000000
79581  -44.674  -19.964  22.763 0.0000000000
79605  -45.926  -19.751  22.311 0.0000000000
88629  -51.605  -11.620  16.679 0.0000000000
87684  -51.044  -12.383  17.121 0.0000000000
88637  -50.424  -10.785  16.603 0.0000000000
90644  -49.256  -9.376  16.693 0.0000000000
40241  -6.003  -53.268  43.751 0.0000000000
41476  -8.519  -52.317  43.444 0.0000000000
41475  -7.768  -52.583  43.457 0.0000000000
41462  -8.069  -53.049  44.091 0.0000000000
40243  -7.467  -53.091  43.728 0.0000000000
40242  -6.800  -53.286  43.697 0.0000000000
39021  -6.359  -54.221  44.643 0.0000000000
38998  -7.161  -54.449  46.435 0.0000000000
38984  -7.043  -54.557  47.139 0.0000000000
64366  -40.394  -32.631  33.486 0.0000000000
65582  -40.415  -31.643  33.465 0.0000000000
66925  -37.883  -31.061  31.637 0.0000000000
66901  -40.110  -30.784  33.135 0.0000000000
68104  -40.062  -29.985  33.162 0.0000000000
69236  -39.798  -29.245  33.422 0.0000000000
69235  -39.509  -28.882  33.348 0.0000000000
70407  -39.751  -28.686  33.428 0.0000000000
70425  -39.459  -28.495  33.071 0.0000000000
71571  -31.648  -26.540  34.100 0.0000000000
70442  -31.631  -27.278  33.751 0.0000000000
71591  -31.379  -26.128  31.084 0.0000000000
70477  -32.005  -27.248  31.108 0.0000000000
71581  -36.412  -27.173  32.125 0.0000000000
71582  -37.178  -27.302  31.982 0.0000000000
71596  -36.742  -26.897  31.872 0.0000000000
71583  -38.073  -27.727  31.702 0.0000000000
71584  -38.810  -27.488  32.310 0.0000000000
71585  -39.576  -27.679  32.493 0.0000000000
70484  -39.320  -28.150  30.907 0.0000000000
69346  -37.631  -29.325  28.549 0.0000000000
68176  -38.249  -29.345  28.336 0.0000000000
69419  -42.338  -28.237  25.315 0.0000000000
69431  -40.329  -27.898  24.681 0.0000000000
71700  -38.531  -26.271  24.035 0.0000000000
76360  -39.333  -22.481  23.151 0.0000000000
77401  -38.338  -21.454  24.298 0.0000000000
78476  -38.790  -20.470  24.037 0.0000000000
79566  -38.849  -19.594  24.520 0.0000000000
80707  -38.728  -19.132  24.885 0.0000000000
56042  -23.004  -39.103  35.263 0.0000000000
56026  -23.287  -39.850  36.117 0.0000000000
57074  -24.200  -38.966  36.618 0.0000000000
58196  -23.956  -37.674  34.964 0.0000000000
58176  -24.307  -38.010  36.003 0.0000000000
57063  -24.349  -38.937  37.831 0.0000000000
58139  -24.622  -38.140  38.288 0.0000000000
61970  -25.107  -34.573  35.362 0.0000000000
61952  -24.972  -35.048  35.860 0.0000000000
60669  -25.782  -35.547  38.232 0.0000000000
60668  -25.337  -35.847  37.894 0.0000000000
59358  -25.215  -36.773  38.638 0.0000000000
59396  -28.816  -36.834  35.859 0.0000000000
47416  -7.473  -47.685  41.606 0.0000000000
46276  -9.088  -48.320  41.085 0.0000000000
46275  -8.191  -48.407  41.223 0.0000000000
45102  -8.247  -49.271  41.362 0.0000000000
43951  -8.968  -50.500  42.125 0.0000000000
43941  -9.981  -50.752  43.273 0.0000000000
43943  -11.178  -50.075  43.882 0.0000000000
50611  -12.676  -45.018  39.794 0.0000000000
49534  -12.674  -45.641  40.278 0.0000000000
48497  -12.644  -46.358  40.658 0.0000000000
48499  -14.398  -46.364  40.669 0.0000000000
47422  -13.036  -47.397  41.638 0.0000000000
47404  -13.288  -48.074  42.260 0.0000000000
48441  -17.656  -47.214  43.029 0.0000000000
48440  -16.760  -47.149  43.044 0.0000000000
47387  -15.149  -47.968  43.306 0.0000000000
47386  -14.198  -48.697  43.400 0.0000000000
47385  -13.138  -48.673  42.971 0.0000000000
91640  -50.302  -8.661  15.674 0.0000000000
37855  -5.248  -55.983  47.019 0.0000000000
37873  -2.635  -55.448  45.253 0.0000000000
37862  -2.890  -55.413  45.350 0.0000000000
37853  -4.199  -56.398  46.028 0.0000000000
42702  -5.094  -50.713  43.887 0.0000000000
42713  -6.093  -52.022  43.317 0.0000000000
42726  -9.474  -50.779  42.737 0.0000000000
45101  -7.621  -49.352  41.603 0.0000000000
48450  -8.269  -46.131  41.539 0.0000000000
48453  -14.058  -47.421  41.737 0.0000000000
48469  -8.401  -46.329  41.473 0.0000000000
48470  -8.735  -46.713  41.285 0.0000000000
49502  -8.503  -46.105  41.442 0.0000000000
49531  -10.377  -45.592  40.615 0.0000000000
50624  -12.178  -44.376  39.674 0.0000000000
50625  -12.733  -44.372  39.442 0.0000000000
51651  -10.951  -43.869  40.466 0.0000000000
51690  -20.552  -43.892  38.896 0.0000000000
51702  -14.499  -42.866  38.621 0.0000000000
51720  -17.862  -43.097  37.659 0.0000000000
51723  -21.139  -42.827  37.636 0.0000000000
52753  -13.203  -42.318  39.176 0.0000000000
52763  -14.095  -42.161  38.704 0.0000000000
52770  -20.503  -43.100  37.757 0.0000000000
52782  -17.215  -41.912  37.638 0.0000000000
52783  -17.684  -42.314  37.563 0.0000000000
53805  -13.012  -41.498  39.473 0.0000000000
53826  -22.810  -41.027  39.122 0.0000000000
53875  -22.154  -41.357  36.801 0.0000000000
54907  -13.673  -40.982  39.028 0.0000000000
54912  -22.256  -40.922  40.347 0.0000000000
54926  -13.858  -40.915  38.888 0.0000000000
54940  -17.753  -40.331  37.485 0.0000000000
54964  -21.666  -40.076  35.593 0.0000000000
54965  -21.946  -40.290  35.776 0.0000000000
55969  -17.590  -38.765  38.753 0.0000000000
55972  -23.779  -39.514  39.051 0.0000000000
56006  -18.824  -39.807  36.948 0.0000000000
56007  -23.377  -39.964  38.143 0.0000000000
56039  -20.507  -39.435  35.775 0.0000000000
57054  -18.974  -37.402  38.048 0.0000000000
57060  -18.479  -38.925  37.469 0.0000000000
57062  -18.993  -37.684  37.737 0.0000000000
57085  -20.162  -38.671  36.325 0.0000000000
57107  -22.721  -37.887  34.667 0.0000000000
58121  -18.869  -37.082  38.345 0.0000000000
58195  -22.293  -37.694  34.756 0.0000000000
58197  -24.315  -37.336  35.619 0.0000000000
58198  -29.818  -37.335  34.536 0.0000000000
58211  -22.070  -36.681  34.735 0.0000000000
58214  -29.678  -37.099  34.234 0.0000000000
58241  -30.660  -36.718  32.629 0.0000000000
59397  -29.616  -37.429  35.656 0.0000000000
59441  -23.985  -36.509  34.821 0.0000000000
59457  -29.683  -36.455  32.904 0.0000000000
59476  -30.160  -36.133  32.595 0.0000000000
60691  -28.490  -36.440  36.106 0.0000000000
60707  -22.181  -35.086  34.562 0.0000000000
60745  -28.860  -35.630  33.566 0.0000000000
60767  -30.370  -35.437  32.463 0.0000000000
61930  -21.669  -33.608  36.956 0.0000000000
61971  -26.611  -34.669  35.273 0.0000000000
61985  -24.040  -34.845  34.569 0.0000000000
62009  -29.005  -35.398  33.191 0.0000000000
63112  -21.887  -33.321  36.373 0.0000000000
63115  -26.317  -34.062  34.923 0.0000000000
63128  -21.632  -33.876  35.769 0.0000000000
63130  -24.737  -34.087  34.587 0.0000000000
63142  -22.561  -33.623  34.753 0.0000000000
63148  -27.687  -34.350  33.959 0.0000000000
63162  -27.103  -32.677  33.448 0.0000000000
63165  -30.587  -32.899  33.239 0.0000000000
63166  -30.889  -32.976  33.839 0.0000000000
63192  -29.017  -34.190  32.762 0.0000000000
64303  -25.950  -33.636  34.799 0.0000000000
64305  -26.152  -33.906  34.929 0.0000000000
64308  -31.013  -32.494  36.372 0.0000000000
64323  -26.102  -33.461  34.619 0.0000000000
64324  -26.310  -33.794  34.768 0.0000000000
64344  -30.571  -32.041  34.164 0.0000000000
64348  -41.491  -32.530  34.565 0.0000000000
65527  -22.283  -31.512  36.492 0.0000000000
65543  -22.749  -31.777  35.498 0.0000000000
65545  -29.100  -30.441  35.711 0.0000000000
65547  -30.312  -31.485  35.747 0.0000000000
65556  -22.999  -32.145  35.028 0.0000000000
66856  -29.076  -30.394  35.418 0.0000000000
68048  -26.775  -29.484  34.642 0.0000000000
68073  -26.662  -29.966  34.188 0.0000000000
68074  -26.922  -29.702  34.479 0.0000000000
68120  -34.551  -29.656  32.338 0.0000000000
68175  -37.927  -29.370  28.283 0.0000000000
68190  -37.903  -29.398  27.954 0.0000000000
69213  -39.746  -28.950  33.445 0.0000000000
69253  -33.781  -29.259  32.894 0.0000000000
69371  -34.409  -28.056  27.411 0.0000000000
70568  -35.665  -27.090  25.731 0.0000000000
70572  -39.294  -27.909  24.788 0.0000000000
70592  -41.358  -27.390  24.668 0.0000000000
71593  -31.480  -27.224  32.175 0.0000000000
71610  -37.208  -27.201  31.313 0.0000000000
71679  -35.928  -26.906  25.607 0.0000000000
72652  -31.416  -25.757  31.127 0.0000000000
72670  -31.419  -25.853  30.900 0.0000000000
72715  -32.429  -25.824  29.013 0.0000000000
72823  -41.170  -25.115  23.498 0.0000000000
77421  -39.772  -21.875  22.820 0.0000000000
79615  -44.615  -19.196  21.701 0.0000000000
80765  -46.202  -17.882  19.560 0.0000000000
80776  -46.184  -17.636  19.389 0.0000000000
80777  -46.385  -17.761  19.454 0.0000000000
83045  -40.618  -16.535  22.813 0.0000000000
83089  -44.325  -16.198  19.306 0.0000000000
84189  -40.654  -15.930  23.064 0.0000000000
85446  -48.942  -14.285  17.656 0.0000000000
86585  -43.638  -13.596  20.890 0.0000000000
86586  -43.779  -13.378  21.027 0.0000000000
86594  -47.659  -13.759  18.353 0.0000000000
86602  -47.739  -13.992  18.054 0.0000000000
86603  -47.897  -13.815  18.134 0.0000000000
89649  -49.754  -10.023  16.545 0.0000000000
145275  -31.594  -32.815  36.080 0.0000000000
145280  -31.477  -33.183  35.152 0.0000000000
