#!ascii label  , from subject 4061 vox2ras=TkReg
977
106689  46.061  8.826  26.970 0.0000000000
109781  51.135  12.109  16.520 0.0000000000
112797  49.562  14.583  16.442 0.0000000000
108871  51.372  10.519  8.224 0.0000000000
104616  45.489  6.822  20.667 0.0000000000
113830  51.819  15.888  23.465 0.0000000000
111767  54.159  13.858  10.496 0.0000000000
113984  39.139  15.931  11.564 0.0000000000
111608  53.532  14.088  23.817 0.0000000000
108756  49.216  10.645  22.645 0.0000000000
106790  48.285  8.263  16.874 0.0000000000
114890  44.283  16.405  17.617 0.0000000000
115030  44.424  17.169  9.890 0.0000000000
113904  54.710  15.916  16.533 0.0000000000
115043  50.816  16.533  9.367 0.0000000000
114979  39.003  16.871  13.480 0.0000000000
110657  49.926  12.293  25.857 0.0000000000
108745  47.724  10.112  24.280 0.0000000000
105703  47.902  7.021  19.563 0.0000000000
111645  47.731  13.578  19.671 0.0000000000
111667  44.425  14.085  19.617 0.0000000000
112800  46.717  13.937  16.592 0.0000000000
113952  44.290  16.198  12.785 0.0000000000
112856  47.460  14.727  12.664 0.0000000000
111644  52.684  13.409  20.204 0.0000000000
112757  54.686  15.085  19.757 0.0000000000
111687  53.567  14.020  17.091 0.0000000000
111801  54.543  13.405  7.933 0.0000000000
115040  53.886  16.474  9.365 0.0000000000
112918  51.781  14.610  7.740 0.0000000000
112906  48.492  14.435  8.275 0.0000000000
109859  49.463  11.529  9.635 0.0000000000
106847  47.346  8.241  11.351 0.0000000000
106696  43.686  8.232  25.184 0.0000000000
107754  45.142  9.212  23.582 0.0000000000
113868  50.961  15.538  19.918 0.0000000000
109802  50.085  11.215  13.924 0.0000000000
111734  52.118  13.278  13.561 0.0000000000
109846  52.790  11.877  10.292 0.0000000000
109864  56.370  11.496  8.758 0.0000000000
111573  55.486  13.937  27.303 0.0000000000
111577  52.504  13.395  26.264 0.0000000000
110668  51.171  12.580  23.177 0.0000000000
109760  50.682  11.317  19.599 0.0000000000
107766  47.707  9.220  21.524 0.0000000000
107780  49.025  9.242  19.150 0.0000000000
108799  49.635  10.688  16.586 0.0000000000
106823  49.493  8.356  13.661 0.0000000000
104562  42.417  6.309  27.232 0.0000000000
113857  42.020  16.745  20.803 0.0000000000
114910  41.409  16.192  17.171 0.0000000000
114959  41.352  16.101  13.913 0.0000000000
115033  41.517  16.774  10.144 0.0000000000
111772  43.461  13.665  10.229 0.0000000000
114836  55.200  16.254  23.478 0.0000000000
115867  53.992  17.339  20.028 0.0000000000
113906  51.548  16.224  16.508 0.0000000000
113946  54.238  15.684  13.307 0.0000000000
114988  53.061  16.457  12.577 0.0000000000
113962  50.235  15.254  12.486 0.0000000000
115045  48.124  16.871  9.519 0.0000000000
112891  45.277  14.564  8.921 0.0000000000
115910  37.997  17.650  14.139 0.0000000000
114945  38.248  17.147  15.287 0.0000000000
108729  48.129  10.476  27.019 0.0000000000
107733  46.855  9.779  25.567 0.0000000000
111678  48.645  13.874  18.172 0.0000000000
111691  47.052  13.739  17.587 0.0000000000
112799  47.889  13.915  16.300 0.0000000000
112829  46.620  14.984  14.402 0.0000000000
112827  48.384  14.285  14.570 0.0000000000
110709  52.244  12.648  18.157 0.0000000000
111676  52.872  13.264  18.601 0.0000000000
111700  52.610  13.321  16.586 0.0000000000
110819  52.259  12.095  8.095 0.0000000000
111803  52.361  13.690  7.761 0.0000000000
110820  51.632  12.546  8.061 0.0000000000
111794  50.016  13.436  8.172 0.0000000000
109868  50.423  11.415  8.679 0.0000000000
107874  49.403  9.675  9.582 0.0000000000
107885  50.011  9.445  8.681 0.0000000000
105663  43.060  7.693  23.533 0.0000000000
112733  50.098  14.911  21.814 0.0000000000
113844  51.452  16.058  21.482 0.0000000000
108839  50.547  10.424  12.266 0.0000000000
109823  51.122  11.972  11.909 0.0000000000
107864  51.907  10.398  10.769 0.0000000000
108861  56.142  10.276  9.208 0.0000000000
106871  55.512  9.175  8.327 0.0000000000
108878  55.267  10.805  7.723 0.0000000000
109726  49.585  11.405  24.494 0.0000000000
110663  50.659  12.421  24.462 0.0000000000
109733  50.283  11.775  23.218 0.0000000000
109737  51.140  11.884  21.680 0.0000000000
108765  50.304  10.639  21.051 0.0000000000
106725  45.193  8.566  21.718 0.0000000000
107760  46.491  9.447  22.306 0.0000000000
106735  46.637  8.026  21.017 0.0000000000
105719  48.141  7.428  18.204 0.0000000000
106750  48.629  8.277  19.381 0.0000000000
107788  48.553  8.886  18.374 0.0000000000
107787  48.926  9.751  18.092 0.0000000000
107809  48.577  9.190  16.505 0.0000000000
108825  48.559  9.801  15.028 0.0000000000
106808  48.586  8.483  15.084 0.0000000000
104709  50.798  6.921  14.028 0.0000000000
113869  44.305  15.315  18.844 0.0000000000
112763  43.153  15.173  19.932 0.0000000000
114876  43.339  16.920  19.063 0.0000000000
115869  42.336  17.239  19.168 0.0000000000
114909  42.455  16.339  17.009 0.0000000000
113912  41.250  15.831  15.694 0.0000000000
113911  43.492  15.697  15.666 0.0000000000
113967  44.969  16.425  12.043 0.0000000000
114992  43.030  16.540  11.563 0.0000000000
115031  43.462  17.128  9.911 0.0000000000
112895  41.964  15.278  9.449 0.0000000000
114004  43.207  15.730  8.716 0.0000000000
111593  54.717  14.000  25.329 0.0000000000
113808  55.574  15.351  25.525 0.0000000000
112714  55.051  14.627  23.627 0.0000000000
113879  55.281  15.724  18.725 0.0000000000
114871  55.213  16.328  19.643 0.0000000000
114902  54.484  16.504  18.132 0.0000000000
114888  52.726  16.692  18.429 0.0000000000
114920  53.951  16.273  16.309 0.0000000000
111746  52.871  13.636  12.361 0.0000000000
112839  53.292  14.345  13.961 0.0000000000
112865  54.302  14.723  11.649 0.0000000000
115042  52.199  17.021  9.236 0.0000000000
115004  53.761  16.514  11.051 0.0000000000
115023  51.925  16.515  10.403 0.0000000000
114989  52.093  16.478  13.199 0.0000000000
115024  50.564  15.984  10.566 0.0000000000
113990  48.842  15.790  10.418 0.0000000000
115044  49.316  16.322  9.556 0.0000000000
111781  47.945  13.822  9.344 0.0000000000
112908  46.701  14.949  8.090 0.0000000000
111782  46.988  13.626  9.504 0.0000000000
111770  45.390  13.506  10.246 0.0000000000
113818  52.877  16.437  24.811 0.0000000000
115930  38.387  17.286  12.217 0.0000000000
114996  38.826  16.833  12.249 0.0000000000
109705  50.078  11.855  27.287 0.0000000000
109706  49.347  11.360  27.520 0.0000000000
109719  48.873  11.319  25.691 0.0000000000
108752  48.402  10.455  23.653 0.0000000000
104624  46.936  6.595  20.128 0.0000000000
111647  45.802  13.156  20.386 0.0000000000
111681  45.755  13.751  18.433 0.0000000000
113896  45.361  15.197  17.316 0.0000000000
113923  44.584  15.642  15.157 0.0000000000
113922  45.529  15.372  15.405 0.0000000000
113950  45.787  15.569  13.607 0.0000000000
113980  45.853  16.349  11.128 0.0000000000
111630  53.292  13.939  21.731 0.0000000000
112724  54.041  14.620  22.207 0.0000000000
111643  53.317  14.017  20.622 0.0000000000
112772  54.291  14.584  18.523 0.0000000000
112794  54.876  15.339  17.043 0.0000000000
112886  55.126  13.761  9.080 0.0000000000
113999  54.577  15.454  9.877 0.0000000000
112903  54.217  14.972  8.363 0.0000000000
114013  52.756  15.994  8.109 0.0000000000
115073  51.065  16.297  7.799 0.0000000000
114028  49.385  15.855  7.663 0.0000000000
112920  49.755  14.968  7.642 0.0000000000
110823  49.014  13.160  8.901 0.0000000000
109860  48.851  11.932  10.112 0.0000000000
106857  47.779  8.106  10.373 0.0000000000
106694  45.042  8.825  25.874 0.0000000000
107740  45.534  9.244  25.549 0.0000000000
106707  44.174  8.673  24.770 0.0000000000
106720  44.225  8.514  22.874 0.0000000000
105680  44.497  7.563  21.707 0.0000000000
112735  48.406  14.119  21.119 0.0000000000
112744  49.264  14.397  20.355 0.0000000000
112773  50.215  14.925  18.496 0.0000000000
110730  50.960  12.235  15.442 0.0000000000
110738  51.752  12.790  14.766 0.0000000000
110749  51.457  12.649  13.834 0.0000000000
110779  52.092  12.859  11.650 0.0000000000
110794  53.741  12.840  10.098 0.0000000000
107873  53.947  10.446  9.632 0.0000000000
109857  54.416  11.732  9.565 0.0000000000
111780  55.108  13.323  9.398 0.0000000000
110827  55.562  12.439  8.157 0.0000000000
109876  53.599  11.615  7.568 0.0000000000
107894  52.108  10.222  7.919 0.0000000000
106876  50.424  8.682  7.725 0.0000000000
111575  54.348  13.649  26.698 0.0000000000
111582  53.204  13.670  25.499 0.0000000000
110651  50.574  12.430  26.611 0.0000000000
110655  51.337  12.937  24.850 0.0000000000
111609  52.659  13.502  23.464 0.0000000000
110679  52.110  12.759  21.709 0.0000000000
110685  51.686  12.270  20.422 0.0000000000
110711  50.771  11.941  18.021 0.0000000000
107749  46.169  9.552  24.194 0.0000000000
108758  47.610  9.968  22.901 0.0000000000
107758  48.435  9.719  22.135 0.0000000000
105689  47.556  7.424  20.131 0.0000000000
107772  48.718  9.127  20.634 0.0000000000
107764  49.269  9.557  21.056 0.0000000000
108776  49.693  10.034  19.652 0.0000000000
108790  50.175  10.875  18.294 0.0000000000
109783  50.076  11.257  16.777 0.0000000000
109792  49.437  10.777  14.986 0.0000000000
108823  49.550  10.278  13.909 0.0000000000
107844  50.778  9.290  12.180 0.0000000000
105765  49.545  7.604  14.239 0.0000000000
106821  50.923  7.795  13.178 0.0000000000
105632  44.477  7.682  26.920 0.0000000000
105634  42.973  7.199  26.220 0.0000000000
103519  41.076  5.765  26.274 0.0000000000
113839  41.647  15.933  21.958 0.0000000000
115856  41.250  17.878  20.381 0.0000000000
114944  39.417  16.460  15.242 0.0000000000
114960  40.459  16.239  14.101 0.0000000000
114995  40.583  16.944  12.219 0.0000000000
114957  43.102  15.978  13.285 0.0000000000
114994  41.376  16.950  12.014 0.0000000000
113996  40.370  16.332  10.687 0.0000000000
114829  53.998  17.001  23.445 0.0000000000
113836  54.942  15.703  22.000 0.0000000000
115838  54.368  16.810  21.977 0.0000000000
114839  53.086  16.729  22.083 0.0000000000
114861  52.125  16.464  19.962 0.0000000000
113894  51.222  16.083  18.320 0.0000000000
112796  50.246  15.146  16.597 0.0000000000
111712  52.763  13.551  15.599 0.0000000000
112823  54.099  14.737  14.669 0.0000000000
113931  54.786  15.817  14.548 0.0000000000
113959  54.327  15.941  11.995 0.0000000000
114970  54.016  16.215  13.311 0.0000000000
114938  53.939  16.373  15.258 0.0000000000
114972  52.224  16.478  14.349 0.0000000000
113932  51.390  16.072  15.047 0.0000000000
112840  49.955  14.792  14.401 0.0000000000
112854  49.252  14.513  12.625 0.0000000000
113978  48.088  15.359  11.513 0.0000000000
115047  46.222  16.883  9.398 0.0000000000
115076  47.929  16.478  8.043 0.0000000000
115078  46.516  16.392  7.976 0.0000000000
115065  44.935  16.458  8.531 0.0000000000
111785  43.905  14.032  9.491 0.0000000000
106836  46.711  8.300  12.355 0.0000000000
114946  37.717  17.269  15.768 0.0000000000
114930  38.016  16.903  16.564 0.0000000000
107727  46.528  9.295  27.098 0.0000000000
108731  46.690  9.693  26.761 0.0000000000
107734  46.215  9.412  26.254 0.0000000000
112786  49.033  14.355  16.990 0.0000000000
111703  48.235  13.957  16.919 0.0000000000
112798  48.768  14.185  16.405 0.0000000000
112811  48.562  14.143  15.532 0.0000000000
110710  51.337  12.253  17.692 0.0000000000
110719  52.177  12.782  17.346 0.0000000000
110720  51.672  12.567  16.657 0.0000000000
109878  51.922  11.096  8.007 0.0000000000
109867  51.308  11.617  8.250 0.0000000000
108872  50.426  10.313  8.691 0.0000000000
108873  50.134  10.041  8.884 0.0000000000
113831  51.158  15.351  24.238 0.0000000000
113838  51.042  15.273  23.169 0.0000000000
113845  50.770  15.535  22.163 0.0000000000
113837  51.620  15.905  22.464 0.0000000000
108838  51.025  9.873  11.901 0.0000000000
108847  51.269  10.520  11.446 0.0000000000
107854  52.025  9.733  11.070 0.0000000000
106872  54.672  8.680  8.279 0.0000000000
106885  54.802  9.267  7.785 0.0000000000
112871  39.528  15.086  11.396 0.0000000000
109734  49.702  11.332  23.535 0.0000000000
109739  49.878  11.370  22.816 0.0000000000
108760  50.045  10.949  21.902 0.0000000000
105679  45.483  7.593  21.167 0.0000000000
105678  46.186  7.833  20.912 0.0000000000
105734  48.121  7.381  17.321 0.0000000000
106780  48.230  8.230  17.833 0.0000000000
107798  48.568  9.061  17.463 0.0000000000
106798  48.304  8.392  15.906 0.0000000000
113883  44.754  15.606  18.193 0.0000000000
113870  43.924  15.920  19.143 0.0000000000
113884  44.084  16.524  18.477 0.0000000000
114891  43.207  16.743  17.978 0.0000000000
114908  43.502  16.321  16.945 0.0000000000
114926  42.691  15.789  15.957 0.0000000000
114925  43.725  15.902  16.309 0.0000000000
115009  45.024  16.692  10.610 0.0000000000
115010  44.104  16.776  10.642 0.0000000000
115051  42.927  16.558  9.246 0.0000000000
115067  43.503  16.387  8.829 0.0000000000
112701  54.373  14.312  24.010 0.0000000000
112700  54.993  14.333  24.594 0.0000000000
112715  54.227  14.483  23.200 0.0000000000
113892  55.087  15.981  17.815 0.0000000000
114901  54.971  16.379  18.493 0.0000000000
113893  54.561  16.182  17.374 0.0000000000
114903  53.649  16.491  17.523 0.0000000000
113905  54.227  16.096  16.942 0.0000000000
111758  53.831  14.125  11.218 0.0000000000
111745  53.778  14.203  12.020 0.0000000000
112878  54.190  14.563  10.992 0.0000000000
115006  51.756  16.134  11.781 0.0000000000
115060  49.789  16.706  8.543 0.0000000000
110813  47.827  13.312  9.823 0.0000000000
110797  47.555  12.769  10.660 0.0000000000
111769  46.396  13.447  10.229 0.0000000000
115920  38.222  17.407  13.101 0.0000000000
115919  39.042  17.058  12.719 0.0000000000
109702  49.077  10.878  28.305 0.0000000000
109707  48.658  10.857  27.605 0.0000000000
108735  47.495  10.344  25.280 0.0000000000
108734  48.160  10.721  25.976 0.0000000000
108744  48.458  10.872  24.774 0.0000000000
111646  47.174  13.268  20.319 0.0000000000
111633  46.117  13.300  21.411 0.0000000000
112787  46.447  13.921  17.355 0.0000000000
111692  46.327  13.801  17.822 0.0000000000
112788  45.843  14.354  17.495 0.0000000000
113882  45.295  14.980  17.803 0.0000000000
112801  45.817  14.686  16.541 0.0000000000
113908  45.320  15.298  16.469 0.0000000000
112814  45.729  15.005  15.978 0.0000000000
112843  47.226  14.622  13.425 0.0000000000
112844  46.479  15.283  13.561 0.0000000000
112857  46.913  15.107  12.866 0.0000000000
113966  46.114  15.581  12.453 0.0000000000
113965  47.161  15.127  12.105 0.0000000000
111631  52.607  13.381  21.236 0.0000000000
111675  53.696  13.839  18.112 0.0000000000
112783  54.383  14.592  17.545 0.0000000000
112795  54.362  14.688  16.538 0.0000000000
111792  54.744  13.725  8.367 0.0000000000
112902  54.710  14.321  8.670 0.0000000000
112916  53.957  14.471  8.013 0.0000000000
112917  52.833  14.565  7.699 0.0000000000
114025  52.221  15.547  7.838 0.0000000000
115072  51.668  16.068  7.761 0.0000000000
114026  51.285  15.531  7.648 0.0000000000
114027  50.362  15.737  7.528 0.0000000000
112919  50.714  14.641  7.606 0.0000000000
110822  49.661  12.609  8.813 0.0000000000
110811  49.452  12.203  9.315 0.0000000000
110812  48.670  12.742  9.554 0.0000000000
109848  49.093  11.293  10.280 0.0000000000
108856  49.385  10.463  10.038 0.0000000000
106864  48.534  8.294  9.125 0.0000000000
106856  48.507  8.579  10.092 0.0000000000
106692  43.913  8.041  25.877 0.0000000000
106695  44.372  8.511  25.538 0.0000000000
105662  43.687  8.052  23.024 0.0000000000
105671  43.476  7.367  22.696 0.0000000000
105670  44.051  7.856  22.442 0.0000000000
105681  43.740  7.229  22.041 0.0000000000
112743  50.139  14.899  20.711 0.0000000000
112759  50.217  14.802  19.581 0.0000000000
112760  49.267  14.253  19.169 0.0000000000
110739  50.717  12.166  14.428 0.0000000000
110750  50.705  12.040  13.411 0.0000000000
109835  51.485  11.791  11.287 0.0000000000
110780  51.414  12.373  11.815 0.0000000000
109834  52.206  12.218  10.921 0.0000000000
110795  52.827  12.892  10.780 0.0000000000
107862  53.641  9.750  10.163 0.0000000000
107872  54.599  9.969  9.605 0.0000000000
109854  56.377  11.269  9.037 0.0000000000
109855  56.018  11.310  9.215 0.0000000000
110807  56.338  11.694  9.187 0.0000000000
110809  54.760  12.695  9.654 0.0000000000
110808  55.838  12.262  9.250 0.0000000000
111779  55.382  13.053  8.971 0.0000000000
109865  56.012  11.791  8.350 0.0000000000
107892  53.912  9.661  7.644 0.0000000000
108879  54.287  10.713  7.571 0.0000000000
108880  53.253  10.663  7.560 0.0000000000
107893  52.806  9.949  7.758 0.0000000000
107883  52.044  9.451  7.973 0.0000000000
110643  53.148  13.154  27.801 0.0000000000
110642  53.784  13.457  27.826 0.0000000000
111568  52.976  13.217  26.997 0.0000000000
111576  53.482  13.574  26.421 0.0000000000
109712  49.989  12.138  26.703 0.0000000000
110669  50.674  12.294  23.616 0.0000000000
110662  51.262  12.735  23.903 0.0000000000
111596  52.018  13.199  24.174 0.0000000000
111610  51.773  13.021  23.132 0.0000000000
111621  51.884  12.895  22.612 0.0000000000
110674  51.526  12.533  22.338 0.0000000000
109749  50.708  11.252  20.524 0.0000000000
109742  51.184  11.789  20.905 0.0000000000
109748  51.185  11.783  20.029 0.0000000000
109759  51.057  11.938  19.194 0.0000000000
109767  50.659  11.569  18.593 0.0000000000
107750  45.427  9.307  24.682 0.0000000000
107739  46.213  9.517  25.162 0.0000000000
107767  46.998  9.243  21.775 0.0000000000
107752  47.042  10.009  22.966 0.0000000000
107759  47.495  9.694  22.356 0.0000000000
108757  48.179  10.041  22.870 0.0000000000
104623  47.364  6.508  19.670 0.0000000000
106733  48.326  8.416  20.258 0.0000000000
106732  48.833  8.894  20.245 0.0000000000
107771  49.250  9.320  20.187 0.0000000000
108766  49.788  10.025  20.617 0.0000000000
107797  48.931  9.970  17.076 0.0000000000
108784  49.600  10.222  18.670 0.0000000000
108791  49.633  10.607  17.625 0.0000000000
109775  49.887  11.068  17.119 0.0000000000
108810  50.017  11.001  16.007 0.0000000000
108811  49.339  10.533  15.585 0.0000000000
107829  48.665  9.291  14.715 0.0000000000
108824  49.002  10.200  14.691 0.0000000000
107828  49.160  9.324  13.909 0.0000000000
107836  50.108  9.394  12.754 0.0000000000
107837  49.632  8.988  13.256 0.0000000000
104699  50.137  6.668  14.500 0.0000000000
105778  50.567  7.433  13.598 0.0000000000
105624  44.163  7.165  27.225 0.0000000000
104571  43.003  7.056  26.738 0.0000000000
104572  42.199  6.740  26.579 0.0000000000
104580  42.093  6.865  25.804 0.0000000000
104573  41.540  6.413  26.350 0.0000000000
112764  42.797  15.784  20.141 0.0000000000
112737  42.097  15.106  21.279 0.0000000000
113846  41.809  15.955  20.987 0.0000000000
114842  41.648  16.950  22.080 0.0000000000
114849  41.634  17.247  21.551 0.0000000000
115844  41.474  17.987  21.174 0.0000000000
114862  42.156  17.290  20.340 0.0000000000
115882  42.141  17.052  18.440 0.0000000000
114911  40.258  16.204  17.394 0.0000000000
114929  39.152  16.290  16.395 0.0000000000
114928  40.482  16.013  16.162 0.0000000000
114942  41.393  15.956  15.170 0.0000000000
114977  40.405  16.569  12.982 0.0000000000
114976  41.288  16.197  12.771 0.0000000000
113924  43.775  15.497  14.989 0.0000000000
113936  44.138  16.068  13.947 0.0000000000
115012  42.272  16.864  10.841 0.0000000000
114993  42.230  16.892  11.790 0.0000000000
115013  41.394  17.006  11.124 0.0000000000
115034  40.707  16.725  10.688 0.0000000000
113995  40.795  15.936  10.342 0.0000000000
113982  40.396  15.448  10.594 0.0000000000
111773  42.650  13.924  10.147 0.0000000000
113787  55.377  15.073  27.177 0.0000000000
114827  55.282  16.293  24.297 0.0000000000
114814  55.316  16.190  25.172 0.0000000000
114815  54.791  16.911  24.904 0.0000000000
114816  54.040  17.209  24.691 0.0000000000
114828  54.684  16.698  23.906 0.0000000000
112741  54.679  15.067  20.634 0.0000000000
112731  54.701  15.099  21.594 0.0000000000
113843  55.269  15.572  20.999 0.0000000000
115853  54.466  17.066  20.204 0.0000000000
115842  54.612  16.919  20.956 0.0000000000
115854  54.121  17.356  20.799 0.0000000000
114846  53.655  17.122  21.414 0.0000000000
114859  53.521  17.147  20.569 0.0000000000
114848  52.139  16.500  20.861 0.0000000000
114860  52.854  16.752  20.272 0.0000000000
114904  52.323  16.541  17.582 0.0000000000
114889  51.803  16.457  18.336 0.0000000000
114905  51.403  16.350  17.636 0.0000000000
114906  51.049  16.197  17.361 0.0000000000
113907  50.889  16.071  16.844 0.0000000000
111724  52.048  13.081  14.161 0.0000000000
110737  52.301  13.169  15.248 0.0000000000
111723  52.792  13.715  14.482 0.0000000000
112838  53.982  14.907  13.671 0.0000000000
112824  53.533  14.459  14.289 0.0000000000
112837  54.572  15.331  14.336 0.0000000000
112822  54.533  15.390  15.082 0.0000000000
113945  54.754  15.693  13.868 0.0000000000
115020  54.257  16.131  10.121 0.0000000000
113974  54.292  15.844  11.358 0.0000000000
115003  54.154  16.251  10.838 0.0000000000
114987  53.867  16.335  12.053 0.0000000000
114953  54.009  16.401  14.312 0.0000000000
114954  53.148  16.665  14.797 0.0000000000
114971  53.153  16.729  13.738 0.0000000000
113961  51.126  15.820  12.837 0.0000000000
113947  51.285  15.970  13.972 0.0000000000
113948  50.360  15.236  13.608 0.0000000000
113933  50.573  15.329  14.808 0.0000000000
112841  49.293  14.683  13.777 0.0000000000
113963  49.768  14.904  12.609 0.0000000000
114001  48.411  16.461  9.951 0.0000000000
113991  47.674  16.253  10.362 0.0000000000
113992  46.627  16.377  10.507 0.0000000000
115949  46.870  17.138  9.586 0.0000000000
112921  48.858  15.089  7.813 0.0000000000
115075  49.018  16.419  8.051 0.0000000000
114029  48.373  15.849  7.799 0.0000000000
112890  46.271  14.383  8.797 0.0000000000
114014  46.828  15.441  7.692 0.0000000000
112909  45.737  15.109  8.325 0.0000000000
114016  45.254  15.786  8.101 0.0000000000
112910  44.743  15.007  8.264 0.0000000000
112892  44.327  14.488  8.822 0.0000000000
111784  44.835  14.095  9.591 0.0000000000
110783  45.401  12.584  11.779 0.0000000000
110799  44.866  12.893  10.831 0.0000000000
107856  47.793  9.099  11.652 0.0000000000
106848  46.900  7.837  11.693 0.0000000000
115911  37.327  18.024  14.223 0.0000000000
114962  38.702  16.935  14.222 0.0000000000
108722  48.161  10.456  27.905 0.0000000000
108723  47.466  10.012  27.584 0.0000000000
108730  47.205  10.095  26.461 0.0000000000
111663  48.154  13.729  19.099 0.0000000000
111664  47.299  13.621  19.225 0.0000000000
111679  47.655  13.650  18.350 0.0000000000
111704  47.567  13.790  16.981 0.0000000000
112813  46.393  14.679  15.471 0.0000000000
112812  47.532  14.144  15.469 0.0000000000
112828  47.353  14.407  14.450 0.0000000000
111735  47.629  14.126  13.037 0.0000000000
110701  52.218  12.704  19.041 0.0000000000
111661  52.654  13.255  19.400 0.0000000000
111688  52.940  13.217  17.641 0.0000000000
110830  52.747  12.593  7.813 0.0000000000
111802  53.423  13.567  7.742 0.0000000000
110831  52.024  13.120  7.865 0.0000000000
111804  51.385  13.628  7.716 0.0000000000
111805  50.551  13.778  7.737 0.0000000000
110821  50.611  12.445  8.288 0.0000000000
109858  49.998  11.208  9.145 0.0000000000
108866  49.926  10.427  9.231 0.0000000000
106863  49.138  8.873  8.867 0.0000000000
105655  42.895  7.861  24.675 0.0000000000
112726  49.302  14.418  22.586 0.0000000000
112725  50.227  14.751  22.867 0.0000000000
113855  50.761  15.570  21.100 0.0000000000
109813  50.256  11.362  12.892 0.0000000000
109824  50.760  11.539  12.265 0.0000000000
108848  50.793  10.967  11.863 0.0000000000
108855  51.763  11.023  10.905 0.0000000000
108854  52.260  10.916  10.362 0.0000000000
107879  56.348  9.550  9.057 0.0000000000
107880  56.224  9.810  8.455 0.0000000000
108870  55.987  10.869  8.276 0.0000000000
107890  55.719  9.983  7.845 0.0000000000
107881  53.752  8.983  7.782 0.0000000000
110644  51.954  12.758  27.329 0.0000000000
109718  49.490  11.718  25.383 0.0000000000
109717  50.110  11.982  24.954 0.0000000000
109725  50.173  11.841  24.053 0.0000000000
110675  50.809  12.178  22.933 0.0000000000
109738  50.556  11.616  22.356 0.0000000000
109743  50.652  11.354  21.410 0.0000000000
107762  44.697  9.077  22.668 0.0000000000
107761  45.537  9.261  22.459 0.0000000000
106719  45.682  8.933  21.913 0.0000000000
106724  46.318  8.570  21.546 0.0000000000
106723  47.100  8.834  21.472 0.0000000000
104637  47.969  6.772  18.479 0.0000000000
105702  48.276  7.320  19.043 0.0000000000
106765  48.435  8.126  18.634 0.0000000000
107781  48.686  8.626  18.890 0.0000000000
107820  48.858  10.038  15.692 0.0000000000
107821  48.571  9.416  15.550 0.0000000000
106807  49.017  8.449  14.367 0.0000000000
105777  51.640  7.336  13.685 0.0000000000
112777  44.569  14.727  18.778 0.0000000000
111668  43.643  14.398  19.979 0.0000000000
112762  43.976  14.922  19.345 0.0000000000
113871  43.077  16.240  19.720 0.0000000000
114877  42.631  17.015  19.738 0.0000000000
115881  42.619  16.929  18.224 0.0000000000
114892  42.208  16.742  17.799 0.0000000000
114941  42.257  15.815  14.724 0.0000000000
114973  43.696  16.350  12.252 0.0000000000
114991  43.975  16.509  11.518 0.0000000000
115011  43.200  16.782  10.717 0.0000000000
115032  42.493  17.016  9.944 0.0000000000
113994  41.625  15.935  9.677 0.0000000000
114005  42.224  15.918  8.985 0.0000000000
112894  42.678  15.123  9.298 0.0000000000
111786  43.231  14.128  9.611 0.0000000000
111580  55.038  13.810  26.090 0.0000000000
112686  55.472  14.500  25.981 0.0000000000
112687  55.195  14.244  25.392 0.0000000000
112713  55.507  14.895  24.133 0.0000000000
113829  55.453  15.622  23.792 0.0000000000
113866  55.138  15.520  19.458 0.0000000000
113852  55.233  15.897  19.907 0.0000000000
113878  55.415  16.146  19.032 0.0000000000
114885  55.149  16.511  19.014 0.0000000000
115879  54.155  17.086  19.156 0.0000000000
114874  52.879  16.618  19.373 0.0000000000
114887  53.758  16.937  18.795 0.0000000000
114921  52.832  15.955  16.761 0.0000000000
111733  53.013  13.948  13.386 0.0000000000
111732  53.652  14.345  12.794 0.0000000000
112852  54.271  15.131  12.503 0.0000000000
115041  53.241  16.877  9.509 0.0000000000
115022  53.036  16.601  10.260 0.0000000000
115005  52.993  16.516  11.357 0.0000000000
115007  50.879  15.780  11.451 0.0000000000
113975  50.894  15.612  11.993 0.0000000000
112866  50.003  15.010  12.030 0.0000000000
113989  49.689  15.573  10.727 0.0000000000
115025  49.593  15.868  10.228 0.0000000000
112888  48.007  14.340  8.782 0.0000000000
112907  47.575  14.717  8.160 0.0000000000
112889  47.239  14.313  8.757 0.0000000000
111783  45.848  13.937  9.530 0.0000000000
110798  46.061  12.954  10.954 0.0000000000
113819  52.187  16.002  24.586 0.0000000000
115921  37.464  18.028  13.333 0.0000000000
115015  39.509  16.714  11.500 0.0000000000
109713  49.515  11.793  26.443 0.0000000000
109714  48.784  11.091  26.699 0.0000000000
109727  49.116  11.281  24.971 0.0000000000
108751  49.091  10.979  23.943 0.0000000000
104625  46.090  6.482  20.326 0.0000000000
103577  46.605  5.782  19.930 0.0000000000
103576  47.120  6.033  19.904 0.0000000000
104638  47.734  6.356  19.037 0.0000000000
104654  47.922  6.686  17.791 0.0000000000
105744  48.187  7.275  16.224 0.0000000000
111666  45.348  13.598  19.505 0.0000000000
111665  46.360  13.408  19.365 0.0000000000
111682  44.999  14.056  18.835 0.0000000000
112776  45.242  14.603  18.253 0.0000000000
113897  44.859  15.792  17.160 0.0000000000
114924  44.197  15.844  16.355 0.0000000000
113909  44.694  15.667  16.222 0.0000000000
113935  45.198  15.675  14.319 0.0000000000
113921  46.133  15.142  14.939 0.0000000000
113934  46.007  15.442  14.412 0.0000000000
113951  45.015  15.694  13.162 0.0000000000
113981  45.140  16.547  11.272 0.0000000000
111619  53.357  13.958  22.801 0.0000000000
112732  53.966  14.647  21.155 0.0000000000
112742  54.069  14.588  20.121 0.0000000000
111660  53.368  14.093  19.321 0.0000000000
112758  54.271  14.698  19.306 0.0000000000
112782  54.839  15.256  18.078 0.0000000000
112887  54.802  14.374  9.521 0.0000000000
112877  54.487  14.718  10.395 0.0000000000
114010  54.625  15.158  9.231 0.0000000000
114000  54.344  15.771  9.389 0.0000000000
114012  53.383  15.891  8.334 0.0000000000
115056  53.496  16.489  8.695 0.0000000000
115948  52.596  17.078  8.726 0.0000000000
115059  50.992  16.709  8.442 0.0000000000
115074  50.079  16.519  7.791 0.0000000000
112904  50.047  14.204  7.806 0.0000000000
112905  49.358  14.271  8.015 0.0000000000
111796  48.550  13.703  8.885 0.0000000000
110796  48.424  12.323  10.300 0.0000000000
108849  48.456  10.598  11.340 0.0000000000
106846  48.104  8.900  10.886 0.0000000000
107865  49.280  9.929  10.054 0.0000000000
106690  45.445  8.674  26.535 0.0000000000
107735  45.531  9.113  26.079 0.0000000000
106706  44.846  9.003  25.154 0.0000000000
106712  44.731  8.956  24.399 0.0000000000
106708  43.599  8.349  24.493 0.0000000000
106713  44.047  8.514  23.779 0.0000000000
107755  44.494  8.882  23.222 0.0000000000
106726  44.495  8.563  22.148 0.0000000000
104617  44.703  6.569  20.926 0.0000000000
112728  47.761  13.865  21.680 0.0000000000
112736  47.736  13.694  20.863 0.0000000000
112734  49.239  14.516  21.480 0.0000000000
112745  48.235  13.833  20.040 0.0000000000
112774  49.460  14.458  18.097 0.0000000000
112785  49.629  14.642  17.202 0.0000000000
110721  51.197  12.304  16.148 0.0000000000
110766  50.772  11.881  12.808 0.0000000000
110765  51.447  12.539  12.646 0.0000000000
110764  52.115  13.155  12.370 0.0000000000
111759  53.144  13.551  11.454 0.0000000000
107863  52.531  10.041  10.367 0.0000000000
108853  53.179  10.804  9.908 0.0000000000
108862  55.408  10.585  9.359 0.0000000000
108863  54.593  10.883  9.423 0.0000000000
109845  53.669  11.788  9.787 0.0000000000
110810  54.151  12.289  9.722 0.0000000000
110793  54.355  13.337  9.989 0.0000000000
111766  54.678  13.739  9.932 0.0000000000
111791  55.182  13.229  8.453 0.0000000000
111800  55.163  12.938  7.977 0.0000000000
109874  55.550  11.702  7.822 0.0000000000
109875  54.668  11.660  7.538 0.0000000000
110829  54.024  12.577  7.577 0.0000000000
109877  52.578  11.491  7.795 0.0000000000
108882  51.959  10.616  7.981 0.0000000000
107884  50.921  9.526  8.150 0.0000000000
111574  55.035  13.761  27.030 0.0000000000
111581  54.164  13.759  25.796 0.0000000000
111594  54.008  13.942  24.785 0.0000000000
110645  50.850  12.120  27.807 0.0000000000
110650  51.537  12.896  25.949 0.0000000000
110656  50.652  12.546  25.442 0.0000000000
111583  52.236  13.317  25.204 0.0000000000
111595  52.924  13.648  24.494 0.0000000000
111620  52.359  13.177  22.352 0.0000000000
110684  52.219  12.745  20.806 0.0000000000
110680  51.686  12.276  21.322 0.0000000000
110694  52.245  12.713  19.902 0.0000000000
110695  51.601  12.336  19.546 0.0000000000
110702  51.447  12.343  18.667 0.0000000000
107738  46.939  9.803  24.712 0.0000000000
107753  46.215  9.642  23.213 0.0000000000
107748  47.052  9.641  23.798 0.0000000000
108753  47.712  9.976  23.418 0.0000000000
107757  49.071  9.867  21.759 0.0000000000
105690  46.659  7.454  20.542 0.0000000000
106734  47.319  8.353  20.946 0.0000000000
105688  48.240  7.639  19.733 0.0000000000
107773  48.072  9.024  20.848 0.0000000000
107765  48.581  9.381  21.339 0.0000000000
108761  49.634  10.262  21.510 0.0000000000
108775  50.153  10.726  20.111 0.0000000000
108783  50.215  10.746  19.148 0.0000000000
109774  50.448  11.483  17.482 0.0000000000
109773  51.133  11.896  16.929 0.0000000000
109782  50.561  11.653  16.321 0.0000000000
109791  50.057  11.332  15.162 0.0000000000
109803  49.635  10.767  14.533 0.0000000000
108832  49.862  10.436  13.102 0.0000000000
107843  51.586  9.297  11.772 0.0000000000
105754  48.513  7.620  15.369 0.0000000000
105766  48.917  7.724  14.779 0.0000000000
104710  50.433  7.126  14.077 0.0000000000
105779  49.945  7.752  13.654 0.0000000000
106822  50.262  8.303  13.080 0.0000000000
106834  50.514  8.732  12.496 0.0000000000
106683  45.627  8.195  27.274 0.0000000000
106684  44.980  8.103  26.964 0.0000000000
106691  44.544  8.226  26.354 0.0000000000
105633  43.696  7.469  26.572 0.0000000000
105640  43.275  7.691  25.696 0.0000000000
105641  42.517  7.215  25.589 0.0000000000
103518  41.535  6.285  26.720 0.0000000000
103527  41.092  5.738  25.163 0.0000000000
116721  40.363  18.762  20.704 0.0000000000
115855  42.079  17.504  19.837 0.0000000000
115870  41.441  17.469  19.515 0.0000000000
115857  39.932  18.142  20.032 0.0000000000
113927  40.712  15.940  15.681 0.0000000000
114943  40.437  16.150  15.164 0.0000000000
114961  39.566  16.444  14.226 0.0000000000
115918  39.732  17.061  12.684 0.0000000000
115929  39.447  16.991  12.159 0.0000000000
113925  43.040  15.657  15.035 0.0000000000
114958  42.294  15.863  13.692 0.0000000000
114974  42.978  16.314  12.391 0.0000000000
114975  42.182  16.213  12.571 0.0000000000
115014  40.416  17.094  11.436 0.0000000000
113983  39.959  15.904  10.905 0.0000000000
112881  41.435  14.900  10.091 0.0000000000
114797  55.092  15.847  26.484 0.0000000000
114808  53.348  16.771  25.102 0.0000000000
114817  53.143  16.763  24.189 0.0000000000
114818  52.485  16.467  23.619 0.0000000000
112723  55.013  14.921  22.649 0.0000000000
113835  55.263  15.688  22.935 0.0000000000
114844  55.394  16.002  20.773 0.0000000000
114845  55.139  16.366  21.224 0.0000000000
114837  54.698  16.489  22.544 0.0000000000
114838  53.946  16.997  22.312 0.0000000000
114830  53.187  16.725  23.073 0.0000000000
114831  52.366  16.427  22.756 0.0000000000
114840  52.297  16.332  21.788 0.0000000000
113854  51.434  16.142  20.500 0.0000000000
113867  51.534  16.205  19.697 0.0000000000
114875  52.042  16.462  19.123 0.0000000000
113880  51.348  16.112  19.028 0.0000000000
113881  50.778  15.577  18.854 0.0000000000
113895  50.861  15.754  17.841 0.0000000000
112784  50.266  15.127  17.505 0.0000000000
111701  52.042  13.022  16.255 0.0000000000
111699  53.486  14.164  16.103 0.0000000000
111711  53.500  14.230  15.181 0.0000000000
112808  54.269  14.718  15.574 0.0000000000
112807  54.725  15.368  16.004 0.0000000000
113918  54.732  15.851  15.407 0.0000000000
112864  54.311  15.177  11.167 0.0000000000
112851  54.419  15.392  11.769 0.0000000000
114986  54.117  16.254  11.486 0.0000000000
113960  54.118  15.899  12.639 0.0000000000
114952  54.739  16.162  14.029 0.0000000000
114937  54.567  16.111  14.830 0.0000000000
114919  54.519  16.131  15.629 0.0000000000
114939  53.081  16.471  15.770 0.0000000000
114955  52.269  16.371  15.360 0.0000000000
113919  51.557  15.944  15.997 0.0000000000
113920  50.750  15.665  15.837 0.0000000000
112809  50.131  14.928  15.747 0.0000000000
112825  49.991  14.603  15.079 0.0000000000
112826  49.322  14.368  14.823 0.0000000000
112842  48.170  14.184  13.374 0.0000000000
112855  48.176  14.617  12.489 0.0000000000
113977  49.232  15.332  11.343 0.0000000000
113964  47.744  15.009  12.222 0.0000000000
113979  46.887  15.714  11.248 0.0000000000
113993  46.103  16.461  10.444 0.0000000000
115029  45.276  16.786  9.805 0.0000000000
115061  48.596  16.765  8.681 0.0000000000
115062  47.421  16.900  8.710 0.0000000000
114030  47.266  15.904  7.598 0.0000000000
115077  47.045  16.581  7.901 0.0000000000
115063  46.638  16.692  8.357 0.0000000000
115951  46.219  16.873  8.776 0.0000000000
115048  45.714  16.898  9.084 0.0000000000
115049  44.696  16.788  9.192 0.0000000000
114017  44.156  15.720  8.399 0.0000000000
112893  43.411  14.666  8.912 0.0000000000
111771  44.364  13.531  10.208 0.0000000000
106878  48.834  8.184  8.396 0.0000000000
104701  48.807  7.236  15.045 0.0000000000
105691  45.969  7.257  20.685 0.0000000000
105764  50.140  7.337  14.036 0.0000000000
106714  43.312  8.228  24.091 0.0000000000
106718  46.019  9.025  22.084 0.0000000000
106749  48.895  8.777  19.860 0.0000000000
106884  55.282  9.588  7.861 0.0000000000
107768  45.296  9.071  21.949 0.0000000000
107769  44.917  9.127  22.035 0.0000000000
107808  48.981  9.984  16.164 0.0000000000
107827  49.646  9.686  13.372 0.0000000000
107855  48.320  9.668  11.373 0.0000000000
107875  48.955  8.989  9.646 0.0000000000
107891  54.931  9.970  7.650 0.0000000000
108724  46.880  9.799  27.174 0.0000000000
108743  49.094  11.120  24.545 0.0000000000
108755  49.904  11.170  22.425 0.0000000000
108798  50.073  11.155  16.409 0.0000000000
108812  48.743  10.079  15.321 0.0000000000
108864  53.914  11.122  9.539 0.0000000000
108865  50.224  10.844  8.958 0.0000000000
108869  56.325  10.549  8.821 0.0000000000
108881  52.415  10.660  7.753 0.0000000000
109703  48.579  10.672  28.126 0.0000000000
109766  50.986  12.042  18.698 0.0000000000
109836  51.018  11.372  11.719 0.0000000000
109847  52.071  11.556  10.739 0.0000000000
109856  55.265  11.610  9.415 0.0000000000
109866  51.961  11.755  8.172 0.0000000000
109869  49.823  11.804  9.124 0.0000000000
110652  49.953  12.230  26.404 0.0000000000
110673  52.026  12.771  22.144 0.0000000000
110703  50.978  12.101  18.333 0.0000000000
110728  52.269  13.190  15.643 0.0000000000
110729  51.791  12.820  15.769 0.0000000000
110817  56.486  11.907  9.102 0.0000000000
110818  55.992  12.332  8.768 0.0000000000
110828  55.016  12.505  7.668 0.0000000000
111567  53.715  13.416  27.223 0.0000000000
111579  55.452  13.973  26.646 0.0000000000
111632  47.064  13.579  21.551 0.0000000000
111651  42.460  14.682  20.769 0.0000000000
111662  48.807  13.861  18.874 0.0000000000
111677  49.087  14.051  18.575 0.0000000000
111680  46.741  13.695  18.466 0.0000000000
111689  48.587  14.093  17.358 0.0000000000
111690  47.986  13.704  17.544 0.0000000000
111702  48.631  14.203  16.928 0.0000000000
111713  52.261  13.215  15.974 0.0000000000
111722  53.493  14.320  14.658 0.0000000000
111736  47.462  14.382  12.954 0.0000000000
111747  52.241  13.398  12.853 0.0000000000
111748  47.918  14.149  12.856 0.0000000000
111749  47.723  14.364  12.791 0.0000000000
111768  53.492  13.527  10.752 0.0000000000
111793  50.806  13.146  7.941 0.0000000000
111795  49.135  13.561  8.437 0.0000000000
112676  55.522  14.479  26.863 0.0000000000
112699  55.633  14.703  25.011 0.0000000000
112722  55.448  15.052  23.369 0.0000000000
112746  47.720  13.583  20.410 0.0000000000
112747  42.710  14.807  20.405 0.0000000000
112748  42.431  15.367  20.510 0.0000000000
112761  48.625  13.907  19.310 0.0000000000
112771  54.938  15.034  18.951 0.0000000000
112775  49.073  14.286  17.568 0.0000000000
112810  49.423  14.400  15.674 0.0000000000
112853  49.781  14.889  12.316 0.0000000000
112867  49.596  14.882  11.916 0.0000000000
112868  48.899  14.781  11.899 0.0000000000
112879  42.821  14.441  9.500 0.0000000000
112880  42.190  14.546  9.693 0.0000000000
112882  40.738  15.112  10.459 0.0000000000
112901  55.130  13.607  8.794 0.0000000000
112911  44.003  14.940  8.409 0.0000000000
112915  54.467  13.964  8.279 0.0000000000
112922  47.936  15.160  7.745 0.0000000000
112923  47.223  15.198  7.737 0.0000000000
113799  55.412  15.264  26.412 0.0000000000
113809  52.760  16.198  25.409 0.0000000000
113817  55.567  15.508  24.641 0.0000000000
113840  41.612  16.670  21.766 0.0000000000
113842  55.279  15.840  20.453 0.0000000000
113847  41.727  16.642  21.355 0.0000000000
113853  55.017  15.527  20.192 0.0000000000
113856  42.419  16.353  20.315 0.0000000000
113865  55.389  15.913  19.339 0.0000000000
113891  55.248  16.146  18.609 0.0000000000
113910  44.096  15.758  15.827 0.0000000000
113913  40.988  15.792  15.864 0.0000000000
113926  40.965  15.909  15.515 0.0000000000
113937  43.202  15.790  14.254 0.0000000000
113938  42.716  15.752  14.442 0.0000000000
113949  49.781  14.954  13.026 0.0000000000
113968  44.240  16.364  12.171 0.0000000000
113976  50.185  15.353  11.521 0.0000000000
113988  54.343  15.637  10.648 0.0000000000
114002  48.068  16.868  10.034 0.0000000000
114003  43.653  15.235  8.539 0.0000000000
114011  54.130  15.601  8.742 0.0000000000
114015  46.299  15.798  7.807 0.0000000000
114018  43.700  16.095  8.606 0.0000000000
114023  53.818  15.290  8.225 0.0000000000
114024  53.184  15.332  7.935 0.0000000000
114031  46.740  16.239  7.707 0.0000000000
114805  55.159  15.974  25.992 0.0000000000
114806  54.813  16.661  25.712 0.0000000000
114807  53.809  17.194  25.610 0.0000000000
114847  52.904  16.843  21.167 0.0000000000
114857  55.253  16.203  20.388 0.0000000000
114858  54.952  16.647  20.333 0.0000000000
114863  41.769  17.355  20.940 0.0000000000
114872  54.814  16.798  19.593 0.0000000000
114873  53.533  16.972  19.735 0.0000000000
114886  54.571  16.847  18.928 0.0000000000
114893  41.285  16.694  18.050 0.0000000000
114907  44.201  15.930  16.834 0.0000000000
114922  51.699  16.432  16.940 0.0000000000
114923  51.206  16.333  17.195 0.0000000000
114927  41.546  15.857  16.196 0.0000000000
114940  52.173  16.134  16.225 0.0000000000
114956  43.661  16.227  12.970 0.0000000000
114969  54.614  16.009  13.631 0.0000000000
114978  39.682  16.700  13.319 0.0000000000
114990  44.645  16.591  11.228 0.0000000000
115008  45.702  16.564  10.353 0.0000000000
115016  38.819  16.539  12.001 0.0000000000
115021  53.787  16.554  10.196 0.0000000000
115026  47.706  17.107  10.025 0.0000000000
115027  47.000  17.101  10.127 0.0000000000
115028  46.166  16.644  9.887 0.0000000000
115035  40.133  16.622  10.946 0.0000000000
115039  54.308  15.998  9.705 0.0000000000
115046  47.380  17.149  9.550 0.0000000000
115050  43.828  16.829  9.268 0.0000000000
115052  42.096  16.505  9.511 0.0000000000
115057  52.903  16.496  8.404 0.0000000000
115058  52.105  16.525  8.276 0.0000000000
115064  45.986  16.434  8.418 0.0000000000
115066  44.100  16.430  8.741 0.0000000000
115837  54.621  16.738  21.635 0.0000000000
115843  54.261  17.104  21.531 0.0000000000
115866  54.323  17.098  19.543 0.0000000000
115868  42.789  17.046  18.604 0.0000000000
115880  53.961  17.189  19.427 0.0000000000
115928  40.045  17.137  12.367 0.0000000000
115937  40.051  17.241  11.941 0.0000000000
115938  39.836  17.112  11.697 0.0000000000
115941  46.672  16.979  9.804 0.0000000000
115942  46.499  16.941  9.559 0.0000000000
115946  53.430  17.041  9.189 0.0000000000
115947  53.009  17.287  9.006 0.0000000000
115950  46.474  17.012  9.171 0.0000000000
115955  53.434  17.020  8.919 0.0000000000
115956  53.035  16.987  8.652 0.0000000000
115957  52.651  16.816  8.522 0.0000000000
115958  47.026  17.047  9.124 0.0000000000
115959  46.678  16.919  8.771 0.0000000000
115960  46.361  16.732  8.581 0.0000000000
116767  37.026  18.342  13.693 0.0000000000
