#!ascii label  , from subject 3503 vox2ras=TkReg
1192
56401  -32.730  -34.828  65.538 0.0000000000
64083  -47.856  -25.073  59.808 0.0000000000
59002  -40.575  -31.401  62.574 0.0000000000
37054  -10.070  -56.047  85.634 0.0000000000
51179  -33.122  -40.083  68.739 0.0000000000
45509  -22.628  -46.390  82.989 0.0000000000
41629  -31.660  -50.241  80.647 0.0000000000
46495  -35.517  -45.736  75.385 0.0000000000
49285  -37.300  -42.696  74.199 0.0000000000
43567  -16.522  -48.842  79.980 0.0000000000
45485  -18.706  -46.960  84.834 0.0000000000
45543  -19.365  -45.792  79.345 0.0000000000
43644  -27.358  -48.255  77.102 0.0000000000
43648  -31.635  -48.104  76.546 0.0000000000
55402  -35.387  -35.602  70.396 0.0000000000
58039  -36.741  -32.182  68.130 0.0000000000
59873  -44.848  -29.746  61.157 0.0000000000
58117  -36.808  -32.535  63.435 0.0000000000
65005  -44.152  -24.263  55.455 0.0000000000
32655  -7.543  -60.158  86.114 0.0000000000
52868  -36.440  -38.564  72.606 0.0000000000
54582  -31.640  -36.252  68.002 0.0000000000
46446  -23.018  -45.925  78.277 0.0000000000
43537  -26.753  -48.609  82.091 0.0000000000
58922  -40.968  -31.419  67.420 0.0000000000
65985  -50.481  -23.585  51.799 0.0000000000
45635  -32.893  -45.779  74.083 0.0000000000
47440  -34.168  -44.445  73.492 0.0000000000
44562  -17.739  -47.402  79.375 0.0000000000
44646  -29.468  -47.437  74.320 0.0000000000
44648  -31.344  -46.792  74.449 0.0000000000
44634  -33.534  -46.949  75.707 0.0000000000
56363  -33.563  -34.674  67.536 0.0000000000
57168  -35.582  -33.972  68.890 0.0000000000
57246  -34.953  -33.435  66.324 0.0000000000
61507  -47.363  -28.178  60.449 0.0000000000
60663  -47.586  -29.143  63.118 0.0000000000
65906  -48.933  -23.332  59.708 0.0000000000
36238  -9.486  -57.132  82.043 0.0000000000
35357  -8.868  -57.883  85.263 0.0000000000
50296  -34.868  -41.293  71.477 0.0000000000
51116  -37.473  -40.398  73.284 0.0000000000
52035  -35.326  -39.200  70.323 0.0000000000
53731  -34.051  -37.570  69.010 0.0000000000
52907  -33.125  -38.035  67.898 0.0000000000
46379  -20.398  -45.931  83.777 0.0000000000
45467  -20.247  -46.561  86.701 0.0000000000
45479  -22.225  -46.535  85.707 0.0000000000
44505  -23.837  -47.357  84.673 0.0000000000
47381  -21.638  -44.730  76.259 0.0000000000
45585  -23.054  -46.073  75.739 0.0000000000
43608  -29.255  -48.646  78.769 0.0000000000
43590  -27.422  -48.450  79.473 0.0000000000
42605  -29.430  -49.284  81.207 0.0000000000
43540  -29.414  -48.979  83.379 0.0000000000
39642  -13.671  -52.889  82.878 0.0000000000
40506  -14.995  -52.145  85.812 0.0000000000
39594  -14.525  -53.174  88.043 0.0000000000
58119  -38.173  -31.961  62.919 0.0000000000
58956  -38.659  -31.690  65.671 0.0000000000
58959  -41.411  -31.538  65.456 0.0000000000
65066  -50.965  -24.380  49.801 0.0000000000
37026  -8.965  -56.235  89.178 0.0000000000
45591  -37.593  -46.068  77.005 0.0000000000
48295  -38.703  -43.536  76.284 0.0000000000
47426  -36.268  -44.646  75.031 0.0000000000
48365  -34.572  -42.954  72.668 0.0000000000
42558  -16.227  -49.141  82.556 0.0000000000
43500  -17.069  -48.385  85.398 0.0000000000
44534  -17.192  -47.811  82.676 0.0000000000
45517  -18.823  -46.242  81.767 0.0000000000
46404  -20.878  -45.294  81.215 0.0000000000
44625  -24.694  -47.385  75.133 0.0000000000
44644  -27.321  -47.732  74.496 0.0000000000
43646  -29.332  -48.135  76.924 0.0000000000
42660  -31.683  -49.352  78.334 0.0000000000
42663  -33.963  -48.914  77.717 0.0000000000
44593  -35.565  -47.771  77.744 0.0000000000
42617  -15.543  -50.265  79.199 0.0000000000
54527  -37.071  -36.166  73.654 0.0000000000
57118  -40.091  -33.534  75.148 0.0000000000
56317  -36.740  -34.974  71.560 0.0000000000
57154  -37.025  -33.455  70.362 0.0000000000
59860  -42.800  -30.691  62.436 0.0000000000
58976  -43.938  -31.182  64.718 0.0000000000
59838  -45.517  -30.728  64.363 0.0000000000
30866  -2.758  -63.225  89.181 0.0000000000
57276  -34.931  -33.618  64.180 0.0000000000
58156  -36.715  -32.510  61.120 0.0000000000
59051  -39.709  -31.087  59.730 0.0000000000
59899  -41.964  -30.234  59.357 0.0000000000
60717  -44.062  -28.981  58.702 0.0000000000
62436  -45.339  -27.064  57.886 0.0000000000
64968  -46.916  -24.542  57.866 0.0000000000
64107  -43.507  -25.268  56.573 0.0000000000
35336  -7.458  -58.221  88.694 0.0000000000
32635  -5.666  -60.292  89.569 0.0000000000
31759  -3.892  -61.587  89.779 0.0000000000
52814  -39.677  -38.589  77.922 0.0000000000
50236  -39.169  -41.519  75.949 0.0000000000
51988  -38.601  -39.683  75.182 0.0000000000
53671  -37.905  -37.399  75.120 0.0000000000
54535  -35.424  -37.063  71.615 0.0000000000
55410  -33.561  -35.920  69.182 0.0000000000
56361  -31.854  -35.338  67.303 0.0000000000
44485  -18.427  -47.617  86.876 0.0000000000
46444  -21.417  -44.938  78.416 0.0000000000
45544  -22.870  -46.070  80.446 0.0000000000
44590  -24.815  -47.463  77.048 0.0000000000
44552  -24.591  -47.355  80.201 0.0000000000
44524  -24.767  -47.540  82.087 0.0000000000
43508  -26.890  -48.590  84.501 0.0000000000
37081  -11.230  -55.436  82.619 0.0000000000
37936  -12.313  -54.448  82.513 0.0000000000
37921  -11.875  -54.747  84.940 0.0000000000
58076  -36.499  -32.225  65.748 0.0000000000
58919  -37.995  -31.372  67.525 0.0000000000
59771  -40.868  -30.383  70.250 0.0000000000
58925  -44.205  -31.799  67.573 0.0000000000
64994  -47.777  -24.185  56.823 0.0000000000
65009  -49.794  -24.558  55.828 0.0000000000
65954  -50.772  -23.697  54.775 0.0000000000
65970  -49.308  -23.859  52.392 0.0000000000
65039  -51.705  -25.082  53.100 0.0000000000
45648  -31.780  -45.821  73.166 0.0000000000
46534  -32.157  -45.349  72.739 0.0000000000
46545  -31.167  -45.418  71.713 0.0000000000
44666  -30.732  -46.726  73.808 0.0000000000
45633  -31.435  -46.283  73.570 0.0000000000
45618  -31.975  -46.365  74.182 0.0000000000
56382  -33.056  -34.743  66.579 0.0000000000
56364  -34.517  -34.160  67.632 0.0000000000
56403  -34.368  -33.903  65.999 0.0000000000
62418  -47.502  -27.490  59.818 0.0000000000
62394  -48.260  -27.485  61.837 0.0000000000
63237  -48.659  -25.864  61.714 0.0000000000
64948  -49.061  -24.184  61.424 0.0000000000
64964  -48.220  -24.022  59.603 0.0000000000
36213  -9.849  -56.709  83.857 0.0000000000
35368  -9.304  -57.477  84.141 0.0000000000
36205  -9.514  -56.929  85.071 0.0000000000
51159  -34.476  -40.458  70.383 0.0000000000
51147  -35.388  -40.428  71.317 0.0000000000
51171  -34.083  -39.929  69.542 0.0000000000
52062  -33.953  -38.628  68.649 0.0000000000
52078  -33.109  -38.712  67.831 0.0000000000
41498  -15.979  -50.893  86.698 0.0000000000
46386  -21.742  -46.111  83.290 0.0000000000
45488  -21.658  -46.353  84.812 0.0000000000
45499  -22.539  -46.542  83.919 0.0000000000
45490  -23.104  -46.810  84.794 0.0000000000
45500  -23.207  -46.871  83.764 0.0000000000
43593  -30.370  -49.248  79.556 0.0000000000
43592  -29.629  -49.047  79.854 0.0000000000
42606  -30.431  -49.647  81.219 0.0000000000
42586  -30.639  -49.576  82.187 0.0000000000
41532  -15.723  -50.596  84.247 0.0000000000
40515  -15.440  -51.364  85.055 0.0000000000
39603  -15.226  -52.293  86.806 0.0000000000
53655  -40.542  -37.274  77.679 0.0000000000
59001  -39.694  -31.546  62.688 0.0000000000
58986  -39.692  -31.581  63.642 0.0000000000
58987  -40.581  -31.466  63.544 0.0000000000
45608  -36.143  -46.362  76.210 0.0000000000
46497  -37.301  -45.486  76.067 0.0000000000
46510  -35.907  -45.330  75.279 0.0000000000
47453  -34.187  -43.696  72.864 0.0000000000
48382  -33.431  -43.182  71.710 0.0000000000
49346  -33.965  -42.081  71.409 0.0000000000
42578  -16.054  -49.345  81.267 0.0000000000
43532  -16.773  -48.457  83.053 0.0000000000
43550  -16.777  -48.207  81.605 0.0000000000
45555  -18.805  -46.332  78.949 0.0000000000
44550  -18.438  -46.608  80.198 0.0000000000
45531  -19.382  -45.807  80.299 0.0000000000
46392  -20.170  -45.535  81.773 0.0000000000
46414  -19.998  -45.333  79.767 0.0000000000
44661  -25.704  -47.603  73.651 0.0000000000
44630  -30.070  -47.534  75.155 0.0000000000
44629  -29.064  -47.640  75.222 0.0000000000
43647  -30.453  -48.214  76.801 0.0000000000
43627  -31.278  -48.808  77.730 0.0000000000
43628  -32.437  -48.724  77.247 0.0000000000
42662  -33.238  -49.196  77.827 0.0000000000
43629  -33.393  -48.539  77.161 0.0000000000
44635  -34.136  -46.798  75.755 0.0000000000
44592  -34.935  -47.730  77.049 0.0000000000
45589  -35.694  -46.713  76.349 0.0000000000
45590  -36.674  -46.708  77.013 0.0000000000
42597  -15.786  -49.746  80.098 0.0000000000
54546  -35.952  -36.230  71.841 0.0000000000
55386  -37.188  -35.384  72.936 0.0000000000
55403  -36.208  -35.247  70.948 0.0000000000
57188  -36.050  -33.192  68.372 0.0000000000
57169  -36.260  -33.558  69.268 0.0000000000
58025  -36.811  -32.568  69.104 0.0000000000
58006  -37.451  -32.608  70.098 0.0000000000
58880  -37.328  -31.840  68.750 0.0000000000
59872  -43.747  -30.229  61.265 0.0000000000
59849  -44.542  -30.505  63.240 0.0000000000
59850  -45.646  -30.246  63.209 0.0000000000
61455  -49.003  -28.493  64.969 0.0000000000
59898  -40.929  -30.619  59.409 0.0000000000
59911  -41.166  -30.247  58.453 0.0000000000
60728  -42.474  -28.888  57.401 0.0000000000
61540  -43.211  -28.131  57.236 0.0000000000
62425  -45.034  -27.721  58.156 0.0000000000
63259  -44.242  -26.398  57.107 0.0000000000
64096  -44.558  -25.275  56.943 0.0000000000
33628  -7.926  -59.459  84.332 0.0000000000
32654  -7.079  -60.563  86.535 0.0000000000
36170  -8.337  -56.428  90.098 0.0000000000
36175  -7.994  -57.087  88.872 0.0000000000
36168  -7.061  -57.330  90.332 0.0000000000
34456  -5.468  -58.704  90.870 0.0000000000
33592  -5.035  -59.488  91.068 0.0000000000
32634  -4.925  -60.518  90.040 0.0000000000
32633  -4.246  -60.999  90.354 0.0000000000
32625  -3.971  -61.658  90.452 0.0000000000
48327  -38.058  -43.292  75.050 0.0000000000
49272  -38.927  -42.579  75.851 0.0000000000
50246  -37.982  -42.014  74.127 0.0000000000
52012  -36.687  -39.554  72.644 0.0000000000
51998  -37.851  -39.697  73.859 0.0000000000
52853  -37.517  -39.113  73.781 0.0000000000
52839  -37.803  -38.525  74.567 0.0000000000
52838  -37.253  -38.079  74.180 0.0000000000
54515  -36.826  -37.187  73.649 0.0000000000
53703  -35.656  -37.595  71.749 0.0000000000
53740  -32.750  -36.701  68.514 0.0000000000
53730  -33.737  -36.830  69.300 0.0000000000
54572  -32.740  -36.204  68.623 0.0000000000
55420  -32.630  -35.774  68.391 0.0000000000
55433  -31.517  -35.795  67.699 0.0000000000
44511  -17.662  -47.469  84.152 0.0000000000
43501  -17.588  -48.040  85.767 0.0000000000
44504  -18.501  -47.301  85.461 0.0000000000
46462  -22.862  -45.714  77.614 0.0000000000
47363  -21.318  -44.798  76.869 0.0000000000
46445  -22.429  -45.517  78.709 0.0000000000
46430  -22.284  -45.576  79.983 0.0000000000
45557  -22.841  -45.965  79.594 0.0000000000
44608  -26.490  -48.102  76.479 0.0000000000
44606  -24.840  -47.452  76.088 0.0000000000
43642  -25.916  -48.083  77.422 0.0000000000
43573  -26.725  -48.366  80.149 0.0000000000
43588  -26.005  -48.126  79.522 0.0000000000
44538  -25.609  -47.960  81.175 0.0000000000
44537  -25.030  -47.579  81.194 0.0000000000
44525  -25.406  -47.911  81.902 0.0000000000
43520  -25.243  -48.011  83.063 0.0000000000
43522  -26.778  -48.692  83.230 0.0000000000
42630  -35.032  -49.240  79.577 0.0000000000
38806  -13.255  -53.437  82.445 0.0000000000
38790  -12.843  -53.941  83.938 0.0000000000
37929  -12.354  -54.441  83.497 0.0000000000
38749  -14.345  -53.318  89.836 0.0000000000
57277  -35.748  -33.028  64.019 0.0000000000
57262  -35.600  -33.002  65.022 0.0000000000
57278  -36.401  -32.647  64.048 0.0000000000
58942  -40.249  -31.553  66.483 0.0000000000
58940  -38.414  -31.541  66.569 0.0000000000
58921  -39.993  -31.384  67.476 0.0000000000
59786  -39.463  -30.764  69.396 0.0000000000
59788  -41.285  -30.701  69.287 0.0000000000
58962  -44.829  -31.556  65.613 0.0000000000
58945  -43.364  -31.763  66.483 0.0000000000
58926  -45.432  -31.733  67.684 0.0000000000
64975  -45.360  -24.485  56.761 0.0000000000
65920  -46.986  -23.964  57.125 0.0000000000
64992  -45.992  -24.157  56.378 0.0000000000
64120  -47.827  -25.216  55.711 0.0000000000
64130  -49.361  -25.103  55.009 0.0000000000
65942  -50.100  -24.205  55.235 0.0000000000
65026  -49.622  -24.364  53.942 0.0000000000
65995  -49.551  -22.903  51.107 0.0000000000
65983  -49.152  -23.572  51.722 0.0000000000
65984  -50.049  -23.210  51.794 0.0000000000
65972  -50.442  -23.898  52.796 0.0000000000
65038  -51.064  -24.590  52.776 0.0000000000
64160  -50.978  -25.358  51.653 0.0000000000
64188  -51.582  -25.351  48.552 0.0000000000
45621  -34.065  -45.991  74.950 0.0000000000
47424  -34.400  -44.927  74.086 0.0000000000
46521  -33.989  -45.126  73.978 0.0000000000
47451  -32.703  -44.518  72.237 0.0000000000
43585  -17.188  -48.225  79.042 0.0000000000
44665  -29.896  -46.981  73.475 0.0000000000
44647  -30.419  -47.167  74.383 0.0000000000
44632  -31.838  -47.138  75.203 0.0000000000
44609  -32.277  -47.512  75.910 0.0000000000
44633  -32.802  -46.847  75.274 0.0000000000
45604  -33.147  -46.341  74.884 0.0000000000
55422  -34.256  -35.146  68.986 0.0000000000
55412  -35.222  -35.140  69.826 0.0000000000
56347  -35.093  -34.159  68.456 0.0000000000
56365  -35.162  -33.774  67.897 0.0000000000
58049  -35.729  -32.907  67.096 0.0000000000
60695  -46.001  -29.019  60.442 0.0000000000
59864  -46.516  -29.592  62.429 0.0000000000
60673  -47.344  -28.976  62.150 0.0000000000
61482  -48.517  -27.631  63.364 0.0000000000
65916  -50.333  -23.340  59.209 0.0000000000
34495  -8.574  -58.565  84.745 0.0000000000
34483  -8.219  -58.876  86.078 0.0000000000
49324  -36.266  -41.799  73.088 0.0000000000
50267  -37.133  -41.387  73.279 0.0000000000
51132  -36.050  -40.471  72.194 0.0000000000
52026  -35.714  -39.319  71.157 0.0000000000
52877  -35.626  -38.326  71.030 0.0000000000
52884  -34.896  -38.581  69.685 0.0000000000
53742  -33.834  -37.694  68.670 0.0000000000
53752  -31.681  -36.828  67.944 0.0000000000
45486  -19.745  -46.284  84.530 0.0000000000
45476  -19.603  -46.661  85.717 0.0000000000
45477  -20.497  -46.387  85.675 0.0000000000
45478  -21.407  -46.392  85.721 0.0000000000
44487  -24.538  -47.510  86.963 0.0000000000
46478  -22.510  -45.405  75.997 0.0000000000
45586  -23.369  -46.291  76.584 0.0000000000
43624  -27.784  -48.302  77.850 0.0000000000
43606  -27.171  -48.362  78.619 0.0000000000
43607  -28.150  -48.457  78.694 0.0000000000
43574  -27.621  -48.578  80.427 0.0000000000
43557  -27.628  -48.764  81.440 0.0000000000
43538  -27.618  -48.882  82.511 0.0000000000
42564  -29.353  -49.219  82.571 0.0000000000
40570  -14.665  -51.432  81.117 0.0000000000
40542  -14.497  -51.815  82.656 0.0000000000
39617  -13.930  -53.105  84.856 0.0000000000
39601  -14.054  -53.337  86.363 0.0000000000
39602  -14.422  -53.058  86.750 0.0000000000
58118  -37.433  -32.303  63.038 0.0000000000
58102  -37.432  -32.158  63.927 0.0000000000
58103  -38.063  -31.911  63.763 0.0000000000
58958  -40.430  -31.584  65.502 0.0000000000
58943  -41.224  -31.575  66.444 0.0000000000
65015  -43.440  -24.269  54.555 0.0000000000
65017  -45.040  -24.545  54.988 0.0000000000
65022  -43.732  -24.340  53.623 0.0000000000
66886  -50.700  -22.623  50.992 0.0000000000
65997  -50.983  -23.302  51.031 0.0000000000
66887  -51.354  -22.309  50.579 0.0000000000
66007  -51.611  -22.912  49.751 0.0000000000
37046  -10.580  -55.587  86.609 0.0000000000
36191  -9.354  -56.476  87.304 0.0000000000
47354  -38.180  -44.415  78.598 0.0000000000
46484  -38.253  -45.209  76.993 0.0000000000
48306  -37.849  -43.831  75.273 0.0000000000
48325  -36.643  -43.381  74.365 0.0000000000
47425  -35.044  -44.642  74.294 0.0000000000
48347  -35.493  -43.130  73.530 0.0000000000
49305  -35.743  -42.686  73.380 0.0000000000
49336  -34.540  -42.236  71.978 0.0000000000
50304  -33.737  -41.317  70.570 0.0000000000
42528  -16.141  -49.860  84.471 0.0000000000
42529  -16.505  -49.202  84.817 0.0000000000
42543  -16.411  -49.178  83.736 0.0000000000
44521  -17.229  -47.918  83.624 0.0000000000
44522  -17.635  -47.313  83.198 0.0000000000
43551  -17.365  -47.559  81.103 0.0000000000
45529  -18.301  -46.712  81.442 0.0000000000
45506  -18.802  -46.216  82.696 0.0000000000
45507  -19.477  -45.852  82.277 0.0000000000
46393  -21.020  -45.548  82.247 0.0000000000
46394  -21.906  -45.928  82.634 0.0000000000
44643  -26.219  -47.728  74.536 0.0000000000
44627  -26.752  -47.956  75.699 0.0000000000
44645  -28.424  -47.621  74.373 0.0000000000
44628  -27.996  -47.829  75.354 0.0000000000
43645  -28.285  -48.164  77.010 0.0000000000
43626  -29.942  -48.538  77.792 0.0000000000
43609  -30.506  -49.019  78.818 0.0000000000
42628  -32.007  -50.062  79.353 0.0000000000
41630  -32.369  -50.379  80.189 0.0000000000
42646  -33.076  -49.856  78.492 0.0000000000
42647  -34.199  -49.536  78.655 0.0000000000
42648  -34.948  -48.917  78.761 0.0000000000
43650  -33.636  -47.871  76.636 0.0000000000
43631  -34.918  -48.183  77.663 0.0000000000
44580  -35.769  -47.875  78.830 0.0000000000
44581  -36.339  -47.329  79.359 0.0000000000
41584  -15.000  -50.912  81.355 0.0000000000
55352  -38.087  -35.542  75.370 0.0000000000
56292  -38.277  -34.720  74.515 0.0000000000
56301  -37.681  -35.082  73.545 0.0000000000
56310  -37.493  -34.997  72.549 0.0000000000
56324  -36.418  -34.520  70.514 0.0000000000
59004  -42.160  -30.917  62.487 0.0000000000
58988  -41.480  -31.289  63.434 0.0000000000
59847  -42.752  -30.791  63.175 0.0000000000
58977  -45.012  -31.110  64.888 0.0000000000
58963  -45.969  -31.338  65.569 0.0000000000
59840  -47.419  -29.881  64.095 0.0000000000
59827  -47.490  -30.268  64.979 0.0000000000
56424  -33.120  -34.711  63.656 0.0000000000
56415  -34.227  -34.086  64.980 0.0000000000
56433  -33.659  -34.351  63.036 0.0000000000
57290  -34.472  -33.896  62.891 0.0000000000
57305  -35.811  -33.168  62.508 0.0000000000
58137  -36.510  -32.800  62.273 0.0000000000
58138  -37.541  -32.264  62.018 0.0000000000
59014  -38.041  -31.945  61.633 0.0000000000
59016  -39.678  -31.493  61.718 0.0000000000
59017  -40.599  -31.293  61.608 0.0000000000
59034  -41.331  -30.815  60.772 0.0000000000
59885  -42.814  -30.217  60.316 0.0000000000
59886  -43.925  -29.771  60.198 0.0000000000
59929  -41.899  -29.574  57.817 0.0000000000
60704  -43.164  -29.422  58.640 0.0000000000
60693  -44.659  -29.380  59.939 0.0000000000
61516  -45.516  -28.536  59.201 0.0000000000
62416  -46.250  -27.875  59.003 0.0000000000
63252  -47.065  -26.361  58.730 0.0000000000
64089  -47.010  -25.180  58.296 0.0000000000
64097  -45.705  -25.269  57.332 0.0000000000
64974  -44.561  -24.534  56.486 0.0000000000
64990  -43.880  -24.363  56.136 0.0000000000
65004  -43.079  -24.192  55.330 0.0000000000
36190  -8.932  -57.073  86.802 0.0000000000
34471  -8.277  -58.326  87.083 0.0000000000
34469  -7.501  -59.058  87.769 0.0000000000
35322  -6.314  -57.771  90.976 0.0000000000
34462  -6.548  -58.862  89.533 0.0000000000
32649  -6.692  -60.607  87.634 0.0000000000
31775  -6.143  -61.371  87.670 0.0000000000
31773  -4.765  -62.166  88.186 0.0000000000
30876  -4.175  -62.789  87.843 0.0000000000
30867  -2.955  -62.632  88.944 0.0000000000
53653  -39.387  -36.737  77.243 0.0000000000
51057  -39.087  -41.211  77.335 0.0000000000
51118  -38.414  -41.033  74.073 0.0000000000
51084  -38.987  -40.463  75.717 0.0000000000
52822  -39.293  -38.533  77.098 0.0000000000
53663  -39.054  -37.319  76.828 0.0000000000
54506  -38.084  -36.580  75.551 0.0000000000
54516  -37.215  -36.644  74.066 0.0000000000
54536  -35.862  -36.711  72.276 0.0000000000
54545  -35.383  -36.617  71.165 0.0000000000
53714  -35.294  -37.404  70.904 0.0000000000
54555  -34.730  -36.482  70.318 0.0000000000
55401  -34.244  -35.980  69.868 0.0000000000
55421  -33.717  -35.393  68.795 0.0000000000
56362  -32.575  -35.081  67.428 0.0000000000
56381  -31.887  -35.094  66.382 0.0000000000
52093  -31.659  -39.060  66.585 0.0000000000
52920  -31.623  -38.101  66.907 0.0000000000
53767  -30.633  -37.226  67.031 0.0000000000
54594  -30.273  -36.180  67.336 0.0000000000
55447  -30.569  -35.604  67.047 0.0000000000
56380  -30.769  -35.223  66.315 0.0000000000
56399  -31.041  -35.035  65.410 0.0000000000
56412  -31.476  -35.031  64.389 0.0000000000
45466  -19.472  -46.823  86.708 0.0000000000
46442  -19.874  -45.333  77.856 0.0000000000
46459  -20.424  -45.058  77.223 0.0000000000
46428  -20.671  -45.015  79.159 0.0000000000
46415  -20.773  -45.158  80.184 0.0000000000
46417  -22.295  -45.738  80.982 0.0000000000
45519  -22.870  -46.301  82.201 0.0000000000
45603  -24.084  -46.976  75.762 0.0000000000
45587  -24.222  -47.040  76.580 0.0000000000
45573  -24.095  -46.904  77.424 0.0000000000
43604  -25.921  -48.092  78.315 0.0000000000
44564  -24.738  -47.345  78.986 0.0000000000
45546  -23.960  -46.888  79.439 0.0000000000
45534  -23.846  -46.914  80.197 0.0000000000
45520  -23.477  -46.683  81.814 0.0000000000
45510  -23.349  -46.776  82.772 0.0000000000
44512  -23.915  -47.317  83.487 0.0000000000
43490  -25.081  -48.131  84.715 0.0000000000
36226  -10.212  -56.451  82.938 0.0000000000
37072  -10.701  -55.905  83.224 0.0000000000
38816  -12.752  -53.916  81.032 0.0000000000
37952  -11.681  -54.875  80.997 0.0000000000
37942  -11.742  -54.909  82.050 0.0000000000
37073  -11.251  -55.379  83.669 0.0000000000
37055  -10.954  -55.405  85.602 0.0000000000
37906  -11.176  -55.081  86.563 0.0000000000
38767  -13.979  -53.511  87.849 0.0000000000
57261  -34.904  -33.496  65.402 0.0000000000
57247  -35.419  -33.039  65.983 0.0000000000
58063  -36.323  -32.311  66.548 0.0000000000
58955  -37.888  -31.721  65.687 0.0000000000
58939  -37.589  -31.626  66.487 0.0000000000
58898  -37.278  -31.653  67.873 0.0000000000
58900  -38.661  -31.041  68.745 0.0000000000
58960  -42.472  -31.545  65.431 0.0000000000
58944  -42.254  -31.665  66.442 0.0000000000
58904  -42.688  -31.393  68.437 0.0000000000
64969  -47.511  -24.242  58.334 0.0000000000
65922  -48.079  -23.684  57.885 0.0000000000
64979  -49.465  -24.003  57.445 0.0000000000
64109  -46.941  -24.256  55.947 0.0000000000
64995  -48.947  -24.579  56.784 0.0000000000
64980  -50.130  -23.948  57.263 0.0000000000
65944  -51.493  -23.681  55.784 0.0000000000
65011  -51.859  -23.788  55.136 0.0000000000
65036  -49.093  -24.311  52.884 0.0000000000
65037  -49.723  -23.990  53.399 0.0000000000
65028  -51.809  -24.601  53.721 0.0000000000
64178  -50.913  -25.242  50.027 0.0000000000
45647  -31.223  -45.849  72.658 0.0000000000
46533  -31.505  -45.520  72.379 0.0000000000
45646  -30.441  -46.199  72.381 0.0000000000
56383  -33.959  -34.288  66.728 0.0000000000
56402  -33.625  -34.417  65.753 0.0000000000
63245  -47.794  -26.389  59.787 0.0000000000
63236  -48.353  -26.203  60.748 0.0000000000
64076  -48.096  -25.670  60.314 0.0000000000
64077  -48.497  -24.983  60.907 0.0000000000
64084  -48.298  -24.428  60.252 0.0000000000
37064  -9.996  -56.391  84.741 0.0000000000
52046  -33.642  -39.827  69.038 0.0000000000
52061  -33.429  -39.297  68.331 0.0000000000
41499  -16.387  -50.302  86.955 0.0000000000
41514  -16.202  -50.325  86.270 0.0000000000
45508  -22.122  -46.262  83.332 0.0000000000
45498  -21.824  -46.312  83.924 0.0000000000
42627  -31.383  -49.937  79.881 0.0000000000
42626  -30.501  -49.529  80.150 0.0000000000
42607  -31.041  -49.948  80.635 0.0000000000
41611  -31.366  -50.062  81.402 0.0000000000
40507  -15.592  -51.524  86.219 0.0000000000
46496  -36.508  -45.664  75.800 0.0000000000
48381  -32.678  -43.420  71.186 0.0000000000
45542  -18.809  -46.253  79.857 0.0000000000
43665  -30.729  -47.748  75.909 0.0000000000
43649  -32.751  -48.011  76.602 0.0000000000
45606  -34.716  -46.217  75.448 0.0000000000
45588  -35.208  -46.547  75.976 0.0000000000
45607  -35.624  -46.207  75.856 0.0000000000
42618  -16.086  -49.608  79.004 0.0000000000
55393  -35.546  -36.080  70.906 0.0000000000
55394  -36.090  -35.761  71.399 0.0000000000
58038  -36.377  -32.755  68.283 0.0000000000
58024  -36.373  -33.006  68.763 0.0000000000
59862  -44.695  -30.184  62.224 0.0000000000
61447  -49.191  -29.171  65.859 0.0000000000
59910  -40.105  -30.624  58.434 0.0000000000
62434  -43.639  -27.278  57.118 0.0000000000
62447  -43.030  -26.938  56.806 0.0000000000
63271  -43.527  -26.319  56.854 0.0000000000
32664  -7.665  -60.009  85.390 0.0000000000
32674  -7.295  -60.449  84.613 0.0000000000
32663  -7.207  -60.641  85.452 0.0000000000
36169  -7.682  -56.879  90.134 0.0000000000
36163  -7.496  -56.848  90.860 0.0000000000
32627  -4.900  -60.446  90.908 0.0000000000
32626  -4.327  -61.160  90.863 0.0000000000
49286  -38.330  -42.610  74.816 0.0000000000
52852  -37.041  -38.611  73.552 0.0000000000
53693  -36.605  -37.734  73.295 0.0000000000
53739  -32.108  -36.593  68.224 0.0000000000
54571  -32.184  -36.313  68.287 0.0000000000
55419  -31.981  -36.046  68.092 0.0000000000
45484  -18.032  -47.203  84.507 0.0000000000
44503  -17.835  -47.635  85.183 0.0000000000
46461  -22.055  -45.035  77.306 0.0000000000
45558  -23.290  -46.274  78.895 0.0000000000
44607  -25.763  -47.917  76.600 0.0000000000
43643  -26.510  -48.204  77.120 0.0000000000
43556  -26.809  -48.451  81.070 0.0000000000
43555  -26.095  -48.215  80.722 0.0000000000
43536  -26.049  -48.283  81.612 0.0000000000
43521  -25.804  -48.323  82.757 0.0000000000
38773  -12.960  -54.067  85.891 0.0000000000
57292  -36.120  -32.938  63.221 0.0000000000
58902  -40.659  -31.068  68.377 0.0000000000
58947  -45.781  -31.667  66.624 0.0000000000
58946  -44.552  -31.778  66.562 0.0000000000
64991  -44.853  -24.210  56.149 0.0000000000
64137  -48.048  -25.662  53.911 0.0000000000
64139  -49.488  -24.751  54.435 0.0000000000
64138  -49.032  -25.101  54.002 0.0000000000
66871  -50.375  -22.995  51.463 0.0000000000
64148  -51.056  -25.093  52.291 0.0000000000
65051  -50.700  -24.391  51.828 0.0000000000
45620  -33.459  -45.846  74.524 0.0000000000
46507  -33.749  -45.415  74.188 0.0000000000
46520  -33.186  -45.295  73.584 0.0000000000
46546  -32.028  -44.774  71.871 0.0000000000
46535  -33.019  -44.818  72.834 0.0000000000
44678  -29.200  -46.927  72.564 0.0000000000
44631  -30.979  -47.330  75.141 0.0000000000
44649  -32.116  -46.668  74.732 0.0000000000
45619  -32.664  -46.233  74.489 0.0000000000
56346  -34.264  -34.776  68.525 0.0000000000
56384  -34.633  -33.796  66.844 0.0000000000
57206  -35.011  -33.693  67.381 0.0000000000
57207  -35.585  -33.248  67.584 0.0000000000
57227  -35.412  -33.104  66.763 0.0000000000
61506  -46.630  -28.663  60.272 0.0000000000
60682  -47.032  -28.972  61.460 0.0000000000
61493  -47.056  -28.733  60.897 0.0000000000
62378  -48.462  -27.339  62.706 0.0000000000
61469  -48.850  -27.519  64.167 0.0000000000
62369  -49.286  -26.846  64.240 0.0000000000
65907  -49.701  -22.998  59.953 0.0000000000
65915  -49.425  -23.307  58.952 0.0000000000
35367  -8.862  -58.056  84.362 0.0000000000
33617  -8.377  -58.886  85.024 0.0000000000
34484  -8.504  -58.545  85.587 0.0000000000
50297  -35.372  -41.297  71.967 0.0000000000
50283  -35.950  -41.387  72.610 0.0000000000
51160  -35.291  -39.880  70.752 0.0000000000
52011  -36.019  -39.477  71.966 0.0000000000
52897  -33.575  -38.379  68.220 0.0000000000
52898  -33.967  -37.987  68.600 0.0000000000
53754  -33.048  -37.714  68.035 0.0000000000
53741  -33.449  -37.558  68.406 0.0000000000
53753  -32.548  -37.584  67.830 0.0000000000
45487  -20.834  -46.222  84.647 0.0000000000
44495  -23.665  -47.192  86.004 0.0000000000
44496  -24.879  -47.784  85.667 0.0000000000
43576  -29.393  -49.150  80.594 0.0000000000
43591  -28.463  -48.645  79.665 0.0000000000
43575  -28.675  -48.933  80.795 0.0000000000
42604  -28.873  -49.137  81.432 0.0000000000
43558  -28.372  -49.081  81.815 0.0000000000
42584  -29.045  -49.252  81.959 0.0000000000
42565  -30.002  -49.322  82.793 0.0000000000
40556  -14.808  -51.325  81.993 0.0000000000
40555  -14.399  -51.880  81.736 0.0000000000
40514  -14.840  -51.958  84.687 0.0000000000
39610  -14.457  -52.697  85.367 0.0000000000
40500  -15.707  -51.804  87.525 0.0000000000
58985  -38.844  -31.717  63.725 0.0000000000
58973  -40.542  -31.533  64.523 0.0000000000
58972  -39.617  -31.642  64.595 0.0000000000
65016  -44.452  -24.578  54.600 0.0000000000
66885  -50.026  -22.262  50.695 0.0000000000
67741  -50.841  -21.839  50.506 0.0000000000
37037  -10.345  -55.656  87.558 0.0000000000
37008  -9.231  -55.714  90.581 0.0000000000
46466  -38.066  -45.604  77.396 0.0000000000
46467  -38.334  -45.009  77.568 0.0000000000
47406  -36.767  -45.069  75.475 0.0000000000
47407  -37.506  -44.848  75.688 0.0000000000
47427  -37.143  -43.979  75.058 0.0000000000
48346  -34.722  -43.514  73.251 0.0000000000
48366  -35.003  -42.972  73.130 0.0000000000
49322  -34.817  -42.526  72.528 0.0000000000
49323  -35.389  -42.400  72.908 0.0000000000
43568  -17.221  -47.858  80.280 0.0000000000
45530  -18.719  -46.354  80.772 0.0000000000
45516  -18.361  -46.641  82.155 0.0000000000
46405  -21.692  -45.552  81.601 0.0000000000
44664  -28.841  -47.366  73.455 0.0000000000
43664  -29.731  -47.843  76.017 0.0000000000
43663  -28.689  -47.919  76.127 0.0000000000
43610  -31.217  -49.185  78.439 0.0000000000
42644  -31.405  -49.551  78.970 0.0000000000
42645  -32.198  -49.809  78.673 0.0000000000
43611  -34.601  -48.725  78.031 0.0000000000
44610  -33.145  -47.390  76.074 0.0000000000
44611  -33.933  -47.302  76.167 0.0000000000
43612  -35.213  -48.344  78.375 0.0000000000
44594  -36.317  -47.429  78.135 0.0000000000
45575  -37.704  -46.287  77.948 0.0000000000
45574  -37.044  -46.912  78.613 0.0000000000
42596  -15.351  -50.400  80.041 0.0000000000
42557  -15.709  -49.978  82.271 0.0000000000
55351  -37.636  -35.901  74.612 0.0000000000
55366  -37.840  -35.369  74.643 0.0000000000
55365  -37.553  -35.547  74.034 0.0000000000
56309  -36.722  -35.350  71.989 0.0000000000
56331  -35.379  -34.572  69.385 0.0000000000
56323  -35.572  -34.932  70.069 0.0000000000
56332  -36.187  -34.177  69.757 0.0000000000
57153  -36.499  -33.934  69.971 0.0000000000
56325  -37.217  -33.888  71.009 0.0000000000
57992  -37.722  -32.869  70.797 0.0000000000
58007  -37.933  -32.449  70.701 0.0000000000
59019  -42.267  -30.814  61.977 0.0000000000
59837  -44.283  -30.762  64.083 0.0000000000
58978  -45.586  -31.015  64.986 0.0000000000
59825  -45.918  -30.976  65.051 0.0000000000
60662  -46.979  -29.436  62.527 0.0000000000
59851  -46.760  -29.793  63.140 0.0000000000
59852  -47.466  -29.577  63.579 0.0000000000
29995  -2.682  -63.447  88.566 0.0000000000
30003  -2.430  -63.998  87.884 0.0000000000
29994  -2.501  -64.087  88.748 0.0000000000
57303  -34.189  -33.716  61.772 0.0000000000
57291  -35.398  -33.381  63.130 0.0000000000
57304  -35.162  -33.435  62.050 0.0000000000
58136  -35.800  -33.161  61.947 0.0000000000
58155  -35.600  -33.029  61.050 0.0000000000
58157  -37.511  -32.094  61.030 0.0000000000
59030  -38.150  -31.813  61.084 0.0000000000
59015  -38.779  -31.704  61.859 0.0000000000
59031  -38.775  -31.573  60.885 0.0000000000
59032  -39.678  -31.325  60.737 0.0000000000
59033  -40.616  -31.052  60.634 0.0000000000
59884  -41.745  -30.557  60.371 0.0000000000
61527  -43.458  -28.629  57.768 0.0000000000
60715  -42.728  -29.217  57.964 0.0000000000
60716  -43.585  -29.027  58.394 0.0000000000
60692  -44.109  -29.454  59.570 0.0000000000
60706  -44.550  -28.999  59.133 0.0000000000
60707  -45.029  -29.027  59.593 0.0000000000
61515  -44.892  -28.561  58.788 0.0000000000
62426  -45.807  -27.524  58.457 0.0000000000
62427  -46.510  -27.271  58.738 0.0000000000
63261  -46.100  -26.310  57.986 0.0000000000
63262  -46.687  -25.764  58.173 0.0000000000
64108  -44.133  -24.777  56.546 0.0000000000
31782  -6.099  -61.987  85.714 0.0000000000
36182  -9.328  -56.336  87.967 0.0000000000
36181  -8.722  -56.808  88.146 0.0000000000
35333  -7.559  -57.628  89.203 0.0000000000
35337  -7.891  -57.863  88.254 0.0000000000
34470  -7.921  -58.687  87.401 0.0000000000
34466  -7.601  -58.557  88.138 0.0000000000
36161  -6.292  -57.596  91.314 0.0000000000
33596  -5.540  -59.665  90.265 0.0000000000
34461  -5.957  -59.093  90.113 0.0000000000
33597  -6.191  -59.771  89.538 0.0000000000
33601  -6.706  -59.768  88.602 0.0000000000
32643  -6.163  -60.619  88.704 0.0000000000
31760  -4.393  -61.283  89.656 0.0000000000
31768  -5.004  -61.469  88.925 0.0000000000
31767  -4.145  -61.931  88.897 0.0000000000
30868  -3.599  -62.452  88.647 0.0000000000
31766  -3.498  -62.052  89.264 0.0000000000
31749  -3.821  -62.206  90.366 0.0000000000
53644  -40.182  -38.061  78.087 0.0000000000
53654  -39.777  -37.391  77.623 0.0000000000
47370  -38.449  -44.343  77.829 0.0000000000
48270  -38.373  -43.539  78.699 0.0000000000
48284  -38.713  -43.575  77.370 0.0000000000
49264  -39.145  -42.097  76.516 0.0000000000
49263  -38.980  -42.758  76.844 0.0000000000
50213  -39.047  -41.581  77.668 0.0000000000
50225  -39.164  -41.543  76.388 0.0000000000
50268  -37.883  -41.464  73.769 0.0000000000
51117  -37.939  -40.688  73.663 0.0000000000
51987  -38.183  -39.425  74.568 0.0000000000
51098  -38.363  -40.196  74.297 0.0000000000
51070  -38.998  -40.354  76.721 0.0000000000
51980  -38.880  -39.486  76.318 0.0000000000
51973  -39.068  -39.567  77.396 0.0000000000
52830  -38.171  -37.918  75.314 0.0000000000
53672  -38.395  -37.297  75.833 0.0000000000
54505  -37.698  -36.579  74.880 0.0000000000
53704  -36.031  -37.643  72.598 0.0000000000
54526  -36.587  -36.751  73.232 0.0000000000
52885  -35.285  -38.037  70.339 0.0000000000
53723  -35.119  -37.554  70.428 0.0000000000
53722  -34.694  -37.345  70.058 0.0000000000
54564  -33.605  -36.316  69.303 0.0000000000
53721  -34.166  -36.749  69.984 0.0000000000
54554  -34.013  -36.403  69.766 0.0000000000
55400  -33.839  -36.158  69.556 0.0000000000
55434  -32.202  -35.488  67.791 0.0000000000
56344  -32.599  -35.374  67.983 0.0000000000
52094  -32.171  -38.584  67.097 0.0000000000
52919  -31.029  -38.294  66.402 0.0000000000
54593  -29.756  -36.495  66.923 0.0000000000
53751  -31.070  -36.803  67.617 0.0000000000
56379  -30.033  -35.278  66.346 0.0000000000
56400  -31.921  -35.043  65.261 0.0000000000
42514  -16.498  -49.615  85.984 0.0000000000
44493  -17.980  -47.871  86.192 0.0000000000
46460  -21.098  -44.838  77.499 0.0000000000
46429  -21.545  -45.161  79.521 0.0000000000
45532  -22.910  -46.182  81.360 0.0000000000
44624  -24.015  -47.013  74.830 0.0000000000
44577  -24.750  -47.366  77.990 0.0000000000
43605  -26.369  -48.217  78.538 0.0000000000
43589  -26.420  -48.237  79.318 0.0000000000
44553  -25.491  -47.853  80.437 0.0000000000
44565  -25.624  -47.882  79.392 0.0000000000
44536  -24.170  -47.185  81.309 0.0000000000
44523  -24.043  -47.208  82.422 0.0000000000
44513  -24.718  -47.674  83.101 0.0000000000
43507  -26.087  -48.474  83.861 0.0000000000
43506  -25.279  -48.201  83.823 0.0000000000
43491  -25.861  -48.303  85.021 0.0000000000
43539  -28.594  -49.005  82.851 0.0000000000
43523  -27.745  -48.791  83.704 0.0000000000
43524  -28.721  -48.733  84.088 0.0000000000
41631  -33.372  -50.425  80.051 0.0000000000
39657  -14.017  -52.422  81.406 0.0000000000
39671  -13.626  -52.931  80.997 0.0000000000
39656  -13.655  -52.917  81.926 0.0000000000
38805  -12.791  -53.949  81.993 0.0000000000
37953  -12.197  -54.339  80.516 0.0000000000
37943  -12.276  -54.435  81.513 0.0000000000
37928  -11.836  -54.853  84.049 0.0000000000
37066  -11.336  -55.224  84.673 0.0000000000
37056  -11.477  -54.983  85.380 0.0000000000
37913  -11.423  -54.950  85.953 0.0000000000
38775  -13.885  -53.541  87.160 0.0000000000
57119  -40.628  -33.536  75.685 0.0000000000
56425  -34.006  -34.266  63.897 0.0000000000
58086  -36.160  -32.565  65.208 0.0000000000
58075  -35.957  -32.627  65.840 0.0000000000
58062  -35.819  -32.745  66.605 0.0000000000
58089  -37.933  -31.887  64.424 0.0000000000
58088  -37.434  -31.993  64.812 0.0000000000
58970  -38.120  -31.811  65.040 0.0000000000
58918  -37.274  -31.635  67.112 0.0000000000
58899  -37.832  -31.417  68.440 0.0000000000
59770  -39.960  -30.553  70.230 0.0000000000
58975  -42.630  -31.180  64.313 0.0000000000
58924  -43.046  -31.734  67.485 0.0000000000
64977  -47.077  -24.188  57.728 0.0000000000
65930  -47.211  -23.904  57.013 0.0000000000
65931  -47.738  -23.935  57.387 0.0000000000
65923  -48.992  -23.669  58.110 0.0000000000
64978  -48.472  -24.020  57.485 0.0000000000
64118  -45.825  -24.664  55.239 0.0000000000
64119  -46.801  -24.745  55.563 0.0000000000
64121  -48.836  -25.215  55.897 0.0000000000
64111  -48.151  -24.795  56.342 0.0000000000
64996  -49.928  -24.236  56.758 0.0000000000
65932  -50.661  -23.955  56.692 0.0000000000
65010  -50.285  -24.179  56.231 0.0000000000
65955  -51.436  -23.766  54.753 0.0000000000
65019  -51.952  -24.056  54.619 0.0000000000
65049  -48.541  -24.214  51.854 0.0000000000
65035  -48.150  -24.919  52.280 0.0000000000
65971  -49.833  -23.667  52.895 0.0000000000
65027  -51.029  -24.181  53.350 0.0000000000
64140  -52.065  -25.289  53.186 0.0000000000
66006  -51.175  -23.525  50.275 0.0000000000
65059  -50.772  -24.521  50.801 0.0000000000
45634  -32.325  -45.822  73.653 0.0000000000
46519  -32.553  -45.484  73.332 0.0000000000
44679  -29.985  -46.613  72.724 0.0000000000
45632  -30.625  -46.465  73.099 0.0000000000
62408  -47.975  -27.315  60.737 0.0000000000
62409  -48.453  -26.746  61.423 0.0000000000
64068  -49.174  -24.843  62.172 0.0000000000
64949  -49.723  -23.999  61.802 0.0000000000
65893  -50.112  -23.961  61.547 0.0000000000
64956  -49.347  -23.753  61.248 0.0000000000
64955  -48.846  -23.784  60.620 0.0000000000
36225  -9.694  -57.001  82.746 0.0000000000
35382  -9.390  -57.488  83.199 0.0000000000
35358  -9.147  -57.552  84.827 0.0000000000
36204  -9.165  -57.412  85.252 0.0000000000
51146  -34.721  -40.906  71.098 0.0000000000
52034  -34.695  -39.514  69.729 0.0000000000
52047  -34.239  -39.175  69.085 0.0000000000
41491  -16.171  -50.965  87.755 0.0000000000
46385  -21.167  -45.915  83.347 0.0000000000
46380  -20.901  -46.074  83.955 0.0000000000
45497  -21.263  -46.198  84.119 0.0000000000
45489  -22.383  -46.521  84.786 0.0000000000
45480  -22.874  -46.725  85.583 0.0000000000
42625  -29.867  -49.343  80.586 0.0000000000
42585  -29.798  -49.422  81.970 0.0000000000
41610  -30.939  -49.746  81.788 0.0000000000
59000  -38.900  -31.704  62.834 0.0000000000
46482  -37.228  -45.917  76.428 0.0000000000
47452  -33.503  -44.104  72.568 0.0000000000
48364  -33.960  -43.386  72.396 0.0000000000
48383  -34.130  -42.955  72.177 0.0000000000
49335  -33.813  -42.426  71.517 0.0000000000
44563  -18.319  -46.765  79.589 0.0000000000
45518  -19.420  -45.834  81.277 0.0000000000
46403  -20.065  -45.395  80.765 0.0000000000
42661  -32.321  -49.322  78.009 0.0000000000
44612  -34.824  -47.044  76.274 0.0000000000
44613  -35.646  -47.259  76.935 0.0000000000
44614  -36.068  -47.326  77.427 0.0000000000
55377  -36.479  -36.252  72.808 0.0000000000
55378  -36.980  -35.804  73.249 0.0000000000
55385  -36.581  -35.792  72.397 0.0000000000
57187  -35.608  -33.631  68.423 0.0000000000
57170  -36.887  -33.033  69.718 0.0000000000
58863  -37.523  -32.038  69.550 0.0000000000
59861  -43.637  -30.492  62.301 0.0000000000
61454  -48.467  -28.825  64.420 0.0000000000
60655  -47.970  -29.247  64.083 0.0000000000
60656  -48.443  -29.109  64.744 0.0000000000
64998  -52.144  -24.269  56.391 0.0000000000
59897  -40.141  -30.851  59.246 0.0000000000
59052  -40.451  -30.852  59.853 0.0000000000
61526  -42.861  -28.678  57.433 0.0000000000
61528  -44.371  -28.433  58.259 0.0000000000
61541  -43.879  -28.016  57.536 0.0000000000
62435  -44.557  -27.360  57.566 0.0000000000
63260  -45.118  -26.298  57.403 0.0000000000
64095  -43.961  -25.796  56.887 0.0000000000
31783  -6.704  -61.364  85.552 0.0000000000
31779  -6.515  -61.380  86.641 0.0000000000
36176  -8.454  -56.616  89.439 0.0000000000
35328  -7.170  -57.543  89.845 0.0000000000
35320  -5.063  -57.904  91.854 0.0000000000
32642  -5.485  -60.835  89.150 0.0000000000
31758  -3.470  -61.969  89.897 0.0000000000
32632  -3.988  -61.468  90.318 0.0000000000
31750  -4.227  -61.675  90.726 0.0000000000
48307  -38.419  -43.358  75.460 0.0000000000
50235  -39.043  -41.573  75.385 0.0000000000
51997  -37.290  -39.647  73.251 0.0000000000
52840  -38.256  -39.033  75.028 0.0000000000
53680  -36.972  -37.634  73.939 0.0000000000
53729  -33.344  -36.489  68.992 0.0000000000
55409  -33.078  -36.021  68.817 0.0000000000
44510  -17.289  -47.949  84.583 0.0000000000
44494  -18.455  -47.471  86.032 0.0000000000
45456  -20.836  -46.685  87.647 0.0000000000
44626  -25.579  -47.707  75.412 0.0000000000
44591  -25.407  -47.778  77.576 0.0000000000
43572  -26.030  -48.169  79.916 0.0000000000
44514  -25.191  -47.870  82.581 0.0000000000
38798  -13.293  -53.447  83.413 0.0000000000
38797  -12.792  -53.925  82.967 0.0000000000
37922  -12.390  -54.417  84.449 0.0000000000
37915  -12.413  -54.427  85.365 0.0000000000
37914  -11.877  -54.716  85.733 0.0000000000
39586  -14.762  -52.922  88.892 0.0000000000
57263  -36.111  -32.708  64.621 0.0000000000
58087  -36.660  -32.318  64.882 0.0000000000
58957  -39.500  -31.653  65.568 0.0000000000
58941  -39.315  -31.550  66.547 0.0000000000
58920  -39.018  -31.340  67.555 0.0000000000
58901  -39.688  -31.017  68.466 0.0000000000
59787  -40.319  -30.679  69.311 0.0000000000
58961  -43.636  -31.569  65.502 0.0000000000
64976  -46.529  -24.317  57.239 0.0000000000
65929  -46.759  -24.033  56.812 0.0000000000
64993  -46.852  -24.063  56.356 0.0000000000
64129  -48.465  -25.485  54.921 0.0000000000
65018  -49.793  -24.467  54.853 0.0000000000
65953  -50.194  -24.037  54.709 0.0000000000
65994  -48.703  -23.140  50.796 0.0000000000
65074  -51.152  -24.336  48.927 0.0000000000
64187  -51.029  -25.033  49.289 0.0000000000
46494  -35.007  -45.691  75.066 0.0000000000
46508  -34.422  -45.470  74.594 0.0000000000
47439  -33.472  -44.681  73.112 0.0000000000
47466  -33.033  -43.971  71.982 0.0000000000
44576  -18.313  -47.002  78.589 0.0000000000
45570  -18.844  -46.461  77.933 0.0000000000
45556  -19.350  -45.832  78.389 0.0000000000
44677  -28.187  -47.301  72.611 0.0000000000
43666  -31.491  -47.567  75.746 0.0000000000
45605  -33.689  -46.432  75.220 0.0000000000
55411  -34.523  -35.367  69.461 0.0000000000
56330  -34.578  -34.958  69.116 0.0000000000
57208  -36.068  -32.971  67.907 0.0000000000
58050  -36.174  -32.631  67.423 0.0000000000
60680  -45.587  -29.359  60.892 0.0000000000
59863  -45.796  -29.727  62.141 0.0000000000
60671  -45.967  -29.425  61.495 0.0000000000
60672  -46.580  -29.359  61.887 0.0000000000
61494  -47.630  -28.332  61.421 0.0000000000
61481  -48.043  -28.223  62.622 0.0000000000
61468  -48.382  -28.448  63.831 0.0000000000
65900  -50.384  -23.889  61.038 0.0000000000
65917  -50.943  -23.746  59.528 0.0000000000
65925  -51.061  -23.741  58.433 0.0000000000
35381  -8.889  -58.025  83.460 0.0000000000
34507  -8.348  -58.834  83.694 0.0000000000
33629  -8.253  -59.065  84.509 0.0000000000
33616  -8.090  -59.290  85.237 0.0000000000
33609  -7.885  -59.404  86.369 0.0000000000
49307  -37.350  -42.031  73.782 0.0000000000
50284  -36.544  -41.304  72.917 0.0000000000
51133  -36.790  -40.603  72.804 0.0000000000
52867  -35.878  -38.488  71.879 0.0000000000
52890  -34.422  -38.204  69.095 0.0000000000
45495  -18.786  -46.423  83.707 0.0000000000
45468  -21.142  -46.482  86.720 0.0000000000
46479  -22.719  -45.551  76.884 0.0000000000
45572  -23.452  -46.313  77.876 0.0000000000
43623  -26.903  -48.304  77.852 0.0000000000
40569  -14.332  -51.993  80.888 0.0000000000
39643  -14.056  -52.366  82.319 0.0000000000
39629  -14.148  -52.372  83.278 0.0000000000
38783  -13.512  -53.631  85.393 0.0000000000
38774  -13.667  -53.651  86.486 0.0000000000
39609  -14.025  -53.260  85.865 0.0000000000
39595  -15.073  -52.652  87.797 0.0000000000
58971  -38.679  -31.761  64.672 0.0000000000
65006  -45.222  -24.293  55.514 0.0000000000
64125  -44.711  -25.011  54.163 0.0000000000
65996  -50.026  -22.702  51.281 0.0000000000
67742  -51.186  -21.996  50.642 0.0000000000
65998  -51.457  -22.742  50.411 0.0000000000
66015  -51.254  -23.670  49.503 0.0000000000
37045  -9.847  -55.968  86.841 0.0000000000
37036  -9.703  -55.966  87.778 0.0000000000
37016  -8.713  -56.004  89.963 0.0000000000
46451  -38.307  -44.781  78.124 0.0000000000
47390  -38.392  -44.630  76.629 0.0000000000
46483  -37.865  -45.406  76.498 0.0000000000
47389  -37.993  -45.009  76.208 0.0000000000
47408  -38.262  -44.094  75.797 0.0000000000
48326  -37.564  -43.312  74.765 0.0000000000
49284  -36.770  -42.870  74.080 0.0000000000
46509  -35.366  -45.273  74.916 0.0000000000
48324  -35.724  -43.800  74.183 0.0000000000
47441  -35.013  -43.902  73.761 0.0000000000
48348  -36.025  -43.181  73.984 0.0000000000
49306  -36.401  -42.553  73.662 0.0000000000
49337  -35.319  -41.846  72.352 0.0000000000
50305  -34.233  -41.500  71.126 0.0000000000
51158  -33.616  -40.959  70.182 0.0000000000
51170  -33.292  -40.644  69.499 0.0000000000
42513  -16.284  -49.797  85.179 0.0000000000
43516  -16.858  -48.504  84.189 0.0000000000
45494  -18.053  -46.887  83.904 0.0000000000
44549  -17.911  -47.012  80.582 0.0000000000
44535  -17.681  -47.227  81.956 0.0000000000
45505  -18.143  -46.699  82.938 0.0000000000
45496  -19.540  -45.954  83.312 0.0000000000
46384  -20.278  -45.696  82.802 0.0000000000
44642  -25.262  -47.581  74.450 0.0000000000
43661  -26.958  -48.168  76.528 0.0000000000
44663  -27.781  -47.566  73.510 0.0000000000
43662  -27.679  -48.066  76.293 0.0000000000
43625  -28.800  -48.341  77.833 0.0000000000
42643  -30.834  -49.453  79.458 0.0000000000
41649  -32.776  -50.239  79.270 0.0000000000
41650  -33.646  -50.163  79.222 0.0000000000
41651  -34.161  -49.997  79.344 0.0000000000
42629  -34.559  -49.831  79.721 0.0000000000
43594  -35.382  -48.481  79.359 0.0000000000
43630  -34.268  -48.273  77.228 0.0000000000
43651  -34.323  -47.666  76.646 0.0000000000
44567  -35.756  -47.818  79.998 0.0000000000
40586  -14.541  -51.641  80.291 0.0000000000
42577  -15.454  -50.289  81.085 0.0000000000
41565  -15.270  -50.736  82.132 0.0000000000
55336  -38.681  -34.983  76.263 0.0000000000
56291  -37.769  -35.014  74.039 0.0000000000
56293  -39.561  -34.023  74.483 0.0000000000
56302  -38.574  -34.612  73.556 0.0000000000
56318  -37.648  -34.315  71.707 0.0000000000
59003  -41.432  -31.194  62.484 0.0000000000
58989  -42.175  -31.038  63.267 0.0000000000
59835  -42.686  -30.911  63.679 0.0000000000
59836  -43.281  -30.831  63.891 0.0000000000
59848  -43.535  -30.642  63.201 0.0000000000
58948  -47.038  -31.288  66.606 0.0000000000
59839  -46.607  -30.382  64.137 0.0000000000
59826  -46.658  -30.867  65.240 0.0000000000
30005  -3.553  -63.312  87.524 0.0000000000
56413  -32.482  -34.980  64.487 0.0000000000
56414  -33.399  -34.619  64.711 0.0000000000
58139  -38.279  -31.904  62.239 0.0000000000
59018  -41.580  -30.933  61.559 0.0000000000
59883  -40.989  -30.756  60.220 0.0000000000
59870  -41.779  -30.711  61.043 0.0000000000
59871  -42.535  -30.588  61.417 0.0000000000
59928  -41.387  -29.742  57.716 0.0000000000
59912  -42.132  -29.760  58.370 0.0000000000
59913  -42.756  -29.570  58.559 0.0000000000
59900  -43.017  -29.774  59.254 0.0000000000
59887  -44.600  -29.605  60.465 0.0000000000
60694  -45.407  -29.120  60.065 0.0000000000
61505  -46.003  -28.769  59.893 0.0000000000
61529  -45.130  -28.181  58.564 0.0000000000
61518  -47.019  -28.107  59.807 0.0000000000
62417  -46.923  -27.538  59.224 0.0000000000
63244  -47.387  -26.989  59.326 0.0000000000
63253  -47.606  -25.761  59.252 0.0000000000
64090  -47.467  -25.158  58.901 0.0000000000
64098  -46.506  -25.201  57.788 0.0000000000
36199  -9.483  -56.631  86.252 0.0000000000
36198  -9.119  -57.287  85.814 0.0000000000
35350  -8.763  -57.823  86.202 0.0000000000
35338  -8.311  -57.542  87.892 0.0000000000
35343  -8.544  -57.722  87.183 0.0000000000
34476  -8.439  -58.358  86.485 0.0000000000
34475  -8.166  -58.747  86.694 0.0000000000
33608  -7.528  -59.896  86.780 0.0000000000
36162  -6.832  -57.106  91.058 0.0000000000
35327  -6.581  -57.871  90.243 0.0000000000
35326  -6.007  -58.138  90.755 0.0000000000
34457  -6.105  -58.527  90.315 0.0000000000
35332  -7.021  -58.125  89.308 0.0000000000
34465  -7.109  -58.877  88.492 0.0000000000
33604  -7.202  -59.748  87.580 0.0000000000
31769  -5.696  -61.294  88.462 0.0000000000
30875  -3.380  -62.885  88.163 0.0000000000
30860  -3.105  -62.696  89.788 0.0000000000
50247  -38.570  -41.606  74.459 0.0000000000
51099  -38.812  -40.736  74.766 0.0000000000
51085  -39.180  -41.071  76.148 0.0000000000
52813  -39.361  -39.068  77.735 0.0000000000
52831  -38.576  -38.459  75.761 0.0000000000
53664  -39.492  -37.811  77.273 0.0000000000
54489  -39.084  -36.394  77.034 0.0000000000
54497  -38.604  -36.144  76.408 0.0000000000
54556  -35.270  -36.241  70.682 0.0000000000
53713  -34.966  -37.057  70.784 0.0000000000
54544  -34.899  -36.858  70.644 0.0000000000
56345  -33.167  -35.140  68.164 0.0000000000
52060  -32.742  -39.984  68.158 0.0000000000
52077  -32.525  -39.336  67.431 0.0000000000
52921  -32.182  -37.984  67.350 0.0000000000
53768  -31.797  -37.571  67.438 0.0000000000
54581  -31.031  -36.407  67.681 0.0000000000
55432  -30.785  -35.949  67.541 0.0000000000
55448  -31.292  -35.396  66.986 0.0000000000
43485  -17.543  -48.319  86.368 0.0000000000
45475  -18.938  -47.052  85.903 0.0000000000
45571  -19.381  -45.865  77.434 0.0000000000
46427  -19.930  -45.304  78.791 0.0000000000
46416  -21.586  -45.359  80.590 0.0000000000
46406  -22.377  -45.899  81.873 0.0000000000
46395  -22.444  -46.110  82.412 0.0000000000
45602  -23.476  -46.511  75.371 0.0000000000
43622  -26.224  -48.208  77.869 0.0000000000
43621  -25.769  -48.017  77.930 0.0000000000
44578  -25.449  -47.767  78.426 0.0000000000
44566  -26.071  -48.093  79.001 0.0000000000
45559  -24.040  -46.856  78.440 0.0000000000
45545  -23.373  -46.455  79.903 0.0000000000
45533  -23.518  -46.626  80.816 0.0000000000
44551  -23.983  -47.070  80.631 0.0000000000
44506  -24.567  -47.798  84.247 0.0000000000
36239  -9.931  -56.694  82.062 0.0000000000
36214  -10.330  -56.239  83.603 0.0000000000
37065  -10.552  -55.902  84.377 0.0000000000
38817  -13.233  -53.441  81.492 0.0000000000
37093  -11.171  -55.382  81.591 0.0000000000
37935  -11.794  -54.913  83.066 0.0000000000
38758  -14.125  -53.445  88.879 0.0000000000
58101  -36.937  -32.313  64.201 0.0000000000
58077  -37.129  -31.879  65.654 0.0000000000
58064  -36.878  -31.851  66.454 0.0000000000
58051  -36.732  -31.973  67.259 0.0000000000
58881  -37.964  -31.468  69.313 0.0000000000
59785  -38.963  -30.854  69.537 0.0000000000
58974  -41.515  -31.409  64.446 0.0000000000
58923  -41.974  -31.569  67.429 0.0000000000
58903  -41.652  -31.190  68.371 0.0000000000
64963  -47.762  -24.446  59.113 0.0000000000
64970  -47.909  -23.995  58.938 0.0000000000
65914  -48.325  -23.632  58.700 0.0000000000
65921  -47.393  -23.990  57.555 0.0000000000
65913  -47.799  -23.748  58.101 0.0000000000
65924  -50.217  -23.559  57.915 0.0000000000
65007  -46.233  -24.207  55.826 0.0000000000
65933  -51.335  -23.845  57.154 0.0000000000
65934  -51.867  -23.852  56.482 0.0000000000
65945  -52.076  -23.853  56.038 0.0000000000
65943  -50.510  -23.981  55.597 0.0000000000
65012  -52.239  -24.230  55.416 0.0000000000
64146  -48.536  -25.181  53.162 0.0000000000
65025  -49.186  -24.630  53.527 0.0000000000
65961  -50.169  -23.851  53.936 0.0000000000
65962  -50.863  -23.883  53.854 0.0000000000
65963  -51.533  -23.992  54.261 0.0000000000
64170  -50.959  -25.537  50.803 0.0000000000
64179  -51.424  -25.635  49.414 0.0000000000
32686  -7.683  -59.753  84.079 0.0000000000
33605  -7.661  -59.393  87.206 0.0000000000
33643  -8.076  -59.222  84.027 0.0000000000
34451  -5.044  -58.239  91.475 0.0000000000
35315  -4.946  -58.031  92.224 0.0000000000
35342  -8.181  -58.022  87.565 0.0000000000
36156  -6.201  -57.399  91.757 0.0000000000
36180  -8.239  -57.324  88.305 0.0000000000
36999  -7.561  -56.780  91.304 0.0000000000
41591  -30.963  -49.683  82.038 0.0000000000
44502  -17.347  -47.952  85.045 0.0000000000
44579  -25.882  -48.024  78.745 0.0000000000
49273  -39.154  -41.876  75.985 0.0000000000
50214  -39.149  -41.604  76.985 0.0000000000
50269  -38.232  -41.532  74.079 0.0000000000
51071  -39.127  -41.060  76.887 0.0000000000
52823  -39.628  -38.065  77.529 0.0000000000
52906  -32.675  -38.374  67.488 0.0000000000
53643  -39.929  -38.174  78.057 0.0000000000
53681  -37.441  -37.479  74.485 0.0000000000
53769  -32.165  -37.726  67.548 0.0000000000
54563  -33.194  -36.258  68.888 0.0000000000
57226  -35.097  -33.427  66.983 0.0000000000
59874  -45.532  -29.559  61.439 0.0000000000
59901  -43.688  -29.609  59.524 0.0000000000
60679  -45.010  -29.454  60.518 0.0000000000
60681  -46.406  -29.105  61.049 0.0000000000
60705  -43.743  -29.366  59.027 0.0000000000
61517  -46.418  -28.309  59.529 0.0000000000
63251  -46.396  -26.895  58.438 0.0000000000
64110  -47.380  -24.480  56.126 0.0000000000
64126  -45.238  -25.022  54.578 0.0000000000
64147  -48.955  -24.799  53.376 0.0000000000
65008  -46.704  -24.210  55.914 0.0000000000
65050  -49.025  -23.970  52.191 0.0000000000
65892  -49.991  -23.727  61.386 0.0000000000
66870  -50.283  -22.749  51.280 0.0000000000
