#!ascii label  , from subject 3503 vox2ras=TkReg
1901
6569  -31.009  -92.142  18.335 0.1000000015
7230  -30.466  -91.811  17.925 0.1000000015
7954  -28.878  -90.140  18.994 0.1000000015
7229  -29.798  -91.355  17.420 0.1000000015
8740  -29.030  -89.970  16.964 0.1000000015
8005  -29.944  -90.480  15.989 0.1000000015
9503  -29.123  -89.010  17.268 0.1000000015
9529  -30.296  -89.245  15.540 0.1000000015
9530  -31.012  -89.460  15.346 0.1000000015
10349  -30.362  -88.345  16.028 0.1000000015
10350  -30.973  -88.203  15.645 0.1000000015
9531  -32.130  -89.431  15.234 0.1000000015
10367  -31.539  -88.621  15.238 0.1000000015
11239  -30.854  -87.607  16.150 0.1000000015
10368  -32.450  -88.528  14.732 0.1000000015
10381  -33.685  -88.237  13.993 0.1000000015
11240  -31.403  -87.624  15.698 0.1000000015
11262  -32.690  -87.584  14.671 0.1000000015
11261  -32.090  -87.685  15.222 0.1000000015
8710  -31.706  -89.615  20.383 0.1000000015
7231  -31.089  -91.648  18.069 0.1000000015
7956  -31.693  -90.718  19.124 0.1000000015
7243  -30.513  -91.230  17.167 0.1000000015
8730  -31.298  -89.899  18.618 0.1000000015
7982  -30.922  -90.737  17.225 0.1000000015
8741  -31.268  -89.997  17.552 0.1000000015
8007  -30.537  -90.326  15.783 0.1000000015
9514  -31.830  -89.570  16.473 0.1000000015
8750  -31.841  -89.792  15.721 0.1000000015
12126  -38.359  -85.435  17.464 0.1000000015
11242  -37.406  -86.037  16.401 0.1000000015
11241  -36.743  -86.439  15.704 0.1000000015
10334  -36.432  -86.987  16.179 0.1000000015
10370  -35.452  -87.682  14.861 0.1000000015
10369  -34.694  -88.508  14.938 0.1000000015
9541  -33.841  -88.871  14.394 0.1000000015
9540  -33.087  -88.927  14.440 0.1000000015
10380  -33.048  -88.241  14.318 0.1000000015
8699  -32.877  -89.782  21.547 0.1000000015
10252  -32.316  -87.749  22.321 0.2000000030
9450  -32.175  -88.404  21.979 0.2000000030
8698  -32.231  -90.008  20.772 0.1000000015
11119  -32.553  -86.813  22.300 0.1000000015
10277  -31.755  -87.872  20.738 0.1000000015
9465  -31.849  -88.983  21.243 0.1000000015
10278  -32.250  -87.065  20.907 0.1000000015
9475  -31.453  -88.862  20.130 0.1000000015
20606  -41.431  -75.870  18.979 0.1000000015
18883  -40.394  -77.692  18.953 0.1000000015
10296  -32.313  -87.220  19.910 0.1000000015
10312  -31.667  -88.453  18.751 0.1000000015
9495  -31.517  -88.993  18.096 0.1000000015
18059  -40.410  -78.654  19.029 0.1000000015
18058  -40.056  -78.784  19.709 0.1000000015
16372  -40.765  -81.011  20.095 0.1000000015
16371  -40.321  -81.116  20.518 0.1000000015
13798  -40.121  -83.609  20.200 0.1000000015
10313  -32.485  -87.887  18.256 0.1000000015
17200  -40.587  -80.299  19.841 0.1000000015
15541  -40.978  -81.794  19.679 0.1000000015
13799  -40.577  -83.131  20.138 0.1000000015
12098  -39.341  -85.113  19.169 0.1000000015
12953  -38.885  -84.992  19.603 0.1000000015
12951  -37.329  -85.472  19.306 0.1000000015
11192  -36.445  -86.520  18.128 0.1000000015
9507  -32.618  -88.972  16.354 0.1000000015
9516  -33.006  -89.143  15.646 0.1000000015
13829  -40.571  -83.497  19.648 0.1000000015
12114  -39.169  -85.267  18.632 0.1000000015
12113  -38.299  -85.687  18.226 0.1000000015
12112  -37.360  -86.036  18.420 0.1000000015
11213  -35.101  -87.274  17.407 0.1000000015
10352  -34.239  -88.598  15.715 0.1000000015
11194  -38.013  -85.870  17.628 0.1000000015
11215  -36.836  -86.690  16.880 0.1000000015
10333  -35.889  -87.337  16.440 0.1000000015
10353  -35.221  -87.926  15.736 0.1000000015
9532  -33.332  -89.254  14.874 0.1000000015
11102  -32.866  -87.106  22.981 0.1000000015
10231  -32.904  -87.883  22.902 0.2000000030
9452  -33.836  -88.949  22.665 0.1000000015
9453  -34.891  -89.059  22.629 0.2000000030
11120  -33.043  -86.232  22.813 0.1000000015
11130  -32.604  -86.529  21.529 0.1000000015
20623  -42.900  -74.714  18.097 0.1000000015
20621  -41.579  -75.814  18.182 0.1000000015
11147  -32.706  -86.552  20.682 0.1000000015
11167  -32.970  -86.559  20.007 0.1000000015
11189  -33.013  -86.929  19.289 0.1000000015
18882  -39.970  -77.801  19.557 0.1000000015
17214  -40.246  -79.585  19.970 0.1000000015
17199  -39.989  -80.141  20.504 0.1000000015
16361  -39.626  -80.862  20.878 0.1000000015
14670  -39.747  -82.096  20.842 0.1000000015
12935  -38.971  -84.379  20.142 0.1000000015
12933  -36.957  -84.984  19.835 0.1000000015
11170  -35.568  -86.328  18.725 0.1000000015
10314  -34.038  -87.499  17.629 0.1000000015
10330  -32.487  -88.600  17.051 0.1000000015
10332  -34.820  -87.711  16.790 0.1000000015
10351  -33.587  -88.850  15.786 0.1000000015
12882  -35.337  -84.283  24.501 0.1000000015
12021  -35.857  -85.116  24.566 0.1000000015
12881  -34.601  -84.401  24.096 0.1000000015
12036  -34.388  -85.477  23.845 0.1000000015
11089  -35.363  -85.856  24.257 0.1000000015
11104  -34.888  -86.619  23.853 0.2000000030
10234  -35.640  -87.547  23.632 0.2000000030
11103  -33.750  -86.545  23.413 0.2000000030
9434  -35.263  -88.375  23.214 0.2000000030
9454  -35.985  -89.032  22.628 0.2000000030
12046  -33.318  -85.546  22.305 0.1000000015
12896  -34.098  -84.590  23.245 0.1000000015
12906  -33.734  -84.956  22.728 0.1000000015
12055  -33.666  -85.452  21.291 0.1000000015
20607  -42.322  -75.331  18.782 0.1000000015
19700  -40.359  -76.378  19.862 0.1000000015
19699  -39.751  -76.757  20.271 0.1000000015
12054  -33.035  -85.917  21.709 0.1000000015
11148  -33.347  -86.072  20.526 0.1000000015
21552  -43.023  -74.078  17.119 0.1000000015
21553  -43.702  -73.747  17.710 0.1000000015
19713  -40.723  -76.684  19.096 0.1000000015
19712  -40.223  -77.059  19.548 0.1000000015
18046  -39.536  -78.899  20.418 0.1000000015
17183  -39.057  -79.938  21.148 0.1000000015
13776  -38.518  -82.957  21.056 0.1000000015
13774  -36.643  -83.801  21.037 0.1000000015
12932  -35.875  -84.897  20.287 0.1000000015
12931  -35.094  -84.823  20.688 0.1000000015
11168  -33.761  -86.305  19.645 0.1000000015
13797  -39.030  -83.506  20.608 0.1000000015
13795  -37.221  -84.406  20.394 0.1000000015
12072  -36.039  -85.395  19.635 0.1000000015
12093  -35.361  -85.850  19.353 0.1000000015
11190  -33.813  -86.950  18.652 0.1000000015
22434  -43.127  -73.076  16.846 0.1000000015
23264  -42.929  -72.120  17.159 0.1000000015
22433  -41.924  -73.160  17.083 0.1000000015
23253  -42.439  -71.845  17.472 0.1000000015
15484  -36.258  -81.432  24.924 0.1000000015
13711  -35.492  -83.487  24.570 0.1000000015
16310  -36.332  -80.326  24.592 0.1000000015
15498  -35.506  -81.763  23.909 0.1000000015
12883  -36.393  -84.079  24.869 0.1000000015
11105  -35.967  -86.743  24.029 0.2000000030
16326  -35.723  -81.184  23.848 0.1000000015
13725  -34.668  -83.559  23.574 0.1000000015
16327  -36.028  -80.612  23.627 0.1000000015
14628  -35.239  -82.635  23.507 0.1000000015
23254  -44.466  -71.680  17.995 0.1000000015
23255  -44.547  -72.456  17.820 0.1000000015
22424  -44.557  -73.072  18.349 0.1000000015
21538  -44.548  -73.534  18.998 0.1000000015
20608  -43.174  -74.821  19.115 0.1000000015
20590  -42.079  -75.246  19.735 0.1000000015
20589  -41.021  -75.575  20.045 0.1000000015
18013  -36.649  -79.269  23.404 0.1000000015
15513  -36.358  -81.327  22.631 0.1000000015
13749  -34.539  -83.783  22.745 0.1000000015
12907  -34.166  -84.419  22.390 0.1000000015
21537  -44.196  -73.695  18.334 0.1000000015
19698  -39.177  -77.147  20.683 0.1000000015
18858  -38.444  -77.845  21.471 0.1000000015
18031  -38.379  -78.866  21.537 0.1000000015
14666  -35.873  -83.206  21.729 0.1000000015
13773  -35.411  -83.880  21.585 0.1000000015
12919  -34.577  -84.591  21.469 0.1000000015
24115  -44.050  -70.677  17.756 0.1000000015
18872  -39.480  -77.877  20.157 0.1000000015
18045  -38.866  -78.565  20.993 0.1000000015
17182  -38.183  -79.782  21.632 0.1000000015
15526  -37.102  -81.816  21.755 0.1000000015
14667  -36.751  -82.700  21.580 0.1000000015
12920  -35.666  -84.403  20.936 0.1000000015
23265  -44.143  -72.012  17.161 0.1000000015
24951  -43.595  -69.613  17.743 0.1000000015
24114  -43.355  -70.875  17.380 0.1000000015
24113  -42.901  -70.487  17.508 0.1000000015
24102  -41.539  -71.199  18.329 0.1000000015
23251  -41.001  -72.137  18.529 0.1000000015
13712  -35.939  -83.129  24.857 0.1000000015
17123  -36.556  -79.403  24.528 0.1000000015
17100  -36.968  -79.449  25.212 0.1000000015
16286  -36.935  -80.753  25.324 0.1000000015
17999  -36.591  -78.958  24.057 0.1000000015
18811  -37.224  -77.676  24.495 0.1000000015
13696  -36.708  -83.107  25.173 0.1000000015
12022  -36.923  -85.365  24.659 0.1000000015
18829  -37.172  -77.906  23.441 0.1000000015
18000  -36.844  -78.623  23.556 0.1000000015
11106  -36.756  -86.779  24.149 0.2000000030
21520  -44.472  -74.068  19.389 0.1000000015
21500  -43.845  -74.548  20.047 0.1000000015
18842  -37.505  -78.085  22.659 0.1000000015
17161  -36.793  -79.723  22.794 0.1000000015
12023  -38.032  -85.697  24.581 0.1000000015
23244  -44.448  -72.548  18.517 0.1000000015
20588  -40.239  -75.901  20.430 0.1000000015
19684  -38.699  -76.873  21.397 0.1000000015
18030  -37.758  -79.119  22.033 0.1000000015
15514  -37.236  -81.092  21.936 0.1000000015
24950  -43.077  -69.811  17.574 0.1000000015
107083  -42.825  -69.048  17.745 0.1000000015
107079  -42.049  -69.202  18.284 0.1000000015
24939  -42.086  -70.293  18.118 0.1000000015
24091  -40.707  -71.274  18.973 0.1000000015
19644  -38.160  -76.529  24.831 0.1000000015
18783  -37.949  -77.344  25.220 0.1000000015
17960  -37.290  -78.408  25.196 0.1000000015
20529  -38.869  -75.484  24.329 0.1000000015
17985  -36.836  -78.691  24.726 0.1000000015
17101  -37.843  -79.161  25.552 0.1000000015
14589  -36.596  -82.171  25.218 0.1000000015
19659  -37.544  -76.838  23.742 0.1000000015
12869  -37.231  -83.849  25.150 0.1000000015
20560  -38.466  -75.963  22.421 0.1000000015
20546  -38.172  -75.920  23.654 0.1000000015
14590  -37.328  -82.367  25.406 0.1000000015
24105  -43.898  -70.783  18.434 0.1000000015
23243  -43.916  -72.035  18.879 0.1000000015
21521  -44.596  -73.584  19.653 0.1000000015
21499  -42.836  -74.764  20.413 0.1000000015
20576  -40.544  -75.351  20.892 0.1000000015
20575  -39.714  -75.635  21.223 0.1000000015
20561  -39.129  -75.439  22.026 0.1000000015
19660  -37.927  -76.574  22.962 0.1000000015
13697  -37.799  -83.268  25.346 0.1000000015
12884  -37.591  -84.722  24.910 0.1000000015
24941  -43.923  -69.306  18.312 0.1000000015
21498  -41.941  -74.920  20.489 0.1000000015
19685  -39.244  -76.463  21.010 0.1000000015
18843  -37.932  -77.931  22.119 0.1000000015
12885  -38.706  -85.069  24.815 0.1000000015
107089  -43.865  -67.642  18.472 0.1000000015
107085  -43.892  -66.962  17.996 0.1000000015
25748  -43.273  -68.886  17.666 0.1000000015
28258  -42.978  -67.835  17.752 0.1000000015
107081  -41.290  -67.609  18.852 0.1000000015
27411  -40.731  -68.266  19.255 0.1000000015
20530  -39.742  -75.337  24.692 0.1000000015
19622  -38.580  -76.555  25.123 0.1000000015
18784  -38.973  -77.444  25.561 0.1000000015
21434  -40.113  -74.743  24.278 0.1000000015
17961  -38.352  -78.341  25.567 0.1000000015
21452  -39.298  -74.878  23.567 0.1000000015
21453  -40.548  -74.318  23.426 0.1000000015
17102  -38.861  -79.391  25.675 0.1000000015
15461  -37.732  -81.525  25.525 0.1000000015
21466  -39.775  -74.772  22.351 0.1000000015
16287  -38.060  -80.332  25.627 0.1000000015
25734  -43.364  -68.641  19.290 0.1000000015
21483  -41.332  -74.769  21.175 0.1000000015
21482  -40.423  -74.869  21.540 0.1000000015
21467  -41.016  -74.329  22.297 0.1000000015
12870  -38.272  -84.182  25.174 0.1000000015
107086  -43.663  -67.896  19.007 0.1000000015
24930  -43.260  -69.978  19.271 0.1000000015
24929  -42.908  -70.835  19.448 0.1000000015
22398  -44.455  -73.171  19.794 0.1000000015
22397  -44.291  -73.287  20.483 0.1000000015
21484  -42.478  -74.540  21.202 0.1000000015
14591  -38.419  -82.528  25.501 0.1000000015
107082  -43.442  -67.597  19.228 0.1000000015
107090  -43.424  -66.714  18.179 0.1000000015
28235  -43.682  -66.930  18.739 0.1000000015
29076  -42.230  -65.959  19.056 0.1000000015
28247  -42.122  -66.958  18.542 0.1000000015
27420  -40.696  -67.287  19.246 0.1000000015
28246  -41.528  -66.328  18.818 0.1000000015
22370  -42.686  -73.831  22.581 0.1000000015
22354  -42.241  -73.836  23.434 0.1000000015
21454  -41.474  -74.092  23.748 0.1000000015
19623  -39.621  -76.641  25.427 0.1000000015
22372  -43.855  -73.274  22.080 0.1000000015
22385  -44.181  -73.539  21.139 0.1000000015
21469  -42.943  -74.166  21.870 0.1000000015
22369  -41.866  -73.997  22.675 0.1000000015
17962  -39.492  -78.471  25.670 0.1000000015
107074  -42.872  -68.331  19.711 0.1000000015
107075  -42.859  -68.766  19.723 0.1000000015
23242  -43.178  -72.073  19.533 0.1000000015
21486  -44.239  -74.099  20.942 0.1000000015
21485  -43.548  -74.297  21.231 0.1000000015
17103  -40.090  -79.557  25.638 0.1000000015
27413  -42.791  -67.623  19.745 0.1000000015
15462  -38.963  -81.589  25.635 0.1000000015
13698  -38.934  -83.552  25.364 0.1000000015
28234  -42.728  -66.856  19.289 0.1000000015
29075  -41.644  -65.532  18.824 0.1000000015
29919  -41.672  -64.598  18.887 0.1000000015
28245  -40.337  -66.383  19.329 0.1000000015
21435  -41.271  -74.526  24.369 0.1000000015
20531  -40.694  -75.198  24.830 0.1000000015
20532  -41.671  -75.145  24.886 0.1000000015
19624  -40.742  -76.702  25.450 0.1000000015
25718  -42.264  -69.386  20.112 0.1000000015
24082  -42.020  -71.424  20.263 0.1000000015
23227  -42.516  -72.286  20.497 0.1000000015
23213  -43.594  -72.868  21.440 0.1000000015
28233  -41.902  -66.551  20.324 0.1000000015
27412  -42.187  -67.424  20.229 0.1000000015
107076  -42.371  -68.183  20.129 0.1000000015
24918  -42.457  -70.634  19.822 0.1000000015
23228  -43.812  -72.714  19.955 0.1000000015
29063  -42.368  -65.698  19.812 0.1000000015
30781  -42.352  -63.942  19.892 0.1000000015
29920  -42.217  -64.857  19.372 0.1000000015
31674  -42.319  -63.501  19.662 0.1000000015
30796  -42.276  -63.934  19.277 0.1000000015
31686  -42.051  -63.336  19.477 0.1000000015
30795  -41.540  -63.694  19.073 0.1000000015
23198  -43.673  -72.899  22.903 0.1000000015
22355  -43.310  -73.500  23.369 0.1000000015
22336  -42.092  -74.172  24.123 0.1000000015
22338  -44.071  -73.560  24.216 0.1000000015
29906  -41.997  -64.803  20.131 0.1000000015
31673  -41.834  -62.989  20.075 0.1000000015
31685  -41.336  -62.815  19.486 0.1000000015
31684  -40.394  -62.523  19.058 0.1000000015
22337  -42.999  -73.895  24.171 0.1000000015
23212  -42.363  -72.490  21.615 0.1000000015
27404  -41.152  -67.449  20.779 0.1000000015
26548  -41.561  -68.333  20.599 0.1000000015
24917  -41.847  -70.651  20.305 0.1000000015
24916  -41.447  -70.467  20.609 0.1000000015
23211  -41.396  -72.065  21.316 0.1000000015
29905  -41.136  -64.907  20.560 0.1000000015
32573  -40.840  -62.045  19.567 0.1000000015
32572  -40.318  -61.510  19.149 0.1000000015
23197  -42.752  -72.589  22.567 0.1000000015
24070  -40.955  -71.574  21.278 0.1000000015
23210  -40.809  -71.708  21.533 0.1000000015
23196  -41.576  -72.349  22.346 0.1000000015
28223  -40.811  -66.636  20.894 0.1000000015
25717  -40.908  -69.264  20.999 0.1000000015
24080  -40.992  -70.786  20.916 0.1000000015
29062  -41.239  -65.701  20.563 0.1000000015
32561  -41.146  -62.221  20.045 0.1000000015
33532  -40.018  -60.566  19.090 0.1000000015
24068  -39.947  -70.613  21.797 0.1000000015
26547  -40.538  -68.354  21.251 0.1000000015
25709  -39.978  -69.240  21.642 0.1000000015
29904  -40.510  -64.843  20.881 0.1000000015
32549  -41.105  -62.485  20.308 0.1000000015
32560  -40.556  -61.476  20.007 0.1000000015
34374  -39.678  -60.128  19.599 0.1000000015
29047  -40.185  -65.684  21.165 0.1000000015
30780  -41.076  -63.968  20.569 0.1000000015
31660  -40.878  -62.860  20.626 0.1000000015
32548  -40.330  -61.926  20.671 0.1000000015
33521  -39.958  -60.636  19.905 0.1000000015
34373  -39.131  -59.768  20.145 0.1000000015
33520  -39.410  -60.459  20.591 0.1000000015
30764  -40.430  -63.352  20.913 0.1000000015
33510  -39.950  -61.065  20.485 0.1000000015
7216  -29.749  -91.539  18.494 0.1000000015
7968  -29.198  -90.608  17.967 0.1000000015
7981  -29.949  -91.107  16.703 0.1000000015
7993  -30.578  -90.574  16.333 0.1000000015
8748  -29.919  -89.627  15.666 0.1000000015
10329  -29.812  -88.276  16.830 0.1000000015
8764  -31.085  -90.041  15.645 0.1000000015
8718  -31.479  -89.755  19.592 0.1000000015
7969  -31.332  -90.890  18.183 0.1000000015
9485  -31.384  -88.987  19.131 0.1000000015
8749  -31.438  -90.010  16.320 0.1000000015
9496  -31.972  -88.749  17.408 0.1000000015
9506  -32.092  -89.138  16.690 0.1000000015
10371  -36.070  -86.941  15.134 0.1000000015
9466  -32.451  -89.033  21.913 0.1000000015
10262  -31.922  -88.028  21.698 0.1000000015
9432  -33.423  -88.304  22.960 0.2000000030
10295  -31.684  -88.141  19.491 0.1000000015
12936  -39.592  -84.062  20.166 0.1000000015
12955  -40.335  -84.017  19.511 0.1000000015
12952  -37.982  -85.259  19.458 0.1000000015
11193  -37.506  -86.207  17.740 0.1000000015
12934  -38.023  -84.684  19.987 0.1000000015
12094  -36.292  -85.928  18.963 0.1000000015
11214  -35.713  -87.085  17.287 0.1000000015
10331  -33.404  -88.410  16.630 0.1000000015
11191  -35.018  -86.897  18.039 0.1000000015
10232  -33.543  -87.610  23.240 0.2000000030
9433  -34.215  -88.347  23.140 0.2000000030
12035  -33.631  -85.438  23.129 0.1000000015
15528  -39.309  -81.558  21.082 0.1000000015
12921  -36.471  -84.502  20.511 0.1000000015
11169  -34.684  -86.371  19.038 0.1000000015
12056  -34.474  -85.147  20.773 0.1000000015
22435  -44.006  -73.154  17.454 0.1000000015
16360  -38.740  -80.686  21.358 0.1000000015
15527  -38.205  -81.516  21.491 0.1000000015
14668  -37.942  -82.470  21.351 0.1000000015
12092  -34.579  -85.875  19.689 0.1000000015
21551  -42.053  -74.017  16.545 0.1000000015
14610  -36.040  -82.370  24.895 0.1000000015
14609  -35.437  -82.663  24.374 0.1000000015
15512  -35.704  -81.899  23.207 0.1000000015
10220  -37.220  -87.009  24.071 0.2000000030
13750  -35.185  -83.407  22.272 0.1000000015
18014  -37.178  -78.833  22.751 0.1000000015
14649  -36.429  -82.048  22.058 0.1000000015
14648  -35.739  -82.498  22.459 0.1000000015
13772  -34.705  -83.962  22.075 0.1000000015
16359  -37.768  -80.510  21.766 0.1000000015
17181  -37.405  -79.700  22.179 0.1000000015
27421  -41.617  -68.167  18.624 0.1000000015
24938  -41.262  -70.273  18.743 0.1000000015
21451  -38.668  -75.391  23.223 0.1000000015
107088  -43.627  -67.084  17.805 0.1000000015
107080  -41.065  -68.538  19.031 0.1000000015
21468  -42.065  -74.258  21.964 0.1000000015
29918  -40.392  -64.458  19.154 0.1000000015
23226  -41.708  -71.891  20.661 0.1000000015
16246  -32.524  -80.502  29.980 0.5000000000
10166  -34.901  -87.539  29.329 0.5000000000
11042  -35.467  -86.776  29.752 0.5000000000
17058  -32.544  -79.493  29.884 0.5000000000
16249  -32.516  -80.450  29.054 0.5000000000
15411  -32.523  -81.505  29.175 0.5000000000
17893  -33.389  -77.901  29.309 0.5000000000
17892  -32.899  -78.320  29.630 0.5000000000
17063  -32.836  -79.465  28.987 0.5000000000
11040  -33.921  -86.264  29.058 0.5000000000
17904  -33.205  -78.892  28.924 0.5000000000
17905  -33.720  -78.354  28.763 0.5000000000
17064  -33.527  -79.455  28.391 0.5000000000
17073  -34.179  -79.752  27.881 0.4000000060
10181  -32.871  -87.497  27.295 0.5000000000
10191  -33.009  -87.695  26.187 0.5000000000
11062  -33.546  -86.675  26.263 0.5000000000
11063  -34.471  -86.399  26.113 0.5000000000
11999  -36.980  -85.867  26.670 0.5000000000
11998  -35.898  -85.564  26.542 0.5000000000
11982  -38.303  -85.260  27.160 0.4000000060
12844  -39.599  -84.461  27.341 0.4000000060
11036  -40.370  -87.410  30.687 0.1000000015
10157  -36.297  -87.238  29.963 0.5000000000
17042  -32.636  -79.620  30.812 0.5000000000
15401  -32.764  -81.460  30.073 0.5000000000
14546  -33.116  -82.949  29.628 0.4000000060
11041  -34.601  -86.393  29.425 0.5000000000
18740  -33.378  -77.260  29.739 0.5000000000
18739  -32.940  -77.676  29.981 0.5000000000
19575  -33.937  -76.405  29.821 0.5000000000
20414  -34.306  -74.991  30.958 0.5000000000
20459  -34.840  -75.691  29.788 0.5000000000
18741  -34.017  -76.839  29.420 0.5000000000
20437  -36.040  -74.876  30.632 0.4000000060
18753  -34.345  -77.305  28.934 0.5000000000
18754  -35.482  -77.427  28.490 0.4000000060
17065  -34.264  -79.086  28.162 0.4000000060
19577  -35.451  -76.077  29.291 0.3000000119
15415  -33.312  -80.881  27.921 0.6999999881
15418  -33.360  -82.008  27.651 0.5000000000
20460  -35.741  -75.378  29.907 0.3000000119
19578  -36.598  -75.888  29.481 0.3000000119
19591  -36.039  -76.635  28.806 0.3000000119
17906  -34.945  -78.446  28.176 0.4000000060
16255  -33.696  -80.371  27.877 0.5000000000
15419  -33.870  -81.439  27.531 0.6000000238
13666  -32.900  -83.491  27.781 0.6000000238
12829  -33.279  -84.844  28.928 0.6000000238
11046  -33.551  -86.573  28.581 0.5000000000
10182  -33.245  -87.875  27.946 0.3000000119
17926  -35.648  -78.964  27.873 0.4000000060
15420  -35.141  -81.489  27.365 0.5000000000
14558  -33.798  -82.576  27.351 0.6000000238
13685  -33.855  -84.298  26.827 0.6000000238
11994  -32.922  -85.931  27.273 0.5000000000
11061  -32.896  -86.582  26.871 0.5000000000
18755  -36.565  -77.401  28.400 0.4000000060
17908  -37.084  -78.231  28.096 0.4000000060
16257  -35.629  -80.563  27.489 0.5000000000
13686  -34.304  -84.109  26.816 0.5000000000
12857  -34.209  -84.804  26.653 0.5000000000
11996  -33.883  -85.572  26.486 0.5000000000
19593  -38.248  -76.845  28.990 0.4000000060
18757  -38.648  -77.631  28.537 0.4000000060
17928  -37.613  -79.084  27.866 0.5000000000
15421  -36.275  -81.582  27.492 0.5000000000
14561  -36.983  -82.581  27.565 0.4000000060
12840  -35.559  -84.266  26.932 0.5000000000
12859  -35.894  -84.801  26.793 0.5000000000
17909  -38.109  -78.307  28.106 0.4000000060
17077  -38.182  -80.001  27.728 0.5000000000
15422  -37.344  -81.696  27.638 0.5000000000
12842  -37.488  -84.405  27.377 0.4000000060
11980  -36.504  -85.153  26.821 0.5000000000
17078  -39.264  -80.102  27.622 0.5000000000
15423  -38.395  -81.818  27.609 0.4000000060
13672  -38.809  -83.598  27.557 0.4000000060
12843  -38.553  -84.437  27.415 0.4000000060
16261  -40.057  -81.202  27.451 0.3000000119
15425  -40.324  -82.203  27.430 0.3000000119
15426  -41.083  -82.023  27.331 0.3000000119
14566  -41.827  -82.813  27.151 0.3000000119
11951  -40.819  -85.857  31.098 0.1000000015
11037  -40.834  -87.735  30.870 0.1000000015
11028  -40.189  -86.527  30.821 0.1000000015
11960  -38.224  -85.693  30.829 0.4000000060
11034  -37.723  -86.605  30.499 0.4000000060
11033  -36.616  -86.541  30.253 0.5000000000
11959  -36.936  -85.694  30.565 0.4000000060
11032  -35.985  -86.572  30.054 0.5000000000
16214  -33.044  -80.249  31.207 0.5000000000
16234  -33.220  -81.057  30.749 0.5000000000
14538  -33.027  -82.303  29.946 0.4000000060
11958  -35.692  -85.765  30.152 0.5000000000
11966  -35.113  -86.078  29.779 0.5000000000
18717  -33.104  -76.949  30.436 0.5000000000
18716  -32.811  -77.492  30.625 0.5000000000
17872  -32.593  -78.582  30.791 0.5000000000
20413  -33.621  -75.383  31.364 0.5000000000
19555  -33.429  -76.342  30.526 0.5000000000
12824  -33.896  -84.691  29.556 0.6000000238
21356  -35.534  -74.621  31.075 0.4000000060
21357  -36.294  -74.624  31.305 0.2000000030
20416  -37.872  -74.813  32.048 0.2000000030
20438  -37.081  -74.933  31.137 0.3000000119
20462  -37.424  -75.567  30.296 0.3000000119
19579  -37.786  -76.188  29.606 0.4000000060
20440  -38.937  -76.076  31.219 0.3000000119
20417  -38.752  -75.530  31.940 0.3000000119
20418  -39.629  -76.213  31.807 0.4000000060
19580  -38.881  -76.541  29.955 0.4000000060
19536  -39.844  -76.485  31.587 0.3000000119
18758  -39.576  -77.817  28.670 0.4000000060
17910  -39.105  -78.408  28.145 0.4000000060
19557  -39.593  -76.556  31.060 0.3000000119
19582  -40.513  -77.411  30.318 0.3000000119
18760  -41.287  -78.178  29.261 0.3000000119
17930  -39.672  -79.221  27.799 0.4000000060
17894  -42.184  -78.461  29.662 0.3000000119
17932  -41.758  -79.197  28.023 0.3000000119
16262  -41.221  -81.031  27.323 0.3000000119
17895  -43.243  -78.827  30.119 0.2000000030
17914  -42.855  -78.986  29.121 0.2000000030
17081  -42.675  -79.936  27.795 0.3000000119
16263  -42.312  -80.912  27.357 0.3000000119
17044  -45.010  -79.528  31.101 0.1000000015
17068  -44.416  -79.776  29.048 0.2000000030
20420  -44.728  -76.195  31.424 0.1000000015
12807  -40.093  -84.783  31.310 0.1000000015
11950  -39.360  -85.736  30.981 0.1000000015
11949  -38.585  -85.211  31.079 0.2000000030
12818  -37.298  -84.832  30.958 0.5000000000
17027  -33.032  -79.860  31.409 0.5000000000
15377  -33.889  -81.212  31.052 0.4000000060
15378  -34.835  -81.585  31.173 0.4000000060
14540  -34.578  -82.699  30.682 0.4000000060
13648  -34.894  -83.718  30.487 0.5000000000
12817  -36.245  -84.778  30.633 0.5000000000
18698  -32.759  -77.739  31.785 0.5000000000
17857  -33.010  -78.840  31.965 0.4000000060
12816  -35.179  -84.745  30.244 0.4000000060
21318  -34.177  -74.610  32.273 0.4000000060
20412  -33.070  -75.865  31.909 0.4000000060
19535  -33.149  -76.193  31.273 0.5000000000
21319  -35.290  -74.341  32.513 0.4000000060
21334  -34.185  -74.823  31.465 0.5000000000
21336  -35.873  -74.398  31.820 0.4000000060
21320  -36.304  -74.452  32.744 0.3000000119
21338  -37.510  -74.598  32.475 0.3000000119
21300  -38.515  -74.736  33.377 0.2000000030
20399  -38.549  -75.005  32.772 0.2000000030
21283  -38.772  -74.410  33.897 0.1000000015
20381  -39.081  -75.099  33.137 0.3000000119
22204  -40.661  -74.304  33.666 0.1000000015
20382  -39.963  -75.455  33.119 0.3000000119
20401  -40.425  -76.168  32.426 0.3000000119
21302  -40.413  -75.001  33.567 0.2000000030
21303  -41.531  -75.064  33.608 0.2000000030
20383  -41.203  -75.913  33.012 0.2000000030
19538  -41.163  -77.132  31.567 0.2000000030
18719  -41.581  -77.722  31.121 0.2000000030
20385  -43.662  -75.955  33.545 0.2000000030
18689  -43.519  -77.732  32.585 0.2000000030
18720  -42.400  -78.152  31.183 0.2000000030
19508  -43.304  -76.955  33.158 0.2000000030
18674  -44.195  -77.455  33.120 0.1000000015
17874  -44.222  -79.268  31.014 0.2000000030
19510  -45.750  -76.812  33.496 0.1000000015
18691  -45.829  -77.957  32.895 0.1000000015
17862  -45.810  -78.875  31.876 0.1000000015
17045  -45.745  -79.362  30.971 0.1000000015
19525  -46.465  -76.796  33.009 0.1000000015
19541  -46.188  -76.463  32.419 0.1000000015
18703  -45.982  -77.809  31.890 0.1000000015
20421  -45.588  -75.799  31.985 0.1000000015
19540  -45.297  -76.964  31.385 0.1000000015
21360  -43.803  -74.802  31.121 0.1000000015
22250  -43.881  -73.594  30.734 0.1000000015
12806  -38.802  -84.541  31.272 0.3000000119
12805  -37.778  -84.122  31.244 0.3000000119
15366  -37.686  -81.136  31.948 0.3000000119
14517  -37.936  -82.555  31.480 0.3000000119
13628  -37.530  -83.287  31.331 0.3000000119
13650  -36.772  -83.800  31.081 0.3000000119
16218  -36.354  -81.244  31.609 0.3000000119
14516  -36.904  -82.635  31.284 0.3000000119
13649  -35.761  -83.857  30.730 0.5000000000
17029  -34.417  -79.836  32.303 0.4000000060
16216  -34.556  -80.475  31.782 0.5000000000
15379  -35.815  -81.655  31.307 0.4000000060
14514  -35.340  -82.237  31.018 0.4000000060
20379  -33.201  -75.342  33.616 0.4000000060
19520  -32.811  -76.933  32.770 0.4000000060
21278  -34.519  -74.236  34.496 0.4000000060
21295  -33.839  -74.652  33.463 0.4000000060
20397  -33.348  -75.231  32.540 0.4000000060
20396  -32.874  -75.999  32.721 0.5000000000
21296  -34.806  -74.302  33.402 0.4000000060
21279  -35.447  -74.116  34.243 0.4000000060
21280  -36.391  -74.119  34.242 0.3000000119
21297  -35.823  -74.384  33.494 0.3000000119
21281  -37.325  -74.172  34.184 0.3000000119
21298  -36.774  -74.428  33.567 0.3000000119
21282  -38.147  -74.330  34.047 0.2000000030
23024  -39.556  -73.659  33.779 0.1000000015
22189  -39.205  -74.187  34.006 0.1000000015
22205  -41.825  -74.255  33.590 0.1000000015
23026  -42.138  -73.451  33.220 0.1000000015
21304  -42.739  -75.046  33.655 0.2000000030
22206  -43.054  -74.190  33.583 0.2000000030
21305  -43.981  -75.022  33.691 0.2000000030
21306  -45.159  -74.946  33.688 0.1000000015
20387  -45.927  -75.738  33.668 0.1000000015
21308  -46.803  -74.669  33.232 0.1000000015
19526  -46.635  -75.888  33.189 0.1000000015
21341  -46.790  -74.352  32.248 0.1000000015
21340  -46.032  -74.682  32.008 0.1000000015
22229  -44.627  -74.110  31.263 0.1000000015
23087  -44.829  -72.626  30.359 0.1000000015
23106  -43.087  -71.723  29.780 0.1000000015
23974  -42.748  -71.166  29.495 0.1000000015
24832  -41.416  -69.893  28.800 0.1000000015
25631  -40.817  -69.306  28.595 0.1000000015
15382  -38.429  -81.777  31.759 0.3000000119
15383  -39.619  -81.941  31.972 0.2000000030
16206  -37.730  -80.651  32.547 0.3000000119
17018  -36.236  -80.200  32.624 0.4000000060
17009  -36.320  -79.893  33.388 0.3000000119
19494  -32.993  -76.689  34.505 0.3000000119
20378  -32.883  -76.210  33.834 0.3000000119
19505  -32.962  -77.106  33.704 0.4000000060
17845  -34.159  -79.002  33.066 0.4000000060
17008  -35.381  -79.544  33.505 0.3000000119
21277  -33.626  -74.801  34.544 0.3000000119
20368  -33.157  -75.504  34.647 0.3000000119
17832  -33.893  -78.425  33.878 0.4000000060
17007  -34.829  -79.213  33.619 0.4000000060
16991  -35.222  -79.268  34.178 0.3000000119
22184  -35.253  -73.745  34.887 0.3000000119
22167  -36.311  -72.880  34.976 0.3000000119
22185  -35.984  -73.551  34.747 0.3000000119
22186  -36.962  -73.359  34.599 0.3000000119
22187  -37.939  -73.671  34.300 0.3000000119
23009  -38.597  -73.445  34.079 0.2000000030
23040  -39.741  -72.829  33.001 0.1000000015
23063  -40.064  -72.286  32.142 0.1000000015
23025  -40.847  -73.546  33.355 0.1000000015
23923  -41.100  -71.951  31.981 0.1000000015
23041  -41.139  -72.649  32.572 0.1000000015
23924  -41.916  -71.935  32.202 0.1000000015
23043  -43.739  -72.570  32.869 0.2000000030
23028  -44.550  -73.260  33.299 0.2000000030
22208  -45.411  -74.011  33.494 0.1000000015
23045  -45.828  -72.632  32.622 0.1000000015
22209  -46.467  -73.864  33.176 0.1000000015
21325  -47.001  -74.466  32.876 0.1000000015
23047  -46.913  -72.775  31.866 0.1000000015
22220  -46.871  -73.705  32.506 0.1000000015
22231  -46.570  -73.744  31.686 0.1000000015
22232  -46.995  -73.453  31.903 0.1000000015
22252  -46.287  -73.184  31.080 0.1000000015
23086  -43.415  -72.422  30.147 0.1000000015
24819  -43.494  -70.148  29.087 0.1000000015
24818  -42.150  -70.409  29.111 0.1000000015
24834  -42.719  -69.864  28.934 0.1000000015
24833  -42.229  -69.702  28.820 0.1000000015
26465  -41.260  -68.389  28.497 0.1000000015
27328  -40.564  -67.583  28.462 0.1000000015
15368  -40.284  -81.549  32.831 0.2000000030
14499  -40.840  -82.348  32.224 0.2000000030
15356  -39.627  -80.902  33.732 0.2000000030
16207  -38.358  -80.625  32.984 0.3000000119
16187  -38.470  -80.364  34.533 0.2000000030
16195  -37.779  -80.349  33.228 0.3000000119
18654  -33.168  -77.252  34.444 0.3000000119
18655  -33.542  -77.863  34.419 0.3000000119
21263  -33.435  -75.053  35.576 0.3000000119
20354  -33.072  -76.090  35.440 0.3000000119
17801  -33.830  -77.970  35.316 0.3000000119
17815  -34.001  -78.298  34.664 0.3000000119
16970  -34.910  -78.950  34.711 0.3000000119
22165  -34.821  -73.706  35.450 0.3000000119
22149  -34.499  -73.864  36.282 0.3000000119
17789  -34.181  -78.120  36.144 0.3000000119
17802  -34.473  -78.534  35.290 0.3000000119
16971  -35.520  -79.305  34.938 0.2000000030
16992  -35.934  -79.613  34.261 0.2000000030
22993  -36.240  -72.193  35.343 0.2000000030
22166  -35.606  -73.013  35.391 0.2000000030
23008  -37.729  -72.577  34.265 0.3000000119
23023  -38.598  -72.682  33.653 0.2000000030
23039  -38.803  -72.319  32.894 0.2000000030
23062  -39.220  -72.236  32.344 0.1000000015
23944  -39.309  -71.718  31.679 0.1000000015
24783  -40.601  -70.491  31.191 0.1000000015
25605  -39.956  -69.278  30.801 0.1000000015
27302  -40.405  -67.531  30.445 0.1000000015
25586  -41.318  -69.907  31.084 0.1000000015
25606  -40.910  -69.185  30.844 0.1000000015
27303  -41.539  -67.483  30.393 0.1000000015
28109  -41.328  -66.728  30.167 0.1000000015
29766  -40.830  -64.551  29.562 0.1000000015
24784  -41.703  -70.577  31.365 0.1000000015
25607  -42.145  -69.434  30.932 0.1000000015
28117  -41.790  -66.256  29.843 0.1000000015
28936  -41.883  -65.340  29.548 0.1000000015
23925  -43.005  -71.866  32.376 0.1000000015
23948  -43.424  -71.254  31.782 0.1000000015
23926  -44.135  -71.880  32.370 0.2000000030
23044  -44.853  -72.558  32.813 0.1000000015
23927  -45.256  -71.940  32.279 0.1000000015
23046  -46.583  -72.880  32.369 0.1000000015
23929  -46.735  -72.374  31.902 0.1000000015
23065  -46.855  -72.467  31.292 0.1000000015
23964  -45.728  -71.924  30.004 0.1000000015
23976  -45.352  -71.197  29.569 0.1000000015
24820  -44.898  -70.370  29.149 0.1000000015
23975  -43.941  -71.266  29.621 0.1000000015
25633  -43.083  -69.184  28.672 0.1000000015
26466  -42.456  -68.250  28.464 0.1000000015
16947  -37.834  -79.352  37.156 0.2000000030
16168  -37.808  -80.120  34.931 0.2000000030
17010  -37.177  -80.077  33.541 0.3000000119
17781  -37.444  -78.747  37.659 0.2000000030
16957  -38.285  -79.757  36.598 0.2000000030
16973  -37.181  -79.779  35.475 0.2000000030
16993  -36.939  -79.863  34.386 0.3000000119
20322  -33.619  -75.572  36.832 0.3000000119
19444  -33.527  -76.004  36.980 0.3000000119
18627  -33.862  -77.550  36.698 0.3000000119
22146  -34.485  -74.136  36.928 0.3000000119
20323  -34.023  -75.401  37.275 0.3000000119
18617  -34.258  -77.230  37.464 0.3000000119
17778  -34.516  -78.082  37.093 0.3000000119
17790  -35.000  -78.727  36.328 0.3000000119
23862  -35.838  -71.742  36.740 0.2000000030
22147  -35.010  -73.429  37.145 0.3000000119
16954  -35.729  -79.231  35.821 0.2000000030
16972  -36.299  -79.588  35.180 0.2000000030
22992  -35.747  -72.113  36.039 0.2000000030
23893  -36.630  -71.752  35.142 0.2000000030
23007  -36.800  -72.324  34.816 0.3000000119
23022  -38.045  -72.269  33.871 0.2000000030
23908  -37.683  -71.588  33.804 0.3000000119
23922  -38.191  -71.980  33.199 0.2000000030
23943  -38.269  -71.701  32.174 0.2000000030
24803  -38.784  -70.207  30.923 0.1000000015
24806  -43.257  -69.930  30.987 0.1000000015
26444  -42.456  -68.400  30.560 0.1000000015
27304  -42.744  -67.581  30.298 0.1000000015
27310  -42.895  -66.852  30.025 0.1000000015
24786  -43.870  -70.575  31.344 0.1000000015
25608  -43.403  -69.182  30.690 0.1000000015
27305  -43.866  -67.443  30.193 0.1000000015
24807  -44.275  -69.903  30.881 0.1000000015
24808  -45.443  -69.897  30.772 0.1000000015
25609  -44.642  -69.060  30.563 0.1000000015
26446  -45.079  -68.031  30.215 0.1000000015
23949  -44.580  -71.297  31.766 0.1000000015
24787  -45.048  -70.614  31.278 0.1000000015
25610  -45.835  -69.083  30.401 0.1000000015
24809  -46.421  -69.985  30.536 0.1000000015
23950  -45.745  -71.391  31.662 0.1000000015
23928  -46.257  -72.119  32.086 0.1000000015
24789  -46.894  -70.748  30.772 0.1000000015
24810  -46.921  -70.194  30.210 0.1000000015
23951  -46.768  -71.723  31.393 0.1000000015
23966  -47.005  -71.308  30.443 0.1000000015
23978  -47.086  -70.839  29.828 0.1000000015
25617  -43.881  -69.429  28.749 0.1000000015
18603  -39.799  -77.813  38.568 0.3000000119
17765  -38.032  -78.272  38.260 0.3000000119
16946  -36.931  -79.260  37.025 0.2000000030
16955  -36.586  -79.464  36.135 0.2000000030
17764  -37.062  -78.084  38.194 0.3000000119
17780  -36.473  -78.617  37.554 0.3000000119
16945  -35.968  -79.105  36.796 0.3000000119
21226  -34.744  -74.641  37.649 0.3000000119
19430  -35.554  -76.056  38.515 0.3000000119
18599  -35.746  -77.027  38.442 0.3000000119
17779  -35.457  -78.442  37.375 0.3000000119
23857  -35.813  -72.060  37.171 0.2000000030
21227  -35.066  -74.322  37.783 0.3000000119
21228  -36.021  -74.329  38.419 0.3000000119
23863  -36.285  -71.146  36.647 0.2000000030
23877  -36.494  -71.251  35.725 0.2000000030
23894  -37.027  -71.310  34.749 0.2000000030
23921  -37.615  -71.344  32.816 0.2000000030
26448  -46.607  -68.805  29.800 0.1000000015
24823  -47.067  -70.422  29.917 0.1000000015
24822  -46.775  -70.316  29.580 0.1000000015
23977  -46.554  -71.193  29.714 0.1000000015
19435  -40.746  -77.076  38.911 0.1000000015
18602  -38.747  -77.655  38.640 0.3000000119
19433  -38.439  -76.816  39.028 0.3000000119
19410  -37.206  -75.772  38.967 0.3000000119
22137  -36.577  -73.474  38.433 0.3000000119
21229  -37.153  -74.370  38.743 0.3000000119
20308  -36.488  -75.295  38.715 0.3000000119
23848  -36.729  -71.990  38.069 0.2000000030
24728  -36.711  -70.725  37.126 0.2000000030
24735  -36.851  -70.486  36.443 0.1000000015
23878  -36.949  -70.690  35.310 0.2000000030
24736  -37.501  -69.809  36.223 0.1000000015
24756  -37.146  -70.540  34.230 0.2000000030
24763  -36.940  -70.616  33.232 0.3000000119
19412  -39.206  -76.067  39.312 0.3000000119
19411  -38.102  -75.934  39.205 0.3000000119
22138  -37.528  -73.306  38.674 0.3000000119
20309  -37.113  -75.018  38.833 0.3000000119
22967  -38.009  -72.339  38.636 0.2000000030
23849  -37.371  -71.573  38.177 0.2000000030
24719  -38.105  -70.629  37.846 0.1000000015
24746  -37.295  -69.990  35.262 0.1000000015
25565  -36.903  -70.113  33.880 0.1000000015
20293  -40.037  -75.200  39.367 0.3000000119
21214  -40.889  -74.354  39.151 0.2000000030
20292  -38.828  -75.157  39.262 0.3000000119
21213  -39.628  -74.199  39.152 0.3000000119
22968  -39.220  -72.214  38.733 0.2000000030
22139  -38.554  -73.144  38.833 0.3000000119
21211  -37.834  -74.468  38.901 0.3000000119
23851  -39.907  -71.231  38.397 0.2000000030
24731  -39.961  -69.619  37.705 0.1000000015
24720  -39.324  -70.452  37.994 0.1000000015
24732  -40.430  -69.323  37.799 0.1000000015
24730  -38.723  -69.792  37.439 0.1000000015
25530  -38.229  -69.441  36.799 0.1000000015
25531  -39.065  -69.090  37.071 0.1000000015
25538  -38.153  -69.104  36.219 0.1000000015
25546  -37.536  -69.195  35.455 0.1000000015
22132  -41.583  -73.612  38.882 0.2000000030
22131  -40.462  -73.675  39.019 0.2000000030
22130  -39.926  -73.707  39.058 0.2000000030
22969  -40.507  -72.086  38.691 0.2000000030
22140  -39.766  -73.222  38.930 0.2000000030
23852  -41.128  -71.087  38.372 0.1000000015
24722  -41.178  -70.006  38.088 0.1000000015
25532  -39.968  -69.070  37.495 0.1000000015
25539  -38.702  -68.840  36.753 0.1000000015
26389  -37.785  -68.608  35.865 0.1000000015
26400  -37.320  -68.850  35.276 0.1000000015
26355  -39.937  -68.669  37.970 0.1000000015
26368  -39.293  -68.708  37.447 0.1000000015
26376  -38.423  -68.427  36.706 0.1000000015
25522  -39.814  -68.795  38.480 0.1000000015
26354  -39.119  -68.497  38.246 0.1000000015
26367  -38.392  -68.117  37.582 0.1000000015
14549  -32.681  -82.514  28.407 0.4000000060
16250  -33.068  -80.335  28.365 0.5000000000
14545  -32.748  -82.544  29.271 0.4000000060
15414  -32.901  -81.452  28.150 0.6000000238
13654  -33.446  -83.633  29.634 0.5000000000
14539  -33.609  -82.728  30.209 0.4000000060
10165  -34.126  -87.070  28.955 0.5000000000
13647  -34.101  -83.646  30.148 0.4000000060
13657  -32.802  -83.474  28.501 0.5000000000
11964  -34.104  -85.672  29.341 0.5000000000
13653  -32.978  -83.547  29.122 0.6000000238
11045  -33.156  -86.012  28.206 0.5000000000
10172  -33.665  -87.565  28.448 0.3000000119
9341  -36.430  -89.114  29.516 0.5000000000
11970  -33.521  -85.611  28.880 0.5000000000
17074  -35.044  -79.472  27.744 0.4000000060
11053  -32.950  -86.380  27.567 0.4000000060
11997  -34.815  -85.554  26.403 0.5000000000
11981  -37.291  -85.184  27.016 0.4000000060
12000  -37.993  -86.035  26.828 0.4000000060
14565  -40.979  -82.900  27.303 0.3000000119
14564  -40.082  -82.879  27.471 0.4000000060
11035  -39.137  -86.653  30.671 0.2000000030
15402  -33.360  -81.791  30.474 0.5000000000
17907  -36.044  -78.232  28.115 0.3000000119
16256  -34.557  -80.491  27.558 0.4000000060
14557  -33.141  -82.609  27.722 0.6000000238
19592  -37.151  -76.656  28.847 0.4000000060
13667  -33.576  -83.680  27.178 0.6000000238
12838  -32.831  -84.333  27.890 0.6000000238
12828  -32.992  -84.419  28.531 0.6000000238
12823  -33.243  -84.234  29.163 0.6000000238
11969  -33.137  -85.233  28.451 0.5000000000
17927  -36.599  -79.006  27.849 0.4000000060
17075  -36.120  -79.742  27.628 0.4000000060
16258  -36.701  -80.711  27.630 0.5000000000
13668  -34.442  -83.354  27.046 0.6000000238
14559  -34.749  -82.457  27.242 0.5000000000
11995  -33.101  -85.475  26.964 0.5000000000
11979  -32.944  -84.879  27.482 0.5000000000
11978  -32.933  -85.321  27.772 0.5000000000
18756  -37.632  -77.473  28.440 0.4000000060
17076  -37.147  -79.891  27.758 0.5000000000
14560  -35.882  -82.505  27.350 0.5000000000
13669  -35.510  -83.483  27.141 0.4000000060
19594  -39.217  -77.190  29.200 0.4000000060
19581  -39.912  -77.137  30.063 0.3000000119
17929  -38.637  -79.167  27.837 0.5000000000
16259  -37.744  -80.843  27.706 0.5000000000
13670  -36.663  -83.489  27.404 0.4000000060
12841  -36.411  -84.401  27.115 0.5000000000
13671  -37.747  -83.541  27.573 0.4000000060
14562  -38.049  -82.670  27.631 0.4000000060
17079  -40.379  -80.117  27.516 0.4000000060
17931  -40.721  -79.217  27.830 0.4000000060
16260  -38.821  -80.981  27.587 0.4000000060
14563  -39.094  -82.771  27.589 0.4000000060
16215  -33.436  -80.412  31.332 0.5000000000
15403  -34.027  -81.997  30.735 0.4000000060
11965  -34.770  -85.424  29.807 0.5000000000
12815  -34.496  -84.323  30.083 0.5000000000
21337  -36.957  -74.451  31.989 0.3000000119
21323  -38.352  -74.827  33.032 0.2000000030
20439  -38.085  -75.457  31.161 0.3000000119
19556  -38.927  -76.296  30.664 0.4000000060
20400  -39.394  -75.594  32.573 0.3000000119
20419  -40.128  -76.348  32.045 0.3000000119
19537  -40.382  -76.595  31.812 0.3000000119
19558  -40.635  -77.198  30.959 0.3000000119
18759  -40.449  -77.948  28.883 0.3000000119
18742  -39.959  -77.510  29.287 0.3000000119
17911  -40.080  -78.489  28.245 0.3000000119
18744  -41.472  -77.979  30.150 0.3000000119
18699  -41.849  -77.317  31.915 0.2000000030
17912  -41.036  -78.571  28.463 0.3000000119
17913  -41.961  -78.694  28.773 0.3000000119
18745  -42.299  -78.295  30.593 0.2000000030
17066  -42.547  -79.253  28.413 0.3000000119
17080  -41.509  -80.032  27.521 0.4000000060
17896  -44.032  -79.454  30.032 0.2000000030
17067  -43.397  -79.645  28.577 0.3000000119
17082  -43.552  -80.160  28.030 0.2000000030
17861  -44.918  -79.147  31.735 0.2000000030
17060  -45.289  -79.726  30.094 0.2000000030
19539  -44.739  -76.649  31.170 0.1000000015
21339  -44.849  -75.023  31.658 0.1000000015
17028  -33.747  -79.530  32.169 0.4000000060
14541  -35.445  -82.992  30.856 0.4000000060
19534  -32.860  -76.707  31.717 0.5000000000
21321  -37.192  -74.526  32.896 0.3000000119
21299  -37.652  -74.522  33.552 0.2000000030
21301  -39.387  -74.757  33.591 0.2000000030
22203  -39.835  -74.376  33.776 0.1000000015
19506  -41.586  -76.332  32.799 0.2000000030
20384  -42.416  -75.899  33.357 0.2000000030
19523  -42.636  -77.083  32.752 0.2000000030
19507  -42.095  -76.478  32.939 0.2000000030
18701  -43.335  -78.028  32.086 0.2000000030
18673  -43.681  -77.395  33.001 0.1000000015
17860  -43.706  -78.415  31.876 0.2000000030
19509  -44.545  -76.831  33.457 0.1000000015
18675  -45.131  -77.515  33.283 0.1000000015
18690  -44.817  -78.050  32.900 0.2000000030
17848  -45.289  -78.591  32.447 0.2000000030
20388  -46.568  -75.444  33.411 0.1000000015
17876  -46.126  -78.754  30.892 0.1000000015
20403  -46.706  -75.782  32.902 0.1000000015
18702  -45.818  -77.695  31.153 0.1000000015
13630  -39.517  -83.670  31.442 0.3000000119
13629  -38.403  -83.441  31.409 0.3000000119
15365  -36.944  -81.287  31.697 0.3000000119
15380  -36.579  -81.774  31.404 0.3000000119
16217  -35.661  -80.968  31.663 0.3000000119
16205  -36.675  -80.711  32.078 0.3000000119
16204  -35.599  -80.372  32.217 0.3000000119
14515  -36.042  -82.364  31.109 0.3000000119
17015  -33.959  -79.215  32.632 0.4000000060
17016  -34.490  -79.377  32.875 0.4000000060
17017  -35.499  -79.879  32.804 0.4000000060
16203  -34.916  -79.977  32.387 0.4000000060
18685  -33.173  -77.956  32.857 0.4000000060
17843  -33.261  -78.495  32.541 0.4000000060
23010  -39.007  -73.835  34.090 0.2000000030
23042  -42.553  -72.632  32.780 0.1000000015
23027  -43.383  -73.350  33.290 0.2000000030
22207  -44.267  -74.105  33.599 0.1000000015
20386  -44.905  -75.929  33.698 0.1000000015
21307  -46.158  -74.790  33.546 0.1000000015
22210  -46.968  -74.166  33.027 0.1000000015
21324  -46.901  -74.878  32.725 0.1000000015
21342  -46.983  -74.167  32.470 0.1000000015
22230  -45.619  -73.968  31.501 0.1000000015
22251  -45.223  -73.338  30.896 0.1000000015
23963  -44.661  -71.887  29.946 0.1000000015
15367  -38.828  -81.098  32.548 0.2000000030
14519  -40.183  -82.882  31.632 0.2000000030
16194  -37.010  -80.240  32.834 0.3000000119
18636  -33.105  -76.951  34.892 0.3000000119
18672  -33.481  -78.141  33.468 0.4000000060
21264  -34.078  -74.376  35.476 0.3000000119
23064  -40.670  -72.145  32.052 0.1000000015
23945  -40.380  -71.590  31.615 0.1000000015
23946  -41.348  -71.326  31.631 0.1000000015
23029  -45.593  -73.220  33.121 0.1000000015
23089  -46.751  -72.408  30.801 0.1000000015
16197  -39.073  -80.574  34.346 0.2000000030
16196  -38.565  -80.513  33.687 0.2000000030
15355  -38.849  -80.735  33.184 0.3000000119
16186  -37.790  -80.202  34.031 0.2000000030
21252  -33.871  -74.777  36.472 0.3000000119
20337  -33.149  -75.891  35.754 0.3000000119
19475  -33.196  -76.728  35.828 0.3000000119
17788  -33.672  -77.629  35.963 0.3000000119
22150  -35.104  -73.031  36.171 0.3000000119
22978  -35.452  -72.430  36.811 0.3000000119
24782  -39.544  -70.880  31.173 0.1000000015
24805  -40.211  -69.870  30.969 0.1000000015
25585  -40.600  -69.736  30.978 0.1000000015
26442  -40.173  -68.393  30.632 0.1000000015
26443  -41.266  -68.397  30.659 0.1000000015
27309  -42.050  -66.980  30.183 0.1000000015
28935  -40.820  -65.436  29.688 0.1000000015
23947  -42.345  -71.260  31.739 0.1000000015
25587  -41.954  -70.081  31.182 0.1000000015
24785  -42.664  -70.448  31.327 0.1000000015
28118  -42.964  -66.074  29.685 0.1000000015
29767  -41.932  -64.381  29.470 0.1000000015
23965  -46.543  -71.894  30.253 0.1000000015
17782  -38.336  -78.914  37.738 0.2000000030
16956  -37.464  -79.623  36.386 0.2000000030
16150  -38.005  -79.967  35.811 0.2000000030
19445  -34.088  -76.325  37.556 0.3000000119
21243  -34.734  -74.110  37.314 0.3000000119
19429  -34.690  -75.759  38.031 0.3000000119
18598  -34.849  -76.690  38.072 0.3000000119
18618  -35.104  -77.609  37.832 0.3000000119
23876  -36.056  -71.541  36.278 0.2000000030
23909  -38.115  -72.157  33.656 0.2000000030
24781  -38.534  -71.009  31.305 0.1000000015
26445  -43.703  -68.281  30.430 0.1000000015
24788  -46.200  -70.699  31.102 0.1000000015
17766  -38.968  -78.449  38.247 0.3000000119
18601  -37.723  -77.487  38.666 0.3000000119
17763  -36.059  -77.901  38.094 0.3000000119
18600  -36.731  -77.280  38.585 0.3000000119
20307  -35.373  -75.116  38.302 0.3000000119
19431  -36.501  -76.359  38.761 0.3000000119
22975  -35.829  -72.582  37.543 0.3000000119
22976  -36.410  -72.321  37.943 0.3000000119
23858  -36.412  -71.641  37.471 0.2000000030
22136  -35.717  -73.461  37.997 0.3000000119
24771  -37.077  -70.826  32.327 0.2000000030
24780  -37.489  -70.720  31.614 0.2000000030
18604  -40.872  -77.895  38.610 0.1000000015
19413  -40.430  -76.160  39.274 0.2000000030
19434  -39.552  -76.974  39.012 0.3000000119
19432  -37.431  -76.624  38.921 0.3000000119
22966  -36.943  -72.539  38.375 0.3000000119
23859  -37.178  -70.890  37.589 0.2000000030
24745  -37.040  -70.417  35.766 0.1000000015
21230  -38.052  -73.937  38.858 0.3000000119
23850  -38.642  -71.366  38.390 0.2000000030
24729  -37.526  -70.103  37.127 0.1000000015
21231  -38.873  -73.804  38.958 0.3000000119
24721  -40.412  -70.409  38.052 0.1000000015
25533  -40.324  -69.103  37.687 0.1000000015
22141  -41.092  -72.909  38.851 0.2000000030
26377  -38.889  -68.744  36.974 0.1000000015
9367  -33.143  -88.545  27.534 0.3000000119
7818  -34.692  -90.834  28.343 0.3000000119
8587  -34.086  -90.083  28.162 0.3000000119
5751  -34.040  -94.393  28.740 0.2000000030
5730  -33.157  -93.830  29.806 0.2000000030
7099  -35.020  -91.863  28.424 0.4000000060
6439  -35.054  -92.971  28.451 0.3000000119
8607  -33.062  -89.135  27.079 0.4000000060
7836  -34.390  -91.388  27.901 0.3000000119
6440  -35.337  -93.464  29.094 0.3000000119
9366  -32.845  -88.448  26.790 0.4000000060
7835  -33.805  -90.660  27.507 0.4000000060
6461  -34.501  -93.284  27.672 0.3000000119
5085  -34.079  -94.729  28.115 0.2000000030
8623  -32.947  -89.253  26.457 0.4000000060
8624  -33.255  -89.944  26.919 0.4000000060
7112  -34.055  -92.016  27.199 0.4000000060
10192  -33.466  -87.340  25.952 0.4000000060
7852  -33.450  -91.009  26.607 0.4000000060
5104  -34.148  -94.661  27.498 0.3000000119
9399  -33.077  -88.480  25.758 0.4000000060
7125  -33.514  -92.290  26.104 0.3000000119
5792  -34.297  -94.430  27.154 0.4000000060
11079  -34.187  -87.175  25.806 0.4000000060
7867  -33.233  -90.284  25.377 0.4000000060
6476  -33.850  -93.535  26.070 0.3000000119
11064  -35.486  -86.413  26.229 0.4000000060
9400  -33.534  -88.747  25.313 0.4000000060
8638  -33.052  -89.296  25.670 0.4000000060
7134  -33.300  -90.940  25.174 0.4000000060
11080  -35.125  -87.186  25.884 0.4000000060
8639  -33.510  -89.709  24.958 0.4000000060
7135  -33.426  -91.803  24.926 0.3000000119
9401  -34.349  -88.631  25.060 0.4000000060
9417  -34.015  -89.300  24.772 0.4000000060
7868  -33.524  -90.675  24.792 0.4000000060
10210  -35.815  -88.012  25.695 0.4000000060
9402  -35.481  -88.815  25.056 0.4000000060
9418  -34.793  -89.436  24.618 0.4000000060
8659  -34.220  -90.211  24.454 0.4000000060
7882  -33.989  -91.244  24.263 0.3000000119
10193  -36.142  -87.272  26.092 0.4000000060
9419  -35.610  -89.646  24.620 0.4000000060
8660  -35.224  -90.224  24.287 0.4000000060
7142  -33.982  -92.136  24.125 0.2000000030
11065  -36.536  -86.545  26.378 0.3000000119
10211  -36.836  -87.992  25.897 0.4000000060
10194  -37.118  -87.387  26.203 0.4000000060
10212  -37.485  -87.919  26.012 0.4000000060
8640  -36.374  -89.488  24.830 0.4000000060
8661  -36.107  -90.204  24.400 0.4000000060
7143  -34.430  -91.695  23.842 0.2000000030
7901  -35.446  -91.280  23.589 0.2000000030
6507  -34.729  -92.581  23.185 0.3000000119
11066  -37.574  -86.766  26.496 0.3000000119
10195  -38.103  -87.737  26.171 0.3000000119
8662  -36.919  -90.018  24.472 0.3000000119
7902  -36.014  -91.096  23.527 0.2000000030
7884  -35.744  -90.812  23.992 0.2000000030
6508  -35.125  -92.040  23.143 0.2000000030
5855  -34.393  -93.132  22.690 0.2000000030
11983  -39.363  -85.280  27.135 0.3000000119
11067  -38.638  -86.939  26.575 0.3000000119
9404  -37.821  -88.477  25.697 0.4000000060
7885  -36.490  -90.599  23.985 0.1000000015
12845  -40.571  -84.479  27.227 0.3000000119
12002  -40.141  -86.067  26.815 0.3000000119
9386  -39.233  -88.187  25.790 0.2000000030
8643  -38.938  -89.001  24.898 0.2000000030
7155  -36.038  -91.301  23.014 0.1000000015
6517  -34.717  -92.503  22.323 0.2000000030
11082  -41.115  -86.446  26.016 0.2000000030
10197  -40.030  -87.717  25.897 0.2000000030
8665  -38.985  -88.948  24.717 0.1000000015
7886  -37.222  -90.278  23.949 0.1000000015
7173  -36.178  -91.016  22.632 0.1000000015
7172  -35.437  -91.631  22.344 0.1000000015
13674  -40.810  -83.715  27.296 0.2000000030
12003  -41.088  -85.654  26.571 0.3000000119
15427  -42.042  -81.891  27.207 0.2000000030
13675  -41.657  -83.651  27.143 0.1000000015
11985  -40.998  -85.048  27.034 0.3000000119
11070  -41.104  -86.237  26.192 0.2000000030
10213  -39.953  -88.016  25.063 0.1000000015
7905  -37.956  -89.663  23.695 0.1000000015
7921  -36.566  -90.330  22.609 0.1000000015
7920  -35.863  -90.844  22.057 0.1000000015
14567  -42.657  -82.627  26.876 0.2000000030
12846  -41.518  -84.541  26.917 0.2000000030
12860  -41.769  -84.966  26.200 0.2000000030
12011  -41.034  -86.134  25.380 0.1000000015
10214  -40.455  -87.391  25.375 0.1000000015
9439  -39.085  -88.449  24.251 0.1000000015
10237  -38.664  -88.154  23.823 0.1000000015
7922  -37.169  -89.806  22.823 0.1000000015
7937  -35.406  -90.687  21.697 0.1000000015
7949  -34.292  -91.330  20.870 0.1000000015
12861  -42.200  -84.135  26.546 0.1000000015
12012  -41.310  -85.909  25.813 0.2000000030
12027  -41.073  -85.742  25.272 0.1000000015
11094  -40.093  -86.889  24.586 0.1000000015
10222  -38.628  -87.417  24.012 0.1000000015
8690  -37.196  -89.370  22.829 0.1000000015
7936  -34.880  -90.892  21.288 0.1000000015
7220  -33.243  -92.143  19.903 0.1000000015
12887  -40.582  -85.491  24.881 0.1000000015
11092  -38.406  -86.596  24.279 0.1000000015
10236  -37.957  -87.882  23.550 0.1000000015
8700  -33.855  -89.975  21.761 0.1000000015
7935  -33.899  -90.577  21.174 0.1000000015
9435  -36.346  -88.356  23.231 0.1000000015
24770  -36.534  -70.275  32.444 0.2000000030
16264  -43.307  -80.780  27.543 0.2000000030
15428  -42.963  -81.719  27.205 0.1000000015
13676  -42.252  -83.499  26.843 0.1000000015
13688  -42.759  -83.272  26.315 0.1000000015
12873  -41.346  -84.942  25.328 0.1000000015
13703  -43.198  -82.867  25.955 0.1000000015
12025  -40.012  -86.104  24.507 0.1000000015
8701  -34.676  -90.246  21.612 0.1000000015
8688  -35.599  -89.973  22.020 0.1000000015
9455  -36.883  -88.943  22.777 0.1000000015
12024  -39.087  -85.930  24.456 0.1000000015
7817  -34.225  -90.724  27.983 0.3000000119
8608  -33.486  -89.522  27.615 0.4000000060
5752  -34.635  -94.005  28.537 0.3000000119
7113  -34.595  -92.312  27.951 0.3000000119
5775  -34.417  -94.154  27.590 0.3000000119
7851  -33.106  -90.140  26.134 0.4000000060
6460  -34.135  -93.239  26.772 0.3000000119
10208  -33.742  -87.832  25.609 0.4000000060
7124  -33.272  -91.070  25.724 0.4000000060
10209  -34.761  -87.929  25.497 0.4000000060
9403  -36.621  -88.718  25.402 0.4000000060
7883  -34.833  -91.016  23.891 0.2000000030
7152  -34.452  -92.251  23.651 0.2000000030
9384  -38.145  -88.079  26.015 0.3000000119
8641  -37.307  -89.310  25.003 0.2000000030
6518  -35.181  -92.126  22.869 0.2000000030
12001  -39.067  -86.130  26.888 0.3000000119
10196  -39.138  -87.726  26.227 0.3000000119
8663  -37.689  -89.701  24.435 0.2000000030
7903  -36.609  -90.729  23.305 0.1000000015
9405  -38.735  -88.616  25.481 0.4000000060
11069  -40.692  -86.702  26.231 0.2000000030
9406  -39.355  -88.419  25.298 0.2000000030
8664  -38.463  -89.328  24.298 0.1000000015
7171  -34.981  -92.006  22.016 0.1000000015
9438  -38.741  -88.764  23.880 0.1000000015
7904  -37.395  -90.127  23.322 0.1000000015
10224  -40.167  -87.437  24.818 0.1000000015
8677  -37.663  -89.439  23.234 0.1000000015
8689  -36.626  -89.594  22.555 0.1000000015
7192  -35.333  -91.197  21.679 0.1000000015
12874  -42.288  -84.155  25.868 0.1000000015
12026  -40.735  -86.207  24.937 0.1000000015
10223  -39.380  -87.780  24.389 0.1000000015
11093  -39.327  -86.801  24.310 0.1000000015
7206  -33.178  -91.596  19.953 0.1000000015
12872  -40.353  -84.687  25.046 0.1000000015
13702  -42.634  -83.230  25.710 0.1000000015
8575  -38.746  -90.235  29.853 0.3000000119
7806  -38.045  -90.789  29.603 0.2000000030
7091  -38.569  -91.145  30.220 0.3000000119
7805  -37.332  -91.256  29.528 0.2000000030
10158  -37.239  -87.437  30.177 0.4000000060
9343  -38.238  -89.159  29.770 0.2000000030
10168  -36.826  -88.207  29.823 0.4000000060
9342  -37.492  -89.158  29.651 0.3000000119
7090  -38.132  -91.430  30.007 0.2000000030
10167  -35.831  -87.960  29.619 0.4000000060
8573  -37.313  -90.128  29.449 0.2000000030
7075  -37.076  -91.887  30.820 0.1000000015
7089  -37.072  -92.280  30.032 0.2000000030
6408  -36.526  -92.557  30.383 0.1000000015
8572  -36.022  -90.289  29.211 0.3000000119
7804  -36.527  -91.810  29.294 0.2000000030
7074  -36.116  -92.437  30.704 0.1000000015
7073  -35.255  -92.755  30.630 0.1000000015
6423  -36.436  -92.847  30.142 0.1000000015
6407  -35.863  -93.091  30.349 0.1000000015
7072  -34.374  -92.786  30.843 0.1000000015
7785  -34.778  -92.360  30.785 0.1000000015
6406  -34.836  -93.365  30.469 0.1000000015
7059  -33.415  -92.666  31.121 0.1000000015
9340  -35.270  -88.943  29.188 0.3000000119
7088  -36.441  -92.538  29.584 0.2000000030
6422  -36.027  -93.149  29.755 0.2000000030
6405  -33.760  -93.386  30.705 0.1000000015
7058  -32.487  -92.582  31.415 0.1000000015
9349  -34.572  -88.941  28.808 0.2000000030
8571  -35.404  -89.700  29.059 0.3000000119
7819  -35.554  -91.109  28.800 0.2000000030
5733  -35.183  -93.749  29.339 0.2000000030
5715  -34.330  -93.882  30.136 0.1000000015
6393  -32.258  -92.981  31.090 0.1000000015
6394  -32.933  -93.109  31.060 0.1000000015
8588  -34.981  -89.893  28.751 0.3000000119
5732  -34.583  -94.055  29.433 0.1000000015
6404  -32.916  -93.441  30.492 0.1000000015
5713  -33.206  -93.679  30.201 0.1000000015
5731  -33.839  -94.120  29.544 0.1000000015
6403  -32.063  -92.883  30.424 0.1000000015
9348  -33.859  -88.822  28.323 0.2000000030
5750  -33.341  -94.316  28.635 0.1000000015
6420  -32.194  -92.856  29.411 0.1000000015
6438  -32.733  -93.598  29.183 0.1000000015
5102  -33.386  -94.796  27.848 0.1000000015
5103  -33.716  -95.007  27.551 0.1000000015
7803  -30.887  -91.103  29.095 0.1000000015
6437  -32.349  -93.162  28.633 0.1000000015
6459  -32.618  -93.827  28.398 0.1000000015
5773  -32.670  -94.412  27.650 0.1000000015
5791  -34.158  -94.304  26.618 0.3000000119
6458  -32.112  -93.353  27.714 0.1000000015
10173  -34.357  -88.136  28.860 0.3000000119
5714  -33.530  -93.779  30.194 0.1000000015
6421  -32.584  -93.399  29.929 0.1000000015
8589  -35.510  -90.430  28.928 0.3000000119
5716  -35.224  -93.719  29.984 0.1000000015
7087  -31.410  -91.860  29.633 0.1000000015
7098  -31.809  -92.276  28.407 0.1000000015
7086  -30.903  -91.662  30.471 0.1000000015
5116  -33.792  -95.056  26.562 0.2000000030
5810  -31.667  -94.278  25.759 0.1000000015
5826  -31.480  -94.354  24.470 0.1000000015
6497  -31.189  -93.357  24.227 0.1000000015
5131  -33.260  -95.689  25.681 0.2000000030
5130  -32.196  -95.376  25.405 0.2000000030
5148  -31.992  -95.396  24.086 0.1000000015
6496  -30.799  -92.521  23.847 0.1000000015
5164  -32.042  -95.225  23.634 0.2000000030
5165  -32.451  -95.223  23.613 0.1000000015
5132  -33.685  -95.276  25.711 0.2000000030
5149  -32.828  -95.683  24.532 0.1000000015
6505  -31.205  -93.567  23.496 0.1000000015
5839  -31.899  -94.585  23.202 0.1000000015
5811  -33.879  -94.510  25.649 0.2000000030
5150  -33.613  -95.200  24.947 0.2000000030
5166  -33.407  -94.850  23.793 0.1000000015
5840  -32.495  -94.757  23.071 0.1000000015
5827  -33.805  -93.935  24.449 0.1000000015
5178  -33.491  -94.240  22.907 0.1000000015
6491  -33.671  -93.173  25.274 0.2000000030
6498  -33.759  -92.820  24.497 0.2000000030
5841  -34.098  -93.556  23.248 0.1000000015
5853  -32.795  -94.227  22.233 0.1000000015
5115  -32.952  -95.153  26.750 0.1000000015
5114  -32.184  -94.837  26.284 0.1000000015
9334  -37.814  -88.395  29.958 0.2000000030
7790  -38.849  -90.845  30.578 0.1000000015
14518  -39.008  -82.650  31.564 0.2000000030
13631  -40.722  -83.919  31.478 0.1000000015
16948  -38.627  -79.495  37.277 0.1000000015
15357  -41.087  -81.424  33.905 0.1000000015
16169  -38.567  -80.304  35.330 0.1000000015
17783  -39.106  -79.166  37.838 0.2000000030
16143  -39.023  -79.953  36.834 0.1000000015
15334  -40.985  -81.286  35.591 0.1000000015
15332  -39.767  -80.704  35.411 0.1000000015
15346  -39.673  -80.713  34.925 0.1000000015
15347  -40.559  -81.081  34.805 0.1000000015
10159  -38.360  -87.642  30.314 0.2000000030
16188  -39.029  -80.505  34.943 0.1000000015
16151  -38.763  -80.209  36.121 0.1000000015
15348  -41.678  -81.488  35.122 0.1000000015
16144  -39.690  -80.310  37.274 0.1000000015
9336  -39.728  -88.930  30.389 0.1000000015
9335  -38.822  -88.783  30.008 0.1000000015
21215  -42.318  -74.215  38.877 0.1000000015
20295  -42.755  -75.192  38.898 0.1000000015
19415  -42.947  -76.120  38.775 0.1000000015
19437  -43.474  -76.722  38.688 0.1000000015
20294  -41.362  -75.227  39.195 0.1000000015
19414  -41.717  -76.163  39.035 0.1000000015
21216  -43.844  -74.045  38.775 0.1000000015
20281  -44.430  -75.379  39.645 0.1000000015
20296  -43.978  -75.489  38.758 0.1000000015
19417  -45.762  -76.329  39.074 0.1000000015
20311  -44.449  -76.116  38.654 0.1000000015
18606  -43.717  -77.475  38.938 0.1000000015
21233  -43.056  -73.486  38.601 0.1000000015
19394  -44.869  -76.144  40.309 0.1000000015
21202  -43.569  -74.073  39.639 0.1000000015
20282  -45.438  -75.882  39.276 0.1000000015
21217  -43.892  -73.461  38.661 0.1000000015
20297  -45.014  -75.643  38.875 0.1000000015
18574  -45.609  -77.089  40.391 0.1000000015
22143  -43.217  -72.877  38.457 0.1000000015
22971  -42.786  -72.187  38.532 0.1000000015
20280  -43.150  -74.887  40.324 0.1000000015
20269  -43.730  -75.738  40.625 0.1000000015
20270  -44.437  -75.934  40.402 0.1000000015
22133  -43.734  -73.279  39.195 0.1000000015
22972  -43.398  -72.392  38.627 0.1000000015
22970  -41.778  -72.035  38.559 0.1000000015
25602  -37.434  -69.864  31.174 0.1000000015
22962  -43.232  -72.440  39.303 0.1000000015
23942  -37.548  -71.233  32.187 0.1000000015
24802  -38.027  -70.298  31.099 0.1000000015
25583  -36.240  -69.697  31.900 0.1000000015
26440  -38.119  -68.569  30.751 0.1000000015
25603  -38.023  -69.531  30.879 0.1000000015
19387  -44.548  -76.567  40.934 0.1000000015
19436  -42.012  -77.008  38.747 0.1000000015
19438  -44.621  -76.859  38.699 0.1000000015
22144  -43.741  -73.015  38.620 0.1000000015
22963  -43.826  -72.930  39.052 0.1000000015
25584  -36.825  -69.836  31.464 0.1000000015
25604  -38.951  -69.338  30.770 0.1000000015
16265  -44.211  -80.341  27.975 0.1000000015
16251  -44.473  -80.060  28.461 0.1000000015
9297  -39.569  -88.550  32.211 0.1000000015
9325  -39.151  -89.307  31.974 0.1000000015
8551  -39.409  -89.762  31.422 0.1000000015
10124  -38.926  -87.820  32.489 0.1000000015
9296  -38.575  -88.603  32.251 0.1000000015
9295  -37.945  -88.612  32.200 0.1000000015
9326  -40.041  -88.986  31.620 0.1000000015
10998  -38.220  -86.888  32.713 0.1000000015
10125  -39.997  -87.830  32.395 0.1000000015
9298  -40.287  -88.350  32.042 0.1000000015
11920  -38.885  -86.072  32.995 0.1000000015
10999  -39.468  -87.021  32.697 0.1000000015
11904  -38.509  -85.156  33.277 0.1000000015
12693  -37.564  -84.692  40.045 0.1000000015
13506  -37.745  -83.544  40.112 0.1000000015
14415  -35.351  -82.496  38.470 0.1000000015
14414  -34.560  -82.645  37.821 0.1000000015
15283  -35.069  -81.954  37.775 0.1000000015
15306  -35.219  -81.671  36.576 0.1000000015
8552  -39.792  -89.618  31.106 0.1000000015
15304  -33.979  -82.197  36.436 0.1000000015
15329  -35.570  -81.836  35.952 0.1000000015
11919  -37.530  -85.731  33.016 0.1000000015
11903  -37.788  -84.986  33.299 0.1000000015
7769  -38.320  -91.028  31.157 0.1000000015
14457  -34.073  -82.155  35.365 0.1000000015
14472  -34.216  -82.436  34.602 0.1000000015
13590  -35.631  -83.438  33.812 0.1000000015
12761  -37.044  -84.651  33.335 0.1000000015
7076  -37.935  -91.565  30.619 0.1000000015
14456  -33.283  -82.393  35.609 0.1000000015
14489  -34.314  -82.928  33.863 0.1000000015
13591  -36.699  -83.682  33.783 0.1000000015
13592  -37.724  -83.712  33.819 0.1000000015
13505  -36.728  -83.592  39.469 0.1000000015
14398  -36.511  -82.745  39.250 0.1000000015
14416  -36.233  -82.205  38.805 0.1000000015
10126  -40.735  -87.797  32.043 0.1000000015
9338  -40.489  -88.577  31.308 0.1000000015
9337  -40.278  -88.925  30.941 0.1000000015
15284  -35.903  -81.674  38.184 0.1000000015
15294  -35.602  -81.564  37.321 0.1000000015
7770  -39.102  -90.389  31.156 0.1000000015
14473  -35.287  -82.723  34.457 0.1000000015
13570  -35.936  -82.957  34.331 0.1000000015
14474  -36.269  -82.650  34.811 0.1000000015
13572  -37.400  -83.089  34.336 0.1000000015
12762  -38.156  -84.410  33.529 0.1000000015
13486  -38.100  -83.735  40.474 0.1000000015
13487  -38.704  -83.469  40.569 0.1000000015
13469  -38.917  -83.511  41.476 0.1000000015
10152  -41.023  -87.707  31.560 0.1000000015
14399  -37.388  -82.663  39.434 0.1000000015
15272  -37.859  -82.264  39.182 0.1000000015
11000  -40.577  -87.113  32.479 0.1000000015
15271  -37.450  -82.103  38.991 0.1000000015
10161  -40.360  -88.205  30.703 0.1000000015
15285  -36.970  -81.700  38.500 0.1000000015
15295  -36.581  -81.414  37.518 0.1000000015
15330  -36.463  -81.842  35.978 0.1000000015
14459  -35.901  -82.277  35.344 0.1000000015
14460  -36.774  -82.233  35.478 0.1000000015
13573  -38.336  -83.031  34.382 0.1000000015
13593  -38.775  -83.577  33.845 0.1000000015
14475  -37.125  -82.607  34.952 0.1000000015
14476  -38.011  -82.561  34.990 0.1000000015
11001  -41.262  -87.081  31.950 0.1000000015
13507  -38.316  -83.154  40.101 0.1000000015
13453  -39.742  -83.224  41.659 0.1000000015
13452  -38.753  -83.462  41.993 0.1000000015
11922  -41.237  -86.203  32.569 0.1000000015
11029  -41.291  -87.057  31.163 0.1000000015
14400  -38.496  -82.601  39.489 0.1000000015
11921  -40.066  -86.224  32.779 0.1000000015
8564  -39.680  -89.512  30.669 0.1000000015
15286  -38.059  -81.886  38.674 0.1000000015
11905  -39.605  -85.305  33.108 0.1000000015
15296  -37.631  -81.482  37.720 0.1000000015
15308  -37.243  -81.560  36.615 0.1000000015
15331  -37.072  -81.861  35.936 0.1000000015
14461  -37.746  -81.970  35.774 0.1000000015
14378  -39.410  -82.874  39.806 0.1000000015
11906  -40.548  -85.510  32.923 0.1000000015
10160  -39.514  -87.956  30.414 0.1000000015
13574  -39.357  -82.849  34.548 0.1000000015
13594  -39.958  -83.432  33.864 0.1000000015
14439  -38.841  -81.995  36.661 0.1000000015
15297  -38.596  -81.762  37.809 0.1000000015
14438  -38.023  -81.683  36.491 0.1000000015
12781  -41.255  -85.241  32.947 0.1000000015
12783  -42.588  -85.255  32.450 0.1000000015
12764  -40.519  -84.477  33.261 0.1000000015
13595  -41.312  -83.427  34.090 0.1000000015
14418  -38.618  -82.136  38.782 0.1000000015
14462  -38.644  -82.226  35.613 0.1000000015
14477  -38.816  -82.536  35.009 0.1000000015
15287  -38.640  -81.972  38.438 0.1000000015
14478  -39.717  -82.421  35.792 0.1000000015
15309  -38.103  -81.612  37.049 0.1000000015
12782  -41.993  -85.395  32.750 0.1000000015
13488  -40.206  -83.070  40.090 0.1000000015
14479  -40.617  -82.706  36.105 0.1000000015
13575  -40.560  -82.801  34.976 0.1000000015
12767  -42.963  -84.702  32.855 0.1000000015
13596  -42.477  -83.756  34.282 0.1000000015
13576  -42.023  -83.349  36.159 0.1000000015
13470  -40.305  -83.310  41.029 0.1000000015
106980  -40.415  -82.571  37.296 0.1000000015
14419  -39.233  -82.232  38.441 0.1000000015
14502  -43.337  -83.599  33.550 0.1000000015
14379  -40.102  -82.806  39.366 0.1000000015
15220  -37.402  -81.654  42.894 0.1000000015
14344  -38.818  -82.687  42.117 0.1000000015
14343  -37.691  -82.543  42.611 0.1000000015
14397  -35.885  -82.773  39.012 0.1000000015
15307  -36.118  -81.530  36.645 0.1000000015
15328  -34.717  -81.874  35.934 0.1000000015
14458  -34.965  -82.191  35.278 0.1000000015
14490  -34.947  -83.181  33.839 0.1000000015
12759  -35.225  -84.004  33.300 0.1000000015
12760  -35.897  -84.253  33.318 0.1000000015
12779  -35.988  -85.091  32.858 0.1000000015
14417  -36.912  -82.240  39.032 0.1000000015
12763  -39.230  -84.368  33.444 0.1000000015
12765  -41.758  -84.443  33.319 0.1000000015
106987  -40.268  -82.515  36.387 0.1000000015
12766  -42.602  -84.611  33.169 0.1000000015
14338  -37.048  -82.464  43.351 0.1000000015
5823  -21.874  -93.253  24.344 0.1000000015
5806  -22.713  -93.094  24.938 0.1000000015
8705  -22.145  -89.652  21.173 0.1000000015
7930  -21.992  -90.726  21.237 0.1000000015
7929  -21.609  -90.391  21.654 0.1000000015
7184  -21.290  -91.193  21.997 0.1000000015
5835  -20.978  -92.777  23.273 0.1000000015
8706  -22.605  -89.292  20.581 0.1000000015
10291  -23.152  -87.533  19.796 0.1000000015
9482  -22.739  -88.236  19.195 0.1000000015
6485  -22.023  -92.291  24.936 0.1000000015
5807  -23.268  -93.252  25.162 0.1000000015
6487  -23.693  -92.277  25.879 0.1000000015
7129  -21.899  -91.591  24.998 0.1000000015
7166  -21.021  -91.565  22.474 0.1000000015
7147  -20.686  -91.986  23.255 0.1000000015
6503  -21.126  -92.524  23.877 0.1000000015
5125  -23.891  -94.059  25.088 0.1000000015
8694  -22.161  -89.250  21.313 0.1000000015
5850  -21.137  -93.106  22.538 0.1000000015
6526  -21.308  -92.058  21.963 0.1000000015
9462  -22.372  -88.554  21.420 0.1000000015
10309  -23.301  -86.986  19.229 0.1000000015
7780  -27.188  -91.696  30.654 0.1000000015
7110  -26.438  -91.663  28.631 0.1000000015
7798  -27.013  -91.324  30.051 0.1000000015
7131  -23.396  -91.470  26.048 0.1000000015
6471  -24.087  -91.988  26.208 0.1000000015
6472  -24.565  -92.324  26.290 0.1000000015
7121  -25.580  -91.728  27.306 0.1000000015
6456  -25.891  -92.098  27.494 0.1000000015
7109  -25.959  -91.442  27.822 0.1000000015
7130  -22.767  -91.525  25.670 0.1000000015
6473  -25.739  -92.545  26.934 0.1000000015
7863  -22.443  -90.504  25.266 0.1000000015
5808  -24.550  -93.288  25.730 0.1000000015
8670  -21.423  -90.220  23.312 0.1000000015
7139  -21.215  -91.749  24.254 0.1000000015
10273  -22.924  -87.785  20.885 0.1000000015
7781  -27.594  -91.255  30.646 0.1000000015
7097  -26.697  -91.822  29.600 0.1000000015
7069  -27.534  -91.760  31.199 0.1000000015
7120  -25.016  -91.570  26.878 0.1000000015
7848  -25.452  -90.889  27.346 0.1000000015
7119  -24.034  -91.379  26.410 0.1000000015
8681  -21.957  -89.147  22.515 0.1000000015
9444  -21.943  -88.964  22.097 0.1000000015
10258  -22.705  -87.885  21.600 0.1000000015
10259  -23.141  -87.432  21.493 0.1000000015
7877  -22.025  -90.459  24.733 0.1000000015
6419  -26.766  -92.597  30.309 0.1000000015
8650  -21.810  -90.053  23.815 0.1000000015
6436  -26.765  -92.624  29.221 0.1000000015
7864  -23.243  -90.751  26.020 0.1000000015
8673  -23.853  -89.529  23.989 0.1000000015
8674  -24.906  -89.522  23.837 0.1000000015
8675  -26.117  -89.947  23.551 0.1000000015
7832  -26.369  -90.674  28.283 0.1000000015
7847  -24.758  -90.536  26.853 0.1000000015
8618  -24.637  -89.552  26.546 0.1000000015
8633  -23.440  -89.695  25.648 0.1000000015
9393  -24.923  -88.866  26.121 0.1000000015
8652  -23.242  -89.565  24.652 0.1000000015
8653  -24.424  -89.202  24.951 0.1000000015
9378  -25.249  -89.065  26.524 0.1000000015
7831  -25.971  -90.376  27.704 0.1000000015
8619  -25.622  -89.755  27.239 0.1000000015
9395  -26.315  -88.557  25.903 0.1000000015
8617  -24.014  -89.546  26.217 0.1000000015
9412  -24.917  -88.878  25.705 0.1000000015
5083  -33.487  -94.674  28.222 0.1000000015
5084  -33.702  -94.740  28.174 0.1000000015
5117  -34.154  -94.714  26.989 0.4000000060
5177  -32.935  -94.773  23.102 0.1000000015
5753  -35.072  -93.803  29.035 0.2000000030
5774  -34.389  -93.934  27.142 0.4000000060
5824  -22.376  -93.445  24.559 0.1000000015
5825  -23.208  -93.934  24.734 0.1000000015
5842  -34.560  -93.002  22.885 0.2000000030
5849  -20.892  -92.628  22.847 0.1000000015
6486  -22.492  -92.579  25.100 0.1000000015
6488  -24.278  -92.621  25.949 0.1000000015
6494  -21.795  -92.682  24.574 0.1000000015
6495  -22.216  -92.903  24.744 0.1000000015
6502  -20.839  -92.313  23.431 0.1000000015
6512  -20.738  -92.316  23.034 0.1000000015
6513  -20.929  -92.252  22.593 0.1000000015
7077  -38.420  -91.285  30.442 0.3000000119
7085  -26.854  -91.928  30.341 0.1000000015
7100  -35.795  -92.507  29.056 0.2000000030
7148  -20.845  -91.884  23.635 0.1000000015
7153  -34.953  -91.793  23.448 0.2000000030
7154  -35.515  -91.654  23.159 0.2000000030
7165  -20.723  -91.829  22.876 0.1000000015
7191  -34.658  -91.848  21.403 0.1000000015
7207  -33.957  -91.925  20.549 0.1000000015
7208  -34.314  -91.696  20.919 0.1000000015
7241  -29.873  -91.211  16.915 0.1000000015
7242  -30.116  -91.337  16.999 0.1000000015
7254  -30.159  -91.062  16.640 0.1000000015
7255  -30.355  -90.988  16.696 0.1000000015
7771  -39.457  -89.998  31.118 0.1000000015
7788  -36.763  -91.483  31.114 0.1000000015
7789  -38.442  -91.268  30.731 0.1000000015
7799  -27.484  -90.630  29.879 0.1000000015
7807  -38.629  -90.700  29.922 0.2000000030
7846  -23.918  -90.187  26.421 0.1000000015
7862  -21.913  -90.778  24.882 0.1000000015
7876  -21.564  -90.676  24.306 0.1000000015
7887  -37.833  -89.934  23.949 0.1000000015
7895  -20.758  -91.608  23.237 0.1000000015
7896  -21.003  -91.128  23.488 0.1000000015
7915  -20.838  -91.340  22.908 0.1000000015
7916  -21.157  -90.746  22.581 0.1000000015
7941  -21.912  -89.949  21.340 0.1000000015
7942  -22.217  -90.163  20.973 0.1000000015
7948  -33.616  -91.106  20.437 0.1000000015
7980  -29.632  -90.788  16.755 0.1000000015
7991  -29.822  -90.566  16.232 0.1000000015
7992  -30.044  -90.845  16.320 0.1000000015
8006  -30.220  -90.458  15.892 0.1000000015
8562  -38.666  -89.472  29.807 0.3000000119
8574  -38.341  -89.977  29.663 0.3000000119
8601  -26.026  -89.922  27.609 0.1000000015
8634  -24.368  -89.103  25.959 0.1000000015
8642  -38.201  -89.136  25.022 0.2000000030
8644  -39.172  -88.767  25.002 0.1000000015
8651  -22.318  -89.957  24.376 0.1000000015
8678  -38.264  -89.244  23.641 0.1000000015
8680  -21.598  -89.648  22.338 0.1000000015
8685  -32.851  -89.254  22.083 0.1000000015
8686  -33.411  -89.429  22.186 0.1000000015
8687  -34.384  -89.633  22.159 0.1000000015
8693  -21.831  -89.651  21.590 0.1000000015
8702  -35.172  -90.466  21.627 0.1000000015
8747  -29.629  -90.081  16.035 0.1000000015
8762  -30.005  -90.327  15.762 0.1000000015
8763  -30.319  -90.042  15.550 0.1000000015
8765  -31.607  -89.849  15.651 0.1000000015
9327  -40.620  -88.267  31.620 0.1000000015
9377  -24.775  -89.083  26.281 0.1000000015
9383  -32.849  -88.617  26.144 0.4000000060
9385  -38.593  -88.197  25.909 0.3000000119
9394  -25.478  -88.701  26.085 0.1000000015
9420  -38.961  -88.839  24.359 0.1000000015
9421  -39.313  -88.505  24.726 0.1000000015
9436  -37.305  -88.425  23.243 0.1000000015
9437  -38.066  -88.718  23.405 0.1000000015
9451  -32.842  -88.661  22.473 0.2000000030
9456  -37.465  -88.988  23.020 0.1000000015
9461  -21.934  -89.182  21.762 0.1000000015
9504  -29.415  -88.841  16.732 0.1000000015
9505  -31.665  -89.424  17.075 0.1000000015
9512  -29.314  -89.394  16.566 0.1000000015
9513  -29.688  -89.068  16.063 0.1000000015
9515  -32.148  -89.537  15.984 0.1000000015
9517  -33.654  -89.057  15.323 0.1000000015
9533  -34.033  -88.993  14.900 0.1000000015
9542  -34.272  -88.738  14.545 0.1000000015
10151  -37.491  -88.665  32.092 0.1000000015
10162  -40.825  -88.101  31.107 0.1000000015
10171  -33.129  -86.982  28.030 0.4000000060
10198  -40.615  -87.209  25.848 0.2000000030
10207  -33.296  -88.167  25.683 0.4000000060
10221  -37.785  -87.168  23.973 0.1000000015
10233  -34.511  -87.523  23.504 0.2000000030
10235  -36.894  -87.501  23.702 0.2000000030
10238  -38.968  -88.235  24.000 0.1000000015
10246  -22.481  -88.127  21.942 0.1000000015
10251  -32.053  -88.036  22.034 0.2000000030
10263  -32.191  -87.323  21.600 0.1000000015
10315  -34.761  -87.346  17.474 0.1000000015
10328  -29.462  -88.552  17.119 0.1000000015
10354  -36.039  -87.293  15.672 0.1000000015
10366  -30.801  -88.808  15.441 0.1000000015
11027  -39.569  -86.302  30.797 0.2000000030
11068  -39.727  -86.989  26.544 0.3000000119
11078  -33.706  -87.239  25.879 0.4000000060
11081  -40.908  -86.669  25.582 0.1000000015
11090  -36.350  -86.071  24.400 0.1000000015
11091  -37.364  -86.416  24.345 0.2000000030
11095  -40.547  -86.942  24.993 0.1000000015
11131  -33.035  -86.077  21.159 0.1000000015
11216  -37.738  -86.005  17.110 0.1000000015
11263  -35.760  -86.930  14.613 0.1000000015
11957  -35.193  -85.307  30.070 0.5000000000
11961  -38.885  -86.016  30.812 0.2000000030
11984  -40.359  -85.211  27.069 0.3000000119
12020  -35.040  -85.026  24.339 0.1000000015
12045  -32.842  -86.175  22.175 0.1000000015
12070  -34.117  -85.657  20.330 0.1000000015
12071  -35.061  -85.352  20.104 0.1000000015
12073  -36.740  -85.524  19.343 0.1000000015
12095  -37.069  -85.799  18.928 0.1000000015
12096  -37.822  -85.671  18.908 0.1000000015
12097  -38.660  -85.446  19.030 0.1000000015
12111  -36.809  -86.096  18.616 0.1000000015
12115  -39.701  -84.960  18.901 0.1000000015
12127  -39.091  -85.245  18.042 0.1000000015
12137  -31.732  -87.070  15.622 0.1000000015
12819  -38.098  -84.874  31.100 0.5000000000
12825  -34.561  -84.794  29.922 0.4000000060
12839  -33.133  -84.419  27.363 0.5000000000
12847  -42.028  -84.040  26.944 0.2000000030
12856  -33.567  -84.688  26.885 0.5000000000
12858  -35.076  -84.704  26.679 0.5000000000
12868  -36.755  -83.673  25.076 0.1000000015
12888  -40.962  -85.594  25.064 0.1000000015
12895  -33.776  -84.983  23.066 0.1000000015
12918  -33.803  -84.923  22.031 0.1000000015
12954  -39.889  -84.464  19.577 0.1000000015
12970  -40.384  -84.066  19.266 0.1000000015
13571  -36.518  -83.053  34.309 0.1000000015
13673  -39.836  -83.662  27.450 0.4000000060
13687  -34.959  -83.964  26.885 0.5000000000
13710  -34.968  -83.649  24.249 0.1000000015
13726  -35.033  -83.156  22.917 0.1000000015
13775  -37.828  -83.267  21.059 0.1000000015
13796  -37.974  -84.033  20.554 0.1000000015
13828  -40.290  -83.928  19.733 0.1000000015
14401  -39.485  -82.571  39.214 0.1000000015
14542  -36.169  -83.112  31.008 0.4000000060
14608  -35.211  -83.216  24.299 0.1000000015
14627  -35.048  -83.123  24.033 0.1000000015
14669  -39.155  -82.498  21.022 0.1000000015
14684  -39.740  -83.103  20.673 0.1000000015
14685  -40.236  -82.611  20.541 0.1000000015
14686  -40.823  -82.637  19.988 0.1000000015
15305  -34.503  -81.911  36.490 0.1000000015
15381  -37.414  -81.797  31.560 0.3000000119
15424  -39.445  -81.976  27.516 0.4000000060
15460  -36.911  -81.634  25.347 0.1000000015
15483  -35.759  -81.852  24.488 0.1000000015
15499  -35.810  -81.332  23.449 0.1000000015
15529  -40.044  -81.687  20.683 0.1000000015
15540  -40.653  -81.826  20.281 0.1000000015
16170  -39.404  -80.556  35.619 0.1000000015
16233  -32.866  -80.446  30.801 0.5000000000
16309  -35.852  -81.163  24.263 0.1000000015
16345  -36.479  -80.382  22.936 0.1000000015
16346  -36.949  -80.424  22.326 0.1000000015
16990  -34.741  -78.982  34.067 0.4000000060
17030  -45.150  -79.391  31.466 0.1000000015
17031  -45.396  -79.344  31.477 0.1000000015
17043  -44.650  -79.515  30.868 0.1000000015
17059  -44.631  -79.604  30.401 0.1000000015
17083  -43.939  -80.030  28.413 0.1000000015
17139  -36.298  -79.700  23.942 0.1000000015
17160  -36.437  -79.927  23.346 0.1000000015
17803  -35.115  -78.962  35.429 0.3000000119
17816  -34.393  -78.658  34.352 0.3000000119
17833  -34.319  -78.894  33.514 0.4000000060
17844  -33.691  -78.743  32.846 0.4000000060
17846  -43.876  -78.214  32.310 0.2000000030
17847  -44.386  -78.417  32.366 0.2000000030
17858  -33.446  -79.033  32.327 0.4000000060
17859  -43.191  -78.278  31.614 0.2000000030
17873  -43.106  -78.475  31.180 0.2000000030
17875  -44.749  -79.365  31.313 0.2000000030
17915  -43.603  -79.371  29.388 0.2000000030
17925  -35.203  -78.956  27.918 0.4000000060
17959  -36.975  -78.828  25.091 0.1000000015
17986  -37.031  -78.218  24.766 0.1000000015
18015  -37.730  -78.540  22.200 0.1000000015
18032  -39.174  -79.301  20.909 0.1000000015
18586  -45.775  -76.895  39.518 0.1000000015
18616  -33.614  -76.807  36.979 0.3000000119
18626  -33.403  -77.104  36.236 0.3000000119
18637  -33.333  -77.271  35.312 0.3000000119
18671  -33.257  -77.643  33.776 0.4000000060
18686  -33.433  -78.266  33.045 0.4000000060
18687  -41.884  -77.076  32.213 0.2000000030
18688  -42.341  -77.308  32.303 0.2000000030
18700  -42.774  -77.934  31.764 0.2000000030
18718  -40.940  -77.611  30.474 0.3000000119
18743  -40.637  -77.665  29.768 0.3000000119
18752  -33.686  -77.695  29.167 0.5000000000
18785  -40.124  -77.568  25.638 0.1000000015
18810  -36.970  -78.208  24.527 0.1000000015
18828  -36.860  -78.300  24.140 0.1000000015
18871  -38.929  -77.865  20.769 0.1000000015
19388  -45.216  -76.647  40.515 0.1000000015
19416  -43.621  -76.105  38.678 0.1000000015
19439  -45.459  -76.897  38.950 0.1000000015
19459  -33.139  -76.210  35.841 0.3000000119
19460  -33.314  -76.410  36.381 0.3000000119
19474  -33.096  -76.573  35.251 0.3000000119
19511  -46.363  -76.168  33.400 0.1000000015
19521  -40.746  -76.467  32.233 0.3000000119
19522  -41.438  -76.673  32.404 0.3000000119
19524  -43.139  -77.281  32.880 0.1000000015
19554  -33.022  -76.737  30.912 0.5000000000
19559  -41.114  -77.359  31.214 0.2000000030
19576  -34.560  -76.477  29.346 0.5000000000
19589  -34.639  -76.831  29.038 0.5000000000
19590  -35.058  -76.746  28.908 0.5000000000
19621  -38.083  -76.747  24.995 0.1000000015
19643  -37.804  -76.710  24.596 0.1000000015
19672  -37.644  -77.357  22.836 0.1000000015
19673  -38.120  -77.053  22.169 0.1000000015
20283  -45.742  -76.029  39.157 0.1000000015
20290  -37.125  -75.299  38.873 0.3000000119
20291  -37.714  -75.069  38.988 0.3000000119
20298  -45.581  -75.899  38.960 0.1000000015
20306  -34.695  -74.970  37.782 0.3000000119
20310  -43.929  -76.097  38.631 0.1000000015
20312  -45.263  -76.222  38.765 0.1000000015
20338  -33.367  -75.579  36.242 0.3000000119
20339  -33.684  -75.318  36.730 0.3000000119
20355  -33.157  -75.696  35.431 0.3000000119
20367  -32.965  -76.108  34.865 0.3000000119
20380  -38.726  -74.937  33.130 0.2000000030
20398  -38.150  -74.818  32.599 0.2000000030
20402  -41.023  -76.232  32.617 0.3000000119
20404  -46.911  -75.212  33.098 0.1000000015
20415  -37.310  -74.703  31.707 0.2000000030
20422  -46.443  -75.326  32.463 0.1000000015
20435  -34.153  -75.633  30.340 0.5000000000
20436  -35.035  -74.955  30.544 0.5000000000
20441  -39.366  -76.305  31.374 0.4000000060
20458  -34.344  -76.034  29.790 0.5000000000
20461  -36.577  -75.273  30.233 0.3000000119
20463  -38.349  -75.987  30.452 0.4000000060
20506  -38.716  -76.017  24.767 0.1000000015
20507  -39.256  -75.930  24.998 0.1000000015
20508  -40.203  -75.888  25.204 0.1000000015
20509  -41.299  -75.846  25.213 0.1000000015
20527  -37.963  -76.414  24.441 0.1000000015
20528  -38.232  -76.204  24.517 0.1000000015
20545  -37.872  -76.361  24.199 0.1000000015
20547  -38.708  -75.361  23.716 0.1000000015
20574  -38.984  -76.014  21.568 0.1000000015
20591  -42.867  -74.927  19.641 0.1000000015
21212  -38.468  -74.450  39.024 0.3000000119
21232  -42.364  -73.562  38.743 0.1000000015
21234  -43.668  -73.337  38.619 0.1000000015
21242  -34.483  -74.610  37.342 0.3000000119
21251  -33.493  -75.098  36.117 0.3000000119
21322  -37.976  -74.727  32.879 0.3000000119
21335  -34.897  -74.573  31.413 0.4000000060
21355  -35.129  -74.663  30.968 0.4000000060
21433  -39.462  -75.039  24.256 0.1000000015
21465  -38.988  -75.180  22.704 0.1000000015
21501  -44.567  -73.873  20.327 0.1000000015
21502  -44.542  -73.511  20.091 0.1000000015
21519  -43.772  -74.408  18.847 0.1000000015
21536  -43.561  -74.157  17.998 0.1000000015
22134  -43.832  -73.236  38.776 0.1000000015
22142  -42.331  -72.940  38.626 0.1000000015
22188  -38.640  -74.007  34.199 0.2000000030
22219  -46.581  -73.440  32.695 0.1000000015
22253  -46.823  -73.026  31.357 0.1000000015
22353  -41.392  -74.026  23.121 0.1000000015
22371  -43.557  -73.615  22.239 0.1000000015
22384  -44.005  -73.769  21.523 0.1000000015
22413  -44.581  -73.128  19.115 0.1000000015
22423  -44.382  -73.210  17.948 0.1000000015
22436  -44.454  -72.900  17.778 0.1000000015
22965  -36.260  -72.863  38.111 0.3000000119
22973  -43.791  -72.781  38.844 0.1000000015
23030  -46.240  -73.211  32.814 0.1000000015
23088  -45.983  -72.580  30.514 0.1000000015
23229  -44.327  -72.743  19.261 0.1000000015
23252  -41.771  -72.105  17.849 0.1000000015
23263  -42.177  -72.415  17.399 0.1000000015
23266  -44.358  -72.618  17.512 0.1000000015
24069  -40.457  -71.126  21.441 0.1000000015
24081  -41.278  -71.296  20.808 0.1000000015
24092  -42.667  -71.480  19.721 0.1000000015
24093  -43.330  -71.216  19.154 0.1000000015
24103  -42.435  -71.062  17.661 0.1000000015
24104  -42.829  -71.474  17.365 0.1000000015
24821  -46.077  -70.413  29.216 0.1000000015
24906  -40.272  -70.095  21.459 0.1000000015
24907  -41.010  -70.191  20.905 0.1000000015
24940  -42.554  -69.715  17.864 0.1000000015
24949  -42.625  -70.272  17.720 0.1000000015
25611  -46.610  -69.283  30.122 0.1000000015
25632  -41.866  -69.137  28.592 0.1000000015
25749  -43.627  -68.374  17.893 0.1000000015
26356  -40.323  -68.870  37.918 0.1000000015
26369  -40.110  -68.902  37.719 0.1000000015
26370  -40.478  -68.936  37.786 0.1000000015
29048  -40.569  -66.139  21.006 0.1000000015
29061  -40.745  -65.281  20.778 0.1000000015
107077  -40.872  -69.212  19.190 0.1000000015
107078  -43.001  -69.310  19.569 0.1000000015
107084  -43.666  -67.396  17.874 0.1000000015
107087  -43.907  -66.865  18.303 0.1000000015
