#!ascii label  , from subject 3503 vox2ras=TkReg
474
56933  -28.094  -34.052  12.114 0.0000000000
62951  -26.096  -27.463  9.444 0.0000000000
75275  -25.711  -13.372  6.551 0.0000000000
71706  -27.864  -17.925  6.399 0.0000000000
67356  -31.239  -22.856  4.948 0.0000000000
62103  -33.074  -29.378  8.810 0.0000000000
77983  -25.200  -11.004  6.664 0.0000000000
69930  -29.677  -19.970  6.069 0.0000000000
67334  -29.347  -22.248  8.714 0.0000000000
60378  -26.978  -30.847  9.736 0.0000000000
62959  -28.446  -27.620  8.310 0.0000000000
59538  -29.312  -31.379  10.914 0.0000000000
56028  -22.576  -35.869  16.197 0.0000000000
58645  -24.773  -32.353  12.553 0.0000000000
82105  -20.700  -5.776  4.132 0.0000000000
79731  -21.414  -8.464  3.150 0.0000000000
78030  -23.236  -10.622  3.801 0.0000000000
75289  -23.591  -13.275  3.863 0.0000000000
72599  -24.226  -16.791  3.280 0.0000000000
72587  -26.289  -16.280  5.763 0.0000000000
70841  -26.360  -18.644  2.631 0.0000000000
70844  -29.760  -19.400  1.999 0.0000000000
69118  -32.325  -20.996  3.593 0.0000000000
67343  -32.341  -22.804  5.998 0.0000000000
64630  -27.820  -25.116  6.795 0.0000000000
63800  -32.115  -26.063  6.002 0.0000000000
69070  -29.076  -20.379  9.990 0.0000000000
68187  -27.840  -21.793  10.957 0.0000000000
58654  -27.644  -32.469  10.806 0.0000000000
59540  -28.101  -30.932  9.683 0.0000000000
57802  -28.459  -32.881  10.712 0.0000000000
53428  -21.895  -38.799  19.226 0.0000000000
54268  -22.393  -37.795  18.363 0.0000000000
54290  -23.533  -37.466  17.961 0.0000000000
60366  -24.493  -30.626  12.200 0.0000000000
58644  -23.935  -32.249  12.578 0.0000000000
78882  -22.007  -9.596  3.061 0.0000000000
77109  -25.472  -11.665  6.877 0.0000000000
76202  -24.466  -12.370  4.994 0.0000000000
75282  -24.677  -13.264  5.163 0.0000000000
74368  -23.926  -15.110  3.489 0.0000000000
74360  -24.949  -14.976  4.767 0.0000000000
71705  -27.244  -17.338  6.300 0.0000000000
70828  -26.355  -17.944  4.439 0.0000000000
70829  -27.088  -18.181  4.563 0.0000000000
70836  -28.443  -18.959  2.762 0.0000000000
70830  -28.277  -18.687  3.950 0.0000000000
68238  -30.158  -21.751  6.167 0.0000000000
69108  -30.898  -20.767  4.447 0.0000000000
68249  -31.641  -22.196  4.441 0.0000000000
69110  -32.209  -21.256  4.323 0.0000000000
67357  -32.105  -22.923  4.378 0.0000000000
64613  -27.104  -25.951  10.099 0.0000000000
65534  -27.884  -24.972  9.344 0.0000000000
64620  -26.438  -25.887  7.754 0.0000000000
62109  -30.682  -27.897  8.419 0.0000000000
63792  -30.446  -26.751  6.828 0.0000000000
62970  -32.295  -27.550  7.174 0.0000000000
64631  -32.868  -25.670  6.955 0.0000000000
62954  -33.378  -27.796  8.477 0.0000000000
55132  -24.478  -36.190  16.797 0.0000000000
56905  -23.561  -34.770  15.043 0.0000000000
56031  -25.506  -35.668  16.071 0.0000000000
56907  -25.436  -34.537  14.925 0.0000000000
71694  -28.539  -17.973  8.233 0.0000000000
70816  -29.292  -19.093  5.682 0.0000000000
69923  -29.288  -19.194  8.161 0.0000000000
69084  -29.595  -20.598  7.838 0.0000000000
67349  -29.702  -22.498  6.815 0.0000000000
62097  -25.733  -28.515  9.201 0.0000000000
62957  -26.266  -27.692  7.885 0.0000000000
62098  -27.148  -28.670  8.745 0.0000000000
61212  -29.299  -29.128  9.784 0.0000000000
61204  -30.862  -29.554  10.626 0.0000000000
55110  -23.532  -36.764  17.441 0.0000000000
62088  -25.654  -28.484  11.045 0.0000000000
61196  -25.312  -29.663  10.825 0.0000000000
59527  -26.127  -31.168  11.179 0.0000000000
57791  -27.060  -32.904  12.439 0.0000000000
82103  -19.680  -5.124  3.350 0.0000000000
81354  -21.757  -6.257  4.904 0.0000000000
80567  -21.177  -7.269  3.443 0.0000000000
78900  -20.737  -9.656  2.338 0.0000000000
78040  -20.929  -10.663  2.224 0.0000000000
76219  -21.804  -12.730  2.339 0.0000000000
78014  -24.288  -10.640  5.049 0.0000000000
76210  -23.249  -12.530  3.609 0.0000000000
75296  -22.311  -13.452  2.568 0.0000000000
74378  -22.653  -15.313  2.297 0.0000000000
72605  -23.196  -16.778  2.005 0.0000000000
71733  -24.131  -17.480  1.953 0.0000000000
74346  -26.190  -14.741  6.563 0.0000000000
72592  -25.259  -16.585  4.540 0.0000000000
71726  -24.915  -17.732  3.373 0.0000000000
71740  -25.301  -17.893  1.419 0.0000000000
71742  -27.920  -17.933  1.050 0.0000000000
71745  -30.660  -18.297  1.899 0.0000000000
69948  -30.421  -19.790  3.690 0.0000000000
69952  -31.968  -20.273  2.112 0.0000000000
66422  -28.378  -23.306  10.128 0.0000000000
66447  -28.840  -23.777  8.243 0.0000000000
65548  -29.435  -24.380  6.152 0.0000000000
63797  -28.095  -26.278  6.653 0.0000000000
64635  -30.098  -25.255  5.903 0.0000000000
65549  -30.837  -24.419  5.370 0.0000000000
66468  -32.663  -24.164  5.067 0.0000000000
66458  -32.422  -23.603  6.563 0.0000000000
57776  -24.488  -33.654  13.700 0.0000000000
57778  -26.277  -33.461  13.649 0.0000000000
56076  -28.074  -34.939  13.296 0.0000000000
58648  -27.514  -32.698  11.397 0.0000000000
58657  -27.955  -32.463  10.343 0.0000000000
57797  -28.094  -33.339  11.185 0.0000000000
56938  -28.687  -34.363  11.283 0.0000000000
56934  -28.567  -34.699  11.673 0.0000000000
52596  -22.529  -39.194  19.289 0.0000000000
53447  -22.342  -38.500  18.864 0.0000000000
76185  -25.769  -12.500  7.099 0.0000000000
76193  -24.891  -12.686  5.581 0.0000000000
75283  -25.226  -13.568  5.703 0.0000000000
74353  -24.768  -14.140  4.968 0.0000000000
74354  -25.330  -14.688  5.382 0.0000000000
71693  -27.937  -17.357  7.949 0.0000000000
71698  -27.636  -17.386  7.043 0.0000000000
70824  -27.386  -18.025  5.299 0.0000000000
70825  -28.166  -18.385  5.350 0.0000000000
68239  -30.886  -22.060  5.122 0.0000000000
69100  -31.277  -21.707  4.617 0.0000000000
63778  -26.741  -26.578  10.075 0.0000000000
63782  -27.025  -25.813  9.170 0.0000000000
63781  -26.444  -26.396  8.768 0.0000000000
62110  -31.595  -28.214  8.080 0.0000000000
62113  -31.969  -27.942  7.459 0.0000000000
62114  -32.428  -28.167  7.615 0.0000000000
62962  -33.063  -27.995  7.650 0.0000000000
62963  -33.343  -28.746  8.021 0.0000000000
62955  -33.592  -28.694  8.324 0.0000000000
62104  -33.805  -29.349  8.964 0.0000000000
56030  -24.528  -35.598  16.275 0.0000000000
70791  -28.698  -18.545  9.312 0.0000000000
70802  -28.970  -18.593  8.536 0.0000000000
69917  -29.206  -19.421  9.046 0.0000000000
68215  -29.427  -21.095  9.325 0.0000000000
69083  -29.484  -20.435  8.847 0.0000000000
68216  -29.524  -21.419  8.454 0.0000000000
68228  -29.651  -21.543  7.311 0.0000000000
67342  -29.432  -22.337  7.853 0.0000000000
60385  -26.200  -29.596  9.226 0.0000000000
61218  -26.679  -28.786  8.759 0.0000000000
60386  -26.712  -29.925  9.248 0.0000000000
59537  -28.460  -31.389  10.115 0.0000000000
60388  -28.367  -30.494  9.821 0.0000000000
61202  -28.847  -29.868  10.032 0.0000000000
61213  -30.204  -29.075  10.046 0.0000000000
60381  -29.963  -30.412  11.097 0.0000000000
60382  -30.869  -30.183  11.243 0.0000000000
59530  -30.069  -31.325  11.580 0.0000000000
53427  -21.170  -38.748  19.340 0.0000000000
52576  -21.034  -39.421  19.916 0.0000000000
54291  -24.542  -37.550  17.701 0.0000000000
59519  -25.011  -31.517  11.926 0.0000000000
59526  -25.471  -31.125  11.480 0.0000000000
58646  -25.743  -32.175  12.281 0.0000000000
58647  -26.803  -32.348  11.914 0.0000000000
58641  -25.690  -32.640  12.833 0.0000000000
82093  -20.401  -4.946  5.057 0.0000000000
82829  -19.884  -4.710  3.945 0.0000000000
82104  -20.154  -5.422  3.763 0.0000000000
82114  -19.773  -5.741  3.126 0.0000000000
81365  -20.554  -6.520  3.401 0.0000000000
80554  -22.424  -7.292  4.474 0.0000000000
80568  -21.931  -7.644  3.724 0.0000000000
80566  -20.420  -7.353  2.963 0.0000000000
79730  -20.836  -7.919  3.086 0.0000000000
79746  -20.396  -8.511  2.585 0.0000000000
79747  -20.991  -8.979  2.681 0.0000000000
78029  -22.490  -10.649  3.193 0.0000000000
78041  -21.682  -10.727  2.618 0.0000000000
77161  -21.062  -11.770  2.075 0.0000000000
77162  -22.128  -11.683  2.699 0.0000000000
77998  -24.677  -10.702  5.774 0.0000000000
76201  -23.821  -12.471  4.304 0.0000000000
76209  -22.561  -12.615  2.967 0.0000000000
75297  -23.044  -13.627  3.133 0.0000000000
75306  -22.486  -14.387  2.442 0.0000000000
73470  -24.298  -15.786  3.733 0.0000000000
73474  -23.122  -15.963  2.471 0.0000000000
72598  -23.613  -16.537  2.659 0.0000000000
71732  -23.672  -17.023  1.487 0.0000000000
72606  -23.860  -17.084  2.516 0.0000000000
73443  -26.873  -15.712  7.475 0.0000000000
74326  -26.651  -14.737  8.163 0.0000000000
73454  -26.402  -15.513  6.428 0.0000000000
73461  -25.900  -15.429  5.756 0.0000000000
70834  -26.131  -18.227  3.734 0.0000000000
71727  -25.506  -17.808  3.838 0.0000000000
70840  -25.494  -18.362  2.965 0.0000000000
71734  -24.877  -18.076  2.404 0.0000000000
70848  -26.477  -18.534  1.678 0.0000000000
71741  -26.668  -17.793  1.049 0.0000000000
70843  -28.898  -19.112  1.771 0.0000000000
70850  -28.914  -18.570  1.381 0.0000000000
69954  -29.533  -19.037  1.376 0.0000000000
71744  -29.951  -18.120  1.701 0.0000000000
69960  -30.903  -19.262  1.392 0.0000000000
69939  -30.219  -20.005  4.821 0.0000000000
69117  -32.138  -20.873  3.392 0.0000000000
69949  -31.626  -20.461  3.160 0.0000000000
69950  -32.400  -20.410  3.083 0.0000000000
69953  -32.491  -19.830  2.265 0.0000000000
68240  -32.315  -22.217  4.993 0.0000000000
68229  -32.032  -21.807  6.347 0.0000000000
66421  -27.722  -23.326  10.861 0.0000000000
64626  -27.836  -24.938  7.538 0.0000000000
65540  -28.413  -24.412  7.896 0.0000000000
65544  -28.576  -24.340  6.991 0.0000000000
65545  -29.188  -23.860  6.694 0.0000000000
65547  -28.462  -24.797  6.473 0.0000000000
63785  -27.887  -27.309  7.708 0.0000000000
63789  -26.763  -26.878  6.906 0.0000000000
63786  -28.414  -27.101  7.664 0.0000000000
63799  -30.947  -26.000  6.207 0.0000000000
63798  -29.471  -26.072  6.431 0.0000000000
64636  -31.623  -25.227  5.414 0.0000000000
65552  -32.413  -24.512  4.966 0.0000000000
64641  -32.668  -25.173  5.582 0.0000000000
65550  -32.746  -24.701  6.262 0.0000000000
65546  -32.529  -24.583  7.395 0.0000000000
56052  -26.710  -35.291  15.233 0.0000000000
56908  -26.237  -34.513  14.731 0.0000000000
56068  -27.068  -34.862  14.656 0.0000000000
56927  -27.556  -34.404  13.663 0.0000000000
56069  -27.888  -35.177  14.001 0.0000000000
69069  -28.476  -19.896  10.388 0.0000000000
69055  -28.705  -21.046  10.420 0.0000000000
68188  -28.434  -21.659  10.514 0.0000000000
59535  -27.212  -31.463  10.135 0.0000000000
60379  -27.584  -31.058  9.679 0.0000000000
59536  -27.747  -31.664  9.908 0.0000000000
58658  -28.368  -32.286  10.327 0.0000000000
58659  -29.128  -32.061  10.748 0.0000000000
57803  -28.705  -32.683  10.720 0.0000000000
56939  -29.155  -34.218  11.260 0.0000000000
54289  -22.472  -37.278  17.896 0.0000000000
54269  -23.125  -37.801  18.301 0.0000000000
53467  -23.813  -38.162  18.351 0.0000000000
61192  -24.935  -29.671  11.843 0.0000000000
59518  -24.199  -31.524  12.402 0.0000000000
57790  -24.257  -32.629  12.713 0.0000000000
82084  -20.941  -5.533  5.495 0.0000000000
79732  -22.549  -8.481  3.875 0.0000000000
79733  -23.114  -9.029  4.126 0.0000000000
78883  -22.860  -9.658  3.698 0.0000000000
77120  -24.847  -11.759  5.764 0.0000000000
75290  -24.210  -13.504  4.455 0.0000000000
75298  -23.748  -14.202  3.671 0.0000000000
74359  -24.405  -14.774  4.196 0.0000000000
73465  -24.795  -15.704  4.390 0.0000000000
72577  -26.915  -16.485  6.672 0.0000000000
71714  -26.345  -17.164  5.266 0.0000000000
71704  -26.731  -16.996  5.890 0.0000000000
71721  -26.494  -17.703  4.854 0.0000000000
70835  -27.272  -18.597  3.278 0.0000000000
70842  -27.487  -18.832  2.176 0.0000000000
70831  -29.404  -19.253  3.286 0.0000000000
69092  -29.761  -20.768  6.662 0.0000000000
69099  -30.592  -21.046  5.226 0.0000000000
69109  -31.692  -21.283  3.999 0.0000000000
68250  -32.080  -22.067  4.287 0.0000000000
67351  -32.502  -23.241  5.039 0.0000000000
64603  -27.551  -24.997  10.485 0.0000000000
64614  -27.492  -25.476  9.801 0.0000000000
64621  -27.382  -25.375  8.507 0.0000000000
64625  -27.036  -25.487  7.278 0.0000000000
62960  -29.844  -27.611  8.357 0.0000000000
62968  -30.110  -27.258  7.533 0.0000000000
62961  -30.753  -27.676  7.930 0.0000000000
62969  -31.307  -27.525  7.298 0.0000000000
63793  -31.708  -26.800  6.632 0.0000000000
63801  -32.657  -25.963  5.987 0.0000000000
63794  -32.714  -26.601  6.659 0.0000000000
63787  -32.962  -26.797  7.712 0.0000000000
63783  -32.853  -26.662  8.934 0.0000000000
56029  -23.517  -35.669  16.262 0.0000000000
56049  -23.568  -35.214  15.644 0.0000000000
56050  -24.497  -35.089  15.637 0.0000000000
56906  -24.464  -34.591  15.015 0.0000000000
56051  -25.475  -35.085  15.501 0.0000000000
56032  -26.300  -35.761  15.753 0.0000000000
71699  -28.272  -17.940  7.280 0.0000000000
70815  -28.677  -18.465  6.505 0.0000000000
70808  -29.029  -18.623  7.539 0.0000000000
70809  -29.283  -19.109  6.659 0.0000000000
69924  -29.447  -19.701  7.340 0.0000000000
69918  -29.459  -19.842  8.264 0.0000000000
67350  -30.365  -22.679  5.806 0.0000000000
62956  -25.962  -27.487  8.312 0.0000000000
62105  -26.093  -28.297  8.496 0.0000000000
62106  -26.686  -28.261  8.392 0.0000000000
62108  -28.257  -28.251  8.739 0.0000000000
60387  -27.645  -30.452  9.475 0.0000000000
61211  -28.257  -29.531  9.460 0.0000000000
62953  -29.219  -27.980  8.824 0.0000000000
62101  -30.326  -28.323  9.218 0.0000000000
62093  -30.999  -28.966  9.893 0.0000000000
62102  -31.972  -29.032  9.208 0.0000000000
61214  -32.698  -29.499  9.438 0.0000000000
61197  -31.496  -29.998  10.997 0.0000000000
58655  -29.651  -32.249  11.594 0.0000000000
55109  -22.568  -36.796  17.411 0.0000000000
55131  -23.514  -36.181  16.881 0.0000000000
55111  -24.471  -36.778  17.311 0.0000000000
62092  -25.886  -28.166  10.150 0.0000000000
62091  -25.360  -28.940  10.018 0.0000000000
61201  -25.447  -29.697  9.806 0.0000000000
60370  -26.109  -30.630  10.347 0.0000000000
61195  -25.096  -30.145  11.289 0.0000000000
60369  -25.475  -30.571  11.089 0.0000000000
59521  -26.602  -31.766  11.383 0.0000000000
58653  -27.125  -32.166  11.243 0.0000000000
57786  -27.541  -33.461  12.528 0.0000000000
82821  -19.772  -4.303  4.546 0.0000000000
81339  -21.439  -5.987  5.865 0.0000000000
81366  -21.038  -6.231  4.022 0.0000000000
80581  -19.586  -7.546  2.444 0.0000000000
78881  -21.332  -9.325  2.729 0.0000000000
78901  -21.370  -9.985  2.554 0.0000000000
78039  -20.220  -10.574  1.862 0.0000000000
77160  -20.502  -11.200  1.887 0.0000000000
77179  -20.640  -12.354  1.598 0.0000000000
76218  -21.116  -12.906  1.795 0.0000000000
78871  -24.053  -9.937  4.827 0.0000000000
78013  -23.774  -10.656  4.467 0.0000000000
77130  -24.477  -11.399  5.238 0.0000000000
77145  -23.517  -11.571  4.036 0.0000000000
77144  -22.887  -11.613  3.370 0.0000000000
75304  -21.097  -13.618  1.478 0.0000000000
75305  -21.671  -13.844  2.022 0.0000000000
73478  -22.342  -15.806  1.368 0.0000000000
74367  -23.320  -14.910  2.851 0.0000000000
73473  -22.466  -16.035  2.006 0.0000000000
75266  -26.341  -13.809  7.799 0.0000000000
75276  -26.115  -14.048  6.902 0.0000000000
74345  -25.782  -14.413  6.150 0.0000000000
73466  -25.330  -15.595  5.004 0.0000000000
72591  -24.655  -16.401  3.986 0.0000000000
72593  -25.876  -16.757  5.075 0.0000000000
71719  -25.245  -17.357  4.049 0.0000000000
71725  -24.336  -17.522  2.715 0.0000000000
70849  -27.721  -18.488  1.443 0.0000000000
71735  -29.331  -17.519  2.134 0.0000000000
71736  -30.156  -17.815  2.292 0.0000000000
70826  -29.300  -19.154  4.485 0.0000000000
69951  -30.556  -19.730  2.421 0.0000000000
69940  -31.030  -20.517  3.955 0.0000000000
69961  -31.512  -19.393  1.507 0.0000000000
69941  -32.417  -20.617  3.903 0.0000000000
67305  -28.131  -22.494  10.597 0.0000000000
67320  -28.755  -22.446  10.035 0.0000000000
65522  -28.449  -23.861  9.625 0.0000000000
66437  -28.858  -23.253  9.243 0.0000000000
66448  -29.186  -22.965  8.405 0.0000000000
66456  -29.196  -23.403  7.374 0.0000000000
66462  -29.723  -23.391  6.393 0.0000000000
66463  -30.525  -23.565  5.534 0.0000000000
63788  -26.181  -26.679  6.908 0.0000000000
64628  -26.641  -26.208  6.669 0.0000000000
64634  -28.403  -25.453  6.398 0.0000000000
63791  -29.037  -26.679  7.207 0.0000000000
66466  -31.501  -23.673  4.852 0.0000000000
66467  -32.333  -23.833  4.673 0.0000000000
67344  -32.553  -23.453  5.621 0.0000000000
64638  -32.844  -25.509  5.994 0.0000000000
66465  -32.661  -23.995  5.559 0.0000000000
57789  -23.899  -32.771  12.779 0.0000000000
57783  -24.605  -33.023  13.074 0.0000000000
56925  -25.421  -33.983  14.359 0.0000000000
57777  -25.463  -33.484  13.771 0.0000000000
57784  -25.605  -33.032  13.287 0.0000000000
57785  -26.735  -33.129  13.100 0.0000000000
56930  -27.841  -34.190  12.935 0.0000000000
56926  -26.653  -34.099  14.184 0.0000000000
56929  -27.051  -33.793  13.585 0.0000000000
56937  -28.280  -33.947  11.579 0.0000000000
57792  -27.679  -33.227  11.879 0.0000000000
57793  -29.664  -32.901  11.724 0.0000000000
57798  -28.598  -33.530  11.027 0.0000000000
57801  -27.924  -33.162  10.765 0.0000000000
58640  -25.121  -32.755  12.956 0.0000000000
58642  -26.394  -32.610  12.548 0.0000000000
59520  -25.965  -31.647  11.751 0.0000000000
59528  -26.926  -31.583  10.705 0.0000000000
59529  -27.535  -31.947  10.337 0.0000000000
59539  -27.922  -31.167  9.658 0.0000000000
60367  -24.965  -30.640  11.551 0.0000000000
60371  -26.809  -31.149  10.202 0.0000000000
60377  -26.119  -30.065  9.511 0.0000000000
60380  -29.062  -30.559  10.387 0.0000000000
61203  -29.636  -29.708  10.418 0.0000000000
61205  -32.300  -29.760  10.329 0.0000000000
61208  -25.781  -29.351  9.314 0.0000000000
61209  -26.262  -29.078  8.917 0.0000000000
61210  -27.197  -29.339  9.044 0.0000000000
61217  -26.361  -28.604  8.641 0.0000000000
62094  -31.547  -29.280  10.051 0.0000000000
62096  -25.434  -29.133  9.510 0.0000000000
62099  -27.839  -28.751  8.970 0.0000000000
62100  -28.808  -28.534  9.181 0.0000000000
62107  -27.553  -28.174  8.508 0.0000000000
62111  -32.807  -28.832  8.050 0.0000000000
62112  -33.438  -29.085  8.324 0.0000000000
62952  -28.679  -28.097  8.769 0.0000000000
62958  -27.171  -27.567  7.772 0.0000000000
62964  -25.923  -27.214  7.453 0.0000000000
62965  -26.438  -27.255  7.259 0.0000000000
62966  -26.943  -27.203  7.199 0.0000000000
62967  -29.180  -27.154  7.874 0.0000000000
63779  -26.962  -26.057  9.591 0.0000000000
63784  -26.012  -26.584  7.600 0.0000000000
63790  -27.625  -26.911  7.203 0.0000000000
63795  -26.648  -26.509  6.702 0.0000000000
63796  -27.148  -26.491  6.710 0.0000000000
64622  -28.000  -24.809  8.194 0.0000000000
64624  -26.275  -25.954  6.971 0.0000000000
64629  -27.131  -25.716  6.679 0.0000000000
64632  -26.862  -26.318  6.608 0.0000000000
64633  -27.289  -26.080  6.558 0.0000000000
64637  -32.469  -25.512  5.641 0.0000000000
64639  -32.106  -24.824  5.032 0.0000000000
64640  -32.402  -25.010  5.273 0.0000000000
65521  -28.042  -24.404  10.105 0.0000000000
65535  -28.336  -24.431  8.912 0.0000000000
65551  -31.804  -24.435  4.890 0.0000000000
65553  -32.720  -24.717  5.478 0.0000000000
66438  -29.187  -22.708  8.951 0.0000000000
66455  -28.783  -24.013  7.611 0.0000000000
66464  -32.675  -23.779  5.000 0.0000000000
67304  -27.653  -22.455  11.004 0.0000000000
67321  -29.167  -22.330  9.380 0.0000000000
67352  -32.659  -23.618  5.231 0.0000000000
68199  -29.146  -21.545  9.950 0.0000000000
68200  -29.369  -21.728  9.183 0.0000000000
69041  -27.398  -21.485  11.257 0.0000000000
69955  -30.174  -19.330  1.629 0.0000000000
69956  -31.293  -19.699  1.648 0.0000000000
69957  -32.091  -19.650  1.636 0.0000000000
69958  -29.577  -18.831  1.301 0.0000000000
69959  -30.123  -18.998  1.307 0.0000000000
70833  -25.488  -18.077  3.476 0.0000000000
70837  -29.411  -19.299  2.402 0.0000000000
70845  -31.379  -18.572  1.880 0.0000000000
70846  -31.662  -19.070  1.525 0.0000000000
70847  -25.611  -18.523  2.160 0.0000000000
70851  -29.722  -18.539  1.367 0.0000000000
70852  -30.767  -18.741  1.412 0.0000000000
70853  -31.272  -19.145  1.385 0.0000000000
71682  -28.601  -18.137  8.843 0.0000000000
71715  -26.937  -17.632  5.436 0.0000000000
71716  -27.482  -17.876  5.775 0.0000000000
71720  -25.846  -17.505  4.522 0.0000000000
72568  -27.081  -16.288  7.283 0.0000000000
72578  -27.270  -16.996  6.869 0.0000000000
72586  -25.712  -16.151  5.240 0.0000000000
72600  -24.819  -17.012  3.880 0.0000000000
73453  -26.075  -15.023  6.212 0.0000000000
73462  -26.226  -15.737  5.959 0.0000000000
73469  -23.757  -15.864  3.068 0.0000000000
76194  -25.333  -12.439  6.247 0.0000000000
77129  -24.092  -11.516  4.656 0.0000000000
77982  -24.920  -10.574  6.388 0.0000000000
77999  -24.972  -11.117  6.181 0.0000000000
78870  -23.499  -9.635  4.364 0.0000000000
80553  -21.742  -6.886  4.055 0.0000000000
82094  -20.882  -5.653  4.564 0.0000000000
