#!ascii label  , from subject 3503 vox2ras=TkReg
565
37047  23.807  -54.620  82.505 0.0000000000
54436  37.999  -35.506  71.606 0.0000000000
58041  40.757  -32.021  69.746 0.0000000000
48195  38.884  -41.681  79.348 0.0000000000
37089  28.788  -55.058  79.517 0.0000000000
34210  27.119  -57.520  82.522 0.0000000000
56201  40.037  -33.653  71.580 0.0000000000
55275  42.366  -34.453  75.237 0.0000000000
45216  35.412  -45.157  81.245 0.0000000000
38823  32.059  -52.523  81.566 0.0000000000
60061  49.095  -29.086  65.127 0.0000000000
61804  43.517  -27.889  71.700 0.0000000000
50037  36.167  -40.431  77.400 0.0000000000
53470  38.452  -36.981  77.923 0.0000000000
37027  27.014  -54.576  83.203 0.0000000000
36140  25.657  -55.889  82.857 0.0000000000
55320  39.205  -34.521  71.456 0.0000000000
55299  41.777  -34.262  73.909 0.0000000000
55291  39.911  -34.797  74.516 0.0000000000
42218  36.036  -48.436  79.621 0.0000000000
35181  30.807  -56.756  82.062 0.0000000000
37968  30.832  -53.698  80.570 0.0000000000
36148  32.004  -55.680  81.850 0.0000000000
61854  47.955  -27.741  66.772 0.0000000000
59060  48.264  -30.292  66.653 0.0000000000
60933  47.318  -28.716  68.490 0.0000000000
58994  40.325  -30.813  72.192 0.0000000000
60927  40.638  -28.892  70.052 0.0000000000
58992  42.034  -30.096  72.004 0.0000000000
59033  43.775  -30.591  69.052 0.0000000000
59035  41.932  -31.016  68.131 0.0000000000
48171  37.120  -42.747  81.037 0.0000000000
48197  35.962  -42.504  79.743 0.0000000000
50023  37.023  -40.663  79.552 0.0000000000
52542  36.436  -38.068  77.795 0.0000000000
51675  38.199  -38.932  78.828 0.0000000000
51687  40.287  -37.947  78.190 0.0000000000
50043  40.191  -40.393  77.483 0.0000000000
36138  28.595  -55.779  82.643 0.0000000000
58025  38.948  -31.872  70.149 0.0000000000
56205  40.217  -33.211  71.295 0.0000000000
55317  41.787  -34.445  72.009 0.0000000000
55296  43.757  -35.099  72.754 0.0000000000
42177  33.301  -48.827  82.612 0.0000000000
43168  35.139  -47.321  82.105 0.0000000000
44177  37.483  -46.227  80.967 0.0000000000
46260  38.242  -44.862  79.066 0.0000000000
48231  39.312  -42.773  76.798 0.0000000000
41340  30.982  -49.715  81.308 0.0000000000
39689  32.993  -51.466  81.784 0.0000000000
59118  49.737  -30.658  63.629 0.0000000000
61838  44.685  -27.433  69.111 0.0000000000
59016  46.231  -29.927  70.119 0.0000000000
60052  44.184  -29.544  66.434 0.0000000000
54403  38.423  -35.776  74.771 0.0000000000
54382  40.332  -35.292  76.524 0.0000000000
52559  41.706  -37.026  76.150 0.0000000000
36154  24.049  -56.036  81.835 0.0000000000
36141  24.879  -55.652  82.575 0.0000000000
36153  24.689  -56.384  82.054 0.0000000000
54435  39.103  -34.956  71.802 0.0000000000
54422  39.596  -34.949  72.801 0.0000000000
54423  38.775  -35.435  72.644 0.0000000000
36149  31.088  -55.824  81.744 0.0000000000
61856  46.302  -27.400  66.888 0.0000000000
61844  47.500  -27.776  67.340 0.0000000000
61846  46.031  -27.473  67.895 0.0000000000
58006  40.862  -31.714  71.884 0.0000000000
58993  40.986  -30.428  72.462 0.0000000000
58005  41.365  -31.260  71.279 0.0000000000
58021  42.098  -31.094  69.536 0.0000000000
48183  38.061  -42.379  80.271 0.0000000000
49130  37.352  -41.798  80.243 0.0000000000
50009  37.723  -41.153  79.849 0.0000000000
50846  37.852  -39.755  79.243 0.0000000000
50020  38.749  -40.193  79.283 0.0000000000
50856  39.645  -39.422  78.592 0.0000000000
49146  39.507  -41.104  78.656 0.0000000000
36139  27.743  -55.162  82.656 0.0000000000
35164  28.211  -56.365  83.006 0.0000000000
35163  29.242  -56.608  82.559 0.0000000000
56207  38.358  -33.406  70.045 0.0000000000
57116  38.361  -32.583  69.418 0.0000000000
57106  38.929  -32.573  70.594 0.0000000000
57105  39.677  -32.342  71.443 0.0000000000
55331  40.844  -34.204  71.162 0.0000000000
55318  40.768  -34.011  72.004 0.0000000000
56192  42.255  -34.160  74.361 0.0000000000
55298  42.617  -34.290  73.898 0.0000000000
55287  43.109  -34.650  74.299 0.0000000000
53512  43.504  -35.869  73.748 0.0000000000
53501  43.131  -35.919  74.618 0.0000000000
41323  33.710  -49.261  82.728 0.0000000000
42176  34.034  -48.347  82.415 0.0000000000
41321  35.154  -48.579  82.021 0.0000000000
43200  37.047  -47.395  80.806 0.0000000000
45226  38.082  -45.350  79.699 0.0000000000
37953  31.411  -53.611  81.212 0.0000000000
39701  30.747  -51.831  81.054 0.0000000000
39691  31.428  -51.702  81.571 0.0000000000
40514  32.262  -50.460  82.063 0.0000000000
39690  32.296  -51.459  81.770 0.0000000000
61892  49.066  -27.737  64.784 0.0000000000
60084  49.477  -29.299  64.551 0.0000000000
59061  47.948  -30.725  66.750 0.0000000000
61806  42.188  -28.228  71.404 0.0000000000
60926  41.404  -28.227  70.024 0.0000000000
61830  42.261  -27.800  70.081 0.0000000000
61839  43.600  -27.450  69.116 0.0000000000
61828  44.260  -27.434  70.188 0.0000000000
60924  46.066  -28.147  70.122 0.0000000000
59995  45.203  -28.765  71.313 0.0000000000
59049  43.372  -30.323  67.992 0.0000000000
59048  44.485  -30.309  68.184 0.0000000000
45217  34.865  -45.362  80.766 0.0000000000
46250  35.019  -44.807  80.097 0.0000000000
49147  36.158  -41.436  78.100 0.0000000000
48218  35.929  -42.451  77.584 0.0000000000
52552  37.246  -37.310  77.624 0.0000000000
52562  36.119  -37.580  76.778 0.0000000000
53492  37.530  -36.726  76.346 0.0000000000
54404  37.597  -36.292  75.010 0.0000000000
54395  38.412  -36.156  75.970 0.0000000000
54383  39.352  -35.799  76.674 0.0000000000
54372  39.201  -36.242  77.298 0.0000000000
51715  40.777  -38.471  77.178 0.0000000000
52538  40.994  -37.506  77.435 0.0000000000
52560  41.066  -37.686  75.940 0.0000000000
52569  41.112  -37.296  74.991 0.0000000000
36128  26.621  -55.077  83.355 0.0000000000
35166  26.583  -56.740  82.815 0.0000000000
33350  26.637  -58.145  81.947 0.0000000000
34212  25.505  -57.605  82.052 0.0000000000
55319  39.834  -34.188  71.873 0.0000000000
55309  40.908  -34.203  72.901 0.0000000000
55310  40.183  -34.458  72.892 0.0000000000
55300  40.881  -34.303  73.758 0.0000000000
55276  41.495  -34.310  75.279 0.0000000000
36163  30.195  -55.573  81.216 0.0000000000
37088  29.714  -54.485  79.454 0.0000000000
36162  30.701  -55.205  81.218 0.0000000000
37080  31.185  -54.650  81.336 0.0000000000
37952  31.969  -53.889  81.444 0.0000000000
37935  33.005  -53.386  81.539 0.0000000000
36146  33.163  -54.748  81.330 0.0000000000
61870  48.556  -27.785  65.717 0.0000000000
60049  48.563  -29.401  66.189 0.0000000000
60948  48.359  -28.436  66.530 0.0000000000
60037  47.865  -29.287  67.644 0.0000000000
59029  47.397  -29.989  68.338 0.0000000000
59021  39.646  -30.535  70.479 0.0000000000
60012  40.664  -29.547  71.552 0.0000000000
59999  41.438  -29.517  72.108 0.0000000000
59998  42.592  -29.213  71.856 0.0000000000
59002  44.287  -29.674  71.112 0.0000000000
59003  42.918  -30.242  71.011 0.0000000000
59034  42.648  -30.739  68.709 0.0000000000
47222  36.423  -43.630  81.293 0.0000000000
47233  35.747  -43.389  80.229 0.0000000000
48185  36.683  -42.519  80.730 0.0000000000
49142  36.324  -41.503  79.293 0.0000000000
50028  36.280  -40.435  78.455 0.0000000000
50868  36.070  -39.475  77.765 0.0000000000
50857  36.825  -39.370  78.849 0.0000000000
51690  37.876  -38.631  78.725 0.0000000000
52522  38.304  -38.057  78.737 0.0000000000
53454  39.856  -37.088  78.268 0.0000000000
51689  39.317  -38.375  78.768 0.0000000000
50867  40.216  -39.297  77.936 0.0000000000
50872  40.445  -39.498  77.157 0.0000000000
37064  27.335  -54.725  81.966 0.0000000000
37081  27.563  -55.096  81.042 0.0000000000
36165  28.469  -55.454  81.070 0.0000000000
36150  29.935  -56.153  82.035 0.0000000000
35182  30.044  -56.953  82.219 0.0000000000
58007  39.473  -31.472  71.087 0.0000000000
57095  40.203  -31.868  71.997 0.0000000000
57115  40.334  -32.589  70.593 0.0000000000
56217  40.271  -33.627  70.227 0.0000000000
55348  40.984  -34.537  69.974 0.0000000000
55329  42.865  -35.254  70.688 0.0000000000
55308  41.792  -34.304  72.963 0.0000000000
55316  42.758  -34.950  71.820 0.0000000000
42203  32.124  -48.341  81.156 0.0000000000
43186  33.350  -47.718  81.628 0.0000000000
44167  34.673  -46.529  81.705 0.0000000000
45193  35.190  -46.022  81.804 0.0000000000
42186  35.901  -48.183  81.648 0.0000000000
44152  36.281  -46.703  82.062 0.0000000000
45204  36.594  -45.318  81.730 0.0000000000
46236  37.109  -44.670  81.365 0.0000000000
46247  38.088  -44.430  80.473 0.0000000000
47241  38.753  -43.377  79.334 0.0000000000
48217  39.315  -42.735  77.832 0.0000000000
46284  38.557  -44.202  77.852 0.0000000000
42189  32.034  -49.007  81.850 0.0000000000
41324  33.009  -49.584  82.922 0.0000000000
40520  33.836  -50.277  82.082 0.0000000000
38821  33.346  -52.461  81.415 0.0000000000
39700  34.013  -51.689  81.025 0.0000000000
59129  50.452  -30.856  62.549 0.0000000000
61847  45.007  -27.385  67.988 0.0000000000
61837  45.956  -27.663  69.117 0.0000000000
60019  46.675  -29.410  69.701 0.0000000000
59031  46.132  -30.407  69.184 0.0000000000
59017  45.317  -30.337  70.235 0.0000000000
59032  44.997  -30.529  69.223 0.0000000000
59063  45.875  -30.152  66.907 0.0000000000
46274  35.426  -44.067  78.806 0.0000000000
54414  37.226  -36.037  73.770 0.0000000000
54413  38.483  -35.613  73.654 0.0000000000
54402  39.265  -35.293  74.556 0.0000000000
55265  40.528  -34.879  76.086 0.0000000000
55263  41.726  -34.706  75.900 0.0000000000
53468  40.170  -36.560  77.779 0.0000000000
54369  41.227  -36.152  76.913 0.0000000000
53479  42.255  -35.772  75.986 0.0000000000
53502  42.622  -36.661  74.611 0.0000000000
48230  39.730  -42.022  77.386 0.0000000000
49171  39.857  -41.483  76.118 0.0000000000
37067  23.823  -55.294  82.056 0.0000000000
37068  23.263  -55.241  81.759 0.0000000000
36142  24.144  -55.386  82.244 0.0000000000
61857  45.273  -27.375  66.890 0.0000000000
58023  40.875  -31.919  70.961 0.0000000000
58022  41.401  -31.430  70.202 0.0000000000
48196  38.604  -42.124  79.628 0.0000000000
49129  37.887  -41.603  80.110 0.0000000000
49140  38.319  -41.379  79.694 0.0000000000
50021  38.063  -40.691  79.622 0.0000000000
49139  38.843  -41.148  79.294 0.0000000000
48204  39.135  -41.754  79.043 0.0000000000
35165  27.403  -56.671  83.037 0.0000000000
35153  27.730  -55.706  83.192 0.0000000000
34209  28.148  -57.440  82.550 0.0000000000
56206  39.469  -33.348  71.084 0.0000000000
56180  42.338  -34.170  74.739 0.0000000000
55288  42.691  -34.325  74.614 0.0000000000
55274  42.957  -34.663  74.842 0.0000000000
54400  43.428  -35.343  74.120 0.0000000000
54392  42.891  -35.179  75.116 0.0000000000
40511  34.144  -49.757  82.304 0.0000000000
41322  34.451  -48.919  82.334 0.0000000000
41331  35.040  -49.411  81.957 0.0000000000
38824  31.354  -52.630  81.341 0.0000000000
38836  30.823  -52.778  80.785 0.0000000000
60977  49.107  -28.164  64.955 0.0000000000
60976  49.467  -28.239  64.533 0.0000000000
59075  49.166  -29.766  65.007 0.0000000000
61805  42.676  -28.099  71.536 0.0000000000
61821  42.256  -27.918  71.011 0.0000000000
61820  42.923  -27.584  71.050 0.0000000000
61829  43.240  -27.437  70.161 0.0000000000
61803  44.269  -27.828  71.734 0.0000000000
60898  44.833  -28.203  71.694 0.0000000000
59996  44.571  -28.729  71.591 0.0000000000
60041  42.622  -30.233  66.945 0.0000000000
60040  43.020  -30.010  67.144 0.0000000000
46249  35.531  -44.451  80.690 0.0000000000
50044  35.982  -40.456  76.353 0.0000000000
52540  37.857  -37.444  78.192 0.0000000000
53483  37.074  -37.052  76.999 0.0000000000
53482  37.828  -36.870  77.377 0.0000000000
53491  38.236  -36.487  76.806 0.0000000000
54384  38.775  -36.214  76.862 0.0000000000
53481  38.629  -36.555  77.412 0.0000000000
51716  40.392  -38.918  76.747 0.0000000000
51723  40.741  -38.286  76.575 0.0000000000
52561  40.359  -37.828  75.428 0.0000000000
36129  25.745  -55.249  83.216 0.0000000000
35156  26.120  -56.076  82.978 0.0000000000
35155  26.675  -55.939  83.260 0.0000000000
34211  26.258  -57.528  82.328 0.0000000000
35167  25.756  -56.628  82.545 0.0000000000
54447  38.883  -34.678  71.268 0.0000000000
55333  38.931  -34.184  70.933 0.0000000000
54434  39.685  -34.627  72.335 0.0000000000
55301  40.105  -34.638  73.699 0.0000000000
55290  40.713  -34.407  74.573 0.0000000000
55289  41.516  -34.215  74.546 0.0000000000
37063  31.664  -55.246  81.752 0.0000000000
37079  31.722  -54.235  81.432 0.0000000000
37062  32.119  -54.640  81.693 0.0000000000
37061  32.786  -54.294  81.540 0.0000000000
61872  47.589  -27.288  65.964 0.0000000000
61871  48.251  -27.380  65.898 0.0000000000
61853  48.301  -27.770  66.246 0.0000000000
60942  47.273  -28.250  68.321 0.0000000000
60941  47.677  -28.405  67.728 0.0000000000
60028  47.470  -29.454  68.291 0.0000000000
59006  39.871  -30.730  71.599 0.0000000000
59020  40.030  -30.090  71.251 0.0000000000
59005  40.393  -30.243  72.009 0.0000000000
58991  43.207  -29.510  71.536 0.0000000000
58039  42.018  -31.074  68.814 0.0000000000
47221  37.094  -43.501  81.221 0.0000000000
48173  36.439  -43.014  80.968 0.0000000000
48172  36.806  -42.818  81.068 0.0000000000
50011  37.343  -41.247  79.818 0.0000000000
49131  36.897  -41.881  80.100 0.0000000000
49141  36.742  -41.102  79.562 0.0000000000
50024  36.561  -40.483  79.161 0.0000000000
50858  36.406  -39.555  78.615 0.0000000000
50848  36.793  -39.925  79.126 0.0000000000
51676  37.733  -39.213  78.879 0.0000000000
52523  37.660  -38.121  78.565 0.0000000000
52509  38.426  -38.454  78.770 0.0000000000
52508  38.650  -38.210  78.780 0.0000000000
51674  38.784  -38.664  78.891 0.0000000000
50036  39.877  -40.299  78.275 0.0000000000
37045  26.460  -53.893  82.865 0.0000000000
37065  26.479  -54.002  81.998 0.0000000000
37044  27.046  -54.474  82.826 0.0000000000
36152  28.165  -55.295  81.941 0.0000000000
36151  29.022  -55.693  81.966 0.0000000000
36137  29.261  -56.060  82.406 0.0000000000
57096  39.750  -31.811  71.806 0.0000000000
57104  40.416  -32.335  71.536 0.0000000000
55330  41.860  -34.787  70.937 0.0000000000
55297  43.399  -34.790  73.359 0.0000000000
55307  42.723  -34.529  72.791 0.0000000000
55306  43.484  -34.969  72.478 0.0000000000
55315  43.543  -35.377  71.653 0.0000000000
55305  43.776  -35.239  72.279 0.0000000000
42188  32.839  -48.417  81.849 0.0000000000
43202  32.766  -47.488  80.847 0.0000000000
42187  33.571  -48.229  82.079 0.0000000000
43169  34.512  -47.699  82.043 0.0000000000
43185  34.077  -47.439  81.858 0.0000000000
43184  34.713  -47.112  81.973 0.0000000000
44154  35.166  -46.563  82.009 0.0000000000
41338  35.612  -49.029  81.309 0.0000000000
42202  36.172  -48.513  80.762 0.0000000000
43199  37.262  -46.896  81.255 0.0000000000
43182  36.627  -47.132  81.611 0.0000000000
44165  37.072  -46.482  81.523 0.0000000000
45191  36.195  -45.939  82.141 0.0000000000
45203  37.143  -45.660  81.444 0.0000000000
45225  38.157  -44.860  80.267 0.0000000000
46259  38.388  -44.373  79.746 0.0000000000
47231  38.154  -43.321  80.326 0.0000000000
46272  38.574  -44.218  78.785 0.0000000000
47252  38.985  -43.488  78.342 0.0000000000
37087  30.554  -54.454  80.358 0.0000000000
37969  30.278  -53.616  79.697 0.0000000000
41341  30.575  -49.982  80.895 0.0000000000
42205  30.605  -49.528  80.260 0.0000000000
42204  31.215  -48.939  80.638 0.0000000000
41332  31.516  -49.813  81.808 0.0000000000
39678  32.768  -50.773  81.985 0.0000000000
40513  32.808  -50.288  82.576 0.0000000000
39677  33.088  -50.661  82.171 0.0000000000
40512  33.378  -50.164  82.457 0.0000000000
39676  33.296  -50.563  82.188 0.0000000000
60101  49.784  -29.717  63.863 0.0000000000
59130  50.121  -30.878  63.095 0.0000000000
58124  49.938  -31.521  62.901 0.0000000000
60030  40.190  -29.290  69.051 0.0000000000
61849  42.877  -27.564  68.085 0.0000000000
61848  43.902  -27.407  68.017 0.0000000000
60008  45.932  -29.341  70.818 0.0000000000
60923  46.445  -28.666  69.905 0.0000000000
60020  46.304  -29.519  70.266 0.0000000000
59015  46.628  -29.898  69.614 0.0000000000
59018  44.099  -30.512  70.180 0.0000000000
60038  44.940  -29.920  67.245 0.0000000000
59047  45.853  -30.422  68.020 0.0000000000
46261  35.381  -44.119  79.762 0.0000000000
47242  35.663  -43.283  79.288 0.0000000000
51709  36.184  -38.657  77.963 0.0000000000
53493  36.441  -37.175  76.217 0.0000000000
54393  40.220  -34.982  75.987 0.0000000000
55264  40.992  -34.686  76.114 0.0000000000
54381  41.349  -35.367  76.517 0.0000000000
52520  40.048  -37.604  78.307 0.0000000000
53453  40.354  -37.100  77.957 0.0000000000
52550  41.452  -37.015  76.841 0.0000000000
53466  41.357  -36.615  76.974 0.0000000000
53480  41.914  -36.179  76.329 0.0000000000
53490  42.353  -36.468  75.461 0.0000000000
52579  41.932  -36.852  74.566 0.0000000000
36130  25.026  -54.977  83.185 0.0000000000
35168  25.097  -56.833  82.138 0.0000000000
54448  38.277  -34.943  70.899 0.0000000000
54412  39.399  -35.186  73.629 0.0000000000
35180  31.666  -56.681  81.864 0.0000000000
61855  47.195  -27.483  66.821 0.0000000000
61845  47.028  -27.703  67.897 0.0000000000
57993  40.607  -31.240  72.272 0.0000000000
57992  41.301  -30.959  72.104 0.0000000000
59004  41.824  -30.595  71.458 0.0000000000
58004  42.089  -30.910  70.612 0.0000000000
58040  41.436  -31.460  68.933 0.0000000000
48184  37.492  -42.593  80.625 0.0000000000
49115  37.127  -42.280  80.789 0.0000000000
50022  37.512  -40.537  79.552 0.0000000000
50845  38.405  -39.582  79.175 0.0000000000
50844  39.061  -39.455  79.048 0.0000000000
50027  39.339  -40.259  78.937 0.0000000000
49156  39.919  -41.204  77.867 0.0000000000
36127  27.290  -55.069  83.194 0.0000000000
36126  27.936  -55.620  83.018 0.0000000000
34208  28.809  -57.069  82.671 0.0000000000
58008  39.217  -32.057  70.884 0.0000000000
54411  43.761  -35.439  73.135 0.0000000000
53513  43.224  -36.419  73.713 0.0000000000
42175  34.712  -48.132  82.119 0.0000000000
42174  35.348  -47.902  81.999 0.0000000000
42217  36.584  -47.848  80.280 0.0000000000
44189  37.645  -46.253  80.046 0.0000000000
45215  37.742  -45.166  80.671 0.0000000000
45236  37.861  -45.439  78.774 0.0000000000
38849  30.486  -52.928  80.083 0.0000000000
39710  30.243  -51.949  80.139 0.0000000000
40527  30.296  -50.921  80.566 0.0000000000
40522  30.825  -50.902  81.344 0.0000000000
41333  30.969  -50.214  81.552 0.0000000000
40521  31.518  -50.764  81.767 0.0000000000
60987  49.991  -28.611  63.901 0.0000000000
60916  41.143  -28.800  71.191 0.0000000000
60925  41.924  -28.052  70.556 0.0000000000
61831  41.773  -27.994  69.481 0.0000000000
61841  42.030  -27.853  69.127 0.0000000000
61840  42.664  -27.620  69.136 0.0000000000
61827  45.297  -27.684  70.186 0.0000000000
60914  45.563  -28.324  70.966 0.0000000000
59001  45.567  -29.801  70.789 0.0000000000
60039  43.883  -29.891  67.282 0.0000000000
44191  34.277  -45.892  80.559 0.0000000000
48206  35.897  -42.384  78.750 0.0000000000
52541  37.037  -37.887  78.123 0.0000000000
52554  36.039  -37.964  77.243 0.0000000000
52553  36.581  -37.538  77.272 0.0000000000
53503  37.026  -36.706  75.448 0.0000000000
54396  37.654  -36.489  75.670 0.0000000000
54371  39.853  -36.012  77.345 0.0000000000
51706  40.530  -38.281  77.881 0.0000000000
52551  41.187  -37.688  76.727 0.0000000000
52568  41.874  -37.023  75.331 0.0000000000
37028  26.560  -54.307  83.220 0.0000000000
55332  39.586  -33.896  71.265 0.0000000000
56202  39.783  -33.765  71.437 0.0000000000
56165  41.841  -34.139  74.900 0.0000000000
41339  35.080  -49.726  81.057 0.0000000000
36175  29.583  -55.363  80.281 0.0000000000
36174  30.325  -55.079  80.494 0.0000000000
36173  30.696  -54.867  80.875 0.0000000000
37937  31.867  -53.252  81.432 0.0000000000
37936  32.438  -53.531  81.513 0.0000000000
60959  48.812  -28.494  65.505 0.0000000000
60062  48.813  -29.296  65.608 0.0000000000
60036  48.168  -29.550  67.063 0.0000000000
60949  48.066  -28.301  67.114 0.0000000000
60940  48.049  -28.782  67.239 0.0000000000
59044  48.084  -30.112  67.178 0.0000000000
59045  47.696  -30.097  67.665 0.0000000000
59046  47.028  -30.525  67.968 0.0000000000
60022  39.705  -30.174  69.813 0.0000000000
60021  40.131  -29.694  70.270 0.0000000000
60917  40.621  -29.210  70.783 0.0000000000
60000  40.817  -29.909  72.293 0.0000000000
60901  42.015  -28.652  71.787 0.0000000000
60900  43.158  -28.517  71.747 0.0000000000
59997  43.787  -29.008  71.667 0.0000000000
58990  43.766  -29.344  71.474 0.0000000000
59019  42.961  -30.737  69.889 0.0000000000
59050  42.512  -30.503  67.528 0.0000000000
46238  35.833  -44.554  81.607 0.0000000000
47223  36.010  -43.575  80.978 0.0000000000
48186  36.270  -42.663  80.484 0.0000000000
49116  36.885  -42.336  80.757 0.0000000000
49132  36.429  -42.153  79.932 0.0000000000
50873  35.918  -39.494  76.752 0.0000000000
51692  36.578  -38.938  78.503 0.0000000000
50847  37.278  -39.729  79.175 0.0000000000
51691  37.204  -38.781  78.671 0.0000000000
51708  36.636  -38.441  78.234 0.0000000000
52539  38.619  -37.340  78.396 0.0000000000
53469  39.270  -36.775  77.959 0.0000000000
52521  39.218  -37.757  78.669 0.0000000000
51688  39.925  -38.440  78.419 0.0000000000
51673  39.340  -38.838  78.780 0.0000000000
51707  40.314  -38.682  78.045 0.0000000000
50871  40.485  -38.853  77.595 0.0000000000
37090  27.920  -55.108  80.023 0.0000000000
36176  28.817  -55.427  80.366 0.0000000000
36164  29.359  -55.592  81.193 0.0000000000
57994  39.917  -31.360  72.060 0.0000000000
57125  40.263  -32.881  69.271 0.0000000000
43201  33.571  -47.069  81.252 0.0000000000
44168  34.110  -46.694  81.432 0.0000000000
44178  34.435  -46.085  81.189 0.0000000000
45206  34.978  -45.736  81.473 0.0000000000
45205  35.514  -45.452  81.660 0.0000000000
41330  35.402  -48.806  81.727 0.0000000000
42201  36.479  -47.836  81.116 0.0000000000
43183  36.185  -47.587  81.724 0.0000000000
43167  35.968  -47.340  82.071 0.0000000000
44153  35.705  -46.610  82.148 0.0000000000
45192  35.622  -45.831  82.037 0.0000000000
46228  35.733  -45.208  81.966 0.0000000000
46237  36.478  -44.453  81.549 0.0000000000
46248  37.656  -44.051  80.900 0.0000000000
47232  37.581  -43.339  80.811 0.0000000000
48205  39.143  -42.583  78.794 0.0000000000
47262  38.948  -43.563  77.312 0.0000000000
46303  38.439  -44.193  77.002 0.0000000000
38850  29.970  -52.623  79.454 0.0000000000
42178  32.724  -49.131  82.457 0.0000000000
41325  32.402  -49.726  82.360 0.0000000000
40519  34.354  -50.306  81.668 0.0000000000
38822  32.770  -52.506  81.656 0.0000000000
39688  33.579  -50.886  81.741 0.0000000000
61836  46.524  -27.713  68.517 0.0000000000
60934  46.884  -28.313  69.028 0.0000000000
60935  46.402  -28.165  69.586 0.0000000000
60029  47.150  -29.214  68.951 0.0000000000
59030  46.999  -30.009  68.948 0.0000000000
60010  44.454  -29.156  71.463 0.0000000000
54437  36.998  -35.861  71.621 0.0000000000
53516  36.764  -36.487  74.587 0.0000000000
54425  36.712  -35.992  72.578 0.0000000000
54424  37.708  -35.747  72.625 0.0000000000
54394  39.522  -35.316  75.666 0.0000000000
55278  39.751  -34.962  75.077 0.0000000000
55277  40.389  -34.697  75.475 0.0000000000
54370  40.661  -35.947  77.185 0.0000000000
53467  40.875  -36.725  77.474 0.0000000000
54380  42.211  -35.306  75.879 0.0000000000
53489  42.513  -35.804  75.609 0.0000000000
48216  39.507  -41.903  78.283 0.0000000000
49165  40.070  -41.333  76.999 0.0000000000
48240  39.747  -42.048  76.566 0.0000000000
50049  40.126  -40.556  76.676 0.0000000000
42185  36.286  -47.688  81.519 0.0000000000
43166  36.315  -47.071  81.969 0.0000000000
43181  37.017  -46.851  81.535 0.0000000000
43214  37.371  -46.828  80.581 0.0000000000
44166  36.665  -46.188  81.789 0.0000000000
45214  38.036  -44.826  80.520 0.0000000000
46227  36.132  -45.145  82.046 0.0000000000
50010  37.595  -41.170  79.890 0.0000000000
50866  40.423  -38.779  77.856 0.0000000000
52519  40.501  -37.584  77.953 0.0000000000
52537  41.230  -36.970  77.229 0.0000000000
53452  40.693  -37.207  77.743 0.0000000000
53500  43.415  -35.752  74.167 0.0000000000
54391  43.216  -34.997  74.668 0.0000000000
54401  43.223  -35.338  74.660 0.0000000000
55314  43.799  -35.353  72.004 0.0000000000
56164  42.020  -34.126  74.968 0.0000000000
56181  41.995  -34.128  74.641 0.0000000000
56191  42.519  -34.232  74.454 0.0000000000
58065  48.216  -30.609  66.507 0.0000000000
59000  45.966  -29.770  70.630 0.0000000000
60007  46.340  -29.183  70.293 0.0000000000
60009  45.051  -29.274  71.251 0.0000000000
60011  41.128  -29.189  71.774 0.0000000000
60899  44.083  -28.307  71.941 0.0000000000
60902  41.411  -29.030  71.827 0.0000000000
60913  46.120  -28.743  70.482 0.0000000000
60915  41.787  -28.256  71.060 0.0000000000
60958  49.100  -28.425  65.022 0.0000000000
61818  44.765  -27.700  71.148 0.0000000000
61819  43.847  -27.490  71.126 0.0000000000
