#!ascii label  , from subject 3503 vox2ras=TkReg
494
60650  18.446  -29.219  13.646 0.0000000000
67749  24.494  -21.550  12.771 0.0000000000
77315  21.910  -10.644  9.408 0.0000000000
72105  17.879  -16.335  9.067 0.0000000000
56843  19.949  -33.832  14.995 0.0000000000
59720  22.841  -31.005  14.020 0.0000000000
63363  20.794  -25.807  11.749 0.0000000000
67796  18.948  -21.703  9.850 0.0000000000
72914  22.966  -15.332  11.368 0.0000000000
74681  23.575  -13.831  5.620 0.0000000000
79962  19.402  -7.216  6.602 0.0000000000
58769  19.241  -31.418  14.540 0.0000000000
57800  20.823  -32.582  14.714 0.0000000000
60634  20.408  -30.053  14.063 0.0000000000
65874  17.224  -23.326  12.838 0.0000000000
68624  16.224  -20.261  13.206 0.0000000000
73796  18.891  -14.505  8.370 0.0000000000
72102  20.218  -16.300  9.528 0.0000000000
74629  22.550  -13.514  10.634 0.0000000000
74637  25.393  -14.099  9.666 0.0000000000
77338  24.134  -11.145  7.779 0.0000000000
80759  17.618  -6.709  9.003 0.0000000000
79076  17.649  -8.371  8.243 0.0000000000
81590  16.941  -5.466  6.033 0.0000000000
65873  22.744  -23.498  12.329 0.0000000000
64127  23.378  -25.774  13.414 0.0000000000
64922  25.480  -24.357  13.257 0.0000000000
76408  18.622  -11.790  7.983 0.0000000000
69512  27.226  -19.644  11.476 0.0000000000
63338  17.496  -26.270  13.836 0.0000000000
62530  19.030  -27.454  12.483 0.0000000000
64143  18.636  -25.420  11.846 0.0000000000
65897  19.777  -23.269  10.329 0.0000000000
67770  21.480  -21.597  10.777 0.0000000000
69550  18.653  -18.902  9.519 0.0000000000
70420  20.674  -18.676  10.101 0.0000000000
70402  23.644  -18.389  11.995 0.0000000000
72085  26.290  -16.488  10.442 0.0000000000
78216  18.389  -9.366  8.142 0.0000000000
79073  20.931  -8.809  8.193 0.0000000000
81616  17.194  -5.685  3.367 0.0000000000
79983  20.573  -7.276  4.261 0.0000000000
78230  23.057  -9.234  6.569 0.0000000000
75571  22.254  -12.707  4.443 0.0000000000
62514  21.770  -27.531  13.418 0.0000000000
61531  17.644  -28.263  14.248 0.0000000000
59726  17.533  -29.991  15.078 0.0000000000
59724  18.750  -30.540  14.180 0.0000000000
59723  19.724  -30.393  14.116 0.0000000000
59741  19.465  -29.723  13.700 0.0000000000
75516  20.497  -12.639  9.553 0.0000000000
74639  20.827  -13.563  9.799 0.0000000000
76380  22.059  -12.034  10.124 0.0000000000
76378  23.419  -12.145  10.218 0.0000000000
77314  22.821  -10.748  9.493 0.0000000000
82288  17.170  -4.813  7.540 0.0000000000
80765  17.322  -6.585  8.009 0.0000000000
82306  16.638  -4.528  6.348 0.0000000000
66853  24.084  -22.476  12.830 0.0000000000
65872  23.647  -23.444  12.923 0.0000000000
66852  25.098  -22.342  13.213 0.0000000000
74652  17.616  -13.510  8.542 0.0000000000
75518  17.390  -12.501  8.870 0.0000000000
57783  18.435  -32.918  15.210 0.0000000000
55957  18.754  -34.729  15.544 0.0000000000
55091  20.481  -35.664  15.490 0.0000000000
55955  20.807  -34.591  14.870 0.0000000000
58767  21.355  -31.732  14.585 0.0000000000
57799  21.944  -32.932  14.403 0.0000000000
63355  17.932  -26.059  13.015 0.0000000000
64129  17.537  -25.307  13.262 0.0000000000
66885  18.293  -21.878  10.799 0.0000000000
65887  18.552  -23.200  11.133 0.0000000000
66895  19.627  -22.397  9.939 0.0000000000
66882  20.566  -22.468  10.203 0.0000000000
67793  20.501  -21.301  9.870 0.0000000000
70405  17.220  -18.345  11.183 0.0000000000
70436  18.316  -18.281  9.618 0.0000000000
72088  21.476  -16.322  10.812 0.0000000000
71260  20.868  -17.459  10.261 0.0000000000
71259  21.969  -17.367  11.189 0.0000000000
70403  22.652  -18.578  11.534 0.0000000000
71242  23.054  -17.380  11.666 0.0000000000
71240  25.434  -17.371  11.829 0.0000000000
72898  25.251  -15.774  11.314 0.0000000000
74660  24.915  -13.919  7.787 0.0000000000
73795  25.630  -15.088  8.244 0.0000000000
79944  18.068  -7.762  7.190 0.0000000000
78222  17.939  -8.833  8.080 0.0000000000
79087  18.479  -8.459  7.664 0.0000000000
78215  19.308  -9.525  8.363 0.0000000000
79942  19.895  -7.692  7.157 0.0000000000
79114  21.966  -8.398  4.919 0.0000000000
78267  21.776  -9.826  3.783 0.0000000000
77359  22.817  -10.709  5.167 0.0000000000
62541  20.004  -26.602  11.857 0.0000000000
61560  20.097  -27.651  12.563 0.0000000000
63336  21.521  -26.882  12.916 0.0000000000
62511  24.645  -27.363  13.394 0.0000000000
62512  23.876  -27.521  13.673 0.0000000000
57803  17.901  -31.799  15.119 0.0000000000
56864  19.506  -33.082  14.970 0.0000000000
56863  20.305  -33.246  14.822 0.0000000000
58768  20.281  -31.505  14.645 0.0000000000
59722  20.780  -30.692  14.406 0.0000000000
59721  21.812  -30.841  14.440 0.0000000000
66856  16.541  -22.493  13.569 0.0000000000
67752  16.660  -21.683  12.908 0.0000000000
67786  17.881  -21.273  11.085 0.0000000000
72943  18.603  -15.332  8.391 0.0000000000
71288  18.794  -16.558  8.678 0.0000000000
72930  19.924  -15.415  9.194 0.0000000000
73785  21.054  -14.444  10.133 0.0000000000
73772  22.782  -14.387  11.006 0.0000000000
73770  24.743  -14.471  10.948 0.0000000000
75500  24.493  -12.937  10.157 0.0000000000
75525  24.679  -12.736  8.372 0.0000000000
75545  24.233  -12.789  6.756 0.0000000000
79923  17.734  -7.610  9.815 0.0000000000
79930  17.499  -7.569  8.626 0.0000000000
79945  17.539  -7.461  7.641 0.0000000000
80790  18.129  -6.536  6.167 0.0000000000
64926  21.464  -24.948  11.790 0.0000000000
64141  22.066  -25.600  12.623 0.0000000000
64909  22.803  -25.099  13.026 0.0000000000
64126  24.252  -25.645  13.517 0.0000000000
72932  17.526  -15.463  9.557 0.0000000000
73797  18.227  -14.483  8.094 0.0000000000
75526  18.818  -12.691  8.366 0.0000000000
76396  19.243  -11.861  8.534 0.0000000000
55972  21.937  -34.282  14.765 0.0000000000
69500  26.530  -20.029  12.395 0.0000000000
66850  26.772  -22.041  12.655 0.0000000000
62517  17.918  -27.537  13.579 0.0000000000
61547  18.665  -28.295  13.072 0.0000000000
62516  18.418  -27.326  12.892 0.0000000000
63353  19.183  -26.685  12.050 0.0000000000
64156  19.975  -25.504  11.167 0.0000000000
64940  18.234  -24.321  12.003 0.0000000000
64950  19.134  -24.449  10.824 0.0000000000
64938  20.543  -24.662  11.003 0.0000000000
65886  21.420  -23.311  11.072 0.0000000000
66872  21.814  -22.503  11.227 0.0000000000
67768  23.043  -20.979  12.011 0.0000000000
69518  17.597  -19.358  10.843 0.0000000000
69534  18.773  -20.054  9.789 0.0000000000
70435  18.857  -18.297  9.253 0.0000000000
70433  20.152  -18.667  9.650 0.0000000000
68673  19.674  -20.677  9.630 0.0000000000
69532  21.611  -19.689  10.750 0.0000000000
69516  23.214  -19.458  11.802 0.0000000000
68636  24.434  -19.882  12.435 0.0000000000
70400  25.746  -18.437  12.105 0.0000000000
71256  26.665  -17.306  10.689 0.0000000000
73769  25.494  -14.891  10.426 0.0000000000
77329  18.732  -10.668  8.195 0.0000000000
77328  19.816  -10.185  8.666 0.0000000000
78213  21.314  -9.671  8.732 0.0000000000
81606  17.433  -5.689  4.991 0.0000000000
80801  19.219  -6.479  5.317 0.0000000000
80811  19.675  -6.640  3.959 0.0000000000
80788  19.837  -6.829  5.887 0.0000000000
79960  21.398  -7.712  6.475 0.0000000000
79084  21.628  -8.285  7.358 0.0000000000
78220  22.906  -9.318  8.086 0.0000000000
77339  23.669  -10.250  7.854 0.0000000000
76433  23.511  -11.766  6.038 0.0000000000
75556  23.049  -12.752  5.218 0.0000000000
61546  19.518  -28.543  13.064 0.0000000000
60647  20.719  -29.008  13.675 0.0000000000
61529  22.362  -29.287  14.221 0.0000000000
62513  22.810  -27.489  13.723 0.0000000000
61543  22.532  -28.426  14.017 0.0000000000
60651  17.924  -28.971  14.014 0.0000000000
60636  17.632  -29.211  14.645 0.0000000000
60635  18.063  -29.521  14.122 0.0000000000
59725  18.004  -30.207  14.485 0.0000000000
59743  18.440  -29.890  14.003 0.0000000000
59742  18.976  -29.890  13.724 0.0000000000
76394  21.288  -11.643  9.674 0.0000000000
76393  22.445  -11.373  9.846 0.0000000000
56844  18.847  -33.551  15.264 0.0000000000
55956  19.696  -34.668  15.210 0.0000000000
58766  22.379  -31.899  14.244 0.0000000000
58765  23.199  -32.005  13.708 0.0000000000
64130  17.087  -25.209  14.118 0.0000000000
64912  16.715  -24.438  14.474 0.0000000000
66884  18.763  -22.464  10.401 0.0000000000
66896  19.175  -22.091  9.827 0.0000000000
67794  20.165  -21.623  9.747 0.0000000000
67795  19.433  -21.594  9.702 0.0000000000
71262  17.420  -17.409  10.659 0.0000000000
71277  17.839  -17.375  9.753 0.0000000000
72087  22.311  -16.218  11.344 0.0000000000
71258  22.594  -16.804  11.475 0.0000000000
72086  23.112  -16.274  11.529 0.0000000000
72070  23.930  -16.428  11.758 0.0000000000
72900  23.797  -15.516  11.523 0.0000000000
74668  24.346  -13.819  6.540 0.0000000000
73807  24.753  -14.570  6.844 0.0000000000
79943  18.922  -7.756  7.158 0.0000000000
79086  19.423  -8.298  7.618 0.0000000000
79123  21.740  -8.696  4.191 0.0000000000
77388  21.829  -10.915  3.891 0.0000000000
63364  20.367  -26.180  11.731 0.0000000000
63352  20.559  -26.632  12.150 0.0000000000
63351  21.144  -26.341  12.310 0.0000000000
62526  25.344  -27.612  12.745 0.0000000000
61541  24.646  -28.436  13.160 0.0000000000
58770  18.319  -31.239  14.648 0.0000000000
57802  18.696  -32.406  14.965 0.0000000000
57801  19.800  -32.367  14.820 0.0000000000
60633  21.127  -29.751  14.111 0.0000000000
67753  16.039  -21.312  13.733 0.0000000000
67772  16.547  -20.973  12.794 0.0000000000
67771  17.152  -21.323  12.026 0.0000000000
68640  17.335  -20.323  11.366 0.0000000000
72931  19.279  -15.399  8.635 0.0000000000
73787  19.590  -14.515  8.901 0.0000000000
74630  21.647  -13.531  10.339 0.0000000000
73773  21.860  -14.401  10.664 0.0000000000
74628  23.483  -13.491  10.739 0.0000000000
75502  23.143  -12.682  10.486 0.0000000000
76406  24.278  -11.644  8.772 0.0000000000
76391  24.163  -11.889  9.488 0.0000000000
76421  24.445  -12.055  7.556 0.0000000000
81550  17.790  -6.185  9.203 0.0000000000
80758  17.914  -6.566  9.855 0.0000000000
80775  17.384  -6.330  7.026 0.0000000000
79964  17.788  -6.926  6.819 0.0000000000
80791  17.560  -6.163  6.161 0.0000000000
64936  21.658  -23.914  11.481 0.0000000000
64925  22.092  -24.588  12.174 0.0000000000
64924  23.146  -24.337  12.912 0.0000000000
64923  24.264  -24.498  13.379 0.0000000000
64140  25.208  -25.480  13.347 0.0000000000
72917  17.298  -15.559  10.623 0.0000000000
72945  17.721  -15.323  8.711 0.0000000000
73798  17.785  -14.459  8.323 0.0000000000
75527  18.181  -12.628  7.929 0.0000000000
74651  17.899  -13.561  7.982 0.0000000000
56862  21.223  -33.733  14.633 0.0000000000
55971  22.394  -34.127  14.830 0.0000000000
62500  17.397  -27.124  14.556 0.0000000000
63337  18.048  -26.750  13.123 0.0000000000
64144  18.141  -25.423  12.542 0.0000000000
63354  18.538  -26.427  12.421 0.0000000000
63366  18.988  -26.074  11.712 0.0000000000
64157  19.223  -25.256  11.164 0.0000000000
65888  18.091  -23.684  11.915 0.0000000000
65898  19.072  -23.579  10.609 0.0000000000
64949  19.580  -24.154  10.651 0.0000000000
64165  19.785  -24.802  10.832 0.0000000000
64948  20.259  -24.108  10.697 0.0000000000
64947  20.629  -23.661  10.676 0.0000000000
65895  20.861  -23.216  10.606 0.0000000000
66881  21.145  -22.475  10.582 0.0000000000
67769  22.424  -21.552  11.646 0.0000000000
70421  17.754  -18.379  10.296 0.0000000000
69519  16.958  -19.306  11.698 0.0000000000
68659  18.089  -20.334  10.648 0.0000000000
69535  18.351  -19.417  9.993 0.0000000000
72103  19.611  -16.342  8.945 0.0000000000
71275  19.124  -17.204  8.853 0.0000000000
71274  20.044  -17.444  9.447 0.0000000000
71261  20.403  -18.071  9.850 0.0000000000
69548  19.888  -19.634  9.558 0.0000000000
69547  20.467  -19.591  9.845 0.0000000000
68657  20.747  -20.154  9.963 0.0000000000
69533  20.994  -19.586  10.227 0.0000000000
69517  22.335  -19.634  11.318 0.0000000000
69515  24.109  -19.286  12.295 0.0000000000
69514  25.104  -19.358  12.477 0.0000000000
70401  24.707  -18.323  12.301 0.0000000000
72068  25.722  -16.407  11.335 0.0000000000
71257  26.237  -16.990  11.285 0.0000000000
71272  26.733  -17.572  9.812 0.0000000000
72099  26.452  -16.792  9.434 0.0000000000
74626  25.073  -14.016  10.385 0.0000000000
79064  17.629  -8.529  9.101 0.0000000000
78217  17.869  -9.376  8.594 0.0000000000
77331  17.455  -10.501  8.867 0.0000000000
77330  17.899  -10.516  8.226 0.0000000000
76410  17.489  -11.515  8.375 0.0000000000
79074  19.887  -8.809  8.126 0.0000000000
78214  20.288  -9.455  8.537 0.0000000000
77327  20.531  -9.964  8.780 0.0000000000
81607  16.255  -5.253  3.825 0.0000000000
81615  18.175  -6.076  4.362 0.0000000000
80802  18.304  -6.226  5.331 0.0000000000
79993  20.444  -7.709  3.154 0.0000000000
106769  19.702  -7.002  3.214 0.0000000000
80800  20.015  -6.647  4.955 0.0000000000
79974  20.848  -7.267  5.507 0.0000000000
79961  20.382  -7.334  6.502 0.0000000000
79113  22.396  -8.760  5.451 0.0000000000
79972  22.235  -8.310  5.962 0.0000000000
79101  22.534  -8.633  6.525 0.0000000000
79083  22.683  -8.943  7.556 0.0000000000
79082  23.140  -9.260  7.285 0.0000000000
78219  23.236  -9.473  7.682 0.0000000000
78229  23.426  -9.684  6.922 0.0000000000
76445  22.497  -11.636  4.779 0.0000000000
76444  22.992  -11.631  5.352 0.0000000000
75557  22.678  -12.181  4.970 0.0000000000
61562  19.208  -28.073  12.772 0.0000000000
61561  19.662  -27.872  12.660 0.0000000000
62515  21.046  -27.770  13.136 0.0000000000
61545  20.375  -28.280  13.098 0.0000000000
61544  21.437  -28.663  13.789 0.0000000000
61530  21.763  -29.422  14.181 0.0000000000
64128  22.604  -25.786  13.103 0.0000000000
63335  22.050  -26.497  13.079 0.0000000000
63334  23.111  -26.585  13.515 0.0000000000
61542  23.656  -28.629  13.785 0.0000000000
61528  23.128  -29.217  14.154 0.0000000000
74641  19.200  -13.607  8.646 0.0000000000
74640  19.987  -13.593  9.237 0.0000000000
75515  21.418  -12.663  10.049 0.0000000000
75503  22.288  -12.705  10.382 0.0000000000
76379  22.851  -11.999  10.255 0.0000000000
76392  23.571  -11.529  9.666 0.0000000000
77324  23.851  -10.893  8.459 0.0000000000
81565  17.599  -5.650  8.447 0.0000000000
81579  17.157  -5.559  7.241 0.0000000000
66854  23.180  -22.611  12.421 0.0000000000
65871  24.707  -23.362  13.318 0.0000000000
65870  25.826  -23.237  13.178 0.0000000000
75528  17.746  -12.542  8.163 0.0000000000
57784  17.863  -32.802  15.443 0.0000000000
56845  17.963  -34.007  15.660 0.0000000000
55090  21.498  -35.254  15.439 0.0000000000
66874  17.957  -22.459  11.503 0.0000000000
66873  18.479  -22.693  11.005 0.0000000000
66883  19.329  -22.933  10.264 0.0000000000
65907  20.074  -22.707  10.094 0.0000000000
65906  20.306  -22.595  10.133 0.0000000000
66894  20.213  -22.303  9.949 0.0000000000
67783  20.759  -21.687  10.089 0.0000000000
72101  20.766  -16.283  10.137 0.0000000000
71273  20.458  -16.878  9.818 0.0000000000
70419  21.431  -18.584  10.690 0.0000000000
71243  22.412  -17.902  11.437 0.0000000000
71241  24.264  -17.369  11.971 0.0000000000
72069  24.866  -16.483  11.699 0.0000000000
72913  25.765  -15.735  10.766 0.0000000000
74649  25.064  -13.428  9.025 0.0000000000
74648  25.390  -14.312  8.677 0.0000000000
74659  25.328  -14.553  8.006 0.0000000000
73806  25.244  -15.000  7.346 0.0000000000
79088  17.861  -8.334  7.706 0.0000000000
78221  18.121  -8.757  7.878 0.0000000000
79075  19.061  -8.892  7.967 0.0000000000
79085  20.427  -8.233  7.626 0.0000000000
79992  21.175  -7.986  3.860 0.0000000000
79982  21.435  -7.849  4.705 0.0000000000
79122  22.191  -8.947  4.691 0.0000000000
78251  22.420  -9.771  4.713 0.0000000000
78240  23.088  -9.652  5.885 0.0000000000
78266  22.108  -10.332  4.211 0.0000000000
77373  22.302  -10.847  4.481 0.0000000000
62529  19.795  -27.078  12.208 0.0000000000
62528  20.560  -27.241  12.497 0.0000000000
63333  24.069  -26.574  13.586 0.0000000000
66855  17.106  -22.262  12.551 0.0000000000
67785  18.519  -21.280  10.330 0.0000000000
72104  18.317  -16.625  8.853 0.0000000000
72118  18.388  -16.114  8.593 0.0000000000
72117  18.976  -16.181  8.578 0.0000000000
73786  20.326  -14.492  9.498 0.0000000000
72929  20.570  -15.382  9.828 0.0000000000
72916  21.238  -15.343  10.499 0.0000000000
72915  22.032  -15.297  11.088 0.0000000000
73755  24.389  -15.041  11.337 0.0000000000
73771  23.820  -14.456  11.261 0.0000000000
74627  24.401  -13.561  10.594 0.0000000000
74638  24.907  -13.362  9.954 0.0000000000
75501  23.961  -12.533  10.264 0.0000000000
75513  24.513  -12.515  9.541 0.0000000000
75536  24.519  -13.061  7.416 0.0000000000
74669  23.964  -13.282  6.264 0.0000000000
79963  18.499  -7.141  6.684 0.0000000000
64142  21.582  -25.474  12.188 0.0000000000
64910  22.382  -25.264  12.730 0.0000000000
64908  23.536  -25.042  13.340 0.0000000000
63349  24.959  -26.540  13.378 0.0000000000
72089  17.509  -16.451  10.102 0.0000000000
72119  17.964  -15.779  8.579 0.0000000000
72944  18.038  -15.288  8.278 0.0000000000
74650  18.470  -13.592  8.169 0.0000000000
75517  19.576  -12.679  8.984 0.0000000000
76395  20.045  -11.701  9.252 0.0000000000
77316  20.712  -10.592  9.127 0.0000000000
56842  20.559  -33.864  14.786 0.0000000000
55973  21.425  -34.365  14.756 0.0000000000
56861  22.077  -33.807  14.567 0.0000000000
68619  25.946  -20.653  12.713 0.0000000000
67748  25.461  -21.432  12.928 0.0000000000
68618  26.740  -20.700  12.471 0.0000000000
61548  18.064  -28.495  13.646 0.0000000000
63365  19.636  -26.233  11.649 0.0000000000
64911  17.108  -24.256  13.644 0.0000000000
64928  17.758  -24.469  12.577 0.0000000000
64927  18.327  -24.798  12.090 0.0000000000
64939  18.614  -24.370  11.373 0.0000000000
64164  20.239  -24.899  10.943 0.0000000000
64155  20.591  -25.277  11.311 0.0000000000
64937  21.078  -24.321  11.187 0.0000000000
65885  22.064  -23.423  11.622 0.0000000000
66871  22.502  -22.620  11.866 0.0000000000
67751  22.838  -22.082  12.110 0.0000000000
67750  23.450  -21.573  12.351 0.0000000000
68621  24.111  -21.000  12.524 0.0000000000
68641  16.717  -20.258  12.232 0.0000000000
68674  18.980  -20.792  9.715 0.0000000000
71276  18.410  -17.279  9.113 0.0000000000
70434  19.502  -18.478  9.361 0.0000000000
69549  19.080  -19.562  9.480 0.0000000000
68672  20.422  -20.637  9.779 0.0000000000
68656  21.104  -20.664  10.223 0.0000000000
68639  21.879  -20.605  11.094 0.0000000000
70404  21.964  -18.967  11.153 0.0000000000
68638  22.763  -20.440  11.657 0.0000000000
68637  23.721  -20.384  12.249 0.0000000000
68620  24.845  -20.505  12.685 0.0000000000
69501  25.724  -19.944  12.590 0.0000000000
69513  26.207  -19.287  12.268 0.0000000000
70399  26.550  -18.675  11.655 0.0000000000
71239  26.363  -17.809  11.470 0.0000000000
70417  27.044  -18.304  10.705 0.0000000000
73753  25.412  -15.359  10.962 0.0000000000
73784  25.803  -14.957  9.263 0.0000000000
72927  26.271  -16.218  9.332 0.0000000000
76409  17.974  -11.595  7.825 0.0000000000
77318  19.035  -11.339  8.208 0.0000000000
77317  19.568  -11.045  8.660 0.0000000000
78207  21.485  -10.206  9.110 0.0000000000
82320  16.289  -4.835  5.360 0.0000000000
81591  16.434  -5.169  4.905 0.0000000000
80803  17.834  -6.158  5.698 0.0000000000
80789  18.909  -6.667  6.068 0.0000000000
80821  18.932  -6.337  4.143 0.0000000000
80812  19.349  -6.456  4.656 0.0000000000
79941  20.780  -7.742  7.093 0.0000000000
79973  21.819  -7.966  5.617 0.0000000000
79102  21.931  -8.116  6.681 0.0000000000
79072  21.979  -8.978  8.180 0.0000000000
78212  22.525  -9.628  8.605 0.0000000000
78206  21.978  -10.017  9.063 0.0000000000
77326  22.558  -10.225  9.153 0.0000000000
77358  23.410  -10.772  5.878 0.0000000000
77349  23.885  -10.840  6.810 0.0000000000
77348  24.210  -11.454  7.204 0.0000000000
76432  24.117  -11.902  6.706 0.0000000000
75546  23.702  -12.721  6.142 0.0000000000
74703  21.473  -13.591  3.677 0.0000000000
74695  22.155  -13.847  4.276 0.0000000000
74694  22.761  -13.914  4.808 0.0000000000
73830  23.111  -14.837  4.695 0.0000000000
60649  19.182  -29.196  13.436 0.0000000000
60648  20.054  -29.385  13.617 0.0000000000
60632  22.183  -30.057  14.307 0.0000000000
63350  21.701  -25.981  12.543 0.0000000000
60631  23.036  -30.021  14.140 0.0000000000
66851  26.087  -22.228  13.045 0.0000000000
62527  21.204  -27.167  12.830 0.0000000000
62540  20.239  -26.749  12.083 0.0000000000
64154  21.111  -25.379  11.720 0.0000000000
64166  19.422  -24.688  10.824 0.0000000000
65896  20.358  -23.113  10.340 0.0000000000
67747  26.368  -21.401  12.750 0.0000000000
67784  20.426  -22.033  9.948 0.0000000000
68658  18.578  -20.383  10.086 0.0000000000
68671  20.688  -21.114  9.943 0.0000000000
70418  22.055  -18.283  11.230 0.0000000000
71289  18.632  -16.746  8.790 0.0000000000
72084  26.567  -17.018  10.101 0.0000000000
72100  26.274  -16.299  9.763 0.0000000000
72899  24.540  -15.716  11.517 0.0000000000
72941  26.316  -16.420  8.983 0.0000000000
73754  25.013  -15.160  11.172 0.0000000000
75514  24.109  -12.052  9.813 0.0000000000
75570  22.563  -13.315  4.674 0.0000000000
76407  23.814  -11.071  8.978 0.0000000000
77325  23.343  -10.416  8.886 0.0000000000
78211  23.223  -9.731  8.273 0.0000000000
78239  23.498  -10.210  6.364 0.0000000000
78252  22.066  -9.293  4.335 0.0000000000
79071  22.551  -9.180  8.123 0.0000000000
79100  23.037  -9.091  6.972 0.0000000000
79959  22.018  -8.091  6.262 0.0000000000
80813  18.805  -6.299  4.789 0.0000000000
80820  20.131  -7.129  3.657 0.0000000000
81605  17.970  -5.996  4.924 0.0000000000
