#!ascii label  , from subject 3278 vox2ras=TkReg
1459
37814  11.758  -40.625  85.324 0.0000000000
53700  43.200  -17.000  65.356 0.0000000000
40036  33.553  -37.291  78.436 0.0000000000
41454  41.418  -35.616  82.586 0.0000000000
41553  25.222  -35.407  77.012 0.0000000000
36993  20.829  -41.211  86.891 0.0000000000
61225  57.199  -6.211  61.678 0.0000000000
58643  53.154  -10.119  70.044 0.0000000000
49375  37.371  -23.466  75.464 0.0000000000
64697  60.669  -1.616  60.835 0.0000000000
41443  31.814  -35.005  83.251 0.0000000000
38603  16.217  -39.664  85.122 0.0000000000
60574  55.022  -7.559  67.131 0.0000000000
116057  50.126  -9.322  65.619 0.0000000000
53607  43.764  -18.094  70.464 0.0000000000
55831  47.770  -14.014  72.954 0.0000000000
52158  38.783  -18.983  68.221 0.0000000000
42848  40.462  -33.498  77.404 0.0000000000
39343  38.877  -38.622  79.043 0.0000000000
40686  27.470  -35.919  83.287 0.0000000000
39231  25.137  -38.994  89.459 0.0000000000
39322  24.057  -38.770  81.123 0.0000000000
37925  19.197  -40.222  79.792 0.0000000000
42190  29.365  -34.443  77.876 0.0000000000
61223  59.552  -5.967  61.876 0.0000000000
59337  58.267  -8.514  65.163 0.0000000000
57238  47.987  -12.946  68.708 0.0000000000
52840  38.627  -19.163  74.736 0.0000000000
44886  40.569  -29.711  79.365 0.0000000000
62600  58.677  -4.532  60.035 0.0000000000
63337  60.166  -4.114  58.473 0.0000000000
64023  62.166  -2.388  56.993 0.0000000000
41365  31.225  -35.382  87.432 0.0000000000
37834  14.077  -40.043  84.688 0.0000000000
38509  15.380  -39.331  89.485 0.0000000000
38533  13.023  -39.477  88.736 0.0000000000
116072  51.160  -8.517  64.714 0.0000000000
54354  43.556  -16.265  73.543 0.0000000000
55112  45.662  -15.772  74.340 0.0000000000
36176  6.610  -41.960  88.445 0.0000000000
52219  37.327  -19.767  65.179 0.0000000000
40058  34.185  -37.427  76.125 0.0000000000
40771  36.739  -36.836  77.960 0.0000000000
38696  35.833  -39.155  78.164 0.0000000000
40752  26.170  -36.195  79.998 0.0000000000
39981  25.595  -37.495  82.329 0.0000000000
40023  24.952  -37.219  78.888 0.0000000000
42205  26.965  -33.857  77.738 0.0000000000
42164  28.288  -34.511  80.365 0.0000000000
38527  23.313  -40.123  88.455 0.0000000000
61224  58.367  -5.842  61.694 0.0000000000
60582  59.334  -6.919  63.649 0.0000000000
61210  57.731  -6.518  64.069 0.0000000000
61204  54.093  -8.364  68.260 0.0000000000
59965  56.017  -8.782  67.458 0.0000000000
116006  43.304  -15.113  63.739 0.0000000000
57292  45.584  -13.309  64.891 0.0000000000
55913  45.527  -14.691  67.410 0.0000000000
51348  35.385  -20.909  72.234 0.0000000000
52113  36.593  -19.357  71.293 0.0000000000
51308  37.528  -20.686  74.753 0.0000000000
42802  40.939  -33.983  80.078 0.0000000000
43520  42.162  -32.223  77.649 0.0000000000
43479  42.260  -32.369  80.413 0.0000000000
61929  56.014  -5.386  59.459 0.0000000000
62602  57.117  -4.649  60.127 0.0000000000
116094  57.171  -5.220  59.109 0.0000000000
116097  58.664  -5.209  59.546 0.0000000000
65369  62.090  -0.369  58.112 0.0000000000
64017  61.616  -2.275  58.870 0.0000000000
63341  61.371  -3.271  58.158 0.0000000000
63330  60.600  -3.108  59.903 0.0000000000
41488  33.007  -35.704  80.864 0.0000000000
40006  35.256  -37.263  80.644 0.0000000000
41421  35.196  -35.999  84.345 0.0000000000
37765  18.831  -40.464  86.838 0.0000000000
36155  19.968  -42.025  90.528 0.0000000000
37711  17.975  -40.360  89.947 0.0000000000
61227  54.730  -6.830  62.137 0.0000000000
61211  56.605  -6.463  64.534 0.0000000000
61213  52.473  -7.690  64.342 0.0000000000
116065  51.992  -8.428  66.686 0.0000000000
116058  51.664  -9.241  68.406 0.0000000000
52938  43.959  -17.854  68.472 0.0000000000
55153  45.563  -15.480  70.255 0.0000000000
55124  45.712  -16.258  72.068 0.0000000000
115796  39.129  -25.830  74.049 0.0000000000
43436  43.106  -32.535  83.195 0.0000000000
36211  10.320  -41.838  84.824 0.0000000000
37769  10.731  -40.296  87.662 0.0000000000
36974  8.489  -41.531  87.572 0.0000000000
52235  40.477  -19.211  63.930 0.0000000000
52198  40.423  -19.598  66.059 0.0000000000
52917  41.570  -18.854  69.081 0.0000000000
53573  41.138  -17.450  72.115 0.0000000000
42872  37.986  -33.733  76.275 0.0000000000
42173  38.584  -35.320  79.243 0.0000000000
40725  40.213  -36.462  80.969 0.0000000000
39319  38.415  -38.987  81.253 0.0000000000
38636  40.801  -39.652  81.292 0.0000000000
41368  28.621  -35.781  87.409 0.0000000000
39216  27.765  -38.573  90.567 0.0000000000
39945  26.396  -37.226  86.155 0.0000000000
39277  24.378  -38.700  85.241 0.0000000000
37844  22.700  -40.104  84.076 0.0000000000
39390  22.558  -38.250  76.781 0.0000000000
37922  21.613  -40.320  80.308 0.0000000000
37847  19.805  -40.338  83.408 0.0000000000
37872  17.774  -40.112  82.609 0.0000000000
37874  15.741  -40.221  82.607 0.0000000000
37877  12.802  -40.317  82.385 0.0000000000
40850  32.319  -36.564  75.345 0.0000000000
42230  30.296  -35.094  75.260 0.0000000000
41519  31.325  -35.589  78.311 0.0000000000
42149  30.068  -34.747  80.431 0.0000000000
41445  29.725  -34.910  83.612 0.0000000000
59348  59.091  -9.308  63.655 0.0000000000
59970  57.293  -7.975  66.352 0.0000000000
116060  45.835  -11.918  63.474 0.0000000000
57244  48.564  -11.572  67.070 0.0000000000
57229  50.594  -11.156  69.736 0.0000000000
56538  48.189  -13.434  71.903 0.0000000000
57211  50.342  -12.397  72.434 0.0000000000
52184  35.456  -19.441  67.645 0.0000000000
52870  39.017  -18.295  71.921 0.0000000000
53544  40.090  -17.208  74.982 0.0000000000
45686  39.967  -28.971  75.360 0.0000000000
46314  39.533  -27.264  77.639 0.0000000000
44846  42.104  -30.192  82.085 0.0000000000
46931  40.275  -27.047  79.771 0.0000000000
115807  38.826  -24.082  77.949 0.0000000000
50557  39.490  -21.402  78.551 0.0000000000
52018  40.349  -19.267  78.851 0.0000000000
63325  59.749  -3.372  60.358 0.0000000000
63326  59.194  -4.247  59.861 0.0000000000
116099  59.422  -5.283  59.384 0.0000000000
40571  32.112  -36.414  89.220 0.0000000000
37813  13.131  -40.088  85.598 0.0000000000
37792  13.449  -39.691  86.714 0.0000000000
37793  12.267  -40.149  86.496 0.0000000000
54341  42.823  -16.003  74.739 0.0000000000
55083  44.246  -15.503  75.519 0.0000000000
35347  6.489  -43.687  86.110 0.0000000000
40059  33.645  -37.653  76.625 0.0000000000
39371  35.276  -38.229  77.123 0.0000000000
39361  34.268  -38.251  78.210 0.0000000000
41522  25.805  -35.809  78.791 0.0000000000
40753  25.630  -36.561  79.421 0.0000000000
40796  24.917  -36.208  77.332 0.0000000000
42883  26.255  -33.521  76.424 0.0000000000
42206  26.251  -34.375  77.578 0.0000000000
42193  26.645  -34.745  78.806 0.0000000000
37762  22.244  -40.744  87.680 0.0000000000
36173  21.577  -42.124  89.013 0.0000000000
61217  58.278  -6.273  63.124 0.0000000000
61218  56.909  -6.254  63.076 0.0000000000
116053  53.448  -8.907  68.985 0.0000000000
59953  54.847  -9.581  68.577 0.0000000000
53701  42.784  -16.753  64.531 0.0000000000
116003  43.948  -15.359  64.636 0.0000000000
54475  44.385  -15.858  65.812 0.0000000000
50008  36.309  -22.983  74.266 0.0000000000
50614  36.009  -21.890  73.835 0.0000000000
51333  36.417  -20.516  73.147 0.0000000000
50595  37.059  -22.218  75.341 0.0000000000
42147  41.049  -34.358  81.033 0.0000000000
42814  41.975  -33.121  79.986 0.0000000000
42789  41.575  -33.764  81.448 0.0000000000
61921  56.326  -6.349  60.632 0.0000000000
116093  57.025  -5.852  59.446 0.0000000000
61920  57.168  -6.037  60.120 0.0000000000
61234  58.471  -5.472  60.305 0.0000000000
64700  61.452  -1.222  59.453 0.0000000000
64012  61.169  -2.162  60.009 0.0000000000
63329  61.021  -2.747  59.894 0.0000000000
64008  60.520  -2.251  60.721 0.0000000000
41458  32.625  -35.254  82.352 0.0000000000
41457  33.595  -35.566  82.513 0.0000000000
41423  33.370  -35.352  84.421 0.0000000000
38571  17.600  -39.674  86.185 0.0000000000
37740  18.693  -40.547  87.942 0.0000000000
38528  17.161  -39.610  88.353 0.0000000000
37714  15.518  -39.930  91.164 0.0000000000
37694  16.552  -40.312  91.236 0.0000000000
61228  53.905  -7.234  62.282 0.0000000000
61220  54.140  -6.952  63.260 0.0000000000
61221  53.430  -7.337  63.022 0.0000000000
116056  52.337  -8.417  67.552 0.0000000000
57951  50.254  -10.521  68.054 0.0000000000
52890  43.874  -18.318  69.701 0.0000000000
53605  44.926  -17.107  70.509 0.0000000000
53569  44.765  -17.125  71.908 0.0000000000
61235  54.747  -6.932  60.987 0.0000000000
36195  9.386  -41.705  86.119 0.0000000000
36196  8.633  -42.028  86.581 0.0000000000
52253  38.476  -19.437  62.935 0.0000000000
52216  40.561  -19.627  65.032 0.0000000000
51451  39.176  -19.805  64.114 0.0000000000
52200  38.243  -19.619  66.166 0.0000000000
52180  40.114  -19.364  67.003 0.0000000000
52157  39.832  -19.130  67.952 0.0000000000
52893  41.248  -18.277  70.237 0.0000000000
52894  40.190  -18.344  70.406 0.0000000000
42214  36.854  -34.454  76.097 0.0000000000
40032  37.850  -37.813  78.581 0.0000000000
41516  37.582  -35.850  78.535 0.0000000000
40748  38.615  -36.761  79.473 0.0000000000
41500  39.352  -35.802  80.087 0.0000000000
40018  39.333  -37.657  79.644 0.0000000000
39979  36.286  -36.979  82.343 0.0000000000
39321  36.644  -38.025  81.097 0.0000000000
39308  37.979  -38.167  82.597 0.0000000000
38624  40.090  -39.462  82.061 0.0000000000
39316  41.814  -39.202  81.370 0.0000000000
41407  28.229  -35.721  85.542 0.0000000000
40601  27.550  -36.491  87.612 0.0000000000
40640  27.165  -36.500  84.724 0.0000000000
39310  24.622  -38.381  82.209 0.0000000000
39286  25.209  -38.114  83.853 0.0000000000
38626  24.163  -39.099  82.957 0.0000000000
38598  23.536  -39.477  84.682 0.0000000000
38627  23.599  -39.614  82.667 0.0000000000
40062  23.226  -37.503  76.171 0.0000000000
38716  19.510  -39.518  77.922 0.0000000000
38714  21.382  -39.392  78.181 0.0000000000
38681  20.084  -40.128  79.353 0.0000000000
37889  21.328  -40.588  81.795 0.0000000000
37891  19.457  -40.430  81.677 0.0000000000
37848  18.950  -40.161  83.334 0.0000000000
37909  18.341  -40.219  80.717 0.0000000000
37876  13.701  -40.222  82.544 0.0000000000
41589  32.662  -35.848  74.088 0.0000000000
41611  31.929  -35.521  73.426 0.0000000000
42903  28.696  -33.694  75.632 0.0000000000
42217  29.689  -34.615  76.128 0.0000000000
41552  30.709  -35.424  76.298 0.0000000000
42189  30.066  -34.842  77.513 0.0000000000
41504  30.661  -35.191  78.862 0.0000000000
42162  29.995  -34.771  79.382 0.0000000000
41477  27.476  -35.200  81.729 0.0000000000
42139  29.159  -34.665  82.265 0.0000000000
41447  28.069  -35.517  83.507 0.0000000000
41406  29.032  -35.399  85.562 0.0000000000
39230  26.156  -38.243  89.486 0.0000000000
37717  10.358  -40.154  90.616 0.0000000000
38495  11.463  -39.745  90.473 0.0000000000
60586  60.527  -6.809  62.110 0.0000000000
59974  59.274  -7.777  64.319 0.0000000000
59979  59.868  -7.817  63.633 0.0000000000
59342  58.813  -8.744  64.501 0.0000000000
59343  58.044  -9.355  64.834 0.0000000000
61206  55.888  -6.708  65.569 0.0000000000
60572  57.031  -7.088  65.689 0.0000000000
60573  56.123  -7.388  66.538 0.0000000000
59335  56.622  -9.441  66.893 0.0000000000
57264  47.253  -12.945  67.299 0.0000000000
116046  47.409  -12.402  66.569 0.0000000000
57245  48.126  -12.656  67.918 0.0000000000
57236  49.618  -11.768  68.628 0.0000000000
57230  49.346  -12.380  69.815 0.0000000000
55846  46.943  -14.569  72.459 0.0000000000
55875  46.520  -14.234  70.329 0.0000000000
52185  34.403  -19.693  67.726 0.0000000000
52856  37.719  -19.111  72.426 0.0000000000
52897  37.384  -18.894  71.123 0.0000000000
52854  38.972  -18.343  73.162 0.0000000000
53560  39.507  -17.796  73.626 0.0000000000
53545  39.528  -17.858  75.535 0.0000000000
42893  39.581  -33.089  74.940 0.0000000000
42891  41.226  -32.949  75.718 0.0000000000
44910  41.040  -30.773  77.944 0.0000000000
44196  40.825  -30.683  76.607 0.0000000000
45658  40.190  -28.969  77.647 0.0000000000
45659  39.794  -28.219  77.074 0.0000000000
46313  40.047  -28.224  78.090 0.0000000000
44131  43.017  -31.631  82.776 0.0000000000
48126  40.554  -25.359  80.354 0.0000000000
47546  39.739  -25.865  79.046 0.0000000000
48735  39.883  -24.343  79.397 0.0000000000
49345  39.261  -23.235  78.481 0.0000000000
49950  40.166  -22.509  79.670 0.0000000000
62601  57.940  -4.684  60.081 0.0000000000
63322  58.947  -3.738  60.885 0.0000000000
61927  59.181  -5.412  60.067 0.0000000000
116096  59.012  -5.073  59.368 0.0000000000
116098  59.421  -5.403  59.738 0.0000000000
116100  60.222  -5.621  59.598 0.0000000000
64706  62.129  -1.353  57.593 0.0000000000
63336  60.653  -3.614  58.737 0.0000000000
62616  60.059  -4.468  58.052 0.0000000000
62610  59.787  -4.497  58.369 0.0000000000
41403  31.955  -35.301  85.448 0.0000000000
41402  32.911  -35.383  85.379 0.0000000000
40599  33.000  -35.819  87.813 0.0000000000
37833  15.294  -39.784  84.926 0.0000000000
38555  15.728  -39.374  87.656 0.0000000000
38556  14.915  -39.368  87.754 0.0000000000
38510  14.507  -39.325  89.590 0.0000000000
38479  14.014  -39.662  91.165 0.0000000000
116074  50.767  -8.546  64.359 0.0000000000
116049  47.506  -10.578  64.085 0.0000000000
53570  43.823  -17.204  71.942 0.0000000000
54368  44.238  -16.670  72.710 0.0000000000
54339  44.763  -15.929  74.197 0.0000000000
55082  45.155  -15.368  75.751 0.0000000000
36213  8.314  -43.038  85.297 0.0000000000
35346  7.267  -43.521  85.808 0.0000000000
36184  5.830  -42.888  87.514 0.0000000000
52238  37.471  -19.732  64.040 0.0000000000
52201  37.034  -19.629  66.360 0.0000000000
41568  35.926  -35.367  76.241 0.0000000000
40793  35.615  -36.745  76.905 0.0000000000
39359  36.683  -38.424  77.867 0.0000000000
38694  37.514  -39.149  78.660 0.0000000000
41464  27.077  -35.749  82.047 0.0000000000
39980  26.391  -36.905  82.789 0.0000000000
40709  26.095  -36.706  81.229 0.0000000000
40008  25.085  -37.407  80.110 0.0000000000
40009  24.405  -38.092  80.340 0.0000000000
38683  17.752  -39.716  79.356 0.0000000000
38703  16.563  -39.358  78.551 0.0000000000
43558  27.297  -33.089  75.997 0.0000000000
42840  28.235  -33.897  77.932 0.0000000000
42176  28.309  -34.306  79.250 0.0000000000
42192  27.402  -34.098  78.392 0.0000000000
41505  27.081  -35.101  80.438 0.0000000000
38526  23.766  -39.400  88.202 0.0000000000
60581  59.945  -6.854  62.946 0.0000000000
61216  59.192  -6.275  62.757 0.0000000000
60577  58.637  -6.943  64.307 0.0000000000
59975  58.566  -7.768  64.912 0.0000000000
60567  55.828  -7.983  67.277 0.0000000000
60562  55.252  -8.852  68.109 0.0000000000
59329  55.529  -9.848  67.964 0.0000000000
57329  43.868  -13.536  62.864 0.0000000000
55969  44.295  -14.599  64.371 0.0000000000
55940  45.314  -14.442  65.753 0.0000000000
56571  47.040  -13.419  68.589 0.0000000000
56506  49.314  -13.397  74.326 0.0000000000
51397  33.683  -20.645  69.718 0.0000000000
52137  35.402  -19.577  69.910 0.0000000000
52114  35.640  -19.854  71.117 0.0000000000
52075  36.977  -19.969  73.138 0.0000000000
52057  37.922  -20.076  74.550 0.0000000000
42831  40.550  -33.725  78.478 0.0000000000
42868  42.067  -33.200  77.273 0.0000000000
42829  42.023  -33.210  79.060 0.0000000000
43493  42.253  -32.506  79.454 0.0000000000
44160  41.618  -31.035  80.262 0.0000000000
61923  55.211  -5.157  60.525 0.0000000000
62597  56.748  -4.503  61.234 0.0000000000
61928  56.699  -4.884  59.571 0.0000000000
62608  57.496  -5.007  59.193 0.0000000000
62607  58.449  -4.916  59.345 0.0000000000
64699  61.611  -0.733  59.067 0.0000000000
64702  61.851  -1.213  58.587 0.0000000000
64020  61.951  -2.224  58.069 0.0000000000
63340  61.738  -2.813  57.991 0.0000000000
63335  61.165  -2.929  59.305 0.0000000000
63331  60.029  -3.830  59.122 0.0000000000
40772  33.332  -36.611  79.133 0.0000000000
40021  34.415  -37.375  79.522 0.0000000000
40728  34.480  -36.512  80.918 0.0000000000
40684  34.875  -36.056  82.546 0.0000000000
40637  36.001  -36.452  84.348 0.0000000000
37764  19.687  -40.905  86.635 0.0000000000
36945  20.634  -41.934  89.092 0.0000000000
37724  19.316  -41.034  88.512 0.0000000000
36936  18.700  -40.956  90.232 0.0000000000
37712  17.067  -39.901  90.368 0.0000000000
36920  17.262  -40.856  91.408 0.0000000000
61226  55.832  -6.524  61.601 0.0000000000
61219  55.533  -6.488  63.215 0.0000000000
61212  54.889  -6.775  64.526 0.0000000000
61207  54.627  -7.168  65.978 0.0000000000
61208  53.376  -7.981  67.367 0.0000000000
116041  52.553  -9.497  69.559 0.0000000000
53670  43.159  -17.716  66.410 0.0000000000
54440  44.215  -16.594  67.639 0.0000000000
54400  44.634  -16.658  69.386 0.0000000000
55137  45.677  -15.961  71.397 0.0000000000
55832  46.894  -14.892  73.443 0.0000000000
54351  45.815  -15.981  73.673 0.0000000000
55817  46.810  -15.074  74.617 0.0000000000
55816  47.643  -14.403  74.263 0.0000000000
115802  37.875  -24.619  74.939 0.0000000000
42122  42.133  -34.515  82.985 0.0000000000
61930  54.282  -5.410  59.890 0.0000000000
61934  54.142  -6.162  59.374 0.0000000000
61922  55.620  -6.517  60.504 0.0000000000
65359  60.810  -0.202  60.867 0.0000000000
64691  60.604  -0.686  61.057 0.0000000000
37012  11.278  -40.959  85.079 0.0000000000
37794  10.884  -40.548  86.441 0.0000000000
36995  10.338  -40.924  86.182 0.0000000000
37770  9.932  -40.574  87.793 0.0000000000
37730  8.976  -40.671  89.847 0.0000000000
36975  7.875  -41.672  87.833 0.0000000000
53702  42.023  -17.094  63.614 0.0000000000
53022  40.139  -18.007  62.505 0.0000000000
52989  42.162  -18.085  64.828 0.0000000000
52214  42.102  -18.663  65.436 0.0000000000
52178  42.277  -19.276  67.017 0.0000000000
52133  42.970  -19.164  68.729 0.0000000000
52199  39.398  -19.630  66.083 0.0000000000
52155  41.724  -19.306  68.037 0.0000000000
53608  42.870  -18.041  70.545 0.0000000000
53589  42.438  -17.621  71.229 0.0000000000
54370  42.253  -16.892  72.659 0.0000000000
54342  41.695  -16.491  74.447 0.0000000000
42871  38.943  -33.368  76.229 0.0000000000
42200  37.145  -34.792  77.383 0.0000000000
42199  37.854  -34.339  77.584 0.0000000000
42832  39.772  -33.693  78.140 0.0000000000
42171  40.010  -34.206  79.205 0.0000000000
41486  40.240  -35.484  80.980 0.0000000000
41471  40.501  -35.737  81.550 0.0000000000
39333  35.507  -37.943  79.930 0.0000000000
39331  37.191  -38.925  79.881 0.0000000000
38673  38.468  -39.363  79.418 0.0000000000
39306  39.441  -39.212  82.209 0.0000000000
38637  39.942  -39.524  81.045 0.0000000000
38671  40.075  -39.229  79.720 0.0000000000
39330  40.498  -38.634  80.092 0.0000000000
39988  41.190  -37.635  81.681 0.0000000000
39976  41.772  -37.605  82.226 0.0000000000
40587  29.305  -36.042  88.768 0.0000000000
40575  28.063  -36.861  89.277 0.0000000000
40590  26.770  -37.145  88.268 0.0000000000
39929  25.766  -37.687  87.573 0.0000000000
39954  25.820  -37.659  84.447 0.0000000000
39267  24.984  -38.143  85.944 0.0000000000
39259  24.378  -38.740  87.698 0.0000000000
38567  23.788  -39.131  86.698 0.0000000000
38584  22.897  -39.854  85.855 0.0000000000
37807  21.588  -40.469  85.786 0.0000000000
40050  23.996  -37.231  76.859 0.0000000000
40040  23.561  -37.989  77.777 0.0000000000
39350  23.122  -39.050  79.592 0.0000000000
39391  21.512  -38.858  76.889 0.0000000000
39365  22.560  -39.075  78.840 0.0000000000
38677  23.022  -39.585  80.393 0.0000000000
37888  22.349  -40.429  81.873 0.0000000000
37845  21.663  -40.450  83.761 0.0000000000
37808  20.882  -40.620  85.390 0.0000000000
37810  19.223  -40.244  85.010 0.0000000000
38585  18.465  -39.960  84.787 0.0000000000
37831  16.818  -39.896  84.226 0.0000000000
37910  17.359  -40.061  80.733 0.0000000000
37873  16.777  -40.127  82.644 0.0000000000
37851  16.031  -40.145  83.674 0.0000000000
37852  14.941  -40.196  83.682 0.0000000000
37853  13.883  -40.278  83.573 0.0000000000
37854  12.949  -40.409  83.433 0.0000000000
37040  11.462  -41.209  83.241 0.0000000000
37041  10.712  -41.728  83.086 0.0000000000
40831  34.224  -36.462  75.278 0.0000000000
40832  33.404  -36.894  75.327 0.0000000000
40813  32.510  -36.805  76.707 0.0000000000
41572  30.774  -35.465  75.309 0.0000000000
40814  31.867  -36.209  76.764 0.0000000000
40794  32.372  -36.433  77.628 0.0000000000
41502  32.157  -35.757  79.457 0.0000000000
41474  31.651  -35.325  81.040 0.0000000000
42137  31.006  -34.827  81.913 0.0000000000
42150  29.205  -34.568  81.029 0.0000000000
42125  30.066  -34.707  82.770 0.0000000000
41444  30.715  -34.919  83.536 0.0000000000
41405  30.009  -35.227  85.563 0.0000000000
41366  30.245  -35.365  87.484 0.0000000000
38534  12.129  -39.634  88.673 0.0000000000
38494  12.315  -39.665  90.699 0.0000000000
60578  57.867  -6.964  64.984 0.0000000000
59969  57.894  -7.826  65.567 0.0000000000
59964  56.622  -8.360  66.941 0.0000000000
59334  57.210  -8.882  66.505 0.0000000000
59338  57.732  -8.910  65.754 0.0000000000
116070  45.181  -11.460  61.842 0.0000000000
116038  48.193  -10.744  65.524 0.0000000000
58006  45.672  -12.589  64.050 0.0000000000
116054  46.862  -11.968  65.218 0.0000000000
116035  50.782  -10.182  68.814 0.0000000000
116036  51.961  -10.355  70.333 0.0000000000
55886  45.729  -14.852  69.259 0.0000000000
56558  46.995  -13.593  69.887 0.0000000000
56557  47.512  -13.348  70.108 0.0000000000
56524  48.965  -13.241  73.152 0.0000000000
56537  49.058  -12.998  72.004 0.0000000000
57221  49.704  -12.409  70.935 0.0000000000
57220  50.504  -12.107  71.304 0.0000000000
116034  51.987  -11.127  71.165 0.0000000000
52221  34.962  -19.939  65.601 0.0000000000
52183  36.664  -19.359  67.578 0.0000000000
52160  36.116  -19.274  68.792 0.0000000000
52135  37.259  -18.798  69.663 0.0000000000
52943  38.695  -18.673  69.201 0.0000000000
53592  39.899  -17.887  71.970 0.0000000000
54357  40.700  -17.167  73.564 0.0000000000
54317  40.995  -16.443  76.273 0.0000000000
44206  41.551  -31.711  75.947 0.0000000000
115804  39.581  -26.959  74.434 0.0000000000
115798  38.928  -25.822  75.112 0.0000000000
115797  38.882  -25.859  76.377 0.0000000000
43449  42.686  -32.496  82.420 0.0000000000
44147  42.145  -31.371  80.969 0.0000000000
44871  41.264  -30.281  80.653 0.0000000000
46294  40.695  -28.211  80.850 0.0000000000
45640  40.319  -28.704  79.438 0.0000000000
46307  39.716  -27.075  78.532 0.0000000000
46943  39.139  -25.689  77.682 0.0000000000
49374  37.668  -23.488  75.994 0.0000000000
49981  37.975  -22.408  76.544 0.0000000000
50579  38.576  -21.277  76.908 0.0000000000
51291  38.870  -20.056  76.616 0.0000000000
50540  40.624  -21.588  80.103 0.0000000000
51271  39.576  -20.311  78.303 0.0000000000
52821  39.436  -18.666  76.869 0.0000000000
53529  39.819  -17.924  76.949 0.0000000000
64693  59.949  -1.632  61.570 0.0000000000
64009  60.116  -2.725  60.771 0.0000000000
63324  60.288  -2.904  60.482 0.0000000000
62605  59.547  -4.403  59.104 0.0000000000
62606  59.159  -5.006  59.130 0.0000000000
39904  30.571  -36.896  90.001 0.0000000000
39903  31.616  -37.224  89.844 0.0000000000
37836  12.257  -40.619  84.215 0.0000000000
55085  42.869  -15.809  75.663 0.0000000000
55084  43.424  -15.635  75.693 0.0000000000
40048  33.454  -37.604  77.406 0.0000000000
39373  33.892  -38.104  77.344 0.0000000000
39362  33.746  -37.895  77.857 0.0000000000
41538  25.529  -35.448  77.859 0.0000000000
40815  24.855  -35.887  76.738 0.0000000000
42207  25.574  -34.899  77.275 0.0000000000
37763  21.649  -41.086  87.375 0.0000000000
36969  21.964  -41.383  88.176 0.0000000000
36970  21.477  -41.469  87.795 0.0000000000
59949  53.810  -9.714  69.437 0.0000000000
59320  53.759  -10.260  69.717 0.0000000000
54476  43.707  -16.403  65.489 0.0000000000
50007  36.258  -22.175  74.262 0.0000000000
49998  36.489  -22.257  74.593 0.0000000000
49990  36.868  -22.886  75.139 0.0000000000
42135  41.236  -34.638  82.172 0.0000000000
64696  60.981  -1.167  60.611 0.0000000000
64007  60.890  -1.830  60.595 0.0000000000
41442  32.939  -35.281  83.417 0.0000000000
41424  32.386  -35.252  84.404 0.0000000000
38587  16.897  -39.608  85.576 0.0000000000
38553  17.523  -39.648  87.289 0.0000000000
38572  16.767  -39.488  86.528 0.0000000000
61229  53.271  -7.388  62.257 0.0000000000
53586  45.004  -17.268  71.012 0.0000000000
53587  44.302  -17.654  71.149 0.0000000000
36212  9.590  -42.137  85.349 0.0000000000
52265  37.651  -18.920  62.152 0.0000000000
51467  39.028  -19.649  63.496 0.0000000000
52254  37.534  -19.507  63.030 0.0000000000
52181  39.053  -19.373  67.137 0.0000000000
52942  39.646  -18.843  68.882 0.0000000000
52918  40.460  -18.633  69.497 0.0000000000
39344  38.363  -38.248  78.806 0.0000000000
40769  38.016  -36.805  78.884 0.0000000000
40019  38.497  -37.676  79.090 0.0000000000
39964  37.168  -37.157  83.756 0.0000000000
39990  37.333  -37.802  82.300 0.0000000000
39294  38.048  -37.890  83.321 0.0000000000
40639  27.785  -35.933  84.904 0.0000000000
40622  27.652  -36.126  85.614 0.0000000000
38640  23.997  -39.085  82.119 0.0000000000
38641  23.542  -39.535  81.676 0.0000000000
38700  19.619  -39.892  78.828 0.0000000000
37907  20.209  -40.495  80.870 0.0000000000
37908  19.296  -40.410  80.771 0.0000000000
42204  28.803  -34.136  77.306 0.0000000000
42218  29.047  -34.154  76.414 0.0000000000
42203  29.515  -34.536  76.985 0.0000000000
42174  30.006  -34.788  78.414 0.0000000000
42175  29.227  -34.465  78.838 0.0000000000
41463  27.620  -35.482  82.617 0.0000000000
41428  28.424  -35.557  84.556 0.0000000000
39218  25.794  -39.060  90.147 0.0000000000
37701  9.837  -40.758  91.641 0.0000000000
61233  60.037  -5.830  60.766 0.0000000000
57246  47.586  -13.083  68.307 0.0000000000
57237  48.678  -12.600  68.746 0.0000000000
52205  33.515  -20.259  67.306 0.0000000000
52073  38.054  -19.357  73.590 0.0000000000
52855  38.247  -18.861  72.839 0.0000000000
52849  38.503  -18.934  73.778 0.0000000000
52848  38.972  -18.370  74.154 0.0000000000
52839  39.085  -18.482  75.072 0.0000000000
42870  40.093  -33.242  76.334 0.0000000000
42892  40.674  -33.037  75.586 0.0000000000
42869  41.318  -33.252  76.476 0.0000000000
44897  41.022  -30.691  78.856 0.0000000000
44898  40.555  -29.917  78.286 0.0000000000
45649  40.260  -28.907  78.632 0.0000000000
48113  40.795  -25.879  80.744 0.0000000000
48138  40.056  -25.228  79.554 0.0000000000
48734  40.298  -24.606  79.952 0.0000000000
49332  39.752  -23.382  79.201 0.0000000000
49331  40.329  -23.638  79.990 0.0000000000
62595  58.301  -4.115  61.078 0.0000000000
62615  60.397  -4.130  58.123 0.0000000000
41382  31.595  -35.305  86.468 0.0000000000
41364  32.260  -35.482  87.429 0.0000000000
37811  14.931  -39.639  85.586 0.0000000000
38590  14.723  -39.505  86.407 0.0000000000
37812  14.322  -39.667  85.904 0.0000000000
38558  13.346  -39.544  87.801 0.0000000000
38557  14.145  -39.401  87.851 0.0000000000
38532  13.885  -39.374  88.706 0.0000000000
38492  14.220  -39.436  90.424 0.0000000000
38511  13.605  -39.379  89.604 0.0000000000
54369  43.207  -16.673  72.659 0.0000000000
36214  7.617  -43.375  85.632 0.0000000000
35336  6.291  -43.188  86.818 0.0000000000
35331  5.231  -43.053  87.778 0.0000000000
40812  34.562  -37.009  75.963 0.0000000000
40811  35.011  -36.585  76.135 0.0000000000
40057  34.782  -37.380  76.400 0.0000000000
38712  35.688  -38.779  77.635 0.0000000000
39370  36.050  -38.303  77.488 0.0000000000
38711  36.223  -38.887  77.786 0.0000000000
38695  36.700  -39.084  78.278 0.0000000000
40731  26.422  -36.092  80.787 0.0000000000
40708  26.554  -36.325  81.818 0.0000000000
40024  24.317  -37.903  79.323 0.0000000000
42861  26.823  -33.659  77.224 0.0000000000
43541  26.929  -33.093  76.244 0.0000000000
42882  27.270  -33.335  76.582 0.0000000000
42860  27.565  -33.663  77.506 0.0000000000
41521  26.322  -35.350  79.154 0.0000000000
42178  26.679  -35.025  79.428 0.0000000000
41506  26.596  -35.471  79.966 0.0000000000
41493  26.816  -35.489  80.722 0.0000000000
38506  23.444  -40.466  88.909 0.0000000000
60568  55.027  -8.327  67.922 0.0000000000
60569  54.479  -8.785  68.497 0.0000000000
56678  42.175  -14.913  61.928 0.0000000000
116015  43.594  -14.417  63.472 0.0000000000
55218  45.129  -14.947  66.122 0.0000000000
55232  45.054  -14.798  65.719 0.0000000000
55928  45.558  -14.462  66.553 0.0000000000
56596  46.357  -13.719  67.176 0.0000000000
55912  45.961  -14.237  67.757 0.0000000000
51381  33.873  -20.936  70.402 0.0000000000
51363  34.951  -20.644  71.439 0.0000000000
52115  34.895  -20.208  70.725 0.0000000000
51319  36.900  -20.761  74.033 0.0000000000
51318  37.363  -20.355  74.102 0.0000000000
52065  37.699  -19.925  74.006 0.0000000000
51307  37.935  -20.313  74.911 0.0000000000
42816  40.754  -33.909  79.417 0.0000000000
42830  41.401  -33.548  78.730 0.0000000000
42815  41.413  -33.565  79.627 0.0000000000
42800  42.010  -33.089  80.918 0.0000000000
44159  42.083  -31.733  79.889 0.0000000000
116095  57.116  -5.499  59.393 0.0000000000
116092  56.939  -5.236  59.214 0.0000000000
64703  61.703  -1.649  58.882 0.0000000000
64016  61.799  -1.849  58.601 0.0000000000
64021  61.686  -2.659  58.272 0.0000000000
40730  33.161  -35.974  80.275 0.0000000000
40750  33.671  -36.496  79.803 0.0000000000
40729  33.682  -36.119  80.756 0.0000000000
41456  34.242  -35.720  82.863 0.0000000000
40685  34.267  -35.882  82.244 0.0000000000
40660  35.305  -36.148  83.373 0.0000000000
40659  35.891  -36.446  83.442 0.0000000000
40638  35.572  -36.273  83.878 0.0000000000
37790  19.411  -40.472  85.905 0.0000000000
37739  19.410  -41.018  87.509 0.0000000000
37725  18.539  -40.505  89.101 0.0000000000
36919  18.197  -41.362  91.198 0.0000000000
38508  16.145  -39.377  89.301 0.0000000000
38529  16.339  -39.410  88.457 0.0000000000
38489  16.565  -39.518  89.792 0.0000000000
53654  43.599  -17.601  67.374 0.0000000000
53640  43.972  -17.291  68.114 0.0000000000
53624  44.253  -17.398  68.956 0.0000000000
54377  45.355  -16.686  71.656 0.0000000000
54383  45.252  -16.564  70.719 0.0000000000
55123  46.221  -15.594  72.436 0.0000000000
54352  45.399  -16.038  73.847 0.0000000000
54367  45.361  -16.503  72.733 0.0000000000
55806  47.482  -14.652  75.448 0.0000000000
55805  48.601  -14.067  75.185 0.0000000000
115790  38.626  -25.410  74.755 0.0000000000
116088  54.936  -6.750  60.165 0.0000000000
116091  55.292  -6.665  60.767 0.0000000000
37028  10.838  -41.616  84.232 0.0000000000
37013  10.613  -41.189  85.467 0.0000000000
36997  8.932  -41.604  86.962 0.0000000000
36996  9.663  -41.194  86.734 0.0000000000
36973  9.216  -40.896  88.030 0.0000000000
37745  9.209  -40.648  89.325 0.0000000000
36959  8.694  -40.956  88.883 0.0000000000
36197  7.393  -42.961  86.380 0.0000000000
36182  7.624  -42.038  87.556 0.0000000000
36175  7.261  -41.822  88.134 0.0000000000
53716  41.329  -16.951  62.559 0.0000000000
53726  40.821  -17.342  62.428 0.0000000000
52263  39.127  -18.757  62.458 0.0000000000
53023  39.615  -18.262  62.379 0.0000000000
53016  39.949  -18.700  62.922 0.0000000000
53003  41.434  -17.949  63.710 0.0000000000
52234  41.193  -18.678  64.140 0.0000000000
52215  41.506  -18.997  64.944 0.0000000000
52197  41.390  -19.444  65.997 0.0000000000
52154  42.640  -19.285  68.108 0.0000000000
52218  38.682  -19.828  64.898 0.0000000000
52941  40.582  -18.978  68.618 0.0000000000
52156  40.773  -19.202  67.836 0.0000000000
52940  41.173  -19.106  68.403 0.0000000000
52916  42.657  -18.876  69.234 0.0000000000
52892  42.279  -18.395  69.911 0.0000000000
53609  42.063  -17.955  70.600 0.0000000000
53590  41.441  -17.726  71.224 0.0000000000
53572  41.958  -17.349  71.965 0.0000000000
54371  41.559  -17.172  72.613 0.0000000000
54356  41.479  -16.864  73.414 0.0000000000
41534  35.961  -36.165  77.157 0.0000000000
42201  36.548  -35.291  77.155 0.0000000000
41533  36.565  -35.871  77.589 0.0000000000
41515  38.235  -35.859  79.120 0.0000000000
42188  37.441  -35.167  78.185 0.0000000000
42187  38.182  -34.703  78.487 0.0000000000
42833  38.969  -33.839  78.073 0.0000000000
42186  39.340  -34.192  78.708 0.0000000000
42172  39.238  -34.961  79.537 0.0000000000
40726  39.668  -36.537  80.366 0.0000000000
41487  39.823  -35.674  80.560 0.0000000000
40007  34.596  -36.935  80.325 0.0000000000
40020  35.127  -37.781  79.790 0.0000000000
39320  37.528  -38.563  81.227 0.0000000000
38656  37.982  -39.252  80.104 0.0000000000
38674  37.636  -39.346  79.264 0.0000000000
38639  38.351  -39.160  80.737 0.0000000000
38654  39.646  -39.455  80.214 0.0000000000
38653  40.505  -39.398  80.369 0.0000000000
39329  40.979  -39.070  80.362 0.0000000000
39317  41.275  -38.640  80.981 0.0000000000
41354  28.970  -35.813  88.074 0.0000000000
40574  28.985  -36.583  89.307 0.0000000000
40588  28.352  -36.311  88.388 0.0000000000
40613  26.944  -36.730  86.843 0.0000000000
40602  26.850  -36.931  87.735 0.0000000000
39937  26.315  -37.235  87.128 0.0000000000
39928  26.380  -37.361  87.956 0.0000000000
39965  26.472  -37.084  83.992 0.0000000000
39966  25.774  -37.549  83.378 0.0000000000
39287  24.617  -38.622  84.244 0.0000000000
39276  25.165  -38.207  84.872 0.0000000000
39258  25.034  -38.182  87.098 0.0000000000
39268  24.127  -38.799  86.443 0.0000000000
38612  23.208  -39.762  84.353 0.0000000000
38599  23.058  -39.839  84.951 0.0000000000
37825  22.373  -40.195  85.269 0.0000000000
37806  22.222  -40.244  86.229 0.0000000000
39389  23.104  -37.908  76.917 0.0000000000
40051  23.537  -37.727  77.210 0.0000000000
39374  23.101  -38.226  77.467 0.0000000000
39349  23.721  -38.400  79.204 0.0000000000
39364  23.342  -38.430  78.415 0.0000000000
39403  21.312  -38.509  75.761 0.0000000000
39392  20.494  -38.916  76.387 0.0000000000
38698  21.429  -39.710  78.971 0.0000000000
38697  22.094  -39.572  79.230 0.0000000000
39351  22.547  -39.380  79.411 0.0000000000
38678  22.374  -39.862  80.019 0.0000000000
38658  22.733  -40.095  80.918 0.0000000000
37905  21.958  -40.421  80.936 0.0000000000
37869  20.571  -40.480  82.621 0.0000000000
37868  21.527  -40.521  82.755 0.0000000000
37846  20.724  -40.461  83.542 0.0000000000
37827  20.830  -40.514  84.476 0.0000000000
37809  20.069  -40.548  85.159 0.0000000000
37828  19.941  -40.386  84.283 0.0000000000
37871  18.722  -40.254  82.546 0.0000000000
37830  18.470  -40.003  83.901 0.0000000000
37849  18.058  -40.008  83.467 0.0000000000
38613  17.587  -39.942  83.900 0.0000000000
37850  17.081  -39.993  83.733 0.0000000000
38684  16.702  -39.685  79.563 0.0000000000
37927  17.171  -39.899  80.021 0.0000000000
37895  15.518  -40.017  81.475 0.0000000000
37894  16.548  -40.095  81.620 0.0000000000
37855  12.141  -40.674  83.339 0.0000000000
37051  11.276  -41.097  82.017 0.0000000000
40849  32.684  -36.562  74.945 0.0000000000
40833  32.779  -37.104  75.823 0.0000000000
40834  32.040  -36.530  75.872 0.0000000000
42247  30.350  -35.079  74.688 0.0000000000
41591  30.900  -35.408  74.411 0.0000000000
41535  31.091  -35.529  77.577 0.0000000000
41551  31.244  -35.670  76.881 0.0000000000
40795  31.668  -35.871  77.553 0.0000000000
40774  31.990  -35.997  78.184 0.0000000000
41518  31.910  -35.812  78.767 0.0000000000
41491  30.758  -35.105  79.806 0.0000000000
41490  31.546  -35.392  80.120 0.0000000000
41475  30.888  -35.091  80.770 0.0000000000
41460  31.092  -35.015  81.483 0.0000000000
42163  29.185  -34.531  79.892 0.0000000000
41461  29.128  -34.825  83.088 0.0000000000
42126  29.521  -34.735  82.944 0.0000000000
41426  30.374  -35.151  84.548 0.0000000000
41385  28.569  -35.618  86.537 0.0000000000
41384  29.610  -35.279  86.537 0.0000000000
41367  29.292  -35.503  87.434 0.0000000000
40586  29.782  -35.930  88.884 0.0000000000
39893  28.462  -37.935  90.349 0.0000000000
36934  20.345  -41.945  89.766 0.0000000000
36165  20.964  -42.277  89.411 0.0000000000
36154  20.752  -42.587  90.335 0.0000000000
37768  11.766  -39.989  87.581 0.0000000000
37742  11.225  -39.873  88.530 0.0000000000
37699  11.946  -40.136  91.571 0.0000000000
38481  12.589  -39.891  91.383 0.0000000000
37698  12.892  -40.183  91.861 0.0000000000
37690  12.422  -40.724  92.411 0.0000000000
59341  59.519  -8.548  63.993 0.0000000000
59339  57.117  -9.720  66.072 0.0000000000
58676  57.420  -9.981  65.201 0.0000000000
58028  44.413  -12.353  62.109 0.0000000000
57310  44.673  -13.544  63.735 0.0000000000
57328  44.388  -13.383  63.235 0.0000000000
57309  45.182  -13.276  64.075 0.0000000000
55171  45.024  -15.651  69.036 0.0000000000
55190  44.577  -16.005  68.211 0.0000000000
55861  47.104  -13.789  70.878 0.0000000000
55874  46.991  -13.693  70.329 0.0000000000
56550  47.830  -13.309  70.975 0.0000000000
56536  49.551  -12.752  72.584 0.0000000000
57212  49.809  -12.530  71.859 0.0000000000
56549  48.754  -12.937  70.942 0.0000000000
52203  34.752  -19.737  66.683 0.0000000000
52202  35.852  -19.663  66.523 0.0000000000
52161  34.915  -19.564  68.786 0.0000000000
52136  36.660  -19.034  70.092 0.0000000000
52896  38.315  -18.572  70.942 0.0000000000
52921  37.614  -18.698  70.077 0.0000000000
52944  38.105  -18.628  69.532 0.0000000000
52920  38.584  -18.546  70.029 0.0000000000
52895  39.261  -18.373  70.713 0.0000000000
53552  40.096  -17.335  74.029 0.0000000000
54343  40.796  -16.897  74.276 0.0000000000
54329  40.853  -16.640  75.270 0.0000000000
43533  42.262  -32.760  77.295 0.0000000000
43534  41.994  -32.479  76.680 0.0000000000
44924  40.419  -30.068  76.139 0.0000000000
45671  39.508  -27.430  75.782 0.0000000000
42774  42.779  -33.580  83.202 0.0000000000
42781  42.330  -33.536  82.557 0.0000000000
43437  42.728  -33.032  82.869 0.0000000000
44845  42.742  -30.552  82.422 0.0000000000
44132  42.604  -31.529  81.934 0.0000000000
44858  42.311  -30.804  81.748 0.0000000000
44148  41.704  -30.776  80.823 0.0000000000
44859  41.746  -30.385  81.396 0.0000000000
46923  40.616  -27.244  80.582 0.0000000000
46922  41.148  -27.393  81.337 0.0000000000
45631  40.545  -29.039  80.246 0.0000000000
46300  40.317  -28.015  80.000 0.0000000000
46306  40.055  -27.763  78.901 0.0000000000
46936  39.906  -26.733  79.075 0.0000000000
48153  39.082  -24.720  78.162 0.0000000000
47561  39.412  -25.560  78.450 0.0000000000
48774  38.381  -24.163  77.019 0.0000000000
49366  37.938  -23.147  76.545 0.0000000000
49356  38.453  -23.127  77.328 0.0000000000
49961  38.963  -22.271  78.000 0.0000000000
49972  38.778  -21.600  77.431 0.0000000000
50578  38.873  -21.048  77.241 0.0000000000
51292  38.578  -20.518  76.407 0.0000000000
50569  39.139  -21.176  77.774 0.0000000000
49935  40.770  -22.610  80.430 0.0000000000
50539  41.562  -21.668  80.765 0.0000000000
51254  40.310  -20.224  79.309 0.0000000000
51270  39.994  -19.781  78.699 0.0000000000
52029  39.437  -19.435  77.506 0.0000000000
52019  39.873  -19.323  78.261 0.0000000000
52794  40.283  -18.707  78.365 0.0000000000
62596  57.581  -4.364  61.110 0.0000000000
63321  59.289  -2.992  61.722 0.0000000000
64004  59.835  -2.290  61.424 0.0000000000
66037  61.827  0.535  58.514 0.0000000000
40572  31.052  -36.152  89.375 0.0000000000
37791  13.995  -39.578  86.493 0.0000000000
37767  12.664  -39.807  87.315 0.0000000000
54355  42.493  -16.458  73.549 0.0000000000
54340  43.957  -15.884  74.241 0.0000000000
55099  43.661  -15.694  74.999 0.0000000000
39387  34.658  -37.920  76.717 0.0000000000
39372  34.517  -38.347  77.312 0.0000000000
39360  35.047  -38.848  77.859 0.0000000000
41507  26.117  -35.895  79.461 0.0000000000
40775  25.238  -36.481  78.329 0.0000000000
40038  24.825  -37.059  78.259 0.0000000000
42219  25.949  -34.078  76.881 0.0000000000
41537  26.087  -35.131  78.456 0.0000000000
37761  22.823  -40.350  88.083 0.0000000000
37737  22.836  -40.839  88.566 0.0000000000
37738  22.313  -41.149  88.287 0.0000000000
36172  22.073  -42.169  89.207 0.0000000000
36164  21.570  -42.449  89.621 0.0000000000
59954  54.374  -9.428  68.936 0.0000000000
53715  42.345  -16.192  63.230 0.0000000000
116001  43.511  -15.882  64.677 0.0000000000
55205  45.155  -15.160  66.912 0.0000000000
50625  35.459  -22.415  73.094 0.0000000000
51334  35.833  -21.156  73.147 0.0000000000
51320  36.298  -21.163  73.683 0.0000000000
50602  37.250  -21.270  74.934 0.0000000000
42159  40.937  -34.194  80.477 0.0000000000
42801  41.410  -33.714  80.512 0.0000000000
116089  55.629  -6.254  59.737 0.0000000000
116090  56.626  -5.797  59.488 0.0000000000
64013  60.884  -2.608  60.187 0.0000000000
41473  32.435  -35.416  81.372 0.0000000000
41472  33.248  -35.595  81.566 0.0000000000
41441  33.845  -35.495  83.523 0.0000000000
41422  34.287  -35.573  84.416 0.0000000000
38552  18.166  -39.897  86.716 0.0000000000
37766  18.239  -40.089  87.414 0.0000000000
37741  17.959  -40.044  88.237 0.0000000000
37726  17.611  -39.953  89.239 0.0000000000
38491  15.182  -39.559  90.568 0.0000000000
37713  16.075  -39.850  90.868 0.0000000000
52914  44.053  -18.156  69.049 0.0000000000
53606  44.528  -17.601  70.044 0.0000000000
55096  45.946  -15.471  75.005 0.0000000000
61236  54.229  -7.191  61.559 0.0000000000
36225  10.133  -42.193  84.127 0.0000000000
37014  9.776  -41.530  85.892 0.0000000000
52264  38.619  -18.941  62.425 0.0000000000
52252  39.507  -19.192  63.078 0.0000000000
51466  39.482  -19.601  63.734 0.0000000000
51433  40.045  -19.722  64.761 0.0000000000
52217  39.792  -19.773  65.244 0.0000000000
52868  40.685  -18.049  70.950 0.0000000000
41517  37.057  -36.182  78.138 0.0000000000
40770  37.365  -36.865  78.413 0.0000000000
41501  38.805  -35.863  79.650 0.0000000000
40004  39.576  -37.091  80.058 0.0000000000
40003  40.106  -37.531  80.285 0.0000000000
39992  35.894  -37.059  81.671 0.0000000000
40005  36.163  -37.612  81.077 0.0000000000
39991  36.664  -37.606  81.792 0.0000000000
38623  40.918  -39.845  82.268 0.0000000000
38652  41.116  -39.378  80.712 0.0000000000
41386  28.022  -35.866  86.079 0.0000000000
40600  28.188  -36.114  87.476 0.0000000000
40612  27.768  -36.175  86.621 0.0000000000
40623  27.061  -36.660  85.836 0.0000000000
39953  26.485  -37.193  85.103 0.0000000000
39309  25.112  -37.902  82.315 0.0000000000
39295  25.148  -37.985  82.896 0.0000000000
39296  24.647  -38.523  83.314 0.0000000000
38610  24.232  -39.027  83.741 0.0000000000
38582  23.875  -39.139  85.108 0.0000000000
38597  24.043  -39.110  84.458 0.0000000000
38611  23.534  -39.592  83.753 0.0000000000
37866  23.119  -40.032  83.242 0.0000000000
38729  19.429  -39.249  76.876 0.0000000000
38728  20.441  -39.265  77.260 0.0000000000
38715  20.468  -39.536  78.076 0.0000000000
38699  20.647  -39.805  78.795 0.0000000000
37923  20.915  -40.375  80.179 0.0000000000
37890  20.385  -40.517  81.730 0.0000000000
37870  19.644  -40.375  82.547 0.0000000000
37892  18.510  -40.313  81.653 0.0000000000
37893  17.545  -40.145  81.653 0.0000000000
37896  14.431  -39.938  81.685 0.0000000000
37875  14.691  -40.216  82.589 0.0000000000
37897  13.498  -39.933  81.587 0.0000000000
41590  31.726  -35.995  74.751 0.0000000000
42232  29.329  -34.246  75.650 0.0000000000
42231  29.868  -34.691  75.226 0.0000000000
42216  30.233  -35.062  75.814 0.0000000000
42202  30.151  -34.948  76.651 0.0000000000
41536  30.631  -35.290  77.153 0.0000000000
41520  30.609  -35.233  77.978 0.0000000000
42151  28.185  -34.679  81.498 0.0000000000
42140  28.437  -34.797  82.206 0.0000000000
41462  28.449  -35.025  82.811 0.0000000000
41446  28.864  -35.167  83.698 0.0000000000
41427  29.418  -35.274  84.586 0.0000000000
37728  10.279  -40.170  89.494 0.0000000000
37727  10.863  -39.880  89.225 0.0000000000
38514  10.894  -39.797  89.995 0.0000000000
37716  11.223  -39.960  90.993 0.0000000000
59328  55.983  -9.672  67.473 0.0000000000
116066  44.790  -12.428  62.592 0.0000000000
57278  46.772  -13.029  66.662 0.0000000000
57987  46.299  -12.810  65.574 0.0000000000
57977  47.066  -12.846  66.799 0.0000000000
57253  47.864  -12.438  67.251 0.0000000000
55136  46.082  -15.103  71.086 0.0000000000
55152  46.020  -14.877  70.423 0.0000000000
55862  46.675  -14.520  71.525 0.0000000000
55845  47.376  -13.906  71.811 0.0000000000
57219  50.982  -12.060  71.855 0.0000000000
51435  33.397  -20.358  66.319 0.0000000000
52112  37.072  -19.315  71.792 0.0000000000
52898  36.944  -19.011  70.727 0.0000000000
52872  37.491  -19.086  71.908 0.0000000000
52871  38.013  -18.747  71.854 0.0000000000
53553  39.476  -17.774  74.566 0.0000000000
44184  41.725  -31.550  78.314 0.0000000000
44195  41.413  -31.334  77.036 0.0000000000
44911  40.561  -30.183  77.193 0.0000000000
45670  40.070  -29.008  76.551 0.0000000000
46323  39.929  -28.184  77.622 0.0000000000
43448  42.900  -32.206  82.838 0.0000000000
47535  40.557  -26.353  80.366 0.0000000000
47545  40.206  -26.111  79.685 0.0000000000
48139  39.591  -24.993  78.891 0.0000000000
48750  39.403  -24.116  78.669 0.0000000000
49346  38.755  -23.367  77.839 0.0000000000
49951  39.588  -22.377  78.892 0.0000000000
64709  62.292  -1.450  56.563 0.0000000000
63342  60.776  -3.855  58.039 0.0000000000
62622  60.233  -4.500  57.738 0.0000000000
41425  31.366  -35.176  84.458 0.0000000000
41381  32.543  -35.401  86.357 0.0000000000
40584  32.470  -35.933  88.448 0.0000000000
38604  15.694  -39.601  85.465 0.0000000000
38573  15.912  -39.399  86.734 0.0000000000
38530  15.542  -39.342  88.562 0.0000000000
38575  14.285  -39.471  86.904 0.0000000000
38531  14.729  -39.343  88.663 0.0000000000
38478  14.595  -39.650  90.973 0.0000000000
37688  14.182  -40.707  92.286 0.0000000000
54353  44.570  -16.265  73.555 0.0000000000
55098  44.353  -15.709  74.702 0.0000000000
55097  45.092  -15.713  74.681 0.0000000000
35360  8.149  -43.550  84.691 0.0000000000
36183  6.430  -42.748  87.316 0.0000000000
36198  6.654  -43.137  86.650 0.0000000000
36167  5.457  -42.384  89.055 0.0000000000
52182  37.893  -19.267  67.369 0.0000000000
41550  35.599  -35.962  76.558 0.0000000000
40792  36.158  -36.792  77.466 0.0000000000
39386  35.016  -37.788  76.705 0.0000000000
40046  35.802  -37.534  77.236 0.0000000000
40034  36.446  -37.618  77.657 0.0000000000
40033  37.078  -37.701  78.126 0.0000000000
39358  37.349  -38.543  78.311 0.0000000000
39357  38.133  -38.739  78.658 0.0000000000
40687  27.017  -36.146  82.682 0.0000000000
40662  27.034  -36.442  83.582 0.0000000000
39993  26.042  -36.962  81.876 0.0000000000
40732  25.847  -36.737  80.456 0.0000000000
39994  25.527  -37.307  81.272 0.0000000000
39995  24.779  -37.930  81.149 0.0000000000
38717  18.475  -39.425  77.777 0.0000000000
38701  18.566  -39.720  78.784 0.0000000000
38682  18.254  -39.772  79.310 0.0000000000
38702  17.590  -39.516  78.615 0.0000000000
42904  27.896  -33.364  75.905 0.0000000000
42881  28.253  -33.653  76.740 0.0000000000
42191  28.464  -34.076  78.167 0.0000000000
42177  27.288  -34.682  79.699 0.0000000000
42165  27.585  -34.789  80.730 0.0000000000
41492  27.228  -35.187  81.040 0.0000000000
59958  55.565  -9.102  67.890 0.0000000000
59960  54.808  -9.162  68.506 0.0000000000
59959  55.208  -9.311  68.266 0.0000000000
56664  43.538  -14.070  63.034 0.0000000000
56642  44.028  -14.152  63.636 0.0000000000
56624  44.861  -14.130  64.623 0.0000000000
55250  44.445  -15.083  64.931 0.0000000000
55957  44.839  -14.568  65.054 0.0000000000
56623  45.324  -13.956  65.194 0.0000000000
56609  46.243  -13.518  66.504 0.0000000000
57255  47.163  -13.234  67.815 0.0000000000
56563  48.001  -13.024  69.361 0.0000000000
55815  48.387  -13.725  73.869 0.0000000000
52163  33.405  -20.403  68.255 0.0000000000
52162  33.911  -20.117  68.758 0.0000000000
52138  34.372  -20.190  69.949 0.0000000000
51347  36.051  -20.473  72.536 0.0000000000
52091  36.613  -19.840  72.312 0.0000000000
52074  37.593  -19.505  73.157 0.0000000000
52064  38.186  -19.566  74.243 0.0000000000
42847  41.395  -33.529  77.723 0.0000000000
42846  42.055  -33.293  78.146 0.0000000000
43519  42.347  -32.899  77.738 0.0000000000
44183  42.184  -31.986  78.483 0.0000000000
44172  42.128  -31.905  78.983 0.0000000000
44173  41.583  -31.285  79.357 0.0000000000
44885  41.074  -30.536  79.799 0.0000000000
62603  56.266  -4.860  60.278 0.0000000000
65365  61.709  -0.243  58.815 0.0000000000
63345  61.823  -3.039  57.449 0.0000000000
40022  33.750  -36.940  79.221 0.0000000000
40749  34.204  -36.639  80.240 0.0000000000
40727  34.912  -36.614  81.227 0.0000000000
40707  33.982  -35.975  81.618 0.0000000000
40706  34.626  -36.248  81.704 0.0000000000
40705  35.238  -36.560  81.696 0.0000000000
40683  35.699  -36.506  82.553 0.0000000000
40658  36.507  -36.746  83.594 0.0000000000
41401  33.841  -35.500  85.347 0.0000000000
41400  34.803  -35.748  85.358 0.0000000000
40621  35.392  -36.102  85.678 0.0000000000
41399  35.406  -36.020  85.103 0.0000000000
41554  24.881  -35.418  76.353 0.0000000000
36994  20.337  -41.061  86.552 0.0000000000
36971  20.738  -41.552  87.539 0.0000000000
36957  19.996  -41.521  87.999 0.0000000000
36946  19.988  -41.552  89.036 0.0000000000
36947  19.251  -41.076  89.406 0.0000000000
36935  19.616  -41.481  90.032 0.0000000000
36918  19.179  -41.716  90.956 0.0000000000
38554  16.574  -39.437  87.510 0.0000000000
36937  17.855  -40.664  90.656 0.0000000000
53686  42.851  -17.579  65.600 0.0000000000
54460  43.647  -17.026  66.484 0.0000000000
54441  43.881  -16.916  67.145 0.0000000000
55172  44.597  -16.225  68.820 0.0000000000
54399  45.057  -16.245  69.935 0.0000000000
54384  44.892  -16.860  70.141 0.0000000000
54366  45.845  -16.058  73.319 0.0000000000
55111  46.141  -15.719  73.849 0.0000000000
50016  36.446  -24.265  73.239 0.0000000000
41439  41.957  -35.534  83.047 0.0000000000
42121  43.096  -34.492  83.489 0.0000000000
64692  60.243  -1.151  61.340 0.0000000000
37027  11.512  -41.057  84.443 0.0000000000
37815  11.041  -40.735  85.716 0.0000000000
37795  10.255  -40.596  87.128 0.0000000000
37744  9.558  -40.582  88.794 0.0000000000
37729  9.614  -40.425  89.787 0.0000000000
36181  8.258  -41.887  87.238 0.0000000000
36948  8.425  -40.948  89.884 0.0000000000
37703  8.421  -41.141  90.975 0.0000000000
53002  42.110  -17.490  64.165 0.0000000000
53014  41.026  -17.708  62.983 0.0000000000
53671  42.830  -17.947  66.124 0.0000000000
52975  42.861  -18.134  66.394 0.0000000000
52959  42.984  -18.476  66.942 0.0000000000
52196  42.122  -19.031  65.963 0.0000000000
52960  42.500  -18.829  66.490 0.0000000000
52939  43.575  -18.413  68.128 0.0000000000
52153  43.224  -19.052  68.408 0.0000000000
52915  43.443  -18.808  69.004 0.0000000000
52891  43.179  -18.464  69.826 0.0000000000
52237  38.408  -19.730  63.740 0.0000000000
52179  41.137  -19.366  66.992 0.0000000000
53588  43.370  -17.659  71.216 0.0000000000
53571  42.854  -17.194  71.920 0.0000000000
54327  42.353  -15.998  75.702 0.0000000000
42849  39.430  -33.479  77.285 0.0000000000
42215  36.445  -35.022  76.564 0.0000000000
42873  37.415  -34.199  76.450 0.0000000000
41532  37.132  -35.549  78.006 0.0000000000
42851  37.744  -34.145  77.028 0.0000000000
42850  38.398  -33.839  77.329 0.0000000000
42185  39.916  -33.914  78.660 0.0000000000
42161  39.665  -35.269  80.144 0.0000000000
42160  40.298  -34.673  80.304 0.0000000000
42148  40.611  -34.981  81.352 0.0000000000
41455  40.873  -35.683  82.135 0.0000000000
39348  34.555  -37.996  78.877 0.0000000000
39347  35.329  -38.498  79.088 0.0000000000
39332  36.276  -38.229  80.268 0.0000000000
39346  36.490  -39.014  79.363 0.0000000000
38676  36.230  -39.204  78.740 0.0000000000
38675  36.939  -39.370  78.889 0.0000000000
38693  38.205  -39.242  78.894 0.0000000000
38692  38.743  -39.235  78.998 0.0000000000
39307  38.743  -38.878  82.068 0.0000000000
38625  39.450  -39.317  81.662 0.0000000000
38638  39.062  -39.274  80.988 0.0000000000
38655  38.815  -39.416  80.109 0.0000000000
38672  39.271  -39.277  79.446 0.0000000000
39342  39.737  -38.645  79.539 0.0000000000
40017  39.961  -38.146  79.837 0.0000000000
39318  40.643  -38.129  80.572 0.0000000000
39989  40.662  -37.545  81.057 0.0000000000
40704  40.759  -36.646  81.775 0.0000000000
40703  41.309  -36.968  82.211 0.0000000000
39905  29.609  -37.050  89.927 0.0000000000
39906  28.693  -37.310  89.842 0.0000000000
39907  27.691  -37.567  89.815 0.0000000000
40589  27.319  -36.875  88.600 0.0000000000
39918  27.183  -37.301  89.224 0.0000000000
39919  26.560  -37.473  88.788 0.0000000000
39245  25.987  -37.868  88.773 0.0000000000
39246  25.357  -38.274  88.408 0.0000000000
39946  25.761  -37.691  85.508 0.0000000000
39938  25.682  -37.650  86.558 0.0000000000
39247  24.509  -39.060  88.772 0.0000000000
38550  23.067  -39.901  87.511 0.0000000000
38583  23.505  -39.416  85.530 0.0000000000
38568  23.467  -39.431  86.488 0.0000000000
37786  22.237  -40.343  86.945 0.0000000000
37787  21.584  -40.741  86.815 0.0000000000
40797  24.475  -36.880  77.257 0.0000000000
40039  24.195  -37.556  78.045 0.0000000000
39363  23.917  -38.082  78.734 0.0000000000
39334  23.858  -38.558  80.008 0.0000000000
39335  23.500  -39.161  80.520 0.0000000000
39402  22.035  -38.330  76.153 0.0000000000
39375  22.287  -38.862  77.820 0.0000000000
38727  21.107  -39.270  77.572 0.0000000000
39376  21.595  -39.107  77.596 0.0000000000
39323  23.612  -39.301  81.066 0.0000000000
38642  23.055  -40.048  81.532 0.0000000000
37887  23.083  -40.112  82.317 0.0000000000
37867  22.446  -40.389  82.998 0.0000000000
37826  21.682  -40.427  84.782 0.0000000000
37788  20.903  -40.839  86.222 0.0000000000
37789  20.207  -40.746  85.973 0.0000000000
37829  19.043  -40.104  84.143 0.0000000000
38570  18.490  -40.023  85.807 0.0000000000
38586  17.724  -39.766  85.197 0.0000000000
38602  17.032  -39.800  84.573 0.0000000000
37926  18.180  -39.938  79.810 0.0000000000
37911  16.403  -39.927  80.656 0.0000000000
37832  16.394  -39.888  84.376 0.0000000000
37835  13.004  -40.371  84.479 0.0000000000
40848  33.392  -36.267  74.637 0.0000000000
40067  33.844  -37.120  75.610 0.0000000000
40069  33.245  -37.420  76.242 0.0000000000
40060  33.068  -37.346  76.704 0.0000000000
40049  32.975  -37.057  77.487 0.0000000000
41571  31.364  -35.926  75.974 0.0000000000
40037  32.896  -36.779  78.052 0.0000000000
40773  32.653  -36.336  78.657 0.0000000000
40751  32.917  -36.108  79.613 0.0000000000
41489  32.419  -35.646  80.392 0.0000000000
41503  31.384  -35.488  79.228 0.0000000000
41459  31.662  -35.019  81.989 0.0000000000
42138  30.310  -34.734  81.654 0.0000000000
42124  30.936  -34.786  82.527 0.0000000000
41404  30.985  -35.212  85.522 0.0000000000
41383  30.612  -35.233  86.520 0.0000000000
41343  30.357  -35.852  88.938 0.0000000000
36174  21.079  -42.072  88.841 0.0000000000
38559  12.570  -39.670  88.014 0.0000000000
38513  11.634  -39.638  89.602 0.0000000000
38512  12.663  -39.474  89.639 0.0000000000
38493  13.334  -39.491  90.492 0.0000000000
37697  13.769  -40.160  91.814 0.0000000000
116059  45.059  -12.711  63.258 0.0000000000
116050  46.335  -12.652  65.382 0.0000000000
54459  44.244  -16.362  66.578 0.0000000000
55189  45.016  -15.300  67.865 0.0000000000
55899  45.527  -14.800  68.323 0.0000000000
55876  46.003  -14.729  69.942 0.0000000000
55885  46.270  -14.262  69.362 0.0000000000
55898  46.082  -14.291  68.562 0.0000000000
56572  46.539  -13.803  68.675 0.0000000000
56564  47.417  -13.296  69.198 0.0000000000
56556  48.342  -12.906  70.006 0.0000000000
55830  48.373  -13.614  73.163 0.0000000000
56525  48.453  -13.466  72.644 0.0000000000
56523  49.813  -12.798  73.402 0.0000000000
57228  51.360  -11.506  71.157 0.0000000000
57934  51.375  -11.838  71.875 0.0000000000
57942  52.701  -11.149  71.141 0.0000000000
58636  53.264  -10.866  70.588 0.0000000000
52220  36.122  -19.801  65.387 0.0000000000
52159  37.517  -18.820  68.899 0.0000000000
52919  39.481  -18.548  69.778 0.0000000000
52869  39.948  -18.138  71.266 0.0000000000
53591  40.576  -17.770  71.640 0.0000000000
53575  39.637  -17.851  72.702 0.0000000000
53574  40.380  -17.574  72.406 0.0000000000
53558  40.912  -17.274  72.885 0.0000000000
54328  41.758  -16.265  75.471 0.0000000000
43550  41.488  -32.500  75.727 0.0000000000
44207  40.963  -30.932  76.011 0.0000000000
115805  39.348  -26.509  74.849 0.0000000000
115788  38.512  -25.285  74.940 0.0000000000
42134  41.847  -34.105  82.492 0.0000000000
42788  42.157  -33.170  81.811 0.0000000000
43463  42.403  -32.344  81.386 0.0000000000
44872  40.802  -29.868  80.176 0.0000000000
45607  41.671  -29.499  81.990 0.0000000000
46914  41.716  -27.538  82.113 0.0000000000
46293  41.299  -28.541  81.595 0.0000000000
45619  40.838  -29.011  80.992 0.0000000000
46937  39.537  -26.399  78.424 0.0000000000
49989  37.297  -22.719  75.634 0.0000000000
49982  37.620  -22.570  76.106 0.0000000000
50594  37.445  -21.655  75.534 0.0000000000
49962  38.636  -22.761  77.594 0.0000000000
50586  38.053  -21.473  76.243 0.0000000000
50593  37.794  -21.168  75.663 0.0000000000
51299  38.044  -20.601  75.478 0.0000000000
52048  38.564  -19.786  75.602 0.0000000000
52047  38.859  -19.375  75.997 0.0000000000
50556  40.004  -21.406  79.362 0.0000000000
51236  40.514  -20.928  79.750 0.0000000000
51255  39.777  -20.830  78.923 0.0000000000
52037  39.077  -19.494  76.631 0.0000000000
52830  38.844  -19.094  75.477 0.0000000000
52829  39.176  -18.709  75.990 0.0000000000
53537  39.583  -18.056  76.324 0.0000000000
53536  40.191  -17.246  76.219 0.0000000000
53528  40.462  -17.441  77.452 0.0000000000
54304  40.630  -16.807  76.863 0.0000000000
64003  60.139  -1.840  61.275 0.0000000000
62611  60.134  -5.403  58.378 0.0000000000
35337  5.591  -43.243  87.240 0.0000000000
36177  5.486  -42.742  88.023 0.0000000000
36954  22.228  -41.635  88.719 0.0000000000
36955  21.523  -41.811  88.456 0.0000000000
36956  20.750  -41.854  88.354 0.0000000000
36958  9.147  -40.800  88.555 0.0000000000
36960  7.576  -41.571  88.448 0.0000000000
36972  20.125  -41.345  87.145 0.0000000000
36992  21.263  -41.261  87.264 0.0000000000
37700  10.874  -40.389  91.631 0.0000000000
37715  11.741  -39.830  90.955 0.0000000000
37719  8.678  -40.866  90.538 0.0000000000
37723  23.451  -40.892  89.331 0.0000000000
37743  10.426  -40.240  88.574 0.0000000000
37843  23.120  -39.926  83.679 0.0000000000
37906  21.084  -40.550  80.941 0.0000000000
37924  20.093  -40.357  80.041 0.0000000000
37937  18.809  -39.966  79.277 0.0000000000
37938  18.489  -39.838  79.290 0.0000000000
38480  13.164  -39.767  91.281 0.0000000000
38490  16.102  -39.472  90.111 0.0000000000
38496  10.980  -39.870  90.533 0.0000000000
38507  16.841  -39.562  89.277 0.0000000000
38549  23.751  -39.199  87.175 0.0000000000
38551  22.557  -40.220  87.219 0.0000000000
38569  22.735  -39.981  86.709 0.0000000000
38574  15.118  -39.386  86.894 0.0000000000
38576  13.788  -39.506  87.309 0.0000000000
38588  16.106  -39.506  85.887 0.0000000000
38589  15.243  -39.541  85.965 0.0000000000
38600  18.456  -39.969  84.279 0.0000000000
38601  17.884  -39.894  84.278 0.0000000000
38614  17.380  -39.905  84.122 0.0000000000
38657  23.286  -39.668  80.993 0.0000000000
38679  21.577  -40.063  79.647 0.0000000000
38680  20.811  -40.124  79.461 0.0000000000
38713  21.969  -39.323  78.591 0.0000000000
39269  23.749  -39.148  86.024 0.0000000000
39278  23.919  -39.021  85.662 0.0000000000
39345  37.062  -39.263  79.336 0.0000000000
39356  38.544  -39.048  78.784 0.0000000000
39388  34.165  -37.984  76.787 0.0000000000
39908  26.901  -37.697  89.511 0.0000000000
39920  25.998  -37.703  88.303 0.0000000000
39977  37.597  -37.570  83.117 0.0000000000
39978  36.866  -37.163  82.813 0.0000000000
39982  25.125  -37.797  81.847 0.0000000000
40035  34.199  -37.747  78.752 0.0000000000
40047  35.266  -37.412  76.730 0.0000000000
40068  33.511  -37.368  75.909 0.0000000000
40576  27.548  -37.110  89.259 0.0000000000
40611  28.268  -35.891  87.014 0.0000000000
40661  27.628  -35.953  84.092 0.0000000000
40681  41.206  -36.294  82.334 0.0000000000
40682  36.284  -36.690  82.928 0.0000000000
40747  39.203  -36.620  79.914 0.0000000000
40776  24.756  -36.858  77.837 0.0000000000
41353  29.851  -35.682  88.402 0.0000000000
41355  28.535  -35.995  87.842 0.0000000000
41363  33.141  -35.584  87.085 0.0000000000
41420  35.626  -36.198  84.786 0.0000000000
41440  34.624  -35.790  83.507 0.0000000000
41476  27.988  -34.959  82.200 0.0000000000
41478  26.879  -35.646  81.366 0.0000000000
41549  36.149  -35.590  76.917 0.0000000000
42123  41.616  -35.054  82.785 0.0000000000
42136  40.733  -35.229  81.849 0.0000000000
42152  27.586  -34.913  81.263 0.0000000000
42782  41.774  -33.798  82.136 0.0000000000
42841  28.000  -33.807  77.969 0.0000000000
42859  28.231  -33.834  77.623 0.0000000000
43506  42.304  -32.548  78.460 0.0000000000
43507  42.183  -32.058  78.211 0.0000000000
43540  27.159  -33.161  76.292 0.0000000000
45618  41.254  -29.567  81.250 0.0000000000
45630  40.915  -29.569  80.680 0.0000000000
48751  39.051  -23.819  78.269 0.0000000000
48765  39.085  -24.207  78.281 0.0000000000
49365  38.213  -23.030  76.936 0.0000000000
49973  38.436  -22.243  77.142 0.0000000000
50587  37.714  -22.005  76.155 0.0000000000
50603  36.884  -21.683  74.848 0.0000000000
50613  36.434  -21.626  74.231 0.0000000000
51282  39.052  -20.362  77.170 0.0000000000
51283  38.771  -20.801  76.935 0.0000000000
51300  37.681  -21.006  75.366 0.0000000000
51309  37.143  -21.091  74.630 0.0000000000
51421  33.017  -20.491  67.000 0.0000000000
51432  40.275  -19.645  64.817 0.0000000000
51434  39.517  -19.781  64.649 0.0000000000
51449  40.235  -19.602  64.569 0.0000000000
51450  39.834  -19.655  64.219 0.0000000000
52038  38.782  -19.844  76.252 0.0000000000
52056  38.236  -19.926  74.901 0.0000000000
52066  37.305  -20.085  73.676 0.0000000000
52090  37.247  -19.456  72.438 0.0000000000
52092  36.044  -20.055  71.891 0.0000000000
52132  43.238  -19.042  68.727 0.0000000000
52134  42.335  -19.163  68.659 0.0000000000
52177  43.052  -19.047  67.701 0.0000000000
52186  33.739  -20.100  67.747 0.0000000000
52187  33.347  -20.371  67.651 0.0000000000
52204  33.803  -20.099  66.906 0.0000000000
52222  34.021  -20.133  65.937 0.0000000000
52236  39.833  -19.466  63.743 0.0000000000
52251  40.118  -18.889  63.239 0.0000000000
52810  39.909  -18.495  77.680 0.0000000000
52922  37.152  -18.881  70.483 0.0000000000
52976  42.557  -18.372  65.984 0.0000000000
52990  41.574  -18.454  64.415 0.0000000000
53004  40.919  -18.573  63.695 0.0000000000
53015  40.508  -18.284  63.023 0.0000000000
53559  40.187  -17.457  73.194 0.0000000000
53641  43.782  -17.813  68.041 0.0000000000
53653  43.878  -17.087  67.588 0.0000000000
53685  43.338  -17.166  65.862 0.0000000000
53717  40.820  -17.585  62.661 0.0000000000
54338  45.104  -15.912  74.231 0.0000000000
54420  44.338  -16.685  68.544 0.0000000000
54504  40.700  -17.196  62.216 0.0000000000
55100  43.188  -15.757  75.257 0.0000000000
55206  44.651  -15.821  67.258 0.0000000000
55219  44.738  -15.559  66.360 0.0000000000
55233  44.742  -15.145  65.569 0.0000000000
55234  44.208  -15.628  65.215 0.0000000000
55927  45.884  -14.212  67.101 0.0000000000
55941  45.015  -14.666  65.478 0.0000000000
55956  45.132  -14.407  65.351 0.0000000000
56565  46.751  -13.703  69.358 0.0000000000
56582  46.793  -13.547  68.143 0.0000000000
56583  46.421  -13.837  67.991 0.0000000000
56595  46.733  -13.491  67.652 0.0000000000
56597  45.955  -13.931  66.665 0.0000000000
56610  45.808  -13.783  66.018 0.0000000000
56640  45.141  -13.702  64.540 0.0000000000
56641  44.656  -13.854  64.075 0.0000000000
56652  44.439  -13.717  63.650 0.0000000000
57254  47.598  -12.833  67.619 0.0000000000
57265  46.876  -13.209  67.149 0.0000000000
57266  46.575  -13.270  66.690 0.0000000000
57279  46.476  -12.924  66.023 0.0000000000
57280  45.830  -13.345  65.493 0.0000000000
57291  46.066  -12.930  65.355 0.0000000000
57308  45.930  -12.747  64.821 0.0000000000
57327  45.098  -12.989  63.619 0.0000000000
57969  47.464  -12.685  67.106 0.0000000000
58017  44.422  -12.958  62.829 0.0000000000
60563  54.997  -8.842  68.281 0.0000000000
116002  43.855  -15.823  64.992 0.0000000000
