#!ascii label  , from subject 3611 vox2ras=TkReg
530
20022  -41.651  -55.383  -2.648 0.0000000000
23611  -32.056  -52.632  -5.768 0.0000000000
22304  -36.945  -53.405  1.493 0.0000000000
20037  -35.983  -55.268  -4.457 0.0000000000
26951  -34.182  -49.379  -1.416 0.0000000000
19914  -43.222  -55.850  3.459 0.0000000000
24629  -37.405  -52.121  7.522 0.0000000000
24576  -41.856  -51.517  10.747 0.0000000000
25813  -34.438  -50.972  3.304 0.0000000000
24717  -35.725  -51.169  0.185 0.0000000000
28053  -32.881  -47.990  1.542 0.0000000000
22250  -40.220  -53.610  6.031 0.0000000000
19823  -40.192  -55.342  8.258 0.0000000000
27921  -41.227  -48.658  10.179 0.0000000000
29097  -38.470  -48.327  10.408 0.0000000000
17540  -39.989  -57.852  -5.397 0.0000000000
20034  -33.347  -54.885  -4.787 0.0000000000
17556  -33.702  -57.962  -6.363 0.0000000000
18840  -31.263  -56.633  -6.246 0.0000000000
21142  -39.633  -54.068  -0.805 0.0000000000
21182  -39.081  -55.254  -4.075 0.0000000000
23569  -35.414  -52.188  -2.568 0.0000000000
24767  -32.958  -51.162  -3.607 0.0000000000
21093  -40.033  -55.167  2.725 0.0000000000
23491  -36.798  -52.678  4.767 0.0000000000
26846  -34.954  -49.891  6.644 0.0000000000
20963  -41.480  -54.607  10.708 0.0000000000
23401  -39.156  -52.553  10.688 0.0000000000
26797  -35.648  -49.679  9.516 0.0000000000
30448  -33.873  -46.387  7.863 0.0000000000
17559  -36.653  -58.046  -6.024 0.0000000000
28177  -38.266  -49.063  -6.226 0.0000000000
24837  -34.345  -51.154  -7.982 0.0000000000
22428  -33.755  -53.426  -9.746 0.0000000000
28011  -32.894  -48.554  4.435 0.0000000000
26896  -33.205  -49.380  2.418 0.0000000000
18809  -41.408  -56.952  -4.390 0.0000000000
22373  -32.187  -53.492  -5.047 0.0000000000
20049  -32.650  -55.420  -5.040 0.0000000000
21190  -31.136  -54.577  -6.079 0.0000000000
20078  -30.068  -55.575  -7.502 0.0000000000
21205  -31.027  -54.185  -7.022 0.0000000000
21124  -37.896  -54.023  0.795 0.0000000000
23537  -37.467  -53.164  0.007 0.0000000000
25858  -35.131  -50.473  -0.596 0.0000000000
24744  -36.012  -51.685  -1.693 0.0000000000
24742  -34.745  -50.853  -1.680 0.0000000000
24768  -33.589  -51.456  -3.071 0.0000000000
26964  -33.416  -49.608  -2.336 0.0000000000
19929  -41.240  -55.595  1.974 0.0000000000
19897  -41.434  -55.399  3.805 0.0000000000
22218  -39.285  -53.017  6.889 0.0000000000
22248  -38.921  -53.295  5.600 0.0000000000
24656  -37.408  -52.197  6.131 0.0000000000
25783  -36.134  -51.347  5.889 0.0000000000
25768  -36.132  -51.080  6.670 0.0000000000
22139  -41.866  -53.535  11.207 0.0000000000
22162  -39.854  -53.470  10.713 0.0000000000
24574  -39.645  -51.572  10.938 0.0000000000
29119  -37.738  -47.361  10.406 0.0000000000
27917  -37.083  -48.782  10.592 0.0000000000
29117  -35.627  -47.164  10.008 0.0000000000
27962  -34.744  -47.876  9.145 0.0000000000
20039  -37.865  -55.418  -4.540 0.0000000000
18806  -38.257  -56.160  -4.868 0.0000000000
18822  -36.821  -56.646  -5.275 0.0000000000
16296  -33.751  -58.761  -7.362 0.0000000000
27019  -40.712  -49.838  -5.418 0.0000000000
27060  -35.484  -49.904  -7.634 0.0000000000
24875  -35.734  -52.095  -9.530 0.0000000000
24693  -35.230  -51.801  2.470 0.0000000000
24705  -36.103  -52.287  0.915 0.0000000000
24703  -34.708  -50.996  1.644 0.0000000000
25834  -34.714  -50.472  0.927 0.0000000000
28062  -33.787  -48.465  0.437 0.0000000000
21053  -41.589  -54.749  4.941 0.0000000000
22220  -40.262  -54.133  6.950 0.0000000000
22209  -38.759  -53.347  7.749 0.0000000000
26789  -41.906  -49.844  10.155 0.0000000000
25706  -40.176  -50.622  10.626 0.0000000000
27920  -40.069  -48.786  10.277 0.0000000000
29120  -38.849  -47.682  10.253 0.0000000000
31754  -37.942  -45.745  10.374 0.0000000000
20036  -34.951  -55.292  -4.614 0.0000000000
18820  -34.713  -56.198  -4.977 0.0000000000
18819  -33.445  -56.391  -5.240 0.0000000000
17555  -32.562  -57.519  -6.344 0.0000000000
16293  -31.255  -58.092  -8.051 0.0000000000
17572  -29.869  -56.936  -8.221 0.0000000000
18869  -29.414  -56.084  -9.098 0.0000000000
21268  -30.228  -54.152  -9.883 0.0000000000
21155  -40.714  -54.540  -1.668 0.0000000000
20027  -40.706  -55.508  -3.507 0.0000000000
22346  -38.406  -53.829  -3.005 0.0000000000
21164  -36.978  -53.932  -3.673 0.0000000000
23548  -36.874  -52.201  -0.547 0.0000000000
22334  -36.584  -52.741  -2.661 0.0000000000
21163  -36.025  -53.852  -3.698 0.0000000000
22359  -34.879  -53.648  -3.982 0.0000000000
23597  -33.263  -52.583  -4.146 0.0000000000
24798  -32.487  -51.661  -5.185 0.0000000000
19970  -41.309  -55.441  0.281 0.0000000000
21111  -39.540  -55.145  1.128 0.0000000000
21091  -38.235  -54.451  2.629 0.0000000000
21061  -39.547  -54.029  4.741 0.0000000000
22282  -38.297  -53.866  3.939 0.0000000000
22280  -36.859  -53.276  3.612 0.0000000000
24669  -35.691  -51.964  4.301 0.0000000000
25781  -34.451  -50.347  5.304 0.0000000000
27998  -33.427  -48.339  5.726 0.0000000000
19789  -40.400  -54.982  9.919 0.0000000000
20960  -38.680  -53.981  9.499 0.0000000000
23430  -37.457  -52.332  8.871 0.0000000000
25704  -37.822  -50.697  10.646 0.0000000000
25719  -37.082  -50.999  10.007 0.0000000000
24612  -36.598  -51.352  8.295 0.0000000000
26838  -35.240  -49.706  7.495 0.0000000000
27981  -33.937  -47.623  7.359 0.0000000000
18825  -39.691  -57.008  -5.133 0.0000000000
17561  -38.301  -58.050  -5.913 0.0000000000
17558  -35.755  -57.940  -6.114 0.0000000000
16298  -35.813  -58.933  -7.186 0.0000000000
28119  -33.364  -48.772  -3.580 0.0000000000
26998  -33.031  -49.520  -4.561 0.0000000000
25953  -33.221  -50.539  -6.293 0.0000000000
25954  -33.862  -50.244  -6.805 0.0000000000
24835  -32.906  -51.887  -6.973 0.0000000000
22400  -32.600  -53.190  -7.911 0.0000000000
21252  -32.066  -53.731  -9.444 0.0000000000
29200  -32.873  -47.840  5.193 0.0000000000
28010  -32.430  -47.890  3.962 0.0000000000
18810  -41.855  -56.987  -4.085 0.0000000000
20028  -41.757  -55.969  -3.451 0.0000000000
21191  -31.872  -54.482  -5.267 0.0000000000
22372  -31.656  -53.637  -5.762 0.0000000000
22386  -31.453  -53.612  -6.512 0.0000000000
22305  -37.496  -53.816  1.164 0.0000000000
22314  -37.668  -53.566  0.394 0.0000000000
22313  -37.218  -53.426  0.864 0.0000000000
25857  -34.674  -50.008  -0.834 0.0000000000
25871  -34.900  -50.485  -1.058 0.0000000000
25870  -34.519  -50.435  -1.529 0.0000000000
25884  -34.137  -50.513  -2.040 0.0000000000
25869  -33.872  -50.018  -1.870 0.0000000000
18689  -43.814  -56.562  3.226 0.0000000000
19913  -42.273  -55.642  3.164 0.0000000000
19898  -42.286  -55.357  4.260 0.0000000000
23454  -38.628  -52.701  7.120 0.0000000000
23467  -38.158  -52.526  6.570 0.0000000000
24640  -37.432  -52.103  6.876 0.0000000000
24639  -36.811  -51.663  6.405 0.0000000000
24628  -36.826  -51.600  7.362 0.0000000000
23405  -43.530  -52.356  10.841 0.0000000000
23404  -42.532  -52.411  11.130 0.0000000000
23381  -42.439  -52.970  11.292 0.0000000000
23403  -41.413  -52.388  11.064 0.0000000000
23402  -40.311  -52.504  10.980 0.0000000000
24575  -40.774  -51.521  10.805 0.0000000000
30401  -37.373  -46.446  10.430 0.0000000000
29118  -36.587  -47.403  10.414 0.0000000000
30399  -35.415  -46.250  9.798 0.0000000000
31752  -36.032  -45.333  9.998 0.0000000000
20038  -36.942  -55.254  -4.628 0.0000000000
18805  -37.340  -56.033  -4.916 0.0000000000
18804  -36.442  -55.980  -4.807 0.0000000000
25978  -37.397  -50.139  -7.763 0.0000000000
24857  -36.117  -51.238  -8.973 0.0000000000
24858  -37.330  -51.318  -8.867 0.0000000000
24681  -34.851  -51.525  3.014 0.0000000000
24692  -34.736  -51.282  2.300 0.0000000000
28043  -33.096  -48.837  1.824 0.0000000000
26910  -33.849  -49.687  1.502 0.0000000000
26909  -33.368  -49.088  1.575 0.0000000000
26924  -34.316  -49.298  0.438 0.0000000000
26923  -33.647  -49.029  0.983 0.0000000000
22219  -39.678  -53.775  7.130 0.0000000000
21004  -39.490  -54.536  7.953 0.0000000000
26788  -40.696  -49.725  10.329 0.0000000000
30402  -38.475  -46.448  10.309 0.0000000000
16262  -39.403  -58.504  -5.762 0.0000000000
20035  -34.082  -54.940  -4.704 0.0000000000
20051  -34.374  -55.491  -4.810 0.0000000000
20050  -33.768  -55.547  -4.929 0.0000000000
18817  -31.503  -56.181  -5.787 0.0000000000
18818  -32.198  -56.585  -5.597 0.0000000000
18841  -31.879  -57.132  -6.097 0.0000000000
17553  -30.950  -57.315  -6.866 0.0000000000
17573  -30.516  -57.432  -7.773 0.0000000000
20092  -29.917  -55.328  -8.121 0.0000000000
20077  -29.800  -55.601  -8.102 0.0000000000
21233  -29.901  -55.010  -8.654 0.0000000000
20106  -29.463  -55.380  -9.499 0.0000000000
21250  -30.390  -54.265  -9.311 0.0000000000
21165  -37.932  -54.155  -3.619 0.0000000000
22345  -37.468  -53.507  -3.004 0.0000000000
24718  -36.243  -51.869  0.269 0.0000000000
24732  -36.178  -51.414  -0.729 0.0000000000
23570  -36.279  -52.318  -2.375 0.0000000000
23584  -36.162  -52.651  -2.789 0.0000000000
22344  -36.419  -53.058  -3.037 0.0000000000
22343  -35.400  -53.166  -3.494 0.0000000000
22360  -35.441  -53.771  -3.846 0.0000000000
24783  -33.365  -52.079  -3.712 0.0000000000
24782  -32.843  -51.648  -4.103 0.0000000000
23596  -32.523  -52.559  -4.722 0.0000000000
19928  -40.393  -55.444  1.956 0.0000000000
19950  -39.995  -55.384  1.223 0.0000000000
19927  -39.606  -55.311  1.946 0.0000000000
21110  -38.947  -54.967  1.478 0.0000000000
21092  -39.132  -54.941  2.748 0.0000000000
21052  -40.569  -54.107  5.533 0.0000000000
21062  -40.715  -54.756  4.386 0.0000000000
21051  -39.964  -53.850  5.332 0.0000000000
23492  -37.705  -52.940  5.100 0.0000000000
22265  -38.464  -53.592  4.603 0.0000000000
22264  -37.385  -53.259  4.311 0.0000000000
22281  -37.790  -53.832  3.443 0.0000000000
22263  -36.827  -53.046  4.187 0.0000000000
23502  -35.864  -52.416  3.650 0.0000000000
24670  -36.182  -52.158  4.854 0.0000000000
25782  -35.095  -50.644  5.734 0.0000000000
26855  -34.617  -50.038  6.118 0.0000000000
27999  -33.873  -49.171  5.933 0.0000000000
26845  -34.400  -49.471  6.348 0.0000000000
19790  -41.025  -55.229  10.040 0.0000000000
20961  -39.411  -54.255  10.138 0.0000000000
22161  -38.842  -53.406  10.225 0.0000000000
22193  -38.271  -53.435  8.928 0.0000000000
23400  -38.075  -52.644  9.791 0.0000000000
26787  -39.589  -49.673  10.513 0.0000000000
25705  -39.032  -50.634  10.902 0.0000000000
26786  -38.500  -49.671  10.743 0.0000000000
26783  -35.855  -49.169  10.110 0.0000000000
25703  -36.945  -50.373  10.318 0.0000000000
25718  -36.232  -50.557  9.535 0.0000000000
24591  -36.928  -51.576  9.216 0.0000000000
25741  -35.710  -50.264  8.898 0.0000000000
25759  -35.684  -50.296  7.989 0.0000000000
26820  -35.356  -49.636  8.421 0.0000000000
29147  -34.472  -47.093  8.688 0.0000000000
27982  -34.299  -48.030  7.824 0.0000000000
29163  -33.912  -47.123  7.381 0.0000000000
27990  -33.689  -47.710  6.814 0.0000000000
20026  -39.991  -55.474  -3.790 0.0000000000
18808  -40.432  -56.247  -4.363 0.0000000000
18807  -39.249  -56.226  -4.762 0.0000000000
17537  -37.191  -57.371  -5.633 0.0000000000
17538  -38.092  -57.445  -5.680 0.0000000000
17560  -37.563  -58.074  -5.974 0.0000000000
16281  -38.058  -58.620  -6.193 0.0000000000
16280  -37.048  -58.815  -6.505 0.0000000000
17534  -34.191  -57.234  -5.567 0.0000000000
17535  -35.280  -57.248  -5.534 0.0000000000
17557  -34.802  -57.920  -6.161 0.0000000000
15140  -34.299  -59.328  -7.928 0.0000000000
16297  -34.859  -58.969  -7.261 0.0000000000
28102  -33.925  -48.322  -2.466 0.0000000000
28120  -33.856  -48.223  -3.313 0.0000000000
28155  -34.266  -48.650  -5.341 0.0000000000
25936  -32.912  -50.316  -5.504 0.0000000000
27015  -33.524  -49.554  -5.666 0.0000000000
25976  -34.972  -50.360  -7.761 0.0000000000
27059  -34.806  -50.051  -7.422 0.0000000000
25975  -34.298  -50.549  -7.454 0.0000000000
25974  -33.587  -50.797  -7.060 0.0000000000
24836  -33.657  -51.625  -7.657 0.0000000000
23642  -32.765  -52.630  -7.455 0.0000000000
23643  -33.402  -52.533  -7.968 0.0000000000
23681  -33.859  -52.993  -9.097 0.0000000000
22414  -33.425  -53.217  -9.030 0.0000000000
22427  -32.752  -53.769  -9.838 0.0000000000
25799  -33.600  -49.878  3.973 0.0000000000
25812  -33.662  -50.149  3.222 0.0000000000
26883  -33.143  -49.392  3.622 0.0000000000
26882  -32.806  -49.008  3.130 0.0000000000
28042  -32.795  -48.381  2.142 0.0000000000
29098  -41.084  -47.736  9.860 0.0000000000
29123  -41.265  -47.176  9.882 0.0000000000
18826  -40.626  -57.269  -4.944 0.0000000000
21175  -32.711  -54.325  -4.779 0.0000000000
20048  -31.554  -55.514  -5.558 0.0000000000
20062  -31.152  -55.895  -5.973 0.0000000000
18839  -30.423  -56.595  -6.971 0.0000000000
21204  -30.601  -54.953  -6.760 0.0000000000
21220  -30.539  -54.709  -7.480 0.0000000000
21221  -31.069  -54.175  -7.894 0.0000000000
21125  -38.568  -54.209  0.345 0.0000000000
21141  -38.677  -53.740  -0.461 0.0000000000
22324  -38.188  -53.350  -0.673 0.0000000000
23560  -37.832  -52.914  -1.323 0.0000000000
25848  -35.329  -50.574  0.117 0.0000000000
24743  -35.225  -51.020  -1.321 0.0000000000
23568  -34.866  -51.863  -2.469 0.0000000000
23582  -34.719  -52.334  -3.057 0.0000000000
24769  -34.399  -51.704  -2.688 0.0000000000
24756  -33.892  -51.026  -2.600 0.0000000000
25901  -33.200  -50.629  -3.049 0.0000000000
19912  -41.395  -55.560  2.863 0.0000000000
21079  -40.643  -55.229  3.378 0.0000000000
22231  -39.809  -53.414  6.414 0.0000000000
22249  -39.711  -53.584  5.674 0.0000000000
22230  -39.254  -53.078  6.238 0.0000000000
23485  -37.938  -52.651  5.830 0.0000000000
23484  -37.310  -52.473  5.495 0.0000000000
24655  -36.656  -51.976  5.533 0.0000000000
25767  -35.570  -50.406  7.019 0.0000000000
20944  -42.773  -54.144  11.208 0.0000000000
20943  -41.991  -54.041  11.119 0.0000000000
22163  -41.144  -53.518  10.996 0.0000000000
29096  -37.906  -48.164  10.417 0.0000000000
27918  -38.080  -48.856  10.566 0.0000000000
29095  -37.173  -47.986  10.498 0.0000000000
27935  -36.503  -48.265  10.412 0.0000000000
27934  -35.599  -48.337  9.926 0.0000000000
27963  -35.081  -48.776  8.789 0.0000000000
27933  -35.175  -47.632  9.672 0.0000000000
30398  -34.682  -46.268  9.192 0.0000000000
31750  -34.389  -45.524  8.923 0.0000000000
21181  -38.480  -54.875  -4.047 0.0000000000
20040  -38.758  -55.574  -4.445 0.0000000000
18823  -37.734  -56.724  -5.336 0.0000000000
27040  -39.572  -49.652  -6.211 0.0000000000
27039  -38.706  -49.635  -6.639 0.0000000000
27037  -36.993  -49.249  -6.816 0.0000000000
27062  -37.621  -49.690  -7.228 0.0000000000
27080  -35.991  -50.072  -8.021 0.0000000000
25998  -35.536  -50.543  -8.210 0.0000000000
24855  -33.906  -52.284  -8.304 0.0000000000
24874  -35.071  -52.342  -9.472 0.0000000000
23682  -34.556  -52.811  -9.389 0.0000000000
23528  -36.152  -52.656  1.814 0.0000000000
23527  -35.565  -52.131  2.065 0.0000000000
24704  -35.450  -51.556  1.307 0.0000000000
25835  -35.298  -50.955  0.606 0.0000000000
25823  -34.098  -50.506  2.162 0.0000000000
25847  -34.896  -49.949  -0.066 0.0000000000
26937  -34.517  -49.229  -0.533 0.0000000000
21042  -41.066  -54.330  6.275 0.0000000000
21025  -40.824  -54.608  6.978 0.0000000000
22232  -40.379  -53.932  6.481 0.0000000000
23446  -38.233  -52.720  7.684 0.0000000000
25708  -42.297  -50.787  10.379 0.0000000000
25707  -41.266  -50.681  10.401 0.0000000000
27919  -39.032  -48.635  10.404 0.0000000000
27938  -40.398  -47.976  9.975 0.0000000000
27937  -39.552  -48.093  10.186 0.0000000000
31753  -37.128  -45.387  10.338 0.0000000000
18803  -35.515  -55.904  -4.718 0.0000000000
18802  -35.060  -55.822  -4.733 0.0000000000
17533  -33.207  -57.181  -5.769 0.0000000000
16294  -32.027  -58.274  -7.897 0.0000000000
18857  -29.972  -56.574  -7.662 0.0000000000
17585  -29.613  -56.803  -8.886 0.0000000000
17598  -29.485  -56.674  -9.592 0.0000000000
18879  -29.337  -56.116  -9.962 0.0000000000
20117  -29.315  -55.400  -10.422 0.0000000000
21156  -41.537  -54.986  -1.689 0.0000000000
21160  -41.225  -54.805  -2.185 0.0000000000
21168  -40.180  -54.881  -3.156 0.0000000000
21167  -39.508  -54.957  -3.581 0.0000000000
22347  -39.088  -54.267  -3.086 0.0000000000
21166  -38.688  -54.396  -3.486 0.0000000000
21180  -37.461  -54.643  -4.201 0.0000000000
21179  -36.486  -54.553  -4.170 0.0000000000
23536  -36.873  -52.855  0.482 0.0000000000
23558  -36.735  -52.006  -1.454 0.0000000000
22335  -37.015  -52.875  -2.537 0.0000000000
21178  -35.460  -54.394  -4.166 0.0000000000
21177  -34.483  -54.294  -4.375 0.0000000000
21176  -33.577  -54.192  -4.542 0.0000000000
22342  -34.516  -52.966  -3.741 0.0000000000
22358  -33.972  -53.303  -4.143 0.0000000000
22357  -32.955  -53.427  -4.449 0.0000000000
21144  -41.792  -55.284  -1.237 0.0000000000
21143  -41.081  -54.982  -0.628 0.0000000000
21126  -39.846  -54.920  0.422 0.0000000000
19951  -40.893  -55.499  1.191 0.0000000000
19969  -40.516  -55.321  0.639 0.0000000000
21109  -38.037  -54.314  1.404 0.0000000000
22294  -37.450  -53.988  2.125 0.0000000000
21063  -41.506  -55.068  4.391 0.0000000000
21078  -39.760  -54.757  3.663 0.0000000000
21060  -38.882  -53.942  4.380 0.0000000000
21077  -38.660  -54.226  3.755 0.0000000000
21076  -38.218  -54.164  3.281 0.0000000000
22293  -36.810  -53.442  2.597 0.0000000000
23515  -36.234  -52.883  3.064 0.0000000000
24682  -35.293  -51.834  3.435 0.0000000000
25801  -35.067  -51.230  4.282 0.0000000000
24654  -35.785  -51.573  5.126 0.0000000000
25800  -34.163  -50.327  4.553 0.0000000000
26869  -33.773  -49.842  4.980 0.0000000000
26853  -33.596  -49.249  5.193 0.0000000000
20962  -40.453  -54.431  10.402 0.0000000000
20987  -39.933  -54.817  9.833 0.0000000000
20986  -39.353  -54.785  9.158 0.0000000000
20985  -38.754  -54.101  8.484 0.0000000000
23431  -37.995  -52.852  8.473 0.0000000000
23445  -37.687  -52.408  7.976 0.0000000000
24573  -38.494  -51.662  10.685 0.0000000000
26785  -37.445  -49.688  10.642 0.0000000000
24572  -37.548  -51.678  10.134 0.0000000000
23399  -37.451  -52.099  9.544 0.0000000000
24613  -37.130  -51.935  8.194 0.0000000000
25760  -36.175  -50.919  7.634 0.0000000000
27983  -35.047  -48.988  7.881 0.0000000000
26837  -34.734  -49.084  7.108 0.0000000000
27991  -34.022  -48.666  6.661 0.0000000000
29173  -33.479  -46.904  6.741 0.0000000000
18795  -40.818  -55.987  -3.945 0.0000000000
18824  -38.683  -56.856  -5.305 0.0000000000
17539  -39.004  -57.714  -5.664 0.0000000000
16282  -38.715  -58.400  -5.966 0.0000000000
18821  -35.864  -56.598  -5.090 0.0000000000
17536  -36.272  -57.313  -5.609 0.0000000000
16277  -34.495  -58.471  -6.749 0.0000000000
16278  -35.331  -58.471  -6.710 0.0000000000
16279  -36.172  -58.525  -6.617 0.0000000000
30534  -32.529  -46.705  2.760 0.0000000000
29253  -33.532  -47.661  0.501 0.0000000000
28063  -34.238  -48.448  -0.267 0.0000000000
28073  -34.312  -48.431  -1.113 0.0000000000
28086  -34.037  -48.519  -1.774 0.0000000000
28085  -33.675  -48.979  -2.039 0.0000000000
28101  -33.439  -48.891  -2.823 0.0000000000
26982  -32.915  -49.761  -3.369 0.0000000000
28138  -33.875  -48.385  -4.289 0.0000000000
28137  -33.215  -48.990  -4.147 0.0000000000
26997  -32.733  -50.166  -4.244 0.0000000000
25935  -32.689  -50.776  -4.800 0.0000000000
25952  -32.736  -50.951  -5.606 0.0000000000
24816  -32.632  -51.578  -6.209 0.0000000000
27036  -35.904  -49.227  -6.951 0.0000000000
27035  -34.551  -49.547  -6.715 0.0000000000
27034  -33.753  -49.928  -6.401 0.0000000000
23624  -32.364  -52.390  -6.687 0.0000000000
23641  -32.187  -52.818  -7.074 0.0000000000
22399  -31.872  -53.392  -7.518 0.0000000000
22412  -31.670  -53.799  -8.343 0.0000000000
22413  -32.664  -53.514  -8.705 0.0000000000
21235  -31.016  -54.031  -8.693 0.0000000000
21251  -31.209  -53.763  -9.492 0.0000000000
17526  -41.709  -57.214  -4.233 0.0000000000
17574  -31.419  -57.820  -7.355 0.0000000000
18796  -41.235  -56.211  -3.914 0.0000000000
18797  -42.000  -56.638  -3.670 0.0000000000
18856  -29.659  -56.141  -8.248 0.0000000000
19822  -39.715  -55.117  8.736 0.0000000000
19949  -39.493  -55.221  1.445 0.0000000000
20021  -41.042  -55.197  -2.936 0.0000000000
20029  -42.068  -56.270  -3.419 0.0000000000
20041  -39.604  -55.625  -4.167 0.0000000000
20042  -40.188  -55.718  -3.966 0.0000000000
20047  -30.995  -55.368  -6.016 0.0000000000
20061  -30.659  -55.740  -6.467 0.0000000000
20091  -29.702  -55.379  -8.609 0.0000000000
21003  -38.989  -53.977  7.906 0.0000000000
21024  -40.093  -54.369  7.278 0.0000000000
21094  -40.720  -55.422  2.595 0.0000000000
21127  -40.675  -55.170  0.163 0.0000000000
21158  -39.748  -54.427  -2.835 0.0000000000
21159  -40.680  -54.788  -2.638 0.0000000000
21189  -30.798  -55.147  -6.296 0.0000000000
21234  -30.230  -54.793  -8.345 0.0000000000
21236  -31.743  -53.833  -8.923 0.0000000000
21249  -29.849  -54.873  -9.048 0.0000000000
21267  -29.740  -54.580  -9.994 0.0000000000
22140  -42.410  -53.475  11.276 0.0000000000
22160  -38.431  -53.350  9.645 0.0000000000
22164  -42.762  -53.053  11.250 0.0000000000
22210  -39.216  -53.885  7.620 0.0000000000
22266  -39.156  -53.638  5.189 0.0000000000
22315  -38.173  -53.641  -0.139 0.0000000000
22323  -37.804  -53.322  -0.211 0.0000000000
22341  -34.147  -52.911  -3.900 0.0000000000
23380  -41.949  -53.026  11.300 0.0000000000
23453  -37.952  -52.437  7.275 0.0000000000
23468  -38.843  -52.788  6.586 0.0000000000
23486  -38.624  -52.832  6.076 0.0000000000
23490  -36.175  -52.416  4.317 0.0000000000
23493  -38.329  -53.049  5.473 0.0000000000
23503  -36.446  -52.788  3.939 0.0000000000
23514  -35.630  -52.367  2.745 0.0000000000
23549  -37.539  -52.927  -0.582 0.0000000000
23550  -37.993  -53.077  -0.970 0.0000000000
23581  -33.936  -52.518  -3.689 0.0000000000
23583  -35.745  -52.605  -2.907 0.0000000000
23610  -31.713  -53.191  -6.151 0.0000000000
23623  -31.875  -52.964  -6.619 0.0000000000
23662  -33.028  -53.038  -8.066 0.0000000000
24590  -36.447  -51.108  8.892 0.0000000000
24731  -35.562  -50.896  -0.466 0.0000000000
24757  -34.460  -51.108  -2.206 0.0000000000
24817  -33.168  -51.262  -6.858 0.0000000000
25717  -35.813  -50.206  9.333 0.0000000000
25742  -36.119  -50.788  8.533 0.0000000000
25814  -34.912  -51.388  3.514 0.0000000000
25822  -33.639  -50.008  2.481 0.0000000000
25883  -33.612  -50.544  -2.502 0.0000000000
25900  -32.958  -50.699  -3.435 0.0000000000
25919  -32.754  -50.792  -3.983 0.0000000000
25977  -36.912  -50.109  -7.876 0.0000000000
25997  -34.757  -50.829  -8.050 0.0000000000
25999  -36.730  -50.429  -8.252 0.0000000000
26784  -36.334  -49.701  10.278 0.0000000000
26798  -35.968  -50.051  9.870 0.0000000000
26854  -34.155  -49.970  5.578 0.0000000000
26868  -33.500  -49.565  4.470 0.0000000000
26895  -32.781  -48.806  2.725 0.0000000000
26897  -33.670  -49.920  2.129 0.0000000000
26950  -33.785  -49.487  -1.894 0.0000000000
26981  -32.784  -50.344  -3.755 0.0000000000
27014  -32.868  -50.012  -4.978 0.0000000000
27017  -38.934  -49.179  -5.907 0.0000000000
27038  -37.888  -49.327  -6.700 0.0000000000
27041  -40.134  -49.743  -5.876 0.0000000000
27061  -36.628  -49.789  -7.613 0.0000000000
27063  -38.211  -49.669  -7.002 0.0000000000
27079  -35.670  -50.176  -7.943 0.0000000000
27916  -36.229  -48.852  10.339 0.0000000000
27936  -39.150  -48.135  10.264 0.0000000000
28027  -32.568  -48.329  3.253 0.0000000000
28028  -32.776  -48.861  3.625 0.0000000000
28054  -33.204  -48.405  1.230 0.0000000000
29116  -34.885  -47.055  9.510 0.0000000000
29164  -34.215  -46.975  8.005 0.0000000000
29231  -32.570  -47.526  2.564 0.0000000000
29254  -33.948  -47.866  -0.043 0.0000000000
30429  -34.219  -46.308  8.493 0.0000000000
31725  -37.961  -45.060  10.401 0.0000000000
