#!ascii label  , from subject 3611 vox2ras=TkReg
1993
20322  43.917  -51.557  -5.203 0.2000000030
20312  44.400  -51.679  -4.470 0.2000000030
20332  43.300  -51.444  -6.142 0.2000000030
19251  43.978  -52.362  -4.349 0.2000000030
19290  41.824  -52.339  -6.999 0.1000000015
20311  44.962  -51.433  -4.057 0.3000000119
19289  42.903  -52.480  -6.422 0.1000000015
19271  43.080  -53.060  -5.932 0.2000000030
21504  42.839  -50.805  -6.174 0.1000000015
20333  42.430  -51.496  -6.715 0.1000000015
21505  41.930  -50.831  -6.290 0.1000000015
21506  40.822  -50.789  -6.453 0.1000000015
20334  41.312  -51.432  -6.918 0.1000000015
21492  39.326  -50.426  -5.633 0.1000000015
20335  40.059  -51.100  -7.369 0.1000000015
21507  39.788  -50.604  -6.635 0.1000000015
21493  38.394  -50.418  -5.636 0.2000000030
21508  38.928  -50.474  -6.484 0.1000000015
22668  42.839  -49.872  -5.058 0.1000000015
21475  42.006  -50.165  -4.720 0.1000000015
21488  43.682  -50.461  -5.530 0.2000000030
21490  41.438  -50.408  -5.486 0.1000000015
21489  42.580  -50.236  -5.343 0.1000000015
21463  37.108  -50.514  -3.750 0.2000000030
21478  38.744  -50.490  -4.664 0.2000000030
22632  36.453  -50.258  -3.446 0.1000000015
21479  37.780  -50.390  -4.719 0.2000000030
22633  35.729  -49.853  -3.547 0.2000000030
23741  34.705  -49.173  -3.788 0.1000000015
24829  34.440  -48.329  -4.109 0.1000000015
22653  41.284  -49.812  -3.949 0.1000000015
21491  40.341  -50.423  -5.553 0.1000000015
22604  35.783  -49.429  -2.300 0.2000000030
23740  35.195  -48.913  -2.786 0.2000000030
25884  35.255  -46.901  -2.598 0.2000000030
24828  34.875  -47.969  -3.273 0.2000000030
25903  35.172  -46.850  -3.675 0.1000000015
24842  34.617  -47.555  -4.094 0.2000000030
21476  40.918  -49.970  -4.342 0.1000000015
21459  40.663  -49.918  -3.502 0.1000000015
21477  39.742  -50.322  -4.555 0.1000000015
21461  39.075  -50.355  -3.560 0.2000000030
22602  37.812  -50.107  -2.326 0.2000000030
22603  36.701  -50.087  -2.627 0.3000000119
27065  35.710  -45.873  -3.261 0.3000000119
27079  35.739  -46.058  -4.249 0.2000000030
27095  35.667  -45.818  -5.333 0.2000000030
22571  36.276  -49.376  -1.491 0.3000000119
21442  37.621  -50.395  -3.061 0.2000000030
29585  35.547  -43.949  -3.703 0.3000000119
28312  36.125  -44.888  -3.596 0.3000000119
27064  36.211  -45.409  -4.005 0.2000000030
27078  36.375  -45.375  -4.742 0.2000000030
29586  34.677  -44.003  -2.822 0.4000000060
25885  35.017  -46.445  -1.969 0.3000000119
28313  35.310  -44.929  -2.739 0.3000000119
23723  35.464  -48.777  -1.897 0.2000000030
24817  35.160  -48.011  -2.199 0.2000000030
29584  36.217  -44.381  -4.126 0.3000000119
28324  37.028  -44.343  -4.813 0.2000000030
28338  37.041  -45.032  -5.100 0.2000000030
30847  35.308  -42.855  -3.849 0.3000000119
29607  36.818  -43.308  -5.009 0.2000000030
29612  38.278  -43.313  -6.128 0.2000000030
29606  37.557  -43.625  -5.438 0.2000000030
29605  38.755  -43.945  -5.951 0.1000000015
28337  37.502  -44.576  -5.292 0.2000000030
27092  38.255  -44.903  -5.857 0.2000000030
27093  37.595  -45.051  -5.689 0.2000000030
32132  35.203  -41.921  -3.958 0.3000000119
30863  36.014  -42.130  -4.959 0.3000000119
29599  35.801  -43.342  -4.220 0.3000000119
33494  36.380  -41.023  -5.444 0.2000000030
30862  36.604  -42.620  -5.225 0.3000000119
32162  37.049  -41.185  -6.044 0.2000000030
30856  36.461  -43.127  -4.868 0.3000000119
30861  37.323  -42.622  -5.703 0.1000000015
30869  37.774  -42.594  -6.138 0.1000000015
30867  39.288  -43.134  -6.903 0.1000000015
30868  38.587  -42.635  -6.707 0.1000000015
32160  38.310  -41.592  -6.929 0.1000000015
29604  39.231  -44.120  -6.159 0.1000000015
33471  35.013  -40.771  -3.735 0.3000000119
33483  35.896  -40.457  -4.923 0.2000000030
33482  36.338  -40.132  -5.249 0.2000000030
35944  38.078  -38.661  -5.403 0.2000000030
33492  37.331  -40.193  -6.037 0.1000000015
34744  38.312  -39.056  -6.280 0.1000000015
33500  37.680  -40.524  -6.511 0.1000000015
32161  37.518  -41.683  -6.377 0.1000000015
32173  39.025  -41.637  -7.385 0.1000000015
32172  39.973  -41.743  -7.809 0.1000000015
34735  36.027  -39.710  -4.488 0.2000000030
35943  39.147  -38.258  -5.783 0.1000000015
35952  39.046  -38.819  -6.730 0.1000000015
34751  38.659  -39.845  -6.965 0.1000000015
34757  39.278  -39.955  -7.475 0.1000000015
33499  38.527  -40.857  -7.144 0.1000000015
34756  39.846  -40.065  -7.969 0.1000000015
33506  39.843  -40.954  -8.011 0.1000000015
33507  39.262  -40.718  -7.578 0.1000000015
35951  40.124  -38.201  -6.862 0.1000000015
34768  40.460  -40.310  -8.457 0.1000000015
32188  40.188  -41.320  -8.086 0.1000000015
35942  40.327  -37.837  -5.631 0.1000000015
21481  36.095  -50.248  -4.407 0.1000000015
23579  41.611  -49.314  7.979 0.5000000000
22420  42.532  -49.335  9.896 0.5000000000
22434  42.136  -49.359  9.039 0.5000000000
23596  41.086  -48.502  6.917 0.5000000000
24605  42.709  -47.940  12.365 0.2000000030
23519  43.141  -48.646  11.755 0.2000000030
24630  42.521  -48.082  11.575 0.3000000119
23532  42.704  -48.590  11.082 0.3000000119
23547  42.343  -48.844  10.494 0.5000000000
23548  41.821  -48.836  10.078 0.5000000000
23549  41.069  -48.445  9.862 0.5000000000
23564  40.747  -48.781  8.788 0.5000000000
23550  40.246  -48.423  9.422 0.5000000000
23580  40.328  -48.594  7.591 0.5000000000
24681  41.526  -48.080  6.222 0.5000000000
23597  40.479  -48.238  6.942 0.5000000000
24680  42.088  -48.344  6.046 0.5000000000
24719  44.047  -47.551  4.746 0.5000000000
25679  42.446  -46.998  12.503 0.3000000119
24618  41.764  -47.151  11.539 0.3000000119
23534  41.508  -48.295  10.394 0.5000000000
23565  39.882  -48.536  8.570 0.5000000000
24698  41.100  -47.328  5.797 0.5000000000
25752  41.611  -46.900  5.091 0.5000000000
25781  46.765  -46.140  3.289 0.4000000060
25792  46.188  -45.682  2.764 0.5000000000
25782  45.445  -46.076  3.080 0.5000000000
24718  44.680  -47.440  4.646 0.5000000000
25750  43.207  -47.320  4.702 0.5000000000
26959  46.922  -45.173  2.709 0.4000000060
24606  42.537  -47.492  12.684 0.3000000119
25680  42.045  -46.621  12.200 0.4000000060
24619  41.378  -46.984  11.264 0.4000000060
24644  40.506  -48.060  10.136 0.5000000000
24633  40.210  -47.644  10.562 0.5000000000
24645  39.763  -48.123  9.892 0.5000000000
23551  39.563  -48.376  9.192 0.5000000000
24634  39.314  -47.645  10.294 0.5000000000
24646  38.869  -48.131  9.440 0.5000000000
23582  38.772  -48.233  8.027 0.5000000000
23581  39.344  -48.344  7.829 0.5000000000
25732  40.241  -47.047  5.983 0.5000000000
25751  42.704  -47.208  4.808 0.6000000238
25771  44.913  -46.882  3.969 0.5000000000
25772  43.608  -46.966  4.413 0.5000000000
25773  42.216  -46.390  4.207 0.5000000000
28216  48.252  -44.348  1.770 0.4000000060
26958  48.062  -45.257  2.691 0.4000000060
26960  46.032  -45.058  2.514 0.5000000000
21222  37.205  -50.231  13.868 0.1000000015
23501  37.982  -48.224  13.886 0.1000000015
24598  37.809  -47.736  14.287 0.1000000015
23500  38.759  -48.273  13.671 0.1000000015
24597  38.422  -47.372  14.057 0.1000000015
23499  39.855  -48.222  13.560 0.1000000015
24596  39.429  -47.301  13.844 0.1000000015
25656  38.983  -46.523  14.198 0.1000000015
24593  42.195  -47.368  13.209 0.2000000030
24594  41.513  -47.270  13.529 0.1000000015
25667  42.163  -46.583  12.998 0.3000000119
25695  40.602  -47.112  10.905 0.5000000000
25668  41.356  -45.781  12.707 0.4000000060
25696  39.903  -47.065  10.926 0.4000000060
25697  38.821  -47.080  10.698 0.5000000000
24635  38.491  -47.535  9.961 0.5000000000
24647  38.056  -47.589  9.190 0.5000000000
24657  37.930  -47.409  8.279 0.5000000000
24699  40.513  -47.138  5.917 0.5000000000
25783  44.169  -46.147  3.462 0.5000000000
28217  47.344  -44.287  2.092 0.4000000060
28229  48.948  -44.458  0.940 0.5000000000
20044  37.149  -51.209  17.538 0.1000000015
20054  36.488  -51.160  15.645 0.1000000015
21217  36.777  -50.007  15.443 0.1000000015
22369  36.816  -49.528  14.880 0.1000000015
22368  37.045  -49.486  14.233 0.1000000015
23489  37.419  -48.530  14.336 0.1000000015
24579  37.495  -47.599  14.791 0.1000000015
22348  36.999  -49.478  15.862 0.1000000015
23483  36.911  -49.033  15.022 0.1000000015
28009  38.549  -44.618  14.316 0.2000000030
28010  37.319  -44.289  14.332 0.2000000030
24595  40.545  -47.224  13.788 0.1000000015
25655  40.033  -46.356  14.047 0.1000000015
25631  39.385  -45.715  14.395 0.1000000015
26770  39.649  -44.985  14.348 0.2000000030
25630  40.333  -45.534  14.057 0.1000000015
26768  40.945  -45.367  13.623 0.2000000030
28037  39.580  -44.606  13.090 0.2000000030
28038  38.723  -44.516  13.334 0.2000000030
28039  37.755  -44.268  13.465 0.2000000030
25654  41.206  -46.071  13.661 0.2000000030
26812  41.107  -45.069  12.905 0.2000000030
26813  40.666  -45.172  12.519 0.3000000119
26836  39.093  -45.778  11.847 0.3000000119
25683  38.311  -46.403  11.165 0.4000000060
25698  37.536  -47.086  10.123 0.4000000060
28205  42.167  -44.159  3.427 0.5000000000
26953  41.927  -44.847  3.660 0.5000000000
26937  41.569  -45.368  4.011 0.5000000000
28204  43.093  -44.167  3.010 0.5000000000
26952  42.412  -45.244  3.444 0.5000000000
26936  42.079  -45.766  3.837 0.5000000000
24684  38.710  -47.114  6.847 0.5000000000
24670  38.563  -47.582  7.476 0.5000000000
28202  45.052  -44.355  2.652 0.5000000000
28203  44.212  -44.067  2.776 0.5000000000
26951  43.537  -45.242  3.031 0.5000000000
25774  41.056  -46.166  4.623 0.5000000000
28218  46.358  -44.139  2.139 0.5000000000
26949  45.393  -45.135  2.712 0.5000000000
25784  43.005  -46.140  3.567 0.5000000000
26950  44.606  -45.212  2.887 0.5000000000
28230  48.572  -44.165  1.253 0.4000000060
20043  38.132  -50.967  17.808 0.1000000015
21200  37.118  -50.513  16.921 0.1000000015
21207  37.478  -49.874  16.722 0.1000000015
22337  38.077  -49.246  16.990 0.1000000015
23447  38.853  -48.622  18.508 0.1000000015
21208  36.911  -50.191  16.254 0.1000000015
22347  37.391  -49.121  16.411 0.1000000015
22362  37.154  -48.844  15.813 0.1000000015
23469  37.443  -47.973  16.239 0.1000000015
24568  37.396  -47.259  15.568 0.1000000015
25633  37.627  -46.744  15.042 0.1000000015
25612  37.892  -45.628  15.427 0.1000000015
25632  38.321  -46.051  14.880 0.1000000015
26747  38.168  -45.205  15.242 0.2000000030
27984  37.767  -44.655  15.057 0.2000000030
26771  38.836  -45.168  14.817 0.1000000015
27983  38.392  -44.842  14.940 0.2000000030
28065  39.620  -44.830  12.614 0.3000000119
28066  38.833  -44.770  12.712 0.3000000119
26815  38.905  -45.218  12.304 0.3000000119
28067  37.882  -44.588  12.576 0.2000000030
28086  36.877  -44.858  11.747 0.3000000119
25699  36.576  -46.375  10.204 0.4000000060
25684  37.196  -46.252  10.913 0.4000000060
29457  41.146  -43.104  3.632 0.5000000000
28207  40.640  -43.780  3.662 0.5000000000
28188  40.835  -44.562  3.847 0.5000000000
30723  39.612  -42.058  4.526 0.5000000000
29445  38.759  -43.161  4.446 0.5000000000
28189  39.682  -44.073  4.098 0.5000000000
26938  40.269  -45.420  4.471 0.6000000238
24671  37.936  -47.138  7.770 0.5000000000
25706  37.301  -47.137  8.827 0.5000000000
29446  38.113  -43.655  4.843 0.5000000000
28190  38.366  -44.321  4.646 0.5000000000
26939  39.048  -45.070  4.670 0.6000000238
25775  40.450  -46.014  4.890 0.5000000000
25733  39.678  -46.951  6.067 0.5000000000
26923  39.534  -45.823  5.072 0.5000000000
25753  40.352  -46.557  5.419 0.5000000000
26984  49.141  -45.149  0.264 0.4000000060
28247  49.382  -44.343  0.036 0.4000000060
26957  49.072  -45.257  2.080 0.4000000060
23423  37.724  -48.759  20.291 0.1000000015
24525  38.464  -48.211  18.910 0.1000000015
24541  37.617  -47.095  18.399 0.1000000015
23455  38.578  -48.532  17.653 0.1000000015
24550  38.188  -47.714  17.721 0.1000000015
23456  37.925  -48.269  17.025 0.1000000015
24551  37.900  -47.151  17.207 0.1000000015
25576  37.544  -46.456  17.758 0.1000000015
24561  37.570  -46.805  16.414 0.1000000015
25598  37.570  -46.074  16.534 0.1000000015
26727  37.318  -45.653  16.297 0.1000000015
26749  36.662  -44.931  15.820 0.2000000030
27985  36.470  -44.273  15.329 0.2000000030
28040  36.880  -43.939  13.462 0.2000000030
29380  40.314  -44.089  7.890 0.2000000030
28068  37.009  -44.202  12.606 0.2000000030
29403  40.261  -43.546  7.412 0.2000000030
29381  39.434  -43.779  7.809 0.2000000030
30658  38.259  -43.326  8.401 0.2000000030
30659  37.913  -43.357  8.278 0.2000000030
30677  40.253  -42.807  6.980 0.2000000030
29404  39.364  -43.317  7.254 0.2000000030
29382  38.507  -43.482  7.875 0.2000000030
29383  37.442  -43.532  8.100 0.2000000030
29384  36.725  -44.185  7.913 0.2000000030
28140  36.385  -44.917  8.700 0.4000000060
30678  39.446  -42.448  6.830 0.2000000030
29405  38.415  -43.197  7.082 0.3000000119
29406  37.331  -43.837  6.973 0.4000000060
29407  36.832  -44.341  7.314 0.3000000119
26866  36.304  -45.736  9.474 0.4000000060
25707  36.664  -46.555  9.217 0.5000000000
32014  39.076  -41.089  5.746 0.5000000000
30702  38.827  -41.873  6.242 0.4000000060
29430  38.221  -42.893  6.223 0.4000000060
29431  37.567  -43.722  5.866 0.4000000060
28168  37.144  -44.698  6.380 0.5000000000
28169  36.861  -45.335  6.699 0.5000000000
28154  36.640  -45.042  7.425 0.5000000000
29439  38.196  -43.063  5.282 0.5000000000
29440  37.790  -43.772  5.203 0.5000000000
28180  37.714  -44.515  5.325 0.5000000000
26924  38.311  -45.507  5.397 0.5000000000
25754  39.148  -46.370  5.595 0.5000000000
25734  38.670  -46.752  6.261 0.5000000000
25724  38.328  -46.899  6.911 0.5000000000
23424  36.569  -48.706  20.621 0.1000000015
22306  37.391  -49.175  20.749 0.1000000015
23438  36.682  -48.181  19.948 0.1000000015
24514  35.581  -47.927  20.385 0.1000000015
24542  36.881  -46.817  18.751 0.1000000015
24527  36.551  -47.491  19.380 0.1000000015
25566  35.683  -46.688  18.991 0.1000000015
26712  36.582  -45.577  17.363 0.1000000015
26701  36.123  -45.755  17.932 0.1000000015
26711  37.240  -45.705  16.924 0.1000000015
26728  36.608  -45.272  16.401 0.2000000030
27966  35.542  -44.549  16.455 0.2000000030
27965  36.274  -44.822  15.954 0.2000000030
28011  36.561  -43.733  14.217 0.2000000030
29352  40.465  -43.887  8.653 0.1000000015
29353  39.516  -43.684  8.420 0.2000000030
29354  38.834  -43.573  8.261 0.2000000030
29309  36.294  -44.023  11.791 0.2000000030
30639  40.701  -43.105  9.466 0.1000000015
30640  39.601  -43.052  9.119 0.1000000015
30641  38.561  -43.066  8.819 0.1000000015
29355  36.955  -43.320  8.786 0.1000000015
29356  36.424  -43.883  9.138 0.2000000030
26838  36.737  -45.641  11.143 0.3000000119
30643  36.641  -43.000  9.280 0.1000000015
28103  36.228  -45.129  10.859 0.2000000030
26904  36.762  -45.866  6.967 0.5000000000
26877  36.454  -45.802  8.437 0.5000000000
25713  36.839  -46.508  8.249 0.5000000000
26925  37.549  -45.122  5.787 0.5000000000
25735  37.873  -46.472  6.564 0.5000000000
25736  37.256  -46.330  6.841 0.5000000000
26902  38.113  -46.157  6.020 0.5000000000
22293  36.391  -49.382  21.795 0.1000000015
24504  35.297  -48.140  21.444 0.1000000015
24505  34.763  -47.398  21.190 0.1000000015
24515  34.706  -47.141  20.247 0.1000000015
24528  35.244  -47.203  19.558 0.1000000015
26703  34.842  -45.448  18.498 0.1000000015
25567  34.853  -46.375  19.199 0.1000000015
26714  35.058  -45.266  17.701 0.1000000015
27949  35.178  -44.951  17.243 0.2000000030
27986  35.678  -43.962  15.726 0.2000000030
29248  36.029  -43.509  14.578 0.2000000030
29249  35.385  -43.253  15.191 0.2000000030
29278  36.315  -43.406  13.390 0.2000000030
29293  36.417  -43.638  12.619 0.2000000030
31935  39.807  -41.965  9.832 0.1000000015
31936  38.624  -42.209  9.502 0.1000000015
31937  37.601  -42.363  9.277 0.1000000015
31938  37.001  -42.597  9.261 0.1000000015
29310  35.988  -43.272  11.812 0.1000000015
30611  36.116  -43.261  10.131 0.1000000015
29325  36.133  -44.263  10.676 0.2000000030
25518  34.823  -47.284  22.648 0.1000000015
24490  34.871  -47.601  22.069 0.1000000015
26647  35.139  -45.302  22.548 0.1000000015
25546  34.524  -46.432  20.937 0.1000000015
26668  34.654  -45.479  21.578 0.1000000015
26690  34.544  -45.485  19.500 0.1000000015
25558  34.530  -46.334  19.995 0.1000000015
27950  34.703  -44.497  17.609 0.1000000015
27967  34.866  -43.956  16.891 0.1000000015
29223  34.550  -43.386  17.269 0.1000000015
29236  34.814  -43.363  16.239 0.1000000015
29264  35.707  -42.903  14.165 0.2000000030
29263  36.099  -43.288  13.961 0.2000000030
29279  35.876  -42.864  13.383 0.2000000030
30569  35.663  -42.298  12.637 0.1000000015
29294  35.989  -43.006  12.613 0.2000000030
31901  40.526  -41.180  10.448 0.1000000015
31902  39.494  -40.840  10.362 0.1000000015
31903  38.601  -41.151  10.098 0.1000000015
31904  37.559  -41.557  9.901 0.1000000015
33266  37.506  -40.553  10.535 0.1000000015
31905  36.413  -42.149  9.947 0.1000000015
29326  36.011  -43.536  11.069 0.2000000030
27872  35.519  -44.272  22.512 0.1000000015
27895  34.838  -44.484  21.428 0.1000000015
27913  34.486  -44.731  20.846 0.1000000015
27937  34.438  -44.544  18.873 0.1000000015
30526  34.613  -42.367  16.105 0.1000000015
29250  34.798  -42.672  15.622 0.2000000030
30533  34.913  -42.160  15.074 0.1000000015
31820  35.290  -41.414  14.537 0.2000000030
30544  35.317  -42.265  14.338 0.2000000030
31835  35.501  -41.519  13.688 0.1000000015
30557  35.543  -42.245  13.493 0.2000000030
34491  39.542  -39.497  11.733 0.1000000015
34492  38.361  -39.360  11.716 0.1000000015
34493  37.646  -39.468  12.112 0.1000000015
33217  36.783  -40.052  11.985 0.1000000015
33218  36.334  -40.326  12.515 0.1000000015
31850  35.627  -41.549  12.819 0.1000000015
33264  39.881  -40.082  10.865 0.1000000015
33265  38.619  -39.973  10.854 0.1000000015
33241  37.524  -39.853  11.519 0.1000000015
33242  36.399  -40.539  11.371 0.1000000015
31873  36.072  -41.388  10.812 0.1000000015
31874  35.731  -41.549  11.780 0.1000000015
30587  35.771  -42.494  11.789 0.1000000015
33267  36.685  -41.110  10.367 0.1000000015
30612  35.876  -42.797  10.924 0.1000000015
29153  35.352  -43.849  21.407 0.1000000015
29180  34.838  -43.680  20.584 0.1000000015
30469  34.847  -42.882  19.812 0.1000000015
30498  34.660  -42.529  18.948 0.1000000015
30511  34.571  -42.428  17.818 0.1000000015
31809  34.662  -41.816  15.933 0.1000000015
34426  38.618  -39.554  15.686 0.1000000015
34427  37.687  -39.408  15.443 0.1000000015
34428  36.800  -39.478  15.278 0.1000000015
34429  36.018  -39.699  15.293 0.1000000015
31808  35.009  -41.192  15.591 0.1000000015
34454  39.194  -39.454  13.851 0.1000000015
34439  39.372  -39.562  14.974 0.1000000015
34441  37.448  -39.330  14.498 0.1000000015
33179  35.948  -40.110  14.049 0.1000000015
33198  35.658  -40.790  13.887 0.1000000015
34471  40.114  -39.480  12.863 0.1000000015
34472  38.886  -39.132  12.746 0.1000000015
34455  38.154  -39.140  13.679 0.1000000015
34456  37.237  -39.444  13.553 0.1000000015
34457  36.535  -39.837  13.469 0.1000000015
33197  36.122  -40.324  13.325 0.1000000015
33219  35.790  -40.870  13.078 0.1000000015
31756  35.328  -41.606  19.015 0.1000000015
31777  36.151  -41.216  18.425 0.1000000015
31789  35.147  -41.206  17.416 0.1000000015
33135  36.804  -40.690  17.862 0.1000000015
33136  36.006  -40.889  17.645 0.1000000015
31798  35.035  -41.042  16.674 0.1000000015
34413  37.903  -39.604  16.302 0.1000000015
34403  37.351  -39.802  16.796 0.1000000015
33151  36.466  -40.092  17.020 0.1000000015
33170  35.554  -40.267  15.303 0.1000000015
24631  42.146  -47.869  11.316 0.4000000060
24669  39.657  -47.971  7.119 0.5000000000
24632  41.236  -47.588  10.814 0.4000000060
25681  40.914  -46.510  11.654 0.4000000060
22378  37.889  -49.329  13.564 0.1000000015
25657  38.385  -46.703  14.382 0.1000000015
25653  41.871  -46.772  13.420 0.2000000030
26835  40.150  -45.767  11.970 0.4000000060
25682  39.533  -46.445  11.408 0.4000000060
21199  37.949  -50.239  17.234 0.1000000015
23482  37.146  -48.419  15.212 0.1000000015
28008  39.585  -44.697  13.709 0.3000000119
28007  40.222  -44.675  13.288 0.2000000030
26794  40.866  -44.631  13.091 0.2000000030
26814  39.803  -45.197  12.264 0.3000000119
26837  37.859  -45.510  11.689 0.3000000119
22336  38.828  -49.502  17.488 0.1000000015
25613  37.694  -46.159  15.779 0.1000000015
26748  37.352  -45.193  15.706 0.1000000015
28085  37.703  -44.953  12.048 0.3000000119
25685  36.598  -46.054  10.731 0.4000000060
30732  40.175  -42.461  4.011 0.5000000000
29444  39.607  -42.943  3.985 0.5000000000
30722  40.635  -41.817  4.240 0.5000000000
30724  38.757  -42.355  4.939 0.5000000000
24526  37.909  -47.800  19.169 0.1000000015
23437  37.348  -48.244  19.842 0.1000000015
24540  38.329  -47.935  18.402 0.1000000015
25586  37.592  -46.300  17.092 0.1000000015
25587  37.262  -45.927  17.550 0.1000000015
25577  36.863  -46.184  18.238 0.1000000015
30642  37.530  -43.058  8.775 0.1000000015
30679  38.827  -42.487  6.532 0.5000000000
28122  36.204  -44.939  9.879 0.3000000119
31996  39.191  -40.951  6.616 0.5000000000
30701  39.175  -41.805  6.675 0.5000000000
23425  35.748  -48.514  20.987 0.1000000015
24513  36.305  -48.151  20.030 0.1000000015
25579  35.312  -46.100  18.636 0.1000000015
26702  35.468  -45.696  18.090 0.1000000015
26729  36.061  -45.282  16.844 0.2000000030
23412  35.824  -48.915  21.657 0.1000000015
24489  35.235  -48.277  22.382 0.1000000015
24529  34.725  -46.831  19.707 0.1000000015
29235  35.343  -43.779  15.913 0.2000000030
31934  41.075  -42.180  10.065 0.1000000015
25531  34.704  -46.598  22.068 0.1000000015
25517  35.033  -46.570  23.208 0.1000000015
27859  35.471  -44.502  23.290 0.1000000015
26648  34.868  -45.878  22.178 0.1000000015
26667  34.932  -44.911  21.908 0.1000000015
26683  34.449  -45.519  20.476 0.1000000015
27926  34.413  -44.595  19.962 0.1000000015
29211  34.373  -43.503  18.314 0.1000000015
30519  34.579  -42.502  16.833 0.1000000015
27894  35.299  -44.401  21.967 0.1000000015
29198  34.447  -43.608  19.435 0.1000000015
30534  34.684  -42.041  15.635 0.1000000015
34473  37.817  -39.163  12.707 0.1000000015
34518  38.940  -39.559  11.317 0.1000000015
34474  37.023  -39.733  12.598 0.1000000015
34475  36.521  -40.070  12.981 0.1000000015
33243  35.849  -40.885  12.283 0.1000000015
31906  35.774  -42.035  10.981 0.1000000015
29179  35.882  -43.198  20.971 0.1000000015
30468  35.567  -42.553  20.256 0.1000000015
30497  35.124  -42.205  19.630 0.1000000015
31757  34.815  -41.812  18.367 0.1000000015
31779  34.842  -41.642  17.789 0.1000000015
31790  34.755  -41.738  17.166 0.1000000015
34440  38.416  -39.347  14.684 0.1000000015
33161  35.653  -40.143  16.201 0.1000000015
34442  36.513  -39.619  14.399 0.1000000015
34414  36.957  -39.596  16.180 0.1000000015
33180  35.533  -40.606  14.681 0.1000000015
31778  35.377  -41.326  18.049 0.1000000015
33152  35.601  -40.682  17.120 0.1000000015
33134  37.682  -40.623  18.044 0.1000000015
34425  39.541  -39.899  16.025 0.1000000015
34424  40.031  -39.939  15.795 0.1000000015
34402  38.030  -39.893  16.939 0.1000000015
21234  45.279  -50.576  11.740 0.1000000015
21250  45.704  -50.572  11.131 0.1000000015
21251  45.024  -50.277  11.590 0.1000000015
22394  44.458  -49.753  11.344 0.1000000015
23530  43.978  -49.360  11.038 0.1000000015
21236  43.792  -50.428  12.336 0.1000000015
22382  43.447  -49.314  12.247 0.1000000015
20072  45.772  -51.235  12.063 0.2000000030
23507  42.926  -48.462  12.288 0.1000000015
21249  46.421  -51.052  10.604 0.2000000030
21258  46.215  -50.860  10.038 0.2000000030
22393  44.880  -50.027  10.733 0.1000000015
23531  43.464  -49.143  11.047 0.1000000015
20112  47.607  -51.489  9.640 0.2000000030
22405  44.208  -49.542  10.398 0.2000000030
22404  45.211  -50.334  9.987 0.2000000030
22418  44.477  -50.177  9.129 0.2000000030
22406  43.165  -49.286  10.474 0.3000000119
22407  42.677  -49.060  10.536 0.3000000119
22419  43.467  -49.619  9.593 0.3000000119
21272  45.294  -50.535  8.780 0.2000000030
21287  48.069  -51.189  8.357 0.2000000030
22432  43.516  -49.872  8.594 0.2000000030
21288  47.005  -50.756  8.269 0.2000000030
19045  49.374  -51.842  6.428 0.1000000015
21269  47.964  -51.408  9.101 0.2000000030
21271  45.983  -50.705  9.111 0.2000000030
21270  47.134  -51.091  9.237 0.2000000030
22433  42.797  -49.574  8.967 0.4000000060
21305  49.400  -51.145  7.491 0.1000000015
21290  45.031  -50.464  8.166 0.2000000030
22431  44.165  -50.331  8.030 0.2000000030
19028  49.409  -52.115  7.614 0.1000000015
22450  42.702  -49.625  8.066 0.4000000060
21306  48.934  -50.858  7.665 0.2000000030
21289  45.958  -50.612  8.149 0.2000000030
21307  47.936  -50.682  7.442 0.2000000030
20163  49.784  -51.028  5.800 0.1000000015
21334  49.874  -49.997  5.644 0.2000000030
20146  49.590  -51.381  7.023 0.1000000015
21309  45.647  -50.367  7.365 0.2000000030
21310  44.813  -50.297  7.475 0.2000000030
22448  44.171  -50.049  7.099 0.4000000060
21320  49.510  -50.612  6.713 0.1000000015
22464  44.275  -49.610  6.127 0.4000000060
22466  42.853  -49.517  7.291 0.4000000060
21322  47.840  -50.066  6.710 0.3000000119
21323  47.030  -50.015  6.393 0.3000000119
21321  48.770  -50.245  6.855 0.2000000030
22460  48.561  -49.661  6.208 0.4000000060
23595  42.337  -48.945  6.588 0.4000000060
22446  46.125  -49.997  6.550 0.3000000119
22474  47.161  -49.146  5.436 0.4000000060
22461  47.593  -49.592  6.036 0.3000000119
29378  42.449  -44.233  8.077 0.1000000015
23594  43.494  -49.077  6.089 0.4000000060
22463  45.458  -49.512  5.867 0.4000000060
23609  44.032  -48.749  5.459 0.5000000000
23607  46.440  -48.458  5.163 0.4000000060
22462  46.573  -49.412  5.839 0.3000000119
23592  46.044  -48.951  5.598 0.4000000060
29379  41.315  -44.407  7.964 0.1000000015
29400  43.255  -43.576  7.233 0.1000000015
23610  42.949  -48.533  5.697 0.4000000060
24696  43.374  -47.834  4.920 0.5000000000
24695  44.461  -48.070  4.938 0.5000000000
24697  42.145  -47.923  5.439 0.5000000000
29402  41.181  -43.728  7.534 0.1000000015
31974  41.896  -42.288  7.219 0.1000000015
30675  41.985  -43.182  7.063 0.1000000015
30676  41.097  -43.020  7.165 0.1000000015
20073  44.660  -51.364  12.252 0.1000000015
21235  44.614  -50.270  12.000 0.1000000015
22395  43.742  -49.332  11.726 0.1000000015
22381  44.042  -49.679  11.850 0.1000000015
22383  43.171  -49.798  12.497 0.1000000015
23495  42.899  -48.702  12.517 0.1000000015
23578  42.354  -49.426  7.451 0.4000000060
18949  46.708  -52.561  12.180 0.1000000015
22449  43.458  -49.866  7.649 0.3000000119
21308  46.812  -50.410  7.243 0.2000000030
22465  43.413  -49.552  6.782 0.4000000060
22476  44.661  -49.205  5.628 0.4000000060
29401  42.151  -43.860  7.391 0.1000000015
21237  43.048  -50.536  12.525 0.1000000015
19132  35.669  -52.509  3.673 0.1000000015
19151  35.421  -52.629  2.727 0.1000000015
18078  37.664  -53.075  2.095 0.1000000015
19133  34.862  -52.856  3.338 0.1000000015
19148  38.278  -52.672  2.716 0.1000000015
18064  34.925  -53.158  4.106 0.1000000015
18065  34.040  -53.581  3.411 0.1000000015
16997  33.662  -54.623  3.299 0.1000000015
18080  33.931  -53.245  2.689 0.1000000015
12547  35.529  -58.643  14.169 0.1000000015
12760  35.591  -59.309  2.102 0.1000000015
13735  34.876  -57.854  2.465 0.1000000015
20213  37.491  -51.770  4.141 0.1000000015
19131  36.784  -52.137  3.686 0.1000000015
15937  34.161  -55.635  3.277 0.1000000015
19129  38.785  -52.136  3.353 0.1000000015
19147  39.293  -52.908  2.830 0.1000000015
11531  34.908  -59.287  15.335 0.1000000015
12563  36.120  -58.678  13.277 0.1000000015
12562  36.476  -59.180  12.599 0.1000000015
10468  34.755  -60.460  16.138 0.1000000015
11530  35.465  -59.532  14.768 0.1000000015
11545  36.062  -59.367  14.014 0.1000000015
11594  36.326  -59.787  10.620 0.1000000015
11667  36.104  -59.921  5.059 0.1000000015
10664  35.835  -60.393  2.666 0.1000000015
19109  36.207  -52.350  4.434 0.1000000015
18048  34.540  -53.918  4.347 0.1000000015
20212  38.300  -51.644  4.027 0.1000000015
19146  40.158  -53.076  2.982 0.1000000015
11544  36.837  -59.867  13.382 0.1000000015
11561  36.837  -59.852  12.164 0.1000000015
9489  35.021  -61.476  16.565 0.1000000015
9501  35.160  -61.100  15.977 0.1000000015
10467  35.278  -60.777  15.659 0.1000000015
10490  36.805  -60.921  14.127 0.1000000015
11560  37.125  -60.398  12.181 0.1000000015
10517  36.850  -60.298  11.331 0.1000000015
10552  37.285  -60.531  9.226 0.1000000015
10573  37.553  -60.380  8.151 0.1000000015
11641  36.589  -59.541  7.113 0.1000000015
10594  37.274  -60.265  7.236 0.1000000015
10605  36.992  -60.237  6.387 0.1000000015
10634  37.364  -60.663  3.882 0.1000000015
10649  36.435  -60.604  3.232 0.1000000015
11719  36.590  -59.952  2.550 0.1000000015
12745  36.122  -59.079  2.445 0.1000000015
15925  35.183  -55.768  3.987 0.1000000015
20193  37.823  -51.522  4.820 0.1000000015
19077  36.328  -52.742  5.243 0.1000000015
19110  35.598  -52.845  4.644 0.1000000015
16984  34.990  -54.643  4.634 0.1000000015
15926  34.553  -55.386  3.755 0.1000000015
20210  39.677  -51.971  4.024 0.1000000015
19128  39.786  -52.355  3.565 0.1000000015
10516  37.195  -61.200  10.911 0.1000000015
8557  34.868  -61.974  17.588 0.1000000015
9488  35.389  -61.860  16.161 0.1000000015
10477  35.703  -60.652  15.075 0.1000000015
10476  36.274  -61.012  14.662 0.1000000015
10489  37.302  -61.139  13.278 0.1000000015
10500  37.288  -61.004  12.041 0.1000000015
10572  38.153  -60.847  8.561 0.1000000015
9611  38.316  -61.316  6.388 0.1000000015
9634  38.407  -61.256  5.013 0.1000000015
8569  35.181  -62.164  16.915 0.1000000015
8580  35.984  -62.720  15.711 0.1000000015
9512  36.034  -61.330  14.997 0.1000000015
9511  36.620  -61.959  14.689 0.1000000015
9521  37.304  -62.228  13.809 0.1000000015
10616  37.329  -60.989  5.496 0.1000000015
9651  37.478  -61.034  4.642 0.1000000015
10648  36.926  -60.492  2.970 0.1000000015
12726  36.977  -58.794  3.761 0.1000000015
12744  36.680  -59.219  3.053 0.1000000015
13720  37.023  -58.202  4.356 0.1000000015
13733  36.556  -58.455  3.575 0.1000000015
15924  35.997  -56.365  4.373 0.1000000015
13721  36.334  -57.798  3.841 0.1000000015
16967  36.421  -54.518  5.672 0.1000000015
14784  35.817  -57.038  3.805 0.1000000015
20171  36.943  -52.314  5.321 0.1000000015
18024  35.944  -53.671  5.458 0.1000000015
16968  35.707  -54.550  5.172 0.1000000015
20192  38.793  -51.565  4.737 0.1000000015
20191  39.813  -51.785  4.544 0.1000000015
19127  40.926  -52.815  3.368 0.1000000015
19126  42.140  -52.966  3.537 0.1000000015
19106  41.441  -52.235  4.084 0.1000000015
9553  37.577  -62.050  11.465 0.1000000015
9571  37.828  -61.946  10.328 0.1000000015
8548  34.997  -62.878  18.122 0.1000000015
7657  35.820  -63.611  16.706 0.1000000015
7666  35.872  -63.138  16.113 0.1000000015
8579  36.430  -62.975  15.130 0.1000000015
8593  37.217  -63.021  13.990 0.1000000015
9534  37.588  -62.260  12.661 0.1000000015
10550  38.315  -61.728  9.357 0.1000000015
10592  38.673  -61.278  8.032 0.1000000015
9633  39.183  -61.265  5.513 0.1000000015
9499  36.181  -62.331  15.297 0.1000000015
10614  39.174  -60.737  5.106 0.1000000015
10632  38.766  -60.474  4.772 0.1000000015
11684  37.861  -60.150  4.052 0.1000000015
12724  38.399  -59.411  4.570 0.1000000015
12725  37.680  -59.230  4.058 0.1000000015
12709  37.984  -58.562  4.564 0.1000000015
13719  37.671  -58.439  4.462 0.1000000015
15906  37.218  -56.256  5.753 0.1000000015
14766  37.133  -56.879  5.261 0.1000000015
20152  38.058  -51.963  6.178 0.1000000015
19055  38.399  -52.489  6.830 0.1000000015
19056  37.668  -52.619  6.208 0.1000000015
18023  36.816  -53.605  5.757 0.1000000015
15896  36.831  -55.079  5.896 0.1000000015
15907  36.388  -55.717  5.215 0.1000000015
20151  38.785  -51.840  6.254 0.1000000015
20169  38.345  -51.627  5.543 0.1000000015
20150  39.674  -51.740  6.532 0.1000000015
20168  39.310  -51.660  5.526 0.1000000015
20190  40.735  -51.843  4.587 0.1000000015
19105  42.768  -52.365  4.575 0.1000000015
5977  35.077  -65.280  19.464 0.1000000015
6744  35.114  -64.486  19.115 0.1000000015
7634  35.090  -63.710  18.749 0.1000000015
6783  36.318  -64.784  16.249 0.1000000015
7681  36.678  -63.915  14.817 0.1000000015
9570  38.304  -62.173  9.929 0.1000000015
6756  35.496  -64.389  18.284 0.1000000015
7656  36.091  -64.159  16.339 0.1000000015
8594  36.873  -63.093  14.477 0.1000000015
8632  37.787  -63.258  12.687 0.1000000015
8659  38.037  -62.647  11.021 0.1000000015
9584  38.640  -62.103  9.399 0.1000000015
9599  39.320  -61.875  8.365 0.1000000015
9619  39.668  -61.409  6.207 0.1000000015
8665  39.405  -62.548  9.415 0.1000000015
9618  40.416  -61.237  6.687 0.1000000015
10613  39.652  -60.258  5.579 0.1000000015
11665  39.154  -59.807  5.195 0.1000000015
12708  38.562  -58.868  4.968 0.1000000015
11664  39.998  -59.725  5.864 0.1000000015
13704  38.927  -57.709  5.873 0.1000000015
14765  37.978  -56.758  5.834 0.1000000015
15895  37.624  -55.522  6.272 0.1000000015
18003  37.697  -53.458  6.820 0.1000000015
16956  37.105  -54.500  6.072 0.1000000015
18002  38.193  -53.144  7.303 0.1000000015
20167  40.476  -51.698  5.538 0.1000000015
20189  41.534  -51.846  4.984 0.1000000015
6837  38.406  -64.403  12.687 0.1000000015
6845  39.108  -64.269  11.968 0.1000000015
5327  35.357  -66.045  19.650 0.1000000015
5999  35.706  -65.440  18.291 0.1000000015
6014  36.082  -65.178  17.439 0.1000000015
6020  36.695  -65.581  15.796 0.1000000015
7680  37.227  -63.981  13.923 0.1000000015
6838  37.976  -64.315  12.857 0.1000000015
7722  39.384  -63.625  11.169 0.1000000015
8657  39.748  -63.160  10.440 0.1000000015
6784  36.074  -64.413  16.732 0.1000000015
7694  37.746  -63.927  13.103 0.1000000015
7719  38.393  -63.687  11.822 0.1000000015
8664  40.315  -62.562  9.480 0.1000000015
9597  41.244  -61.798  8.548 0.1000000015
10601  41.074  -60.399  6.643 0.1000000015
8672  40.000  -62.348  8.792 0.1000000015
9598  40.374  -62.025  8.139 0.1000000015
12706  40.225  -59.190  6.176 0.1000000015
13703  39.599  -58.035  6.149 0.1000000015
13687  39.091  -57.147  6.380 0.1000000015
15885  37.905  -54.940  6.869 0.1000000015
14746  38.325  -56.305  6.376 0.1000000015
17988  38.039  -53.707  7.466 0.1000000015
16955  37.529  -54.459  6.632 0.1000000015
19038  38.596  -52.799  7.529 0.1000000015
19037  39.282  -52.223  7.497 0.1000000015
20149  40.812  -51.920  6.712 0.1000000015
5380  37.643  -66.102  15.822 0.1000000015
5351  36.114  -66.313  18.680 0.1000000015
5370  37.594  -66.333  16.688 0.1000000015
6026  37.699  -65.775  14.944 0.1000000015
6054  38.046  -65.318  13.643 0.1000000015
7708  39.791  -64.030  12.801 0.1000000015
5307  34.918  -65.913  20.798 0.1000000015
5998  36.410  -66.180  17.896 0.1000000015
5371  36.950  -66.269  16.244 0.1000000015
6038  37.604  -65.394  14.050 0.1000000015
6822  37.759  -64.831  13.357 0.1000000015
7717  39.646  -63.868  11.873 0.1000000015
8649  40.481  -63.017  11.498 0.1000000015
8662  41.703  -61.780  9.519 0.1000000015
8656  40.894  -62.494  10.327 0.1000000015
11618  41.832  -59.728  7.928 0.1000000015
11654  40.746  -59.601  6.369 0.1000000015
12689  40.355  -58.579  6.571 0.1000000015
13686  39.703  -57.556  6.643 0.1000000015
14744  39.404  -56.787  7.144 0.1000000015
14745  38.939  -56.499  6.744 0.1000000015
15884  38.489  -55.416  7.360 0.1000000015
19016  38.854  -52.934  8.137 0.1000000015
16947  37.872  -54.400  7.267 0.1000000015
19036  40.349  -52.233  7.866 0.1000000015
19035  41.258  -52.386  7.956 0.1000000015
5350  36.939  -66.654  18.320 0.1000000015
6025  38.467  -65.634  15.524 0.1000000015
6820  39.452  -64.440  13.527 0.1000000015
5363  36.909  -66.492  17.233 0.1000000015
6037  38.498  -65.319  14.337 0.1000000015
8630  41.442  -62.515  12.381 0.1000000015
8648  41.869  -62.023  11.245 0.1000000015
8655  41.737  -61.852  10.090 0.1000000015
10548  42.293  -60.540  9.627 0.1000000015
11640  41.179  -59.117  7.148 0.1000000015
12673  40.568  -58.333  7.437 0.1000000015
13685  40.291  -58.002  6.928 0.1000000015
14728  39.352  -56.571  7.686 0.1000000015
13671  40.117  -57.748  7.240 0.1000000015
15874  38.858  -55.685  8.401 0.1000000015
15883  38.980  -56.051  7.789 0.1000000015
15862  38.775  -54.628  9.018 0.1000000015
16935  39.171  -53.872  9.169 0.1000000015
16936  38.718  -54.114  8.753 0.1000000015
16946  38.342  -54.215  7.947 0.1000000015
19014  40.701  -52.889  8.759 0.1000000015
19034  42.190  -52.467  7.803 0.1000000015
19032  44.390  -52.810  7.664 0.1000000015
5362  37.653  -66.440  17.603 0.1000000015
5379  38.189  -65.999  16.306 0.1000000015
6803  39.435  -64.641  14.487 0.1000000015
8609  41.074  -62.945  13.221 0.1000000015
5349  37.851  -66.442  18.429 0.1000000015
7693  40.081  -63.913  13.455 0.1000000015
9569  42.499  -61.279  10.629 0.1000000015
11605  41.482  -59.751  9.190 0.1000000015
11619  41.060  -59.043  8.169 0.1000000015
12652  40.326  -58.353  8.388 0.1000000015
15861  39.004  -55.191  9.432 0.1000000015
14715  39.195  -56.293  8.234 0.1000000015
15875  38.631  -54.875  8.504 0.1000000015
18994  40.118  -52.987  9.096 0.1000000015
17968  40.906  -53.307  9.181 0.1000000015
19013  41.795  -52.815  8.509 0.1000000015
17964  44.484  -53.370  8.514 0.1000000015
17962  46.865  -53.283  8.377 0.1000000015
5997  38.887  -65.584  18.626 0.1000000015
5361  38.373  -66.130  17.955 0.1000000015
6018  39.323  -65.103  16.225 0.1000000015
6789  39.510  -64.585  15.382 0.1000000015
8592  41.265  -62.808  14.067 0.1000000015
8608  42.027  -62.184  13.452 0.1000000015
7678  40.621  -63.426  13.747 0.1000000015
10513  43.136  -60.819  11.583 0.1000000015
10532  42.798  -60.773  10.903 0.1000000015
10549  41.780  -60.171  9.970 0.1000000015
12636  40.617  -58.998  9.119 0.1000000015
13632  39.464  -57.199  9.362 0.1000000015
14703  39.163  -56.271  9.011 0.1000000015
15832  43.778  -55.598  12.367 0.1000000015
15833  42.828  -55.686  12.085 0.1000000015
16882  42.576  -55.376  11.506 0.1000000015
15850  40.914  -55.265  11.085 0.1000000015
16900  40.714  -54.660  10.507 0.1000000015
14692  39.276  -56.342  10.196 0.1000000015
15847  43.800  -55.438  11.666 0.1000000015
16897  43.646  -55.123  10.897 0.1000000015
16899  41.676  -54.793  10.832 0.1000000015
15851  39.857  -55.269  10.635 0.1000000015
15831  44.565  -55.415  12.472 0.1000000015
15846  44.656  -55.585  11.873 0.1000000015
16896  44.521  -55.239  11.100 0.1000000015
16915  43.315  -54.502  10.212 0.1000000015
16917  41.378  -54.152  10.137 0.1000000015
16919  39.713  -54.282  9.616 0.1000000015
15845  45.266  -55.385  12.130 0.1000000015
16895  45.507  -55.035  11.319 0.1000000015
16913  45.022  -54.863  10.588 0.1000000015
17967  41.469  -53.266  9.090 0.1000000015
17941  45.216  -54.266  9.660 0.1000000015
17966  42.342  -53.341  8.906 0.1000000015
17924  47.333  -53.637  10.597 0.1000000015
17939  47.483  -53.266  9.261 0.1000000015
6755  39.227  -64.836  18.039 0.1000000015
6012  38.907  -65.563  17.546 0.1000000015
6770  39.157  -64.790  17.135 0.1000000015
7655  39.108  -63.900  16.556 0.1000000015
7654  39.520  -63.940  15.778 0.1000000015
6781  39.445  -64.629  16.059 0.1000000015
8578  40.235  -62.716  15.313 0.1000000015
8591  41.647  -62.176  14.399 0.1000000015
9519  42.631  -61.327  12.721 0.1000000015
10485  42.666  -60.947  12.739 0.1000000015
10514  42.614  -60.589  11.534 0.1000000015
11592  40.876  -60.071  10.488 0.1000000015
12616  40.769  -59.493  9.695 0.1000000015
12637  39.857  -58.228  9.339 0.1000000015
14682  39.925  -56.577  11.534 0.1000000015
15834  42.044  -55.709  11.728 0.1000000015
15835  41.242  -55.729  11.677 0.1000000015
16864  46.273  -54.138  12.201 0.1000000015
16881  45.926  -54.796  12.082 0.1000000015
7632  39.625  -64.327  19.192 0.1000000015
7644  38.903  -63.964  17.619 0.1000000015
8566  39.477  -62.842  15.862 0.1000000015
9498  40.302  -61.850  15.418 0.1000000015
8576  41.457  -62.031  14.726 0.1000000015
9497  41.281  -61.602  14.848 0.1000000015
10473  42.018  -61.077  13.887 0.1000000015
10486  41.896  -60.871  13.259 0.1000000015
10515  41.676  -60.527  11.516 0.1000000015
12595  39.875  -58.707  11.206 0.1000000015
11593  40.169  -59.376  10.809 0.1000000015
13603  39.781  -57.786  11.842 0.1000000015
13613  39.650  -57.698  10.550 0.1000000015
14666  42.143  -56.065  12.586 0.1000000015
14667  41.275  -56.196  12.775 0.1000000015
15798  42.941  -55.289  13.298 0.1000000015
15819  41.936  -56.046  13.053 0.1000000015
15797  43.698  -55.049  13.162 0.1000000015
15817  43.751  -55.405  12.881 0.1000000015
8547  38.495  -63.075  18.175 0.1000000015
8567  38.874  -62.964  16.511 0.1000000015
9487  38.721  -61.998  16.649 0.1000000015
10465  41.244  -61.134  14.722 0.1000000015
10474  41.372  -60.921  14.249 0.1000000015
10487  40.845  -60.710  13.423 0.1000000015
10498  41.188  -60.712  12.482 0.1000000015
11558  40.542  -60.412  12.379 0.1000000015
11575  40.081  -59.603  11.481 0.1000000015
14669  39.847  -57.134  12.451 0.1000000015
15818  42.807  -55.801  12.907 0.1000000015
16866  44.463  -54.360  12.660 0.1000000015
17900  46.045  -53.499  12.332 0.1000000015
8555  38.579  -63.015  17.178 0.1000000015
10457  38.968  -60.651  16.332 0.1000000015
9486  39.415  -61.655  15.955 0.1000000015
10456  39.775  -60.986  15.694 0.1000000015
10475  40.238  -60.451  14.196 0.1000000015
10466  40.564  -60.754  15.087 0.1000000015
10499  40.462  -60.472  12.822 0.1000000015
10488  39.959  -60.240  13.341 0.1000000015
11559  39.980  -59.995  12.439 0.1000000015
12579  39.581  -58.824  12.335 0.1000000015
14668  40.320  -56.558  12.603 0.1000000015
15799  41.915  -55.580  13.384 0.1000000015
17901  44.995  -53.511  12.433 0.1000000015
18950  45.489  -52.438  12.311 0.1000000015
11506  39.495  -60.130  15.626 0.1000000015
11516  39.583  -59.776  14.880 0.1000000015
11528  39.508  -59.584  13.969 0.1000000015
11542  39.568  -59.428  13.137 0.1000000015
13597  39.443  -57.746  12.785 0.1000000015
17903  42.999  -53.853  12.808 0.1000000015
16850  43.036  -54.612  13.259 0.1000000015
14649  40.531  -56.228  13.253 0.1000000015
17902  43.995  -53.559  12.515 0.1000000015
11517  39.083  -59.407  15.415 0.1000000015
12536  38.649  -58.521  15.351 0.1000000015
12535  39.052  -59.182  15.056 0.1000000015
13565  38.529  -57.276  14.352 0.1000000015
12546  38.678  -58.039  14.338 0.1000000015
12545  39.055  -58.936  14.535 0.1000000015
14651  38.709  -56.693  14.008 0.1000000015
12560  39.147  -58.415  13.563 0.1000000015
17885  42.811  -54.277  13.112 0.1000000015
16851  42.185  -54.829  13.483 0.1000000015
14648  41.334  -55.978  13.227 0.1000000015
18952  43.373  -52.593  12.442 0.1000000015
12561  38.796  -58.012  13.864 0.1000000015
15802  39.088  -56.119  13.856 0.1000000015
13579  39.128  -57.615  13.294 0.1000000015
15800  40.802  -55.587  13.489 0.1000000015
15801  39.793  -55.796  13.718 0.1000000015
14650  39.458  -56.792  13.256 0.1000000015
10651  35.248  -60.322  2.905 0.1000000015
12759  36.212  -59.558  2.326 0.1000000015
13734  35.773  -58.291  2.935 0.1000000015
13744  35.058  -58.618  2.101 0.1000000015
19150  36.361  -52.516  2.630 0.1000000015
14796  35.057  -57.060  3.185 0.1000000015
19130  37.808  -52.075  3.420 0.1000000015
16985  34.359  -54.794  3.912 0.1000000015
18066  33.465  -54.061  3.005 0.1000000015
12761  34.634  -59.264  1.803 0.1000000015
11721  35.092  -59.948  2.465 0.1000000015
15936  34.649  -56.349  3.244 0.1000000015
11529  36.237  -60.200  14.383 0.1000000015
10535  36.853  -60.498  10.294 0.1000000015
9652  37.113  -61.055  4.968 0.1000000015
10635  36.477  -60.757  4.310 0.1000000015
20194  36.913  -51.938  4.785 0.1000000015
18047  35.251  -53.666  4.886 0.1000000015
11543  37.196  -60.410  12.620 0.1000000015
11620  36.645  -59.761  8.338 0.1000000015
10534  37.386  -61.120  10.045 0.1000000015
10593  38.112  -60.905  7.345 0.1000000015
12743  37.187  -59.614  3.287 0.1000000015
15908  35.556  -55.144  4.769 0.1000000015
19076  37.101  -52.732  5.690 0.1000000015
10571  38.513  -61.535  8.861 0.1000000015
9621  38.128  -61.349  5.715 0.1000000015
9510  37.030  -62.586  14.268 0.1000000015
14783  36.540  -57.050  4.526 0.1000000015
13706  37.114  -57.497  4.818 0.1000000015
8652  37.959  -63.037  11.885 0.1000000015
7645  35.501  -63.640  17.769 0.1000000015
8610  37.536  -63.126  13.386 0.1000000015
9610  38.982  -61.489  7.037 0.1000000015
10603  39.614  -61.047  5.649 0.1000000015
13705  37.846  -57.828  4.973 0.1000000015
18004  37.324  -53.856  6.257 0.1000000015
6790  36.614  -64.755  15.292 0.1000000015
8658  38.636  -62.721  10.296 0.1000000015
7723  38.990  -63.483  10.849 0.1000000015
9609  39.955  -61.605  7.286 0.1000000015
9608  40.933  -61.409  7.491 0.1000000015
10602  40.317  -60.583  6.035 0.1000000015
11653  41.015  -60.128  6.374 0.1000000015
12707  39.616  -58.776  5.902 0.1000000015
20136  40.553  -52.006  7.316 0.1000000015
20148  41.752  -52.023  6.568 0.1000000015
20166  41.477  -51.866  5.912 0.1000000015
6836  39.117  -64.429  12.578 0.1000000015
7718  38.876  -64.012  11.522 0.1000000015
6027  37.023  -65.483  14.814 0.1000000015
6039  37.221  -65.171  14.316 0.1000000015
8671  40.707  -62.234  8.819 0.1000000015
9596  41.988  -61.208  8.849 0.1000000015
9607  41.563  -61.086  8.124 0.1000000015
12690  39.863  -58.220  6.308 0.1000000015
15894  38.390  -55.905  6.662 0.1000000015
19015  39.662  -52.732  8.562 0.1000000015
19052  41.561  -52.172  7.218 0.1000000015
5381  37.103  -66.059  15.419 0.1000000015
7716  40.193  -63.479  12.051 0.1000000015
10570  41.947  -60.500  8.430 0.1000000015
14729  39.039  -56.267  7.333 0.1000000015
17969  39.051  -53.388  8.743 0.1000000015
6036  39.097  -65.189  15.078 0.1000000015
6019  38.933  -65.486  16.507 0.1000000015
8629  42.482  -61.722  12.288 0.1000000015
13652  40.064  -57.695  7.882 0.1000000015
12653  39.789  -57.710  8.627 0.1000000015
19012  42.645  -53.024  8.252 0.1000000015
19033  43.183  -52.865  7.729 0.1000000015
17986  43.911  -53.106  8.116 0.1000000015
19010  45.153  -52.956  8.067 0.1000000015
17945  41.100  -53.648  9.546 0.1000000015
17963  45.718  -53.299  8.418 0.1000000015
17965  43.292  -53.399  8.536 0.1000000015
17942  43.918  -54.062  9.429 0.1000000015
17940  46.461  -53.632  9.521 0.1000000015
7663  40.632  -63.269  14.398 0.1000000015
12617  40.171  -58.986  10.149 0.1000000015
15849  41.599  -55.364  11.317 0.1000000015
16898  42.707  -54.902  10.948 0.1000000015
16918  40.549  -54.114  9.896 0.1000000015
16901  40.168  -54.581  10.162 0.1000000015
16916  42.333  -54.256  10.246 0.1000000015
15816  44.510  -55.044  12.839 0.1000000015
17943  42.882  -53.824  9.518 0.1000000015
16914  44.288  -54.782  10.262 0.1000000015
16865  45.333  -54.520  12.459 0.1000000015
17926  45.473  -54.648  10.565 0.1000000015
17923  47.988  -53.184  9.727 0.1000000015
14680  41.639  -56.041  12.210 0.1000000015
14681  40.787  -56.122  12.123 0.1000000015
15836  40.505  -55.807  11.444 0.1000000015
11574  40.662  -60.327  11.761 0.1000000015
16849  43.672  -54.742  13.095 0.1000000015
23608  45.232  -48.683  5.384 0.4000000060
23627  48.100  -48.102  4.560 0.3000000119
23628  47.284  -47.967  4.744 0.3000000119
24693  46.012  -47.861  4.765 0.3000000119
24694  45.403  -47.998  4.896 0.4000000060
24716  46.605  -47.484  4.521 0.3000000119
22545  44.318  -49.055  -1.126 0.1000000015
24798  44.820  -47.783  -1.030 0.1000000015
25840  46.047  -46.296  -0.560 0.2000000030
26986  48.151  -45.462  -0.479 0.3000000119
22473  48.146  -49.185  5.561 0.3000000119
29510  48.916  -43.682  0.453 0.4000000060
29470  47.573  -43.429  1.703 0.4000000060
25838  47.537  -45.770  -0.351 0.2000000030
27004  48.996  -44.936  -0.582 0.3000000119
29489  48.161  -43.535  1.185 0.4000000060
28219  45.574  -43.681  2.334 0.4000000060
21399  43.302  -50.818  -0.889 0.1000000015
25839  46.815  -46.051  -0.329 0.3000000119
30759  47.609  -42.677  1.340 0.4000000060
29471  46.996  -43.211  2.197 0.4000000060
29472  46.213  -42.932  2.298 0.4000000060
22564  43.950  -50.375  -1.329 0.1000000015
29454  43.678  -43.039  2.692 0.5000000000
27027  46.310  -45.810  -1.144 0.2000000030
27006  47.569  -45.275  -1.108 0.3000000119
29533  48.959  -43.499  -0.281 0.3000000119
30739  47.267  -42.632  1.883 0.4000000060
29455  42.809  -43.132  3.180 0.4000000060
28206  41.383  -43.914  3.526 0.4000000060
30813  48.321  -43.129  -0.059 0.4000000060
30789  48.008  -42.940  0.611 0.4000000060
30740  46.704  -42.300  2.110 0.4000000060
30741  45.933  -41.858  2.175 0.4000000060
29473  45.430  -42.755  2.414 0.5000000000
22563  44.716  -49.647  -1.856 0.2000000030
23701  44.818  -48.573  -1.422 0.2000000030
24797  45.504  -47.804  -1.802 0.2000000030
27026  46.672  -45.500  -1.773 0.2000000030
24781  45.408  -47.119  -0.845 0.2000000030
28279  48.703  -44.266  -1.331 0.3000000119
29534  48.264  -43.270  -0.629 0.3000000119
21413  44.265  -50.866  -1.920 0.1000000015
32075  46.750  -41.739  1.333 0.4000000060
27005  48.475  -45.007  -1.146 0.3000000119
30814  47.772  -42.697  -0.064 0.4000000060
32049  46.496  -41.505  1.603 0.4000000060
30743  44.304  -41.985  2.731 0.5000000000
30728  43.462  -42.121  3.117 0.5000000000
29456  41.984  -43.130  3.524 0.4000000060
30790  47.108  -42.212  0.809 0.4000000060
32050  45.891  -40.946  1.805 0.4000000060
32037  44.845  -41.054  2.548 0.5000000000
32038  43.960  -41.179  2.729 0.5000000000
30729  42.622  -42.189  3.487 0.4000000060
23700  45.333  -48.771  -2.042 0.2000000030
25858  45.980  -46.503  -1.808 0.2000000030
27025  47.596  -44.880  -1.965 0.4000000060
28280  48.077  -44.258  -1.965 0.3000000119
27041  47.190  -44.752  -2.389 0.4000000060
29555  48.109  -43.604  -1.525 0.3000000119
33383  45.232  -40.514  2.290 0.5000000000
32028  43.144  -41.225  3.217 0.5000000000
32029  42.442  -41.246  3.772 0.4000000060
30730  41.755  -42.217  3.816 0.4000000060
29572  47.364  -44.049  -2.317 0.4000000060
30815  47.041  -42.546  -0.042 0.4000000060
32076  46.320  -41.527  1.233 0.4000000060
33384  44.522  -40.483  2.356 0.5000000000
24813  46.231  -47.506  -2.674 0.2000000030
22595  45.549  -49.820  -2.607 0.2000000030
25880  46.313  -46.711  -2.598 0.2000000030
30721  41.304  -41.807  4.080 0.4000000060
25857  46.340  -46.124  -2.516 0.2000000030
29535  47.472  -43.157  -0.770 0.3000000119
30791  46.180  -42.204  0.572 0.4000000060
32051  45.543  -40.405  1.539 0.4000000060
21437  45.248  -50.600  -2.657 0.2000000030
24812  46.460  -47.764  -3.332 0.2000000030
27042  46.594  -45.440  -2.734 0.3000000119
28296  46.134  -44.846  -2.820 0.4000000060
30731  40.874  -42.423  3.880 0.4000000060
29556  47.066  -43.642  -1.826 0.3000000119
33399  45.243  -40.176  1.852 0.5000000000
33385  43.439  -40.416  2.708 0.5000000000
30717  39.107  -41.709  5.157 0.4000000060
21457  45.952  -50.132  -3.173 0.2000000030
23719  45.860  -48.534  -2.579 0.2000000030
29513  45.312  -42.875  0.338 0.4000000060
32077  45.447  -40.991  1.263 0.4000000060
33375  42.987  -40.326  3.651 0.5000000000
32020  42.119  -40.891  4.169 0.4000000060
20301  44.968  -51.509  -3.182 0.2000000030
23737  46.428  -48.383  -3.650 0.2000000030
25879  46.466  -46.758  -3.131 0.2000000030
27061  46.360  -46.182  -3.247 0.2000000030
29557  45.940  -43.816  -1.384 0.4000000060
33400  43.986  -40.092  1.987 0.5000000000
34658  43.222  -39.854  2.673 0.5000000000
19233  43.956  -52.625  -3.380 0.2000000030
28281  46.352  -44.228  -2.197 0.4000000060
29536  46.429  -43.154  -0.456 0.3000000119
33420  44.824  -40.236  1.311 0.5000000000
19250  44.452  -51.861  -4.108 0.2000000030
31977  39.667  -41.290  7.253 0.2000000030
32023  39.689  -41.076  5.093 0.4000000060
32022  40.476  -41.054  4.639 0.4000000060
22594  46.095  -49.386  -2.936 0.2000000030
28310  45.837  -45.307  -3.167 0.4000000060
33363  42.928  -39.982  4.294 0.4000000060
33365  41.260  -40.262  4.847 0.4000000060
21458  45.474  -50.740  -3.533 0.2000000030
24825  46.334  -47.637  -3.827 0.2000000030
25900  46.101  -46.741  -3.522 0.2000000030
22624  46.098  -49.440  -3.521 0.2000000030
33367  39.773  -40.453  5.566 0.4000000060
34596  41.183  -39.234  5.337 0.4000000060
30792  45.089  -42.262  0.689 0.3000000119
34659  43.077  -39.901  2.407 0.5000000000
34643  43.056  -39.703  3.358 0.5000000000
33364  42.193  -40.224  4.513 0.4000000060
28282  45.520  -44.428  -2.156 0.4000000060
29537  45.271  -43.306  -0.241 0.4000000060
30817  44.659  -42.943  0.343 0.3000000119
32078  44.445  -41.078  0.916 0.4000000060
33401  43.053  -40.254  1.664 0.5000000000
23754  46.217  -48.516  -4.141 0.2000000030
33350  40.262  -39.782  5.753 0.4000000060
34629  42.876  -39.107  3.884 0.5000000000
35813  42.028  -38.893  3.760 0.5000000000
30793  43.957  -42.267  0.495 0.4000000060
33421  43.957  -40.400  1.256 0.5000000000
34644  42.662  -39.251  3.043 0.5000000000
32052  42.465  -40.826  1.259 0.5000000000
32079  43.272  -41.086  0.826 0.5000000000
24717  45.606  -47.441  4.452 0.4000000060
33366  40.419  -40.339  5.196 0.4000000060
33386  42.381  -39.770  2.398 0.5000000000
24726  49.529  -47.362  3.220 0.3000000119
24727  48.821  -47.162  3.652 0.3000000119
25780  48.007  -46.477  3.526 0.2000000030
25769  47.127  -46.778  3.989 0.2000000030
22511  49.610  -48.927  3.011 0.2000000030
25789  49.366  -46.495  2.533 0.3000000119
26956  49.496  -45.847  1.930 0.3000000119
25790  48.702  -45.995  2.872 0.3000000119
24745  49.282  -47.252  1.552 0.2000000030
25815  49.393  -46.181  1.024 0.2000000030
26969  49.303  -45.363  1.245 0.2000000030
25819  46.612  -46.623  0.104 0.2000000030
18198  43.419  -53.191  -4.685 0.1000000015
17114  42.446  -54.230  -5.126 0.1000000015
22597  42.652  -49.111  -2.353 0.1000000015
23605  48.568  -48.764  4.942 0.2000000030
24714  48.526  -47.603  4.115 0.2000000030
23625  49.510  -48.473  3.915 0.2000000030
24713  49.164  -47.761  3.871 0.2000000030
20185  49.448  -50.923  4.903 0.1000000015
22503  49.484  -49.507  3.391 0.1000000015
22502  49.734  -49.235  3.776 0.2000000030
21344  49.300  -50.675  4.378 0.1000000015
21358  48.975  -50.319  3.551 0.1000000015
18174  43.542  -53.177  -3.899 0.1000000015
22625  44.645  -49.024  -4.009 0.1000000015
23738  44.735  -48.196  -3.874 0.1000000015
24814  44.399  -47.408  -3.264 0.1000000015
24815  43.777  -47.207  -2.724 0.1000000015
22650  43.977  -49.597  -4.704 0.1000000015
23721  44.160  -48.232  -3.130 0.1000000015
23722  43.109  -47.971  -2.326 0.1000000015
25883  42.869  -46.043  -2.158 0.1000000015
22596  43.435  -48.860  -2.883 0.1000000015
24799  42.322  -47.173  -1.690 0.1000000015
27030  40.979  -45.593  -1.299 0.1000000015
25861  40.792  -46.452  -1.130 0.1000000015
27009  40.231  -45.623  -0.701 0.1000000015
22487  49.638  -49.384  4.664 0.2000000030
21343  49.896  -50.208  4.536 0.1000000015
28297  45.226  -45.077  -2.975 0.1000000015
29538  44.141  -43.456  -0.255 0.3000000119
21472  45.185  -50.373  -4.373 0.1000000015
23755  45.674  -48.552  -4.360 0.1000000015
24826  45.790  -47.373  -3.950 0.1000000015
27044  44.636  -45.694  -3.171 0.1000000015
28284  43.600  -44.644  -1.986 0.2000000030
29539  43.107  -43.727  -0.526 0.3000000119
30795  41.919  -42.421  0.588 0.3000000119
32081  41.518  -41.762  0.873 0.3000000119
19270  43.445  -52.631  -5.444 0.1000000015
21487  44.491  -50.745  -5.054 0.1000000015
25881  44.337  -46.537  -3.104 0.1000000015
27046  43.102  -45.527  -2.361 0.1000000015
29560  42.948  -44.301  -1.332 0.2000000030
29516  41.467  -43.216  0.112 0.3000000119
21473  44.540  -50.083  -4.928 0.1000000015
27028  42.475  -45.471  -1.867 0.1000000015
28266  41.347  -44.405  -1.051 0.2000000030
29517  40.476  -43.258  0.408 0.3000000119
28267  40.597  -44.664  -0.870 0.1000000015
29542  40.151  -43.908  -0.257 0.2000000030
29490  39.906  -43.197  1.064 0.4000000060
25841  40.117  -46.585  -0.656 0.1000000015
28268  39.567  -44.650  -0.272 0.1000000015
28249  38.901  -44.310  0.343 0.3000000119
18969  47.087  -52.205  11.633 0.1000000015
20101  47.585  -51.794  10.278 0.1000000015
35828  42.046  -38.901  3.223 0.4000000060
33387  41.444  -39.808  2.391 0.4000000060
32080  42.271  -41.539  0.860 0.3000000119
32053  41.690  -41.087  1.287 0.4000000060
33403  41.127  -40.625  1.831 0.4000000060
32054  40.808  -41.534  1.289 0.4000000060
33404  40.306  -40.807  1.733 0.4000000060
30762  40.324  -42.557  1.247 0.4000000060
32056  39.045  -42.045  1.792 0.5000000000
29518  39.481  -43.620  0.580 0.3000000119
30798  39.035  -43.212  1.113 0.5000000000
25842  39.597  -46.903  -0.337 0.2000000030
27010  39.230  -45.874  -0.116 0.1000000015
29519  38.557  -43.706  0.995 0.4000000060
23686  40.009  -48.576  -0.572 0.1000000015
24785  39.468  -47.671  -0.176 0.1000000015
26988  38.253  -45.818  0.433 0.2000000030
28269  38.774  -44.905  -0.092 0.2000000030
22567  40.231  -49.608  -1.320 0.1000000015
22547  39.447  -49.313  -0.690 0.1000000015
25821  38.416  -46.758  0.400 0.2000000030
22568  39.173  -49.803  -1.468 0.1000000015
22548  38.593  -49.385  -0.675 0.1000000015
35794  42.230  -39.090  4.315 0.3000000119
35814  41.147  -38.597  3.907 0.4000000060
33388  40.496  -40.097  2.387 0.4000000060
34645  41.829  -39.110  2.831 0.4000000060
34646  40.718  -39.022  3.006 0.4000000060
32055  39.799  -41.660  1.688 0.4000000060
32040  38.462  -41.805  2.376 0.4000000060
33390  38.817  -40.900  2.651 0.4000000060
30765  37.651  -42.878  1.764 0.4000000060
28250  38.121  -44.665  0.563 0.3000000119
29520  37.839  -43.921  1.172 0.4000000060
29492  37.918  -43.318  1.383 0.4000000060
23672  36.624  -48.166  0.163 0.2000000030
23671  37.505  -48.176  0.273 0.2000000030
26989  37.111  -45.297  1.137 0.2000000030
22549  37.650  -49.357  -0.767 0.1000000015
23688  38.037  -48.833  -0.081 0.2000000030
21509  38.071  -50.470  -6.413 0.1000000015
35796  40.470  -38.475  4.670 0.4000000060
35795  41.394  -38.820  4.637 0.4000000060
35815  40.316  -38.621  3.746 0.4000000060
34632  38.821  -39.327  3.624 0.4000000060
35817  38.915  -38.884  3.934 0.4000000060
33377  38.419  -40.366  3.252 0.4000000060
32041  37.466  -41.692  2.835 0.4000000060
33391  38.151  -41.111  2.949 0.4000000060
29475  36.485  -42.976  1.901 0.4000000060
30745  37.030  -42.677  2.393 0.4000000060
26972  36.442  -44.834  1.127 0.3000000119
28231  36.661  -44.362  1.260 0.3000000119
29493  37.134  -43.507  1.616 0.4000000060
23690  36.175  -48.586  -0.517 0.2000000030
24786  35.910  -48.051  -0.125 0.2000000030
25823  36.437  -46.460  0.808 0.2000000030
25822  37.540  -46.539  0.667 0.2000000030
22570  37.212  -49.768  -1.538 0.2000000030
21525  37.739  -50.535  -6.959 0.1000000015
21494  37.487  -50.394  -5.628 0.1000000015
34597  40.656  -39.124  5.952 0.3000000119
35779  40.479  -38.719  5.613 0.4000000060
35797  39.545  -38.479  4.569 0.4000000060
35782  37.893  -38.371  5.301 0.4000000060
35798  38.589  -38.746  4.382 0.4000000060
34615  38.006  -39.371  4.290 0.4000000060
34614  38.488  -39.118  4.093 0.4000000060
33378  37.547  -40.719  3.521 0.4000000060
33368  37.376  -40.082  4.234 0.4000000060
32042  36.449  -41.773  2.793 0.4000000060
32031  36.785  -41.160  3.316 0.3000000119
29496  34.721  -43.146  0.668 0.3000000119
29495  35.186  -43.439  0.941 0.3000000119
30767  35.339  -42.573  1.581 0.3000000119
30747  35.448  -42.045  2.029 0.3000000119
32043  35.519  -41.416  2.483 0.3000000119
25863  34.871  -46.323  -1.286 0.2000000030
25843  35.131  -46.831  -0.571 0.2000000030
26992  34.600  -44.852  0.118 0.3000000119
28253  35.018  -44.365  0.557 0.2000000030
29494  36.058  -43.386  1.543 0.3000000119
24787  35.534  -47.790  -0.534 0.2000000030
26991  35.147  -45.225  0.450 0.2000000030
23706  35.802  -48.804  -1.236 0.2000000030
34583  40.372  -39.074  6.982 0.3000000119
35764  40.124  -38.699  6.857 0.4000000060
36973  37.656  -37.694  6.712 0.3000000119
36972  38.813  -38.155  6.719 0.4000000060
36991  37.240  -37.890  5.912 0.4000000060
35781  38.795  -38.387  5.275 0.4000000060
36992  36.217  -37.540  5.382 0.4000000060
35799  37.528  -38.824  4.888 0.4000000060
35801  35.900  -38.587  4.397 0.3000000119
34617  36.351  -39.206  4.504 0.4000000060
34616  37.026  -39.521  4.753 0.4000000060
33422  34.810  -40.559  0.363 0.3000000119
33405  34.939  -40.756  1.591 0.2000000030
34660  35.233  -39.589  1.959 0.2000000030
34649  35.460  -39.451  2.946 0.2000000030
33380  35.758  -40.279  3.313 0.3000000119
34635  35.915  -39.465  3.897 0.3000000119
30799  34.414  -42.846  0.321 0.3000000119
32058  34.598  -42.006  1.290 0.3000000119
32057  35.020  -41.721  1.793 0.2000000030
32033  35.627  -40.802  2.950 0.2000000030
27048  34.800  -45.800  -1.921 0.2000000030
28288  34.338  -44.666  -1.198 0.3000000119
28270  34.374  -44.395  -0.437 0.3000000119
28254  34.526  -44.199  0.125 0.3000000119
34569  39.891  -39.671  7.561 0.3000000119
33332  39.678  -39.942  6.908 0.3000000119
33331  40.130  -39.490  6.478 0.3000000119
38249  35.764  -37.028  5.168 0.3000000119
38319  35.552  -37.019  2.039 0.2000000030
38296  35.613  -36.628  2.832 0.2000000030
38275  35.589  -36.626  3.824 0.2000000030
38259  35.676  -36.777  4.707 0.2000000030
37060  35.769  -37.912  0.849 0.2000000030
37050  35.525  -37.807  1.745 0.2000000030
37034  35.386  -37.624  2.652 0.2000000030
37019  35.401  -37.362  3.458 0.2000000030
33318  39.657  -40.386  7.404 0.2000000030
21440  38.857  -50.237  -2.952 0.1000000015
22569  38.200  -49.767  -1.515 0.1000000015
29573  34.296  -44.079  -1.942 0.3000000119
24802  35.445  -48.174  -1.354 0.2000000030
25770  46.075  -46.855  3.859 0.3000000119
26948  47.563  -45.780  3.082 0.3000000119
25791  48.208  -45.893  3.054 0.3000000119
20091  46.774  -51.545  11.047 0.1000000015
22472  49.161  -49.339  5.483 0.2000000030
24715  47.692  -47.277  4.198 0.2000000030
27063  45.342  -45.761  -3.463 0.1000000015
29558  44.858  -43.914  -1.290 0.3000000119
34558  39.844  -40.006  7.899 0.3000000119
25901  45.561  -46.539  -3.649 0.1000000015
34613  41.727  -39.408  4.859 0.3000000119
28283  44.535  -44.567  -2.066 0.3000000119
29514  43.313  -43.092  0.249 0.2000000030
29559  43.843  -44.087  -1.288 0.2000000030
24840  45.474  -47.890  -4.352 0.1000000015
23642  49.840  -48.287  3.058 0.2000000030
25779  49.086  -46.700  3.162 0.3000000119
24735  49.637  -47.370  2.368 0.1000000015
25802  49.446  -46.418  1.783 0.2000000030
23604  49.240  -48.872  4.665 0.2000000030
22649  45.022  -49.358  -4.354 0.1000000015
24827  44.995  -47.299  -3.825 0.1000000015
27045  43.898  -45.696  -2.659 0.1000000015
24816  42.960  -46.811  -2.232 0.1000000015
25859  42.361  -46.227  -1.764 0.1000000015
28287  41.281  -44.963  -1.354 0.1000000015
28298  44.216  -45.118  -2.578 0.2000000030
29515  42.443  -43.259  0.209 0.3000000119
28285  42.788  -44.829  -1.947 0.2000000030
29540  42.059  -43.998  -0.760 0.3000000119
30796  41.048  -42.417  0.675 0.4000000060
29541  40.946  -43.762  -0.577 0.3000000119
35830  40.939  -38.637  3.461 0.4000000060
34648  39.056  -40.126  2.884 0.4000000060
23670  38.264  -48.140  0.212 0.2000000030
24766  37.933  -47.448  0.445 0.2000000030
34647  39.763  -39.666  2.921 0.4000000060
24768  35.930  -47.546  0.342 0.2000000030
28232  35.766  -44.311  0.953 0.3000000119
26990  35.936  -45.338  0.821 0.2000000030
25824  35.326  -46.322  0.287 0.2000000030
35780  39.572  -38.421  5.593 0.4000000060
35765  39.728  -38.471  6.392 0.4000000060
36989  38.860  -38.331  5.905 0.4000000060
32082  34.363  -42.108  0.498 0.3000000119
27031  34.560  -45.524  -1.247 0.2000000030
27012  34.487  -45.186  -0.510 0.2000000030
36971  39.489  -38.273  7.191 0.4000000060
37004  36.006  -38.102  4.830 0.4000000060
35818  35.443  -38.392  3.481 0.2000000030
35851  35.568  -38.768  0.356 0.2000000030
34668  35.244  -39.688  0.864 0.2000000030
35843  35.403  -38.713  1.354 0.2000000030
33392  35.381  -40.386  2.562 0.2000000030
36951  38.996  -37.628  7.925 0.3000000119
34568  40.232  -39.239  7.537 0.2000000030
35748  40.239  -38.795  7.905 0.2000000030
24746  49.179  -47.740  1.305 0.1000000015
23665  48.489  -47.721  0.905 0.1000000015
24761  48.068  -47.158  0.640 0.1000000015
22459  49.328  -49.872  6.262 0.1000000015
25816  49.028  -46.138  0.543 0.1000000015
24762  47.069  -47.341  0.612 0.1000000015
25817  48.292  -46.174  0.270 0.1000000015
31957  40.227  -41.112  7.840 0.1000000015
33301  41.548  -40.609  8.373 0.1000000015
33302  40.695  -40.442  8.227 0.1000000015
34557  40.399  -39.597  8.091 0.1000000015
34556  41.379  -39.522  8.614 0.1000000015
35733  40.894  -38.716  8.704 0.1000000015
36950  39.698  -38.222  7.949 0.1000000015
36929  40.143  -37.933  8.925 0.1000000015
38186  40.734  -36.879  9.426 0.2000000030
36952  38.029  -37.391  7.600 0.2000000030
38206  39.992  -36.721  8.893 0.2000000030
36930  39.602  -37.430  8.477 0.2000000030
38207  39.355  -36.602  8.371 0.2000000030
39324  40.698  -35.772  8.901 0.2000000030
39325  39.873  -35.908  8.537 0.2000000030
38226  38.540  -36.507  8.044 0.2000000030
36953  37.357  -36.998  7.163 0.2000000030
36974  36.812  -36.984  6.377 0.2000000030
36975  36.316  -36.828  5.804 0.2000000030
39385  36.111  -35.679  4.680 0.1000000015
39305  41.417  -36.139  9.365 0.2000000030
38227  37.699  -36.377  7.601 0.2000000030
38228  37.195  -36.266  6.945 0.2000000030
39358  36.706  -35.577  6.163 0.1000000015
40467  36.741  -34.936  5.822 0.1000000015
39370  36.420  -35.604  5.504 0.1000000015
33303  39.949  -40.493  7.975 0.1000000015
31956  40.898  -41.286  7.865 0.1000000015
34537  41.638  -39.042  9.011 0.1000000015
39345  39.202  -35.523  8.057 0.2000000030
32121  34.348  -42.247  -2.473 0.2000000030
32097  34.043  -42.375  -0.524 0.2000000030
32108  33.968  -42.547  -1.517 0.2000000030
30848  34.783  -43.061  -3.122 0.2000000030
33461  34.531  -41.364  -2.863 0.2000000030
33438  34.702  -40.628  -0.618 0.2000000030
33460  34.764  -40.462  -2.370 0.2000000030
33450  34.262  -41.332  -1.497 0.2000000030
33472  34.844  -41.523  -3.486 0.2000000030
33439  34.464  -41.391  -0.145 0.2000000030
34694  35.341  -39.700  -1.731 0.1000000015
34708  35.437  -39.788  -2.841 0.2000000030
33449  34.823  -40.320  -1.344 0.2000000030
34680  35.277  -39.663  -0.469 0.2000000030
34707  36.171  -39.205  -3.098 0.1000000015
34693  35.982  -39.095  -2.148 0.1000000015
35934  37.005  -38.779  -4.262 0.1000000015
34733  37.266  -39.049  -5.107 0.1000000015
38185  41.702  -36.929  9.714 0.1000000015
35859  35.803  -38.703  -0.430 0.1000000015
35872  37.356  -38.189  -1.803 0.1000000015
35874  35.850  -38.950  -1.201 0.1000000015
35915  36.871  -38.694  -3.323 0.1000000015
35895  36.772  -38.707  -2.406 0.1000000015
35933  37.859  -38.462  -4.451 0.1000000015
35914  37.664  -38.351  -3.536 0.1000000015
35931  39.853  -37.967  -4.695 0.1000000015
39323  41.796  -35.415  8.840 0.1000000015
39303  43.220  -36.153  9.222 0.1000000015
39304  42.293  -36.087  9.347 0.1000000015
37049  35.933  -37.050  1.263 0.1000000015
35850  36.105  -38.021  0.011 0.1000000015
35873  36.560  -38.505  -1.576 0.1000000015
35858  36.327  -38.192  -0.801 0.1000000015
35893  38.335  -38.077  -2.843 0.1000000015
35912  39.518  -38.111  -3.776 0.1000000015
35913  38.567  -38.242  -3.680 0.1000000015
39322  42.869  -35.425  8.696 0.1000000015
39344  40.211  -35.139  8.155 0.1000000015
38337  37.479  -36.176  -0.323 0.1000000015
38328  36.675  -36.243  0.754 0.1000000015
38335  38.888  -35.813  -0.966 0.1000000015
38350  37.613  -36.724  -1.008 0.1000000015
37068  36.787  -37.316  -0.364 0.1000000015
38338  36.847  -36.753  0.136 0.1000000015
38348  39.143  -36.101  -1.299 0.1000000015
37078  37.702  -37.293  -1.433 0.1000000015
37076  39.508  -37.033  -1.898 0.1000000015
37077  38.584  -37.095  -1.695 0.1000000015
35871  38.085  -37.810  -2.092 0.1000000015
37094  40.644  -37.368  -2.516 0.1000000015
37095  39.786  -37.596  -2.423 0.1000000015
37096  38.947  -37.714  -2.242 0.1000000015
35891  40.137  -37.917  -3.059 0.1000000015
39342  42.296  -34.892  7.947 0.1000000015
39343  41.227  -34.987  8.105 0.1000000015
39433  36.692  -35.347  1.550 0.1000000015
38346  41.344  -35.999  -1.675 0.1000000015
38347  40.342  -36.344  -1.742 0.1000000015
38364  41.119  -36.653  -2.159 0.1000000015
38318  36.050  -36.251  1.918 0.1000000015
34721  35.697  -39.777  -3.891 0.1000000015
35892  39.231  -38.079  -2.942 0.1000000015
38327  37.231  -35.790  0.428 0.1000000015
24862  33.453  -47.724  -7.005 0.1000000015
25946  33.629  -46.768  -7.012 0.1000000015
24871  33.390  -47.549  -7.870 0.1000000015
22701  33.933  -49.271  -7.548 0.1000000015
21540  34.104  -50.513  -8.384 0.1000000015
20360  34.312  -51.333  -8.130 0.1000000015
20341  33.247  -51.768  -7.064 0.1000000015
24854  33.506  -47.816  -6.126 0.1000000015
25929  33.577  -47.297  -6.483 0.1000000015
23794  33.422  -48.473  -7.821 0.1000000015
22709  34.332  -49.900  -8.016 0.1000000015
25961  35.254  -45.853  -6.894 0.1000000015
25944  35.280  -45.941  -6.173 0.1000000015
25916  34.085  -47.269  -5.221 0.1000000015
24844  33.635  -48.116  -5.486 0.1000000015
23784  33.644  -48.523  -6.861 0.1000000015
25963  33.828  -46.811  -8.081 0.1000000015
25915  34.694  -46.768  -4.810 0.1000000015
25962  34.599  -46.133  -7.603 0.1000000015
27112  36.122  -45.422  -6.475 0.1000000015
27111  37.349  -45.153  -6.402 0.1000000015
27125  37.012  -45.282  -7.475 0.1000000015
27124  38.098  -45.177  -7.284 0.1000000015
25928  33.950  -46.920  -5.870 0.1000000015
20362  32.716  -51.422  -7.779 0.1000000015
5348  38.382  -66.157  18.503 0.1000000015
5369  38.314  -66.097  17.082 0.1000000015
6013  36.398  -65.664  16.995 0.1000000015
6024  39.239  -65.211  15.786 0.1000000015
6055  37.746  -65.215  13.678 0.1000000015
6771  36.165  -64.938  16.966 0.1000000015
6772  35.876  -64.533  17.459 0.1000000015
6782  39.310  -64.824  16.523 0.1000000015
6804  38.999  -64.883  13.916 0.1000000015
6805  37.315  -64.883  13.987 0.1000000015
6806  36.985  -64.742  14.497 0.1000000015
6821  38.576  -64.817  13.430 0.1000000015
6846  38.792  -64.298  12.133 0.1000000015
7622  34.932  -63.973  19.217 0.1000000015
7664  40.115  -63.643  15.097 0.1000000015
7665  36.171  -63.781  15.755 0.1000000015
7679  40.111  -63.949  14.134 0.1000000015
7692  40.360  -63.530  13.033 0.1000000015
7707  40.103  -63.660  12.433 0.1000000015
7709  38.531  -64.091  12.104 0.1000000015
7710  38.122  -63.846  12.441 0.1000000015
8556  35.360  -62.766  17.242 0.1000000015
8568  35.527  -62.427  16.358 0.1000000015
8577  40.934  -62.518  14.828 0.1000000015
8607  42.392  -61.620  12.959 0.1000000015
8631  40.583  -63.186  12.450 0.1000000015
8647  42.512  -61.616  11.568 0.1000000015
8650  39.802  -63.489  11.211 0.1000000015
8651  38.458  -63.300  11.215 0.1000000015
8663  41.209  -62.146  9.313 0.1000000015
8670  41.087  -62.150  8.850 0.1000000015
9496  41.599  -61.828  14.588 0.1000000015
9500  35.655  -61.673  15.620 0.1000000015
9508  41.837  -61.537  14.248 0.1000000015
9509  41.509  -61.283  14.573 0.1000000015
9520  42.227  -61.355  13.328 0.1000000015
9522  37.089  -61.542  14.025 0.1000000015
9533  43.113  -61.126  12.248 0.1000000015
9551  42.949  -61.266  11.461 0.1000000015
9552  42.519  -61.530  11.222 0.1000000015
9568  42.978  -61.047  11.038 0.1000000015
9582  42.041  -61.375  9.622 0.1000000015
9583  41.684  -61.685  9.144 0.1000000015
9585  38.176  -61.888  9.685 0.1000000015
9620  38.790  -61.486  5.919 0.1000000015
9635  37.594  -61.191  5.290 0.1000000015
9636  37.225  -61.043  5.273 0.1000000015
9650  37.916  -60.910  4.512 0.1000000015
10496  42.950  -60.707  12.143 0.1000000015
10497  42.258  -60.726  12.291 0.1000000015
10501  37.047  -60.378  11.918 0.1000000015
10531  43.112  -60.945  11.245 0.1000000015
10533  42.125  -60.365  10.666 0.1000000015
10551  37.950  -61.365  9.451 0.1000000015
10590  41.416  -60.537  7.445 0.1000000015
10591  40.940  -60.883  6.766 0.1000000015
10604  37.580  -60.920  6.138 0.1000000015
10615  38.709  -60.924  4.800 0.1000000015
10617  36.914  -60.641  5.444 0.1000000015
10633  38.378  -60.687  4.537 0.1000000015
10662  36.708  -60.272  2.704 0.1000000015
10663  36.416  -60.383  2.615 0.1000000015
10665  35.471  -60.333  2.791 0.1000000015
11518  35.103  -60.025  15.477 0.1000000015
11604  42.035  -60.081  8.762 0.1000000015
11639  41.331  -59.903  6.913 0.1000000015
11666  38.684  -59.528  4.789 0.1000000015
11682  38.911  -60.299  4.884 0.1000000015
11683  38.540  -59.970  4.543 0.1000000015
11704  37.365  -60.065  3.295 0.1000000015
11705  37.010  -59.813  2.905 0.1000000015
11718  36.939  -60.153  2.823 0.1000000015
11720  35.977  -60.117  2.034 0.1000000015
13580  38.808  -57.547  13.756 0.1000000015
13653  39.550  -56.972  8.311 0.1000000015
13672  39.738  -57.199  7.457 0.1000000015
14679  42.185  -55.951  12.180 0.1000000015
14764  38.672  -56.875  6.250 0.1000000015
15796  44.015  -54.964  13.075 0.1000000015
15815  45.033  -54.990  12.652 0.1000000015
15830  45.158  -55.132  12.504 0.1000000015
15848  43.138  -55.289  11.450 0.1000000015
16848  44.086  -54.766  12.940 0.1000000015
16867  43.751  -54.343  12.831 0.1000000015
16868  43.370  -54.429  13.050 0.1000000015
16883  42.124  -55.229  11.280 0.1000000015
16920  39.027  -54.391  9.247 0.1000000015
17886  42.417  -54.261  13.140 0.1000000015
17925  46.119  -54.302  10.554 0.1000000015
17944  41.932  -53.690  9.607 0.1000000015
17946  40.370  -53.426  9.340 0.1000000015
17947  39.634  -53.392  9.163 0.1000000015
17970  38.603  -53.584  8.311 0.1000000015
17985  44.256  -53.056  8.132 0.1000000015
17987  38.392  -53.377  7.806 0.1000000015
18022  37.378  -53.266  6.091 0.1000000015
18199  42.918  -53.521  -5.370 0.1000000015
18993  40.392  -53.089  9.085 0.1000000015
19011  43.028  -53.161  8.129 0.1000000015
19053  40.901  -52.157  7.405 0.1000000015
19054  38.998  -51.974  6.813 0.1000000015
19078  35.715  -53.183  5.130 0.1000000015
19107  40.422  -52.159  4.007 0.1000000015
19108  39.904  -52.091  4.050 0.1000000015
19232  44.485  -52.002  -3.660 0.2000000030
19288  43.440  -52.031  -5.868 0.2000000030
20134  49.331  -51.625  7.842 0.1000000015
20137  40.126  -51.842  7.238 0.1000000015
20170  37.453  -51.947  5.590 0.1000000015
20188  42.172  -51.971  5.488 0.1000000015
20211  39.220  -51.728  3.967 0.1000000015
20321  44.648  -51.177  -4.673 0.2000000030
21257  46.954  -51.323  10.136 0.2000000030
21357  49.680  -49.823  3.808 0.1000000015
21436  45.826  -50.033  -2.814 0.2000000030
21441  38.383  -50.331  -2.990 0.1000000015
21462  38.120  -50.426  -3.795 0.2000000030
21464  36.388  -50.379  -3.966 0.1000000015
21471  45.718  -49.977  -3.699 0.2000000030
21474  42.443  -49.995  -4.896 0.1000000015
21522  39.699  -50.746  -7.177 0.1000000015
22326  39.021  -48.984  17.924 0.1000000015
22363  36.936  -49.221  15.367 0.1000000015
22417  45.202  -50.468  9.270 0.2000000030
22421  42.004  -49.179  9.581 0.5000000000
22447  45.092  -50.032  6.718 0.2000000030
22451  42.320  -49.499  8.518 0.4000000060
22475  46.629  -49.012  5.461 0.4000000060
22477  44.221  -49.213  5.714 0.4000000060
22546  43.592  -49.570  -0.507 0.1000000015
22550  36.767  -49.244  -0.847 0.2000000030
22551  36.347  -49.064  -0.953 0.2000000030
22562  45.540  -49.252  -2.466 0.2000000030
22572  35.766  -49.153  -1.690 0.2000000030
22593  46.319  -48.928  -3.427 0.2000000030
22601  38.765  -50.082  -2.374 0.1000000015
22623  46.248  -48.901  -3.844 0.2000000030
22634  35.218  -49.623  -4.189 0.1000000015
22647  46.171  -48.887  -4.074 0.2000000030
22648  45.864  -49.254  -4.092 0.2000000030
22651  42.778  -49.684  -4.491 0.1000000015
22652  41.735  -49.832  -4.046 0.1000000015
22667  43.178  -49.841  -5.161 0.1000000015
22710  33.775  -49.528  -8.490 0.1000000015
23392  35.647  -48.884  22.552 0.1000000015
23411  36.395  -49.177  21.326 0.1000000015
23490  36.996  -48.987  14.698 0.1000000015
23496  42.549  -48.252  13.009 0.1000000015
23508  42.689  -48.143  12.554 0.2000000030
23518  43.718  -49.263  11.383 0.1000000015
23520  42.716  -48.246  11.679 0.3000000119
23533  41.967  -48.329  10.721 0.4000000060
23563  41.529  -49.047  9.240 0.5000000000
23566  39.107  -48.378  8.587 0.5000000000
23591  46.397  -48.967  5.498 0.4000000060
23593  43.959  -49.179  5.819 0.4000000060
23606  47.599  -48.654  5.032 0.3000000119
23611  42.378  -48.437  5.940 0.5000000000
23626  48.926  -48.258  4.363 0.2000000030
23673  36.151  -48.108  -0.002 0.2000000030
23683  44.231  -48.458  -0.611 0.1000000015
23687  38.981  -48.548  -0.141 0.2000000030
23689  37.115  -48.786  -0.228 0.2000000030
23691  35.689  -48.368  -0.879 0.2000000030
23705  36.130  -48.974  -1.034 0.2000000030
23718  46.365  -48.448  -3.122 0.2000000030
23720  44.583  -47.779  -3.556 0.1000000015
23739  44.420  -48.712  -3.635 0.1000000015
23756  45.116  -48.468  -4.332 0.1000000015
23771  33.675  -48.719  -5.987 0.1000000015
24476  34.934  -47.760  22.587 0.1000000015
24578  37.910  -46.978  14.487 0.1000000015
24616  42.834  -48.132  12.025 0.2000000030
24617  42.579  -47.634  11.988 0.3000000119
24656  38.472  -47.964  8.490 0.5000000000
24668  40.196  -48.140  6.976 0.5000000000
24682  40.352  -47.699  6.407 0.5000000000
24683  39.262  -47.350  6.680 0.5000000000
24728  48.265  -47.133  3.880 0.2000000030
24747  46.450  -47.878  0.926 0.1000000015
24759  49.173  -46.692  1.024 0.1000000015
24760  48.867  -47.178  0.938 0.1000000015
24765  38.726  -47.579  0.207 0.1000000015
24767  36.996  -47.422  0.548 0.2000000030
24769  35.377  -47.181  -0.039 0.2000000030
24839  46.036  -47.948  -4.398 0.2000000030
24841  45.043  -47.920  -4.267 0.1000000015
24843  34.022  -47.871  -4.812 0.1000000015
24853  33.782  -47.577  -5.474 0.1000000015
25530  34.925  -46.092  22.512 0.1000000015
25565  36.386  -46.662  18.778 0.1000000015
25578  35.965  -46.160  18.468 0.1000000015
25629  40.803  -45.432  13.789 0.2000000030
25669  40.903  -45.803  12.350 0.3000000119
25712  37.448  -46.899  7.978 0.5000000000
25725  37.768  -46.796  7.294 0.5000000000
25726  37.038  -46.432  7.469 0.5000000000
25755  38.536  -46.220  5.787 0.5000000000
25768  47.610  -46.826  3.944 0.2000000030
25778  49.437  -46.867  2.965 0.3000000119
25785  42.357  -45.949  3.695 0.5000000000
25793  45.741  -45.526  2.732 0.5000000000
25818  47.422  -46.495  0.187 0.2000000030
25820  39.079  -46.848  0.100 0.2000000030
25825  34.745  -45.561  0.043 0.3000000119
25844  34.760  -45.998  -0.510 0.2000000030
25860  41.613  -46.389  -1.423 0.1000000015
25862  35.223  -47.213  -1.495 0.2000000030
25882  43.489  -46.282  -2.540 0.1000000015
25902  44.954  -46.314  -3.578 0.1000000015
25927  34.813  -46.330  -5.721 0.1000000015
25945  34.539  -46.273  -6.521 0.1000000015
26713  35.677  -45.358  17.342 0.2000000030
26769  40.522  -44.981  13.708 0.2000000030
26793  41.061  -45.229  13.293 0.2000000030
26816  38.237  -44.974  12.254 0.3000000119
26834  40.677  -45.805  12.186 0.3000000119
26852  36.295  -45.690  10.422 0.4000000060
26889  36.624  -45.958  7.676 0.5000000000
26903  37.341  -45.742  6.224 0.5000000000
26922  40.156  -45.928  4.993 0.5000000000
26940  38.399  -44.983  4.843 0.5000000000
26947  47.976  -45.845  3.110 0.3000000119
26970  49.025  -44.957  1.411 0.4000000060
26971  36.734  -44.832  1.217 0.3000000119
26985  48.686  -45.392  -0.133 0.3000000119
26987  38.771  -46.319  0.240 0.2000000030
27007  46.852  -45.560  -0.868 0.3000000119
27008  46.469  -45.856  -0.702 0.3000000119
27011  38.570  -45.298  0.152 0.2000000030
27024  48.245  -44.592  -1.655 0.3000000119
27029  41.770  -45.556  -1.539 0.1000000015
27043  46.156  -45.343  -3.092 0.4000000060
27047  35.229  -45.896  -2.440 0.3000000119
27062  46.003  -45.810  -3.391 0.2000000030
27094  36.728  -45.261  -5.554 0.2000000030
27110  38.271  -45.080  -6.370 0.1000000015
28036  40.250  -44.677  12.833 0.2000000030
28064  40.141  -44.877  12.534 0.3000000119
28153  36.898  -44.439  6.997 0.5000000000
28179  38.082  -44.887  4.938 0.5000000000
28187  41.586  -44.600  3.672 0.5000000000
28191  37.849  -44.060  4.897 0.5000000000
28201  45.647  -44.490  2.426 0.5000000000
28215  48.789  -44.652  1.463 0.4000000060
28220  44.972  -43.537  2.578 0.4000000060
28228  49.148  -44.688  0.539 0.4000000060
28233  35.256  -43.982  0.760 0.3000000119
28248  49.217  -44.170  0.400 0.4000000060
28251  37.371  -44.351  1.151 0.4000000060
28252  35.483  -44.807  0.653 0.2000000030
28264  49.222  -44.390  -0.638 0.3000000119
28265  48.958  -44.672  -1.011 0.3000000119
28278  49.174  -44.007  -1.085 0.3000000119
28286  41.974  -44.767  -1.495 0.1000000015
28294  47.533  -44.366  -2.311 0.4000000060
28295  46.948  -44.456  -2.451 0.4000000060
28299  43.457  -45.100  -2.423 0.2000000030
28300  34.951  -45.429  -2.319 0.3000000119
28301  34.582  -45.029  -2.037 0.2000000030
28311  45.609  -45.465  -3.303 0.1000000015
28314  34.674  -44.532  -2.425 0.4000000060
28325  36.637  -44.734  -4.538 0.2000000030
28335  39.069  -44.292  -6.061 0.2000000030
28336  38.642  -44.504  -5.916 0.2000000030
29458  40.305  -43.123  3.735 0.5000000000
29474  44.616  -42.861  2.566 0.5000000000
29476  36.144  -42.875  1.807 0.3000000119
29488  48.607  -43.927  0.952 0.4000000060
29491  39.545  -43.242  1.062 0.4000000060
29509  49.362  -43.830  0.079 0.3000000119
29511  48.459  -43.436  0.731 0.4000000060
29512  45.691  -42.794  0.226 0.4000000060
29521  35.016  -43.848  0.675 0.3000000119
29522  34.637  -43.598  0.397 0.3000000119
29532  49.397  -43.934  -0.341 0.3000000119
29543  34.301  -43.734  -0.260 0.3000000119
29544  34.125  -43.358  -0.576 0.3000000119
29553  49.244  -43.843  -0.726 0.3000000119
29554  48.812  -43.687  -0.992 0.3000000119
29561  42.415  -44.456  -1.412 0.2000000030
29562  34.116  -43.730  -0.981 0.3000000119
29563  34.004  -43.262  -0.807 0.3000000119
29571  47.698  -43.910  -2.141 0.3000000119
29597  37.217  -44.118  -4.957 0.2000000030
29598  36.564  -43.780  -4.589 0.3000000119
29611  39.418  -43.688  -6.500 0.1000000015
29613  37.723  -43.061  -5.851 0.1000000015
29627  39.702  -43.309  -6.914 0.1000000015
30718  38.712  -42.092  5.647 0.4000000060
30742  45.096  -41.853  2.357 0.5000000000
30744  37.825  -42.381  2.200 0.4000000060
30746  36.024  -42.410  2.125 0.3000000119
30760  46.941  -42.035  1.603 0.4000000060
30761  46.464  -41.631  1.923 0.4000000060
30763  39.425  -42.749  1.364 0.5000000000
30764  38.445  -42.683  1.505 0.5000000000
30766  35.907  -42.792  1.742 0.3000000119
30768  34.699  -42.702  0.936 0.3000000119
30788  48.475  -43.283  0.363 0.4000000060
30794  42.857  -42.275  0.595 0.3000000119
30797  39.307  -43.252  1.075 0.4000000060
30812  48.700  -43.338  0.125 0.4000000060
30816  45.078  -42.953  0.405 0.4000000060
30818  34.232  -43.141  -0.198 0.3000000119
30819  33.991  -42.973  -0.640 0.2000000030
30827  34.091  -43.304  -1.562 0.3000000119
30828  33.868  -43.028  -1.047 0.2000000030
30839  34.337  -43.192  -2.260 0.2000000030
30857  35.869  -42.702  -4.609 0.3000000119
30883  39.576  -42.646  -7.224 0.1000000015
30884  38.826  -42.161  -7.130 0.1000000015
31799  34.696  -41.751  16.395 0.1000000015
31997  38.895  -41.346  6.149 0.5000000000
32015  38.803  -41.584  5.951 0.5000000000
32021  41.399  -41.038  4.308 0.4000000060
32030  41.830  -41.464  4.082 0.4000000060
32032  36.014  -41.078  3.301 0.4000000060
32036  45.492  -40.984  2.287 0.5000000000
32039  39.132  -41.385  2.123 0.4000000060
32098  33.910  -42.737  -0.790 0.2000000030
32109  33.840  -42.627  -0.996 0.2000000030
32133  34.821  -42.144  -3.301 0.2000000030
32144  35.611  -41.584  -4.619 0.3000000119
32152  37.351  -42.151  -5.989 0.1000000015
32153  36.867  -41.668  -5.736 0.2000000030
32154  36.185  -41.576  -5.181 0.2000000030
32187  40.743  -41.684  -8.194 0.1000000015
33137  35.541  -41.056  17.545 0.1000000015
33160  36.297  -39.758  16.363 0.1000000015
33240  38.144  -39.681  11.317 0.1000000015
33349  40.974  -39.611  5.313 0.3000000119
33351  39.608  -40.206  6.163 0.3000000119
33369  36.861  -39.990  4.388 0.4000000060
33376  42.581  -40.506  4.093 0.4000000060
33379  36.564  -40.373  3.876 0.3000000119
33389  39.588  -40.606  2.260 0.4000000060
33398  45.536  -40.516  2.118 0.4000000060
33402  42.049  -40.410  1.845 0.5000000000
33406  34.715  -41.451  1.425 0.3000000119
33419  45.346  -40.276  1.445 0.4000000060
33423  34.490  -41.350  0.887 0.3000000119
33493  36.840  -40.439  -5.711 0.1000000015
33501  37.169  -40.950  -6.263 0.2000000030
33519  40.286  -40.886  -8.283 0.1000000015
34401  38.353  -40.052  16.961 0.1000000015
34411  39.209  -40.078  16.460 0.1000000015
34415  36.300  -39.635  15.877 0.1000000015
34438  40.107  -39.824  15.360 0.1000000015
34443  35.814  -39.947  14.723 0.1000000015
34517  39.254  -39.710  11.140 0.1000000015
34584  40.071  -39.387  7.102 0.3000000119
34611  42.976  -39.657  4.281 0.4000000060
34612  42.691  -39.511  4.394 0.3000000119
34628  43.095  -39.638  4.042 0.5000000000
34630  40.317  -38.809  3.358 0.4000000060
34631  39.890  -38.968  3.400 0.4000000060
34633  38.096  -40.040  3.884 0.4000000060
34634  36.522  -39.739  4.329 0.4000000060
34720  36.360  -39.277  -4.003 0.1000000015
34734  36.518  -39.622  -4.945 0.2000000030
34745  37.508  -39.618  -5.907 0.1000000015
34746  36.974  -39.634  -5.462 0.2000000030
34752  38.027  -39.754  -6.411 0.1000000015
35778  41.212  -38.963  5.328 0.3000000119
35783  37.033  -38.320  5.392 0.4000000060
35800  36.538  -38.618  4.952 0.4000000060
35816  39.355  -38.778  3.915 0.4000000060
35829  41.484  -38.769  3.337 0.4000000060
35831  35.379  -38.592  2.361 0.2000000030
35894  37.506  -38.281  -2.655 0.1000000015
35981  40.437  -39.670  -8.380 0.1000000015
36990  38.186  -38.217  6.004 0.4000000060
36993  35.740  -37.252  4.950 0.3000000119
37005  35.625  -37.593  4.421 0.2000000030
37059  36.381  -37.233  0.458 0.1000000015
37067  37.317  -37.055  -0.863 0.1000000015
37075  40.179  -37.093  -2.116 0.1000000015
37079  36.978  -37.739  -1.170 0.1000000015
37093  41.664  -37.270  -2.562 0.1000000015
37134  40.601  -37.923  -6.326 0.1000000015
37142  40.557  -38.073  -6.632 0.1000000015
38237  36.805  -36.129  6.469 0.1000000015
38238  36.485  -36.265  5.960 0.2000000030
38248  35.989  -36.481  5.315 0.3000000119
38258  35.845  -36.273  4.772 0.1000000015
38295  35.894  -36.081  2.557 0.2000000030
38336  38.440  -35.849  -0.891 0.1000000015
38349  38.090  -36.460  -1.244 0.1000000015
38365  40.571  -36.888  -2.137 0.1000000015
39347  37.565  -35.514  7.189 0.2000000030
39357  37.097  -35.566  6.672 0.2000000030
39449  37.607  -35.185  0.427 0.1000000015
40451  36.986  -35.071  6.351 0.1000000015
40466  37.179  -34.566  6.137 0.1000000015
40485  37.026  -34.368  5.544 0.1000000015
