#!ascii label  , from subject 3815 vox2ras=TkReg
1993
44340  -34.456  -51.365  74.603 0.0000000000
77033  -55.641  -24.087  59.932 0.0000000000
59690  -44.346  -37.584  66.141 0.0000000000
41032  -5.646  -56.562  61.438 0.0000000000
37057  -21.973  -57.347  67.281 0.0000000000
48158  -7.532  -49.053  64.284 0.0000000000
40865  -4.695  -53.823  70.700 0.0000000000
67217  -50.152  -31.729  61.883 0.0000000000
58536  -6.243  -42.046  60.034 0.0000000000
30503  -2.729  -63.036  66.206 0.0000000000
49238  -37.248  -48.594  70.107 0.0000000000
42063  -32.261  -53.577  70.659 0.0000000000
39584  -28.387  -55.662  72.665 0.0000000000
80754  -58.196  -21.656  58.511 0.0000000000
64706  -46.562  -34.728  63.379 0.0000000000
40951  -17.135  -53.711  65.094 0.0000000000
57296  -4.766  -42.044  65.724 0.0000000000
43354  -10.239  -53.358  63.087 0.0000000000
48201  -9.389  -49.739  59.167 0.0000000000
42296  -6.173  -54.333  58.043 0.0000000000
30415  -8.516  -61.331  70.433 0.0000000000
30410  -6.133  -61.499  70.256 0.0000000000
59608  -40.643  -39.198  70.312 0.0000000000
35585  -25.694  -59.310  72.453 0.0000000000
40913  -24.932  -54.492  67.407 0.0000000000
43308  -5.656  -52.154  67.022 0.0000000000
40907  -7.994  -56.074  66.260 0.0000000000
73427  -52.844  -27.429  62.187 0.0000000000
32971  -10.858  -59.491  69.358 0.0000000000
38368  -13.690  -56.705  67.721 0.0000000000
52623  -8.054  -45.006  62.121 0.0000000000
50531  -4.883  -47.052  57.181 0.0000000000
38302  -4.408  -57.222  73.761 0.0000000000
35633  -6.174  -59.452  69.261 0.0000000000
37081  -4.545  -59.092  64.032 0.0000000000
45556  -36.516  -50.761  76.145 0.0000000000
42048  -36.223  -53.558  72.672 0.0000000000
45601  -38.159  -51.071  73.355 0.0000000000
40856  -34.542  -54.569  73.162 0.0000000000
42081  -34.808  -53.779  70.016 0.0000000000
40823  -31.873  -54.105  75.086 0.0000000000
78237  -56.507  -22.900  59.238 0.0000000000
77058  -52.951  -24.874  57.895 0.0000000000
77077  -54.233  -23.317  57.423 0.0000000000
79488  -55.464  -21.655  57.215 0.0000000000
59768  -45.299  -37.107  64.141 0.0000000000
59710  -40.716  -39.072  65.788 0.0000000000
59790  -43.070  -38.891  62.751 0.0000000000
61146  -43.550  -36.887  62.039 0.0000000000
43351  -7.416  -54.116  61.939 0.0000000000
42264  -8.446  -54.349  59.855 0.0000000000
42236  -6.778  -55.854  59.788 0.0000000000
41101  -5.222  -56.563  56.851 0.0000000000
41080  -5.336  -57.146  59.076 0.0000000000
30490  -8.023  -61.518  68.178 0.0000000000
29113  -7.040  -62.531  68.560 0.0000000000
57210  -39.573  -40.373  72.071 0.0000000000
51407  -36.704  -46.118  73.231 0.0000000000
51437  -35.999  -46.331  70.885 0.0000000000
54695  -37.976  -43.157  71.951 0.0000000000
57240  -38.288  -40.682  70.315 0.0000000000
38274  -26.726  -56.311  76.267 0.0000000000
43234  -27.523  -52.714  70.005 0.0000000000
39618  -25.836  -54.954  69.972 0.0000000000
87234  -56.198  -18.004  57.345 0.0000000000
89783  -56.157  -15.643  57.561 0.0000000000
42090  -4.198  -53.524  68.463 0.0000000000
43267  -8.060  -53.692  67.496 0.0000000000
40892  -6.642  -55.363  69.091 0.0000000000
70854  -51.732  -29.553  61.966 0.0000000000
67239  -46.738  -32.120  60.274 0.0000000000
68451  -48.886  -30.182  59.799 0.0000000000
72146  -49.931  -28.818  59.934 0.0000000000
32944  -11.447  -59.621  71.922 0.0000000000
34246  -12.729  -58.617  71.510 0.0000000000
50448  -6.490  -47.532  65.365 0.0000000000
52602  -6.840  -45.543  64.917 0.0000000000
50466  -8.668  -47.031  62.994 0.0000000000
45845  -6.335  -50.914  57.122 0.0000000000
49377  -6.674  -48.204  58.688 0.0000000000
145086  -6.058  -49.181  56.738 0.0000000000
35514  -6.734  -58.348  75.196 0.0000000000
30451  -3.521  -62.310  69.057 0.0000000000
32957  -5.714  -60.791  69.717 0.0000000000
34279  -4.369  -61.323  67.834 0.0000000000
37026  -5.054  -59.169  66.594 0.0000000000
34331  -3.622  -60.395  64.717 0.0000000000
49193  -36.814  -48.840  73.116 0.0000000000
39547  -28.519  -55.511  76.189 0.0000000000
39559  -29.530  -55.127  75.296 0.0000000000
40860  -30.292  -54.563  71.961 0.0000000000
84593  -58.176  -19.623  59.026 0.0000000000
83316  -55.895  -20.039  56.711 0.0000000000
67198  -49.115  -33.074  62.262 0.0000000000
65997  -45.023  -33.680  61.704 0.0000000000
40956  -21.568  -54.553  65.469 0.0000000000
39656  -20.077  -56.134  66.642 0.0000000000
56091  -5.351  -41.662  63.057 0.0000000000
46970  -9.970  -50.546  63.807 0.0000000000
49341  -10.845  -48.691  61.782 0.0000000000
45797  -10.488  -51.495  60.837 0.0000000000
44629  -7.451  -52.318  57.631 0.0000000000
43478  -5.415  -52.733  56.103 0.0000000000
31657  -9.096  -60.614  73.019 0.0000000000
32931  -7.482  -60.209  73.259 0.0000000000
30412  -7.125  -62.144  70.817 0.0000000000
29111  -5.911  -63.060  69.062 0.0000000000
59666  -42.993  -37.839  67.519 0.0000000000
59662  -39.444  -39.275  67.647 0.0000000000
35658  -23.578  -58.029  69.735 0.0000000000
36936  -26.846  -56.570  73.103 0.0000000000
38347  -25.129  -56.276  69.876 0.0000000000
38406  -23.487  -56.209  67.482 0.0000000000
49309  -3.535  -49.187  64.392 0.0000000000
46936  -3.353  -50.159  66.572 0.0000000000
45726  -6.559  -50.715  65.907 0.0000000000
44476  -8.740  -52.299  65.857 0.0000000000
42144  -9.041  -54.502  64.789 0.0000000000
40973  -6.793  -56.299  63.369 0.0000000000
75756  -54.208  -25.940  61.384 0.0000000000
75782  -51.418  -26.225  59.996 0.0000000000
31659  -10.085  -60.209  72.604 0.0000000000
31683  -9.942  -60.598  70.078 0.0000000000
32992  -9.548  -60.437  67.945 0.0000000000
38343  -17.992  -55.922  68.855 0.0000000000
36968  -15.869  -57.221  69.918 0.0000000000
35612  -13.573  -57.785  70.876 0.0000000000
35652  -11.953  -58.261  68.524 0.0000000000
34316  -10.598  -58.874  66.276 0.0000000000
54786  -5.046  -43.460  66.900 0.0000000000
56049  -6.844  -42.962  63.699 0.0000000000
54893  -6.574  -43.220  60.924 0.0000000000
51593  -9.595  -46.585  60.535 0.0000000000
52663  -7.054  -45.917  59.102 0.0000000000
145153  -5.602  -44.566  58.089 0.0000000000
39583  -5.181  -55.466  72.826 0.0000000000
34222  -7.249  -59.229  72.605 0.0000000000
35588  -6.717  -58.216  71.946 0.0000000000
38323  -6.075  -57.163  69.988 0.0000000000
38365  -7.178  -58.199  67.651 0.0000000000
39674  -5.014  -56.911  65.360 0.0000000000
39775  -5.069  -57.554  62.726 0.0000000000
30588  -2.896  -63.690  62.613 0.0000000000
33088  -3.984  -62.045  62.016 0.0000000000
37190  -5.063  -58.989  60.416 0.0000000000
45567  -35.557  -50.185  75.366 0.0000000000
46783  -34.102  -48.861  75.061 0.0000000000
43171  -35.297  -52.385  73.350 0.0000000000
43172  -36.450  -51.584  73.849 0.0000000000
43169  -34.360  -52.699  74.090 0.0000000000
42036  -35.359  -53.497  72.790 0.0000000000
44327  -32.955  -51.138  74.473 0.0000000000
41998  -33.237  -53.080  74.228 0.0000000000
77046  -56.024  -23.526  59.514 0.0000000000
77044  -54.151  -24.138  59.108 0.0000000000
77076  -53.663  -23.879  57.344 0.0000000000
77045  -55.071  -23.703  59.207 0.0000000000
78244  -55.329  -22.938  58.369 0.0000000000
59740  -44.504  -37.467  64.608 0.0000000000
61045  -45.958  -37.263  65.423 0.0000000000
59668  -45.117  -37.138  66.567 0.0000000000
59737  -42.435  -39.442  64.631 0.0000000000
59738  -43.603  -39.227  64.599 0.0000000000
59766  -43.776  -37.590  63.942 0.0000000000
42178  -6.639  -55.377  61.837 0.0000000000
43370  -7.167  -55.438  60.763 0.0000000000
42235  -6.656  -56.204  60.294 0.0000000000
42281  -5.837  -56.329  59.293 0.0000000000
41062  -5.443  -56.815  59.955 0.0000000000
31786  -8.146  -61.104  66.250 0.0000000000
30505  -7.460  -61.966  67.091 0.0000000000
53568  -37.948  -44.031  73.770 0.0000000000
53601  -37.246  -43.967  72.531 0.0000000000
54696  -38.253  -42.862  72.551 0.0000000000
55935  -38.610  -41.617  72.020 0.0000000000
87213  -56.923  -17.356  58.422 0.0000000000
88560  -56.103  -16.662  57.269 0.0000000000
89785  -56.768  -14.990  58.137 0.0000000000
40875  -4.654  -53.610  69.700 0.0000000000
42092  -5.489  -54.491  68.452 0.0000000000
40877  -5.304  -55.436  70.025 0.0000000000
68418  -50.544  -30.730  62.002 0.0000000000
69574  -52.186  -30.444  62.701 0.0000000000
67230  -48.430  -31.954  61.133 0.0000000000
68435  -47.628  -31.286  60.046 0.0000000000
68426  -49.304  -31.191  60.678 0.0000000000
69624  -49.943  -29.944  60.824 0.0000000000
34223  -12.909  -58.786  72.490 0.0000000000
34235  -13.718  -58.486  72.390 0.0000000000
35655  -22.005  -58.032  69.321 0.0000000000
37000  -20.840  -56.494  69.233 0.0000000000
58535  -5.947  -41.377  60.283 0.0000000000
49324  -6.503  -48.683  64.843 0.0000000000
51572  -7.535  -47.506  64.785 0.0000000000
49337  -8.411  -48.053  63.408 0.0000000000
44625  -5.680  -51.353  56.599 0.0000000000
45844  -5.962  -49.948  57.012 0.0000000000
45868  -5.674  -50.487  56.200 0.0000000000
36874  -7.002  -57.835  75.825 0.0000000000
35515  -7.388  -58.402  75.216 0.0000000000
30471  -2.989  -62.627  68.277 0.0000000000
31720  -3.202  -61.748  68.483 0.0000000000
33007  -3.042  -61.009  66.845 0.0000000000
34296  -4.109  -60.875  66.140 0.0000000000
33026  -3.282  -61.187  65.588 0.0000000000
48004  -37.860  -49.148  74.652 0.0000000000
46855  -37.829  -50.063  72.483 0.0000000000
49168  -36.825  -48.317  74.530 0.0000000000
50304  -37.131  -47.190  74.555 0.0000000000
40862  -32.379  -54.983  71.941 0.0000000000
40853  -31.339  -55.107  72.834 0.0000000000
40871  -31.313  -54.430  70.983 0.0000000000
42076  -29.942  -52.681  70.450 0.0000000000
83285  -58.229  -20.409  59.033 0.0000000000
80763  -56.804  -21.448  58.174 0.0000000000
80775  -55.616  -21.195  56.971 0.0000000000
82061  -56.595  -20.862  57.867 0.0000000000
84612  -56.454  -19.763  58.062 0.0000000000
65961  -47.508  -34.011  62.884 0.0000000000
65946  -49.293  -33.636  63.370 0.0000000000
64708  -48.158  -34.494  64.112 0.0000000000
63566  -45.237  -35.087  63.036 0.0000000000
63587  -44.080  -35.027  62.233 0.0000000000
64744  -45.941  -34.162  62.611 0.0000000000
67213  -47.078  -33.272  61.769 0.0000000000
57312  -4.530  -41.542  64.768 0.0000000000
56090  -4.613  -41.374  63.495 0.0000000000
56069  -4.455  -41.862  63.762 0.0000000000
44523  -10.724  -52.455  63.530 0.0000000000
45781  -11.340  -51.180  62.295 0.0000000000
44539  -10.333  -52.731  61.433 0.0000000000
43448  -7.126  -54.274  58.185 0.0000000000
44577  -8.402  -53.828  59.003 0.0000000000
43466  -6.739  -53.715  57.754 0.0000000000
44652  -6.412  -52.909  57.298 0.0000000000
43490  -6.125  -53.617  56.736 0.0000000000
42313  -4.976  -54.448  56.150 0.0000000000
30396  -8.774  -61.009  71.496 0.0000000000
30394  -7.974  -61.250  71.923 0.0000000000
30401  -8.270  -61.676  71.088 0.0000000000
29141  -6.442  -62.678  67.494 0.0000000000
29112  -6.582  -62.806  68.752 0.0000000000
29125  -5.687  -62.883  68.304 0.0000000000
29124  -4.862  -63.205  68.557 0.0000000000
59642  -42.368  -38.255  68.674 0.0000000000
58417  -39.107  -39.702  70.442 0.0000000000
58425  -38.257  -39.848  69.320 0.0000000000
59640  -40.422  -38.620  68.694 0.0000000000
59664  -40.902  -38.331  67.741 0.0000000000
34240  -24.923  -59.780  73.036 0.0000000000
35599  -23.717  -59.092  71.573 0.0000000000
35621  -24.315  -58.603  71.046 0.0000000000
38299  -29.488  -57.105  74.659 0.0000000000
36918  -28.668  -57.617  74.958 0.0000000000
38308  -28.079  -56.547  72.897 0.0000000000
39634  -25.615  -55.148  68.109 0.0000000000
39604  -25.677  -55.559  70.328 0.0000000000
39616  -24.913  -55.432  68.778 0.0000000000
38346  -24.040  -56.363  69.023 0.0000000000
39658  -24.545  -55.204  67.459 0.0000000000
39720  -23.400  -54.637  66.320 0.0000000000
43286  -4.264  -52.068  68.035 0.0000000000
44453  -4.489  -51.458  67.365 0.0000000000
44487  -5.049  -50.647  66.165 0.0000000000
44472  -6.080  -51.729  66.424 0.0000000000
44492  -7.688  -51.939  65.472 0.0000000000
45708  -7.058  -51.841  66.396 0.0000000000
40902  -8.529  -54.756  67.073 0.0000000000
42127  -8.867  -54.516  66.587 0.0000000000
40925  -8.073  -55.596  65.575 0.0000000000
42142  -7.838  -55.470  64.031 0.0000000000
40924  -7.362  -56.365  65.436 0.0000000000
74613  -53.392  -26.653  61.762 0.0000000000
74601  -54.501  -26.411  62.012 0.0000000000
73419  -54.273  -27.347  62.436 0.0000000000
73440  -51.109  -27.997  61.685 0.0000000000
74635  -50.089  -27.222  59.481 0.0000000000
74623  -51.528  -26.835  60.982 0.0000000000
75764  -52.218  -26.217  60.788 0.0000000000
32929  -11.176  -59.188  73.729 0.0000000000
32950  -11.352  -59.323  71.405 0.0000000000
32949  -10.793  -60.177  71.425 0.0000000000
32970  -10.442  -60.139  69.758 0.0000000000
31723  -9.637  -60.547  68.665 0.0000000000
32979  -10.049  -60.068  68.912 0.0000000000
39682  -18.629  -55.159  66.210 0.0000000000
38400  -19.385  -55.591  67.461 0.0000000000
40912  -17.747  -55.204  66.590 0.0000000000
39628  -14.664  -55.867  67.429 0.0000000000
38369  -15.120  -56.114  68.160 0.0000000000
38340  -14.767  -56.822  68.631 0.0000000000
36967  -14.788  -57.355  69.782 0.0000000000
36966  -13.849  -57.412  69.399 0.0000000000
35635  -12.441  -58.061  69.553 0.0000000000
37032  -13.194  -57.577  67.994 0.0000000000
35719  -11.515  -58.197  65.335 0.0000000000
53683  -5.137  -44.808  66.690 0.0000000000
52613  -7.950  -45.328  63.914 0.0000000000
53709  -7.234  -44.479  64.819 0.0000000000
53717  -6.963  -44.354  63.004 0.0000000000
54862  -6.758  -43.367  62.280 0.0000000000
53739  -7.448  -44.086  61.563 0.0000000000
49382  -10.843  -48.915  60.056 0.0000000000
50497  -10.923  -47.897  60.757 0.0000000000
50510  -9.602  -47.981  59.563 0.0000000000
50520  -5.453  -47.904  58.006 0.0000000000
51604  -7.124  -46.896  58.694 0.0000000000
51614  -5.649  -46.615  58.397 0.0000000000
52661  -6.064  -45.353  58.784 0.0000000000
51620  -5.384  -46.509  57.545 0.0000000000
52694  -5.420  -45.681  56.810 0.0000000000
38306  -5.266  -56.492  73.196 0.0000000000
31668  -6.547  -60.975  71.512 0.0000000000
32936  -7.046  -60.039  72.542 0.0000000000
31667  -6.237  -60.851  71.141 0.0000000000
35608  -6.124  -59.917  69.290 0.0000000000
34244  -6.835  -59.818  70.597 0.0000000000
35609  -6.732  -59.174  70.037 0.0000000000
36939  -7.068  -57.640  70.851 0.0000000000
35610  -6.648  -58.655  69.787 0.0000000000
38337  -7.083  -57.766  68.807 0.0000000000
36992  -6.219  -59.105  68.151 0.0000000000
37054  -4.454  -59.183  65.513 0.0000000000
38395  -5.086  -58.034  65.522 0.0000000000
38420  -4.020  -57.836  64.981 0.0000000000
39708  -4.801  -57.426  64.169 0.0000000000
38438  -4.627  -58.133  63.560 0.0000000000
30612  -3.041  -63.826  61.575 0.0000000000
31834  -3.077  -62.756  62.227 0.0000000000
47957  -37.791  -49.046  76.148 0.0000000000
43226  -36.877  -53.403  70.804 0.0000000000
44409  -37.826  -52.180  70.649 0.0000000000
43206  -37.513  -53.085  72.526 0.0000000000
45580  -37.270  -50.412  74.705 0.0000000000
40873  -33.216  -54.398  71.504 0.0000000000
42054  -34.925  -54.399  71.666 0.0000000000
42067  -35.781  -53.667  71.311 0.0000000000
40836  -33.400  -54.149  74.465 0.0000000000
80739  -57.216  -22.293  58.721 0.0000000000
77104  -52.491  -23.377  55.689 0.0000000000
78271  -53.210  -22.670  55.735 0.0000000000
79503  -53.614  -21.642  55.515 0.0000000000
79477  -54.886  -22.445  57.299 0.0000000000
79478  -55.648  -22.197  57.881 0.0000000000
62313  -45.477  -35.979  63.881 0.0000000000
63549  -47.764  -35.192  64.493 0.0000000000
62268  -46.950  -36.607  64.946 0.0000000000
62251  -48.231  -37.231  65.534 0.0000000000
59709  -39.579  -38.608  65.794 0.0000000000
59762  -40.485  -39.066  63.639 0.0000000000
59788  -40.921  -39.134  62.572 0.0000000000
59805  -42.583  -39.063  61.731 0.0000000000
61144  -42.550  -37.790  60.543 0.0000000000
59823  -43.535  -37.906  61.663 0.0000000000
61128  -44.703  -36.741  62.987 0.0000000000
43352  -8.458  -54.181  62.228 0.0000000000
43374  -9.505  -53.729  61.492 0.0000000000
43372  -7.830  -54.369  61.082 0.0000000000
43397  -7.572  -54.991  60.047 0.0000000000
42283  -6.333  -54.909  58.586 0.0000000000
42307  -5.885  -55.227  57.139 0.0000000000
42294  -5.792  -55.931  58.203 0.0000000000
41090  -5.652  -56.665  57.901 0.0000000000
30454  -8.380  -61.348  69.380 0.0000000000
29083  -7.479  -61.860  69.603 0.0000000000
30473  -7.498  -62.045  68.329 0.0000000000
58411  -40.033  -39.513  71.369 0.0000000000
50334  -36.172  -47.449  71.881 0.0000000000
50345  -36.648  -47.570  70.879 0.0000000000
51425  -36.239  -46.354  72.120 0.0000000000
53599  -36.884  -44.700  71.056 0.0000000000
54718  -37.493  -43.074  70.558 0.0000000000
55953  -38.292  -41.883  70.622 0.0000000000
57224  -39.139  -40.523  71.345 0.0000000000
35538  -27.135  -58.684  75.298 0.0000000000
39598  -27.635  -54.710  71.554 0.0000000000
38322  -26.836  -55.200  72.240 0.0000000000
40881  -26.641  -53.700  70.514 0.0000000000
42115  -26.422  -53.477  68.229 0.0000000000
88572  -55.908  -16.790  56.122 0.0000000000
89808  -55.427  -15.876  56.439 0.0000000000
91042  -55.467  -14.572  55.786 0.0000000000
92255  -56.499  -13.555  55.288 0.0000000000
43264  -5.156  -53.263  67.436 0.0000000000
43266  -7.199  -53.213  67.290 0.0000000000
42111  -6.256  -53.936  67.954 0.0000000000
42094  -7.341  -54.911  68.593 0.0000000000
39615  -8.333  -55.892  68.075 0.0000000000
72115  -51.737  -28.811  61.818 0.0000000000
70843  -52.481  -29.611  62.301 0.0000000000
68449  -47.594  -30.730  59.457 0.0000000000
68464  -48.374  -30.142  58.738 0.0000000000
72166  -48.678  -29.004  58.986 0.0000000000
70889  -49.339  -29.596  59.971 0.0000000000
72130  -50.658  -28.890  60.614 0.0000000000
32934  -11.397  -59.351  73.079 0.0000000000
34215  -12.629  -58.616  73.295 0.0000000000
32945  -12.193  -59.166  71.949 0.0000000000
34245  -11.769  -58.533  71.184 0.0000000000
39714  -14.136  -55.598  65.130 0.0000000000
37056  -12.575  -57.420  66.527 0.0000000000
51530  -5.207  -46.701  65.954 0.0000000000
52592  -6.167  -45.650  65.804 0.0000000000
51547  -6.504  -46.376  65.368 0.0000000000
51563  -8.228  -46.245  64.318 0.0000000000
51575  -8.744  -46.110  62.728 0.0000000000
47045  -7.697  -50.384  57.988 0.0000000000
49379  -7.945  -48.619  59.205 0.0000000000
47043  -7.018  -49.448  57.741 0.0000000000
45824  -6.419  -48.806  57.530 0.0000000000
145083  -5.486  -48.344  56.950 0.0000000000
39533  -6.726  -56.841  74.949 0.0000000000
38278  -6.529  -57.179  74.997 0.0000000000
36907  -5.698  -57.794  74.783 0.0000000000
30426  -4.740  -62.233  69.923 0.0000000000
31672  -5.739  -61.143  69.933 0.0000000000
31700  -4.318  -61.837  69.506 0.0000000000
34269  -4.701  -60.816  68.838 0.0000000000
35631  -5.470  -60.391  68.399 0.0000000000
36990  -5.570  -59.750  67.513 0.0000000000
35650  -4.838  -60.652  67.223 0.0000000000
35683  -4.354  -60.056  66.019 0.0000000000
34352  -3.826  -60.096  63.964 0.0000000000
48074  -36.884  -50.125  69.947 0.0000000000
45625  -37.302  -51.016  71.298 0.0000000000
46863  -36.840  -50.437  71.579 0.0000000000
48044  -36.435  -49.449  71.618 0.0000000000
50313  -36.455  -47.327  73.400 0.0000000000
52426  -38.307  -45.139  74.445 0.0000000000
38305  -29.124  -55.555  74.221 0.0000000000
39575  -30.881  -55.485  74.638 0.0000000000
39580  -29.890  -55.764  73.572 0.0000000000
39592  -29.184  -55.173  71.998 0.0000000000
42060  -29.205  -53.433  70.857 0.0000000000
82077  -54.989  -20.471  55.615 0.0000000000
85963  -56.155  -18.717  57.246 0.0000000000
85945  -57.059  -18.547  58.399 0.0000000000
67216  -49.427  -32.146  61.562 0.0000000000
67201  -50.904  -31.770  62.520 0.0000000000
65947  -50.079  -32.864  63.095 0.0000000000
62380  -43.090  -35.736  61.165 0.0000000000
67228  -46.567  -32.913  61.164 0.0000000000
67229  -47.615  -32.371  61.103 0.0000000000
38425  -22.179  -56.634  66.178 0.0000000000
38403  -21.455  -57.069  67.016 0.0000000000
39716  -20.971  -55.333  65.553 0.0000000000
40953  -19.557  -54.142  65.608 0.0000000000
58513  -5.497  -40.795  62.157 0.0000000000
58526  -5.716  -42.001  60.707 0.0000000000
46985  -8.621  -49.842  63.876 0.0000000000
48160  -9.128  -49.353  63.195 0.0000000000
48162  -10.715  -49.780  62.527 0.0000000000
47010  -11.247  -50.351  60.932 0.0000000000
47029  -9.941  -50.868  59.348 0.0000000000
44558  -9.612  -52.800  60.513 0.0000000000
45810  -9.352  -51.781  58.853 0.0000000000
47046  -8.224  -50.842  58.177 0.0000000000
45846  -6.713  -51.469  57.383 0.0000000000
32916  -7.904  -59.770  74.598 0.0000000000
31655  -8.017  -60.609  73.412 0.0000000000
30399  -7.235  -61.591  71.656 0.0000000000
30411  -6.457  -61.711  70.555 0.0000000000
29082  -7.354  -62.025  69.818 0.0000000000
29094  -6.133  -62.303  69.674 0.0000000000
29093  -5.332  -62.497  69.709 0.0000000000
29123  -4.199  -63.549  69.189 0.0000000000
30487  -3.103  -63.240  68.082 0.0000000000
29157  -2.897  -63.708  66.414 0.0000000000
59689  -43.461  -37.978  66.335 0.0000000000
59667  -44.463  -37.591  67.452 0.0000000000
59643  -43.542  -37.977  68.701 0.0000000000
50373  -36.092  -47.620  69.177 0.0000000000
59685  -39.059  -39.165  66.673 0.0000000000
59687  -41.408  -38.800  66.778 0.0000000000
35640  -22.453  -58.591  70.015 0.0000000000
37003  -23.051  -58.135  68.860 0.0000000000
38275  -27.440  -56.314  76.217 0.0000000000
35539  -27.799  -58.091  74.905 0.0000000000
36934  -25.958  -57.709  72.958 0.0000000000
38321  -26.281  -56.288  71.734 0.0000000000
38320  -25.817  -56.666  71.375 0.0000000000
36954  -24.943  -57.437  71.095 0.0000000000
36975  -24.586  -57.385  70.487 0.0000000000
37038  -23.268  -57.683  68.521 0.0000000000
38405  -23.057  -57.156  67.031 0.0000000000
39687  -22.533  -55.734  66.444 0.0000000000
92294  -57.883  -13.428  54.215 0.0000000000
92295  -58.559  -13.012  53.915 0.0000000000
92315  -59.006  -12.512  52.784 0.0000000000
50446  -4.658  -48.590  65.209 0.0000000000
48156  -5.892  -49.113  64.923 0.0000000000
48124  -3.045  -49.713  65.727 0.0000000000
45742  -5.354  -49.895  65.615 0.0000000000
46967  -7.654  -49.939  65.275 0.0000000000
45747  -8.506  -50.883  64.873 0.0000000000
45730  -9.738  -51.536  65.141 0.0000000000
44494  -10.457  -52.484  65.059 0.0000000000
44457  -8.818  -52.964  66.805 0.0000000000
43312  -10.022  -53.204  65.575 0.0000000000
43335  -9.494  -54.219  63.781 0.0000000000
42181  -8.282  -54.785  62.838 0.0000000000
42158  -7.359  -55.634  62.940 0.0000000000
42156  -6.045  -55.996  62.473 0.0000000000
75766  -54.584  -25.260  60.356 0.0000000000
73465  -48.403  -28.006  59.184 0.0000000000
74647  -49.339  -26.732  58.700 0.0000000000
77072  -50.227  -25.377  57.203 0.0000000000
75796  -51.768  -25.438  58.517 0.0000000000
75784  -53.300  -25.166  59.228 0.0000000000
31658  -9.527  -60.399  72.760 0.0000000000
30397  -9.078  -60.823  71.397 0.0000000000
32938  -10.694  -59.829  72.455 0.0000000000
31671  -10.212  -60.628  71.516 0.0000000000
30416  -8.944  -60.865  70.498 0.0000000000
31766  -8.983  -60.986  67.599 0.0000000000
37033  -20.234  -56.404  68.237 0.0000000000
38344  -18.969  -55.794  68.826 0.0000000000
36970  -18.589  -56.664  70.141 0.0000000000
39630  -16.858  -55.815  67.464 0.0000000000
38342  -17.051  -56.576  68.824 0.0000000000
36951  -17.641  -57.075  71.020 0.0000000000
36950  -16.416  -57.502  70.553 0.0000000000
35591  -15.071  -58.316  71.570 0.0000000000
35575  -14.441  -58.407  72.143 0.0000000000
34260  -13.247  -58.275  71.426 0.0000000000
34271  -12.250  -58.658  69.777 0.0000000000
34280  -11.644  -59.058  68.938 0.0000000000
35687  -11.978  -57.939  66.704 0.0000000000
35686  -11.451  -58.406  67.117 0.0000000000
32994  -10.300  -59.470  67.598 0.0000000000
33010  -10.048  -59.839  66.958 0.0000000000
56026  -5.181  -42.498  65.905 0.0000000000
53700  -6.398  -44.617  65.590 0.0000000000
54810  -6.837  -43.585  65.257 0.0000000000
56048  -6.042  -42.445  64.206 0.0000000000
56071  -6.203  -42.590  63.263 0.0000000000
56112  -5.988  -42.593  61.750 0.0000000000
56144  -6.765  -42.654  60.264 0.0000000000
49339  -9.829  -47.899  62.978 0.0000000000
51576  -9.309  -46.307  62.054 0.0000000000
52638  -9.046  -45.605  60.773 0.0000000000
50508  -7.636  -47.657  59.122 0.0000000000
52665  -8.347  -46.288  59.565 0.0000000000
53741  -8.322  -45.082  60.520 0.0000000000
53751  -7.417  -44.380  60.476 0.0000000000
53761  -6.094  -44.450  58.719 0.0000000000
145156  -5.892  -43.405  58.146 0.0000000000
53788  -5.497  -44.423  56.897 0.0000000000
32922  -7.394  -59.333  73.870 0.0000000000
35542  -6.613  -58.523  73.759 0.0000000000
35558  -6.476  -58.247  73.247 0.0000000000
32948  -6.602  -60.307  70.799 0.0000000000
34232  -7.321  -58.919  72.311 0.0000000000
36933  -5.849  -57.445  73.099 0.0000000000
38307  -5.604  -57.021  72.578 0.0000000000
39590  -5.531  -56.481  71.332 0.0000000000
40867  -5.372  -55.522  70.776 0.0000000000
39601  -6.093  -56.578  69.758 0.0000000000
39613  -7.333  -57.117  68.672 0.0000000000
39625  -7.379  -57.421  66.897 0.0000000000
37028  -6.064  -58.994  67.270 0.0000000000
39646  -5.982  -57.622  66.204 0.0000000000
39676  -6.491  -56.832  65.531 0.0000000000
39710  -5.888  -56.542  64.990 0.0000000000
40943  -5.578  -56.996  63.832 0.0000000000
41031  -5.248  -57.045  61.694 0.0000000000
30539  -2.845  -63.378  64.730 0.0000000000
29230  -2.866  -64.418  63.143 0.0000000000
31801  -3.510  -62.827  63.985 0.0000000000
33050  -3.478  -61.425  64.145 0.0000000000
33069  -3.807  -61.110  63.179 0.0000000000
34371  -4.079  -60.624  62.534 0.0000000000
34387  -4.219  -61.288  61.576 0.0000000000
37139  -4.433  -60.057  62.008 0.0000000000
37138  -4.581  -59.214  61.953 0.0000000000
38492  -5.022  -58.227  61.012 0.0000000000
39798  -5.152  -57.350  60.524 0.0000000000
38494  -5.529  -58.501  59.583 0.0000000000
37206  -5.413  -58.921  57.823 0.0000000000
44329  -34.969  -50.553  74.795 0.0000000000
45566  -34.894  -49.823  74.941 0.0000000000
46805  -34.246  -49.347  74.850 0.0000000000
43152  -34.731  -51.682  73.931 0.0000000000
44341  -35.187  -51.079  74.587 0.0000000000
43170  -34.603  -52.511  73.746 0.0000000000
44328  -34.101  -50.734  74.643 0.0000000000
44339  -33.666  -51.551  74.763 0.0000000000
45565  -33.721  -50.059  74.565 0.0000000000
77034  -56.461  -23.832  60.119 0.0000000000
75768  -55.954  -24.240  60.497 0.0000000000
77032  -54.831  -24.475  59.763 0.0000000000
59714  -44.417  -37.632  65.319 0.0000000000
59691  -45.089  -37.116  65.726 0.0000000000
59713  -43.890  -38.404  65.482 0.0000000000
59739  -43.733  -38.061  64.701 0.0000000000
42203  -6.001  -56.188  61.402 0.0000000000
42204  -6.598  -55.895  61.134 0.0000000000
42234  -6.076  -56.393  60.893 0.0000000000
42260  -6.143  -56.565  60.114 0.0000000000
41053  -5.354  -56.777  60.930 0.0000000000
30525  -7.909  -61.566  66.838 0.0000000000
53579  -38.073  -43.465  73.350 0.0000000000
40876  -4.824  -54.470  69.947 0.0000000000
68417  -50.061  -31.101  61.598 0.0000000000
68401  -51.007  -31.197  62.366 0.0000000000
67218  -50.466  -31.325  62.157 0.0000000000
68416  -49.626  -31.435  61.225 0.0000000000
67231  -49.000  -31.560  60.935 0.0000000000
68428  -50.204  -30.498  61.351 0.0000000000
35543  -15.065  -58.768  74.036 0.0000000000
34224  -13.811  -58.342  73.223 0.0000000000
35560  -14.774  -58.308  72.902 0.0000000000
37002  -22.438  -58.162  68.763 0.0000000000
37001  -21.852  -57.299  69.281 0.0000000000
37035  -21.686  -57.094  68.027 0.0000000000
59830  -6.113  -40.938  59.881 0.0000000000
49313  -7.541  -48.415  64.023 0.0000000000
48146  -7.782  -48.616  63.743 0.0000000000
35516  -8.073  -58.891  74.974 0.0000000000
31742  -2.878  -61.982  67.547 0.0000000000
31764  -2.841  -62.160  66.454 0.0000000000
31784  -2.934  -62.501  65.224 0.0000000000
49159  -37.352  -48.943  75.310 0.0000000000
47993  -37.039  -48.928  74.431 0.0000000000
49160  -36.628  -48.682  75.081 0.0000000000
50293  -37.191  -47.351  75.061 0.0000000000
40872  -32.276  -54.176  71.424 0.0000000000
40861  -31.398  -54.746  71.874 0.0000000000
42062  -31.231  -53.588  70.350 0.0000000000
82036  -58.374  -21.077  58.829 0.0000000000
80753  -57.471  -21.736  58.389 0.0000000000
82049  -57.724  -21.065  58.441 0.0000000000
82062  -57.183  -20.902  58.285 0.0000000000
64725  -46.952  -34.351  63.033 0.0000000000
65944  -47.875  -34.306  63.422 0.0000000000
63567  -45.799  -34.957  63.373 0.0000000000
64723  -45.586  -34.644  62.853 0.0000000000
64724  -46.196  -34.524  63.008 0.0000000000
65960  -46.780  -34.141  62.831 0.0000000000
56046  -3.882  -41.656  64.167 0.0000000000
56047  -4.872  -42.237  64.677 0.0000000000
44540  -10.843  -52.648  62.393 0.0000000000
43375  -10.377  -53.554  62.093 0.0000000000
43447  -6.586  -54.521  58.293 0.0000000000
42297  -6.374  -53.870  57.863 0.0000000000
43481  -6.540  -53.473  57.512 0.0000000000
42308  -6.255  -54.411  57.198 0.0000000000
42318  -5.639  -54.261  56.066 0.0000000000
41102  -5.950  -54.998  56.967 0.0000000000
30402  -8.634  -61.311  70.950 0.0000000000
30414  -8.033  -61.842  70.319 0.0000000000
29140  -5.608  -62.737  67.499 0.0000000000
59621  -41.514  -38.366  69.726 0.0000000000
59622  -42.627  -38.263  69.802 0.0000000000
59609  -41.577  -39.147  70.844 0.0000000000
48090  -36.998  -49.345  69.158 0.0000000000
59619  -39.863  -39.223  69.497 0.0000000000
59641  -41.284  -38.046  68.691 0.0000000000
34230  -25.947  -59.365  73.802 0.0000000000
34241  -25.826  -59.459  73.193 0.0000000000
35584  -24.822  -59.445  72.172 0.0000000000
35601  -25.504  -58.947  71.603 0.0000000000
38304  -29.275  -56.714  73.497 0.0000000000
40914  -25.490  -54.523  67.532 0.0000000000
39659  -25.237  -55.052  67.708 0.0000000000
39633  -24.993  -55.339  67.970 0.0000000000
39689  -23.969  -54.846  66.675 0.0000000000
40932  -24.580  -54.120  66.802 0.0000000000
43287  -4.689  -52.305  67.684 0.0000000000
44454  -4.973  -51.828  67.422 0.0000000000
44471  -5.299  -51.588  66.795 0.0000000000
44473  -6.773  -51.680  66.475 0.0000000000
43309  -6.304  -52.197  66.673 0.0000000000
40900  -8.037  -55.706  66.841 0.0000000000
40908  -8.293  -55.159  66.393 0.0000000000
74612  -52.345  -26.742  61.654 0.0000000000
74600  -53.788  -27.092  62.095 0.0000000000
73426  -51.959  -27.915  61.902 0.0000000000
73454  -50.945  -27.251  61.016 0.0000000000
73441  -51.676  -27.220  61.621 0.0000000000
75754  -52.476  -26.319  61.259 0.0000000000
32959  -11.061  -59.186  70.382 0.0000000000
32958  -10.668  -60.126  70.665 0.0000000000
40929  -17.911  -54.757  66.028 0.0000000000
38325  -14.112  -57.221  69.159 0.0000000000
38339  -13.979  -57.016  68.872 0.0000000000
36996  -13.236  -57.448  68.673 0.0000000000
52614  -8.359  -45.224  63.098 0.0000000000
53718  -7.505  -44.573  63.169 0.0000000000
53719  -8.102  -44.828  62.623 0.0000000000
53727  -7.136  -44.076  62.519 0.0000000000
53728  -7.806  -44.625  62.171 0.0000000000
49381  -9.992  -48.848  59.397 0.0000000000
49380  -8.963  -48.767  59.252 0.0000000000
145090  -5.089  -47.522  57.383 0.0000000000
51615  -5.882  -47.255  58.677 0.0000000000
50519  -5.270  -47.007  57.774 0.0000000000
51613  -5.547  -46.227  58.055 0.0000000000
51637  -4.797  -46.711  56.503 0.0000000000
50539  -4.061  -46.978  56.827 0.0000000000
38286  -5.224  -57.081  74.596 0.0000000000
38301  -4.501  -56.676  73.692 0.0000000000
31674  -6.217  -61.326  70.675 0.0000000000
35634  -6.409  -58.937  69.516 0.0000000000
36964  -6.208  -58.964  68.937 0.0000000000
36963  -6.021  -59.489  68.604 0.0000000000
37071  -4.226  -59.194  64.810 0.0000000000
38394  -4.658  -58.392  65.313 0.0000000000
38419  -4.507  -58.491  64.703 0.0000000000
38439  -4.545  -57.916  64.448 0.0000000000
37092  -4.329  -58.989  63.147 0.0000000000
27885  -2.768  -65.217  60.104 0.0000000000
29272  -2.741  -64.462  60.730 0.0000000000
46787  -36.775  -49.877  76.434 0.0000000000
43216  -37.084  -53.759  71.821 0.0000000000
43205  -36.765  -53.581  72.594 0.0000000000
44331  -36.114  -50.402  74.964 0.0000000000
44354  -36.806  -51.181  74.437 0.0000000000
45569  -36.654  -50.357  75.380 0.0000000000
46807  -37.545  -50.017  75.786 0.0000000000
40864  -34.260  -54.588  72.155 0.0000000000
40874  -33.774  -54.569  71.656 0.0000000000
42047  -35.987  -53.962  72.736 0.0000000000
42055  -35.599  -54.251  71.807 0.0000000000
42056  -36.097  -54.200  71.994 0.0000000000
42083  -36.148  -53.253  70.643 0.0000000000
42017  -33.920  -53.640  74.346 0.0000000000
42016  -33.126  -53.748  74.603 0.0000000000
40845  -33.820  -54.484  73.925 0.0000000000
40855  -33.662  -55.051  73.004 0.0000000000
79462  -56.940  -22.564  59.026 0.0000000000
79464  -58.299  -22.459  59.119 0.0000000000
79463  -57.483  -22.743  59.351 0.0000000000
75812  -51.697  -24.845  57.407 0.0000000000
75830  -51.400  -24.584  56.869 0.0000000000
77074  -52.390  -24.713  57.387 0.0000000000
77088  -52.828  -23.795  56.421 0.0000000000
77089  -53.707  -23.411  56.694 0.0000000000
78260  -53.101  -23.187  56.038 0.0000000000
78261  -53.813  -22.808  56.448 0.0000000000
79485  -53.933  -22.523  56.495 0.0000000000
78251  -54.647  -22.855  57.226 0.0000000000
78253  -55.520  -22.667  58.164 0.0000000000
79469  -56.458  -22.395  58.668 0.0000000000
61108  -45.461  -36.627  64.007 0.0000000000
62290  -46.446  -36.472  64.717 0.0000000000
61085  -46.288  -37.031  64.638 0.0000000000
61031  -46.830  -36.911  66.368 0.0000000000
61047  -47.324  -36.919  65.698 0.0000000000
61032  -47.759  -37.265  66.297 0.0000000000
59736  -41.222  -39.209  64.683 0.0000000000
59764  -42.846  -39.359  63.597 0.0000000000
59763  -41.696  -39.251  63.615 0.0000000000
59789  -42.101  -39.166  62.629 0.0000000000
59804  -41.428  -39.068  61.619 0.0000000000
59806  -43.373  -38.452  62.071 0.0000000000
59767  -44.759  -37.238  63.884 0.0000000000
59792  -44.092  -37.416  63.194 0.0000000000
61107  -45.039  -36.834  63.499 0.0000000000
62312  -44.873  -36.308  63.437 0.0000000000
43373  -8.449  -53.999  61.347 0.0000000000
43395  -6.904  -55.852  60.102 0.0000000000
43396  -7.087  -55.414  59.812 0.0000000000
43422  -6.680  -54.691  59.023 0.0000000000
42262  -6.488  -55.386  59.332 0.0000000000
42282  -6.046  -55.558  58.861 0.0000000000
41079  -5.395  -56.860  59.218 0.0000000000
41091  -5.549  -57.230  58.502 0.0000000000
39828  -5.551  -57.638  57.659 0.0000000000
39829  -5.645  -57.670  58.339 0.0000000000
30474  -8.324  -61.390  68.781 0.0000000000
30453  -7.580  -61.685  68.963 0.0000000000
57225  -39.467  -40.079  71.625 0.0000000000
51406  -36.393  -46.412  72.761 0.0000000000
52450  -36.553  -45.613  72.616 0.0000000000
53624  -37.512  -43.560  71.691 0.0000000000
53600  -37.054  -44.418  71.657 0.0000000000
53623  -37.351  -43.816  71.007 0.0000000000
54741  -37.895  -42.638  70.339 0.0000000000
54719  -38.069  -42.850  71.142 0.0000000000
57209  -39.202  -41.051  71.888 0.0000000000
55954  -38.556  -41.763  71.323 0.0000000000
35524  -26.085  -58.129  75.984 0.0000000000
35525  -26.952  -58.397  76.207 0.0000000000
42074  -27.787  -53.154  70.768 0.0000000000
40882  -27.151  -54.027  71.181 0.0000000000
42073  -27.002  -53.119  70.287 0.0000000000
85961  -55.878  -18.097  56.032 0.0000000000
87232  -56.127  -17.480  55.965 0.0000000000
87233  -56.126  -17.401  56.790 0.0000000000
88550  -56.178  -16.056  57.666 0.0000000000
89809  -55.757  -16.417  56.841 0.0000000000
89795  -55.881  -15.290  57.160 0.0000000000
89794  -55.390  -14.931  56.358 0.0000000000
91043  -55.946  -14.051  56.093 0.0000000000
89784  -56.373  -15.458  57.706 0.0000000000
42109  -4.482  -53.723  67.732 0.0000000000
42110  -5.286  -53.919  67.797 0.0000000000
42093  -6.427  -54.707  68.506 0.0000000000
42095  -7.853  -55.164  68.554 0.0000000000
40893  -7.507  -55.731  68.959 0.0000000000
72132  -51.470  -29.214  61.582 0.0000000000
70855  -52.109  -29.125  62.103 0.0000000000
67254  -46.423  -31.558  59.774 0.0000000000
68436  -48.323  -30.976  60.084 0.0000000000
69643  -48.804  -30.097  59.182 0.0000000000
69657  -48.904  -29.806  59.081 0.0000000000
69645  -49.281  -29.846  60.072 0.0000000000
69625  -50.488  -29.941  61.315 0.0000000000
70871  -50.621  -29.452  60.953 0.0000000000
72131  -51.233  -28.930  61.233 0.0000000000
34234  -12.935  -58.867  71.945 0.0000000000
32951  -12.207  -58.887  71.663 0.0000000000
39679  -13.658  -56.075  65.589 0.0000000000
38422  -13.251  -56.251  65.073 0.0000000000
50419  -5.606  -46.853  65.565 0.0000000000
51531  -5.887  -46.436  65.719 0.0000000000
50449  -6.660  -46.908  65.402 0.0000000000
50465  -8.327  -47.541  63.687 0.0000000000
51573  -8.150  -47.185  64.402 0.0000000000
51574  -8.590  -46.696  63.629 0.0000000000
51564  -8.511  -45.891  63.578 0.0000000000
45826  -6.800  -50.383  57.425 0.0000000000
47044  -7.246  -49.744  57.890 0.0000000000
45825  -6.491  -49.908  57.330 0.0000000000
145067  -6.099  -49.302  56.950 0.0000000000
145069  -6.146  -49.058  56.976 0.0000000000
145088  -5.993  -48.668  57.246 0.0000000000
145077  -5.911  -48.749  57.010 0.0000000000
145081  -6.255  -48.903  56.474 0.0000000000
36894  -6.780  -58.163  75.554 0.0000000000
38260  -6.727  -57.236  75.802 0.0000000000
36893  -6.171  -57.898  75.500 0.0000000000
36892  -6.107  -57.578  74.853 0.0000000000
36908  -5.874  -58.228  75.024 0.0000000000
30452  -3.867  -62.807  69.737 0.0000000000
32978  -3.954  -61.503  68.414 0.0000000000
32968  -4.265  -61.312  68.868 0.0000000000
34268  -4.464  -61.246  68.485 0.0000000000
35630  -5.050  -61.029  68.145 0.0000000000
35651  -5.348  -60.396  67.664 0.0000000000
34310  -4.029  -60.489  65.539 0.0000000000
35700  -3.987  -59.832  65.348 0.0000000000
48091  -36.828  -50.014  69.273 0.0000000000
46899  -36.716  -50.549  69.481 0.0000000000
44394  -38.097  -52.401  71.858 0.0000000000
45610  -38.139  -51.518  72.407 0.0000000000
48017  -37.606  -49.278  73.257 0.0000000000
48029  -36.808  -49.773  72.617 0.0000000000
49210  -36.497  -49.025  72.437 0.0000000000
49192  -36.457  -48.254  72.863 0.0000000000
49179  -36.549  -48.067  73.548 0.0000000000
51375  -37.649  -45.852  74.495 0.0000000000
42100  -34.109  -52.302  69.671 0.0000000000
40807  -29.183  -54.624  75.301 0.0000000000
39566  -29.707  -55.967  75.372 0.0000000000
41978  -30.570  -53.411  75.192 0.0000000000
40822  -31.104  -54.526  74.893 0.0000000000
40852  -30.780  -54.817  72.404 0.0000000000
39587  -30.586  -55.319  73.340 0.0000000000
39586  -30.087  -54.895  72.982 0.0000000000
39593  -29.599  -54.788  72.481 0.0000000000
40869  -29.145  -54.310  71.313 0.0000000000
40859  -29.722  -54.464  71.649 0.0000000000
43236  -29.598  -52.043  70.261 0.0000000000
85938  -58.314  -18.774  59.219 0.0000000000
79496  -54.408  -21.504  56.385 0.0000000000
80783  -53.882  -21.344  55.969 0.0000000000
80774  -55.047  -21.422  56.588 0.0000000000
82074  -55.733  -20.567  56.780 0.0000000000
82078  -55.442  -20.508  56.154 0.0000000000
83328  -55.747  -19.980  55.976 0.0000000000
84640  -55.463  -19.049  56.159 0.0000000000
84623  -55.915  -19.379  56.785 0.0000000000
84602  -57.558  -19.429  58.594 0.0000000000
84613  -56.892  -19.322  58.292 0.0000000000
85937  -57.689  -18.434  58.857 0.0000000000
67199  -49.547  -32.843  62.105 0.0000000000
65963  -49.474  -33.173  62.630 0.0000000000
65934  -49.415  -33.751  63.658 0.0000000000
63515  -47.954  -35.980  64.831 0.0000000000
63529  -48.143  -35.448  64.587 0.0000000000
61145  -43.183  -37.313  61.273 0.0000000000
62358  -42.916  -36.517  61.068 0.0000000000
62359  -43.594  -36.182  61.706 0.0000000000
64757  -44.712  -34.189  61.990 0.0000000000
67226  -44.376  -33.285  60.790 0.0000000000
65998  -45.846  -33.341  61.483 0.0000000000
65983  -48.095  -32.908  62.191 0.0000000000
67214  -47.612  -32.884  61.698 0.0000000000
67215  -48.592  -32.711  61.801 0.0000000000
39685  -21.268  -55.761  66.111 0.0000000000
39717  -21.621  -55.142  65.820 0.0000000000
40979  -20.159  -53.759  65.487 0.0000000000
58486  -4.187  -40.624  63.873 0.0000000000
57338  -5.072  -40.957  63.104 0.0000000000
57350  -5.419  -41.293  62.277 0.0000000000
57363  -5.547  -41.334  61.523 0.0000000000
57351  -5.344  -41.867  61.891 0.0000000000
46986  -9.343  -50.244  63.240 0.0000000000
46971  -10.674  -50.572  63.453 0.0000000000
45780  -11.021  -51.598  61.537 0.0000000000
46997  -11.385  -50.463  61.899 0.0000000000
47009  -10.782  -50.966  60.586 0.0000000000
47030  -10.761  -50.535  59.801 0.0000000000
47008  -10.524  -51.100  59.867 0.0000000000
43400  -9.206  -53.762  60.770 0.0000000000
44557  -9.155  -53.487  60.212 0.0000000000
44601  -7.994  -53.414  58.039 0.0000000000
44602  -8.711  -52.341  58.240 0.0000000000
45829  -8.598  -51.432  58.288 0.0000000000
45828  -7.853  -51.689  57.765 0.0000000000
45848  -7.457  -51.934  57.614 0.0000000000
44651  -6.038  -52.776  56.933 0.0000000000
44627  -6.246  -52.070  57.347 0.0000000000
42306  -5.468  -55.710  57.043 0.0000000000
41109  -5.697  -56.329  55.826 0.0000000000
31649  -8.272  -60.478  74.061 0.0000000000
31656  -8.575  -60.645  73.208 0.0000000000
30400  -7.824  -61.828  71.354 0.0000000000
29096  -7.024  -62.172  69.093 0.0000000000
29095  -6.702  -62.392  69.324 0.0000000000
29110  -5.094  -62.820  69.289 0.0000000000
29109  -4.706  -63.064  70.031 0.0000000000
29158  -3.650  -63.180  66.632 0.0000000000
29138  -3.625  -63.450  67.772 0.0000000000
29137  -2.983  -63.630  67.259 0.0000000000
50344  -35.769  -47.089  71.132 0.0000000000
50358  -35.958  -47.352  70.350 0.0000000000
59639  -39.512  -39.329  68.729 0.0000000000
59638  -38.699  -39.550  68.294 0.0000000000
59661  -38.430  -39.489  67.493 0.0000000000
59665  -41.992  -38.553  67.707 0.0000000000
59688  -42.522  -38.522  66.578 0.0000000000
35620  -23.560  -59.029  70.760 0.0000000000
35641  -23.277  -58.686  70.044 0.0000000000
35657  -23.058  -58.267  69.442 0.0000000000
36930  -27.437  -57.169  73.668 0.0000000000
36917  -27.990  -57.696  75.134 0.0000000000
35572  -27.241  -57.245  73.978 0.0000000000
35571  -26.780  -57.498  73.814 0.0000000000
36935  -26.392  -57.340  73.192 0.0000000000
39605  -26.074  -54.629  70.848 0.0000000000
39597  -26.383  -55.068  71.677 0.0000000000
38330  -25.920  -55.624  71.134 0.0000000000
38329  -25.648  -56.409  70.940 0.0000000000
36976  -25.138  -56.922  70.745 0.0000000000
36955  -25.714  -57.192  71.519 0.0000000000
37006  -24.770  -56.799  70.354 0.0000000000
38407  -23.932  -55.979  67.890 0.0000000000
38345  -23.371  -56.649  68.796 0.0000000000
38377  -23.394  -56.799  68.278 0.0000000000
38376  -23.237  -57.315  67.642 0.0000000000
38427  -23.218  -56.407  66.926 0.0000000000
38426  -22.942  -56.551  66.467 0.0000000000
39688  -23.240  -55.565  66.792 0.0000000000
40957  -23.168  -54.215  65.807 0.0000000000
39746  -22.721  -54.227  65.606 0.0000000000
92257  -57.158  -13.409  56.055 0.0000000000
92274  -57.112  -13.175  54.798 0.0000000000
92275  -57.761  -13.280  55.287 0.0000000000
92314  -58.755  -12.874  53.146 0.0000000000
92296  -59.122  -12.573  53.964 0.0000000000
49297  -3.629  -48.592  65.108 0.0000000000
49310  -4.394  -48.856  64.730 0.0000000000
48155  -5.393  -48.921  65.050 0.0000000000
48143  -5.087  -49.056  65.188 0.0000000000
46929  -2.771  -50.493  67.183 0.0000000000
45725  -5.933  -50.459  66.047 0.0000000000
45724  -5.215  -50.308  65.799 0.0000000000
45744  -6.420  -50.225  65.675 0.0000000000
46965  -6.194  -49.750  65.470 0.0000000000
45745  -7.067  -50.422  65.499 0.0000000000
45746  -7.749  -50.652  65.204 0.0000000000
44493  -8.221  -52.146  65.480 0.0000000000
45729  -8.682  -51.568  65.335 0.0000000000
45710  -9.224  -51.855  65.502 0.0000000000
45731  -10.316  -52.025  65.124 0.0000000000
45712  -9.961  -52.387  65.527 0.0000000000
44438  -8.115  -53.059  67.166 0.0000000000
44439  -8.438  -53.287  67.212 0.0000000000
42135  -9.089  -54.355  65.671 0.0000000000
43311  -9.456  -53.675  66.076 0.0000000000
43323  -9.729  -53.756  65.016 0.0000000000
42161  -8.859  -54.651  64.204 0.0000000000
43334  -8.929  -54.592  62.897 0.0000000000
42141  -7.593  -55.817  63.549 0.0000000000
42157  -6.718  -55.856  62.636 0.0000000000
75757  -55.202  -25.345  61.107 0.0000000000
75742  -54.956  -25.851  61.714 0.0000000000
61012  -45.464  -37.323  68.229 0.0000000000
72155  -48.871  -28.602  59.388 0.0000000000
72154  -48.286  -28.227  58.977 0.0000000000
72145  -49.396  -28.329  59.585 0.0000000000
75781  -50.513  -26.554  59.502 0.0000000000
75794  -50.023  -26.458  58.945 0.0000000000
75810  -49.523  -25.860  57.740 0.0000000000
75795  -50.623  -25.814  58.798 0.0000000000
75811  -50.805  -25.285  57.642 0.0000000000
75765  -53.395  -25.550  60.328 0.0000000000
31652  -9.519  -59.984  73.473 0.0000000000
31653  -9.907  -59.831  73.127 0.0000000000
31665  -9.548  -60.852  72.044 0.0000000000
32939  -11.382  -59.523  72.400 0.0000000000
32943  -10.829  -60.150  71.974 0.0000000000
31676  -10.069  -60.569  70.889 0.0000000000
31682  -9.434  -60.702  70.354 0.0000000000
31675  -9.501  -60.694  71.033 0.0000000000
30431  -9.027  -60.836  69.966 0.0000000000
31701  -9.327  -60.813  69.572 0.0000000000
31745  -9.552  -60.697  68.396 0.0000000000
31744  -9.427  -60.979  68.031 0.0000000000
33008  -8.642  -60.722  66.569 0.0000000000
33009  -9.247  -60.450  67.203 0.0000000000
38402  -20.545  -56.486  66.812 0.0000000000
38374  -20.638  -56.677  67.665 0.0000000000
38401  -19.791  -56.172  67.096 0.0000000000
38372  -18.567  -55.597  68.011 0.0000000000
36998  -18.372  -56.120  69.493 0.0000000000
39652  -16.245  -55.590  66.607 0.0000000000
38341  -15.836  -56.616  68.712 0.0000000000
38370  -16.339  -56.081  68.173 0.0000000000
38328  -16.330  -57.023  69.252 0.0000000000
36969  -17.214  -56.676  69.886 0.0000000000
36948  -14.081  -57.665  70.134 0.0000000000
36949  -15.018  -57.739  70.606 0.0000000000
35613  -14.540  -57.925  71.262 0.0000000000
35590  -13.984  -57.946  71.788 0.0000000000
35611  -12.596  -57.966  70.236 0.0000000000
34281  -12.297  -58.572  69.105 0.0000000000
37072  -12.508  -57.145  65.834 0.0000000000
35705  -12.105  -57.900  65.764 0.0000000000
35704  -11.165  -58.405  66.159 0.0000000000
34300  -10.623  -59.025  66.908 0.0000000000
34290  -11.226  -58.914  67.888 0.0000000000
34299  -10.287  -59.461  66.791 0.0000000000
56007  -5.053  -42.704  67.014 0.0000000000
56008  -5.393  -43.186  66.305 0.0000000000
53684  -6.012  -44.997  66.345 0.0000000000
54827  -7.363  -43.674  64.190 0.0000000000
56028  -6.743  -42.929  64.587 0.0000000000
56027  -5.900  -42.853  65.313 0.0000000000
54880  -6.592  -43.220  61.748 0.0000000000
56126  -6.223  -42.739  60.800 0.0000000000
54907  -6.925  -43.157  60.348 0.0000000000
48175  -10.438  -49.119  62.259 0.0000000000
48174  -9.769  -48.806  62.744 0.0000000000
49340  -10.363  -48.253  62.236 0.0000000000
50496  -10.053  -47.405  60.342 0.0000000000
50483  -9.992  -47.148  61.756 0.0000000000
51585  -9.294  -46.049  61.253 0.0000000000
52652  -9.234  -45.921  60.477 0.0000000000
49378  -7.222  -48.352  58.874 0.0000000000
51603  -6.443  -46.634  58.746 0.0000000000
51605  -7.782  -46.841  59.109 0.0000000000
52664  -7.779  -45.914  59.496 0.0000000000
52650  -8.104  -45.434  59.970 0.0000000000
53764  -7.474  -45.451  59.482 0.0000000000
53763  -7.232  -45.016  59.479 0.0000000000
53760  -5.553  -44.752  58.534 0.0000000000
145155  -6.096  -43.909  58.393 0.0000000000
53787  -5.493  -44.655  57.447 0.0000000000
39582  -4.707  -54.849  72.411 0.0000000000
32932  -7.739  -60.474  73.543 0.0000000000
32923  -7.535  -59.585  74.135 0.0000000000
34213  -7.089  -59.093  73.243 0.0000000000
35559  -6.794  -58.745  73.202 0.0000000000
32956  -5.101  -60.969  69.471 0.0000000000
32947  -5.957  -60.864  70.251 0.0000000000
34243  -6.154  -60.426  69.923 0.0000000000
35589  -7.331  -58.743  71.403 0.0000000000
35573  -6.744  -58.435  72.395 0.0000000000
36937  -6.179  -57.693  72.253 0.0000000000
38314  -6.674  -57.413  70.526 0.0000000000
38313  -6.389  -57.226  71.068 0.0000000000
38317  -5.676  -56.932  71.056 0.0000000000
39595  -5.596  -56.227  70.696 0.0000000000
39600  -5.746  -56.003  70.046 0.0000000000
38338  -7.382  -57.384  68.252 0.0000000000
38366  -7.538  -57.213  67.686 0.0000000000
37027  -5.649  -59.039  66.952 0.0000000000
39644  -4.762  -57.307  65.434 0.0000000000
38396  -5.418  -58.008  66.261 0.0000000000
39645  -5.234  -57.465  65.719 0.0000000000
39675  -5.615  -56.950  65.673 0.0000000000
39740  -4.923  -57.616  63.507 0.0000000000
40942  -5.350  -57.198  63.637 0.0000000000
39741  -5.192  -57.384  63.401 0.0000000000
40971  -5.630  -56.865  62.879 0.0000000000
29205  -2.828  -64.140  64.171 0.0000000000
29249  -2.755  -64.569  62.175 0.0000000000
30561  -2.973  -63.601  63.606 0.0000000000
31815  -3.102  -62.953  63.073 0.0000000000
33068  -3.726  -62.137  63.018 0.0000000000
33089  -3.985  -61.409  62.546 0.0000000000
34353  -3.807  -60.369  63.322 0.0000000000
34370  -4.087  -61.171  62.090 0.0000000000
35793  -4.357  -60.337  61.688 0.0000000000
35792  -4.384  -60.059  61.368 0.0000000000
37161  -4.613  -59.125  61.137 0.0000000000
38515  -5.358  -58.004  60.470 0.0000000000
39816  -5.348  -57.450  59.936 0.0000000000
45568  -35.999  -50.580  75.549 0.0000000000
46786  -35.770  -49.517  76.492 0.0000000000
45553  -35.353  -49.368  75.335 0.0000000000
46784  -34.835  -48.962  75.275 0.0000000000
43190  -35.472  -52.759  72.516 0.0000000000
43191  -36.287  -52.790  72.887 0.0000000000
43153  -35.577  -51.440  74.133 0.0000000000
44342  -35.834  -50.870  74.634 0.0000000000
42018  -34.868  -52.979  74.193 0.0000000000
42045  -35.207  -54.353  72.538 0.0000000000
42019  -34.607  -52.996  73.075 0.0000000000
42020  -34.911  -52.770  72.380 0.0000000000
43139  -32.254  -51.694  74.936 0.0000000000
41999  -34.025  -52.961  74.157 0.0000000000
45564  -32.537  -50.204  74.402 0.0000000000
78231  -56.712  -23.400  59.686 0.0000000000
78238  -57.048  -23.141  59.580 0.0000000000
75798  -53.292  -24.903  58.527 0.0000000000
77059  -53.559  -24.337  58.204 0.0000000000
77060  -54.297  -23.590  58.322 0.0000000000
78243  -54.780  -23.099  57.990 0.0000000000
77061  -55.000  -23.244  58.608 0.0000000000
78236  -55.579  -23.080  59.002 0.0000000000
59741  -45.261  -37.239  64.482 0.0000000000
61063  -45.934  -37.340  64.773 0.0000000000
59715  -45.222  -37.440  65.069 0.0000000000
61030  -45.918  -36.961  66.149 0.0000000000
59765  -43.592  -38.638  63.714 0.0000000000
59791  -43.301  -37.953  63.065 0.0000000000
42179  -7.302  -55.163  62.233 0.0000000000
43350  -7.397  -54.901  61.627 0.0000000000
42205  -6.869  -55.453  61.285 0.0000000000
43369  -6.930  -55.796  60.449 0.0000000000
42261  -6.419  -56.110  59.519 0.0000000000
30506  -7.940  -61.587  67.551 0.0000000000
30489  -7.574  -62.103  67.800 0.0000000000
30524  -7.627  -61.910  66.019 0.0000000000
52451  -36.776  -45.154  73.280 0.0000000000
52475  -36.718  -44.926  72.655 0.0000000000
53578  -37.505  -44.035  73.443 0.0000000000
53602  -37.843  -43.588  72.957 0.0000000000
54720  -38.269  -42.428  71.810 0.0000000000
55919  -38.613  -41.819  72.675 0.0000000000
38257  -26.550  -55.656  76.704 0.0000000000
43246  -27.051  -52.829  69.488 0.0000000000
87223  -56.564  -18.026  57.961 0.0000000000
87221  -56.345  -17.068  57.201 0.0000000000
87222  -56.448  -17.183  57.653 0.0000000000
88551  -56.532  -16.407  58.043 0.0000000000
89774  -57.115  -15.219  58.946 0.0000000000
40889  -4.539  -54.076  69.100 0.0000000000
42091  -4.636  -54.265  68.337 0.0000000000
40890  -4.869  -54.848  69.084 0.0000000000
40891  -5.714  -55.218  69.043 0.0000000000
69616  -51.077  -30.153  61.910 0.0000000000
70842  -52.040  -29.816  62.174 0.0000000000
68419  -51.159  -30.685  62.282 0.0000000000
68402  -51.459  -30.938  62.571 0.0000000000
67240  -47.639  -31.776  60.555 0.0000000000
67241  -48.331  -31.478  60.540 0.0000000000
67242  -48.822  -31.188  60.506 0.0000000000
68437  -49.018  -30.636  60.321 0.0000000000
68438  -49.513  -30.304  60.501 0.0000000000
68427  -49.780  -30.815  60.805 0.0000000000
34216  -13.866  -58.595  74.249 0.0000000000
35639  -21.795  -57.909  70.144 0.0000000000
59815  -5.703  -40.598  60.760 0.0000000000
61152  -5.678  -40.280  60.395 0.0000000000
50462  -6.263  -48.306  65.197 0.0000000000
51561  -7.226  -47.507  65.187 0.0000000000
50463  -7.147  -48.116  65.046 0.0000000000
50464  -7.658  -47.838  64.267 0.0000000000
145068  -5.782  -49.884  56.708 0.0000000000
145072  -5.864  -49.560  56.273 0.0000000000
35504  -7.540  -58.082  75.448 0.0000000000
32991  -3.497  -61.329  67.749 0.0000000000
34289  -4.126  -61.160  67.009 0.0000000000
46845  -38.230  -50.497  73.926 0.0000000000
45602  -38.214  -50.728  72.740 0.0000000000
46846  -38.461  -49.913  73.526 0.0000000000
48005  -37.771  -48.948  74.090 0.0000000000
49180  -36.854  -48.431  74.000 0.0000000000
42102  -35.285  -53.084  69.472 0.0000000000
40844  -32.784  -55.134  73.763 0.0000000000
40834  -31.749  -55.228  74.280 0.0000000000
40843  -31.899  -55.263  73.511 0.0000000000
40870  -30.309  -54.233  71.068 0.0000000000
42061  -30.176  -53.451  70.716 0.0000000000
80762  -56.145  -21.500  57.651 0.0000000000
82060  -56.020  -20.988  57.322 0.0000000000
83317  -56.098  -20.133  57.424 0.0000000000
83303  -57.108  -20.283  58.381 0.0000000000
65962  -48.565  -33.344  62.619 0.0000000000
65945  -48.436  -33.971  63.379 0.0000000000
64709  -48.814  -33.969  63.770 0.0000000000
64692  -49.102  -34.059  64.016 0.0000000000
62360  -44.211  -35.861  62.292 0.0000000000
63565  -44.517  -35.396  62.671 0.0000000000
64743  -45.265  -34.359  62.449 0.0000000000
65980  -45.531  -33.851  62.199 0.0000000000
65981  -46.306  -33.688  62.285 0.0000000000
65982  -47.547  -33.298  62.269 0.0000000000
40981  -21.230  -53.978  65.112 0.0000000000
57310  -3.496  -41.099  63.918 0.0000000000
56045  -3.102  -41.538  64.015 0.0000000000
45749  -10.625  -51.331  64.011 0.0000000000
45750  -11.040  -50.753  63.371 0.0000000000
45763  -11.204  -51.739  62.823 0.0000000000
45779  -10.099  -51.900  61.034 0.0000000000
43424  -8.023  -54.453  59.281 0.0000000000
43449  -7.610  -54.251  58.642 0.0000000000
44600  -7.168  -53.552  57.821 0.0000000000
44628  -6.894  -52.742  57.581 0.0000000000
43480  -6.346  -53.514  57.205 0.0000000000
44668  -5.726  -53.228  56.441 0.0000000000
43489  -5.578  -53.761  56.339 0.0000000000
42317  -5.272  -54.142  56.397 0.0000000000
31664  -8.991  -60.812  72.196 0.0000000000
31663  -8.527  -60.870  72.388 0.0000000000
30395  -8.403  -61.246  71.697 0.0000000000
30413  -7.655  -62.087  70.593 0.0000000000
29126  -6.466  -62.749  68.133 0.0000000000
29139  -4.688  -63.108  67.580 0.0000000000
52496  -36.337  -45.400  70.682 0.0000000000
58416  -38.550  -39.728  70.102 0.0000000000
58426  -39.017  -39.380  69.687 0.0000000000
59663  -40.311  -38.973  67.939 0.0000000000
35583  -24.149  -59.187  72.059 0.0000000000
35600  -24.636  -59.065  71.472 0.0000000000
35642  -24.139  -58.265  70.308 0.0000000000
38285  -28.991  -56.175  75.542 0.0000000000
38284  -28.430  -56.467  75.699 0.0000000000
38291  -29.079  -56.974  75.534 0.0000000000
36931  -28.463  -57.345  73.489 0.0000000000
40895  -26.455  -54.784  68.947 0.0000000000
39617  -26.063  -55.403  69.176 0.0000000000
38378  -24.321  -55.829  68.198 0.0000000000
39657  -23.788  -55.394  67.190 0.0000000000
89825  -54.669  -15.636  54.823 0.0000000000
45707  -4.180  -50.573  66.667 0.0000000000
44470  -4.820  -51.019  66.470 0.0000000000
44489  -6.006  -51.032  66.340 0.0000000000
44490  -6.675  -51.217  66.171 0.0000000000
45727  -7.083  -51.037  65.512 0.0000000000
44491  -7.280  -51.452  65.911 0.0000000000
44475  -7.859  -52.198  65.937 0.0000000000
43268  -8.499  -54.012  67.385 0.0000000000
42114  -8.581  -54.483  67.263 0.0000000000
42126  -8.686  -54.709  66.035 0.0000000000
42134  -8.501  -54.900  65.458 0.0000000000
42143  -8.331  -54.975  64.594 0.0000000000
40947  -8.156  -55.255  65.121 0.0000000000
40946  -7.823  -55.685  64.838 0.0000000000
40945  -7.081  -56.399  64.345 0.0000000000
75741  -54.595  -26.042  61.736 0.0000000000
74614  -54.020  -26.531  61.839 0.0000000000
73420  -54.823  -26.622  62.426 0.0000000000
73453  -50.277  -27.966  60.740 0.0000000000
73452  -49.846  -28.071  59.702 0.0000000000
74637  -51.196  -26.811  60.612 0.0000000000
75755  -52.984  -26.145  61.263 0.0000000000
32933  -10.541  -59.589  73.120 0.0000000000
31702  -9.765  -60.601  69.273 0.0000000000
32993  -9.643  -60.086  68.091 0.0000000000
39683  -19.309  -55.413  66.190 0.0000000000
39655  -19.611  -55.718  66.783 0.0000000000
39654  -18.503  -55.310  67.013 0.0000000000
39631  -17.907  -55.698  67.506 0.0000000000
39651  -15.076  -55.400  66.813 0.0000000000
39629  -15.721  -55.832  67.440 0.0000000000
38327  -15.382  -57.131  69.212 0.0000000000
35636  -13.145  -57.601  69.968 0.0000000000
35654  -12.925  -57.594  69.336 0.0000000000
36995  -12.660  -57.861  68.275 0.0000000000
35720  -11.777  -57.771  65.237 0.0000000000
35718  -10.885  -58.735  65.171 0.0000000000
34315  -10.242  -59.425  66.008 0.0000000000
54787  -5.342  -43.967  66.734 0.0000000000
52603  -7.463  -45.124  64.436 0.0000000000
53710  -7.601  -44.524  64.044 0.0000000000
54828  -7.366  -44.198  63.599 0.0000000000
54845  -7.059  -43.905  63.243 0.0000000000
56072  -6.758  -43.058  63.055 0.0000000000
54863  -6.847  -43.591  62.654 0.0000000000
53738  -7.054  -43.654  61.835 0.0000000000
53750  -7.130  -43.596  61.049 0.0000000000
49358  -11.285  -48.786  60.813 0.0000000000
50484  -10.864  -48.041  61.605 0.0000000000
50511  -10.282  -48.202  60.037 0.0000000000
50521  -6.122  -48.154  58.460 0.0000000000
50507  -7.013  -47.654  58.726 0.0000000000
50506  -6.452  -47.501  58.728 0.0000000000
52673  -6.027  -46.468  58.729 0.0000000000
52662  -6.486  -45.653  58.961 0.0000000000
52672  -5.976  -46.039  58.706 0.0000000000
51601  -5.738  -45.812  58.408 0.0000000000
53771  -5.338  -45.318  57.904 0.0000000000
53775  -5.385  -45.274  57.598 0.0000000000
52693  -5.459  -45.894  57.082 0.0000000000
31660  -7.069  -60.502  72.214 0.0000000000
32937  -7.283  -60.332  72.553 0.0000000000
32942  -6.720  -60.455  71.405 0.0000000000
34256  -5.629  -60.473  69.326 0.0000000000
34257  -6.313  -60.058  69.809 0.0000000000
36946  -7.219  -58.298  70.789 0.0000000000
36938  -6.725  -57.816  71.511 0.0000000000
36947  -6.912  -58.053  70.123 0.0000000000
38319  -6.477  -57.435  70.168 0.0000000000
38324  -6.649  -57.451  69.654 0.0000000000
36965  -6.662  -58.378  69.350 0.0000000000
36993  -6.637  -58.602  68.461 0.0000000000
37029  -6.490  -58.795  67.678 0.0000000000
37055  -4.816  -58.838  65.903 0.0000000000
39673  -4.226  -56.962  65.235 0.0000000000
39707  -4.768  -57.714  63.786 0.0000000000
145021  -4.619  -58.272  62.878 0.0000000000
29261  -2.633  -64.705  61.409 0.0000000000
31859  -3.344  -62.730  61.308 0.0000000000
35816  -4.436  -60.010  60.522 0.0000000000
43238  -36.466  -52.937  69.789 0.0000000000
43227  -37.110  -52.659  70.165 0.0000000000
43217  -37.764  -53.222  71.202 0.0000000000
44381  -38.136  -52.190  72.974 0.0000000000
43192  -37.179  -51.990  73.084 0.0000000000
44367  -37.710  -51.598  73.671 0.0000000000
45593  -37.914  -50.891  74.193 0.0000000000
46833  -37.941  -49.936  74.542 0.0000000000
47974  -37.891  -49.211  75.300 0.0000000000
42064  -33.236  -53.553  71.080 0.0000000000
42065  -34.194  -54.240  71.000 0.0000000000
42066  -35.198  -53.990  71.016 0.0000000000
42103  -35.918  -53.123  69.591 0.0000000000
41979  -31.529  -53.241  75.614 0.0000000000
43149  -32.063  -52.830  75.328 0.0000000000
41997  -32.354  -53.458  75.017 0.0000000000
40835  -32.554  -54.402  74.580 0.0000000000
40863  -33.333  -54.790  72.172 0.0000000000
80740  -58.016  -22.241  58.700 0.0000000000
80741  -58.735  -21.955  58.740 0.0000000000
77075  -52.945  -24.419  57.238 0.0000000000
77103  -51.903  -23.686  55.596 0.0000000000
78269  -52.281  -23.350  55.043 0.0000000000
79502  -53.461  -22.205  55.337 0.0000000000
79495  -53.865  -21.841  56.312 0.0000000000
79487  -54.811  -21.923  56.937 0.0000000000
78252  -55.170  -22.726  57.825 0.0000000000
80752  -56.618  -21.891  58.323 0.0000000000
63547  -46.239  -35.047  63.735 0.0000000000
63548  -47.106  -35.109  64.362 0.0000000000
62314  -46.225  -35.702  64.447 0.0000000000
62315  -46.824  -35.789  64.807 0.0000000000
62269  -47.583  -36.624  65.024 0.0000000000
61064  -46.691  -36.995  65.045 0.0000000000
61065  -47.020  -36.706  65.378 0.0000000000
59821  -41.965  -38.830  60.796 0.0000000000
59822  -43.039  -38.454  60.964 0.0000000000
61127  -44.115  -37.020  62.493 0.0000000000
62338  -44.526  -36.092  62.893 0.0000000000
63546  -45.565  -35.363  63.522 0.0000000000
57281  -5.138  -42.231  66.334 0.0000000000
43353  -9.529  -53.993  62.561 0.0000000000
43398  -8.000  -54.615  60.223 0.0000000000
43371  -7.448  -54.885  60.882 0.0000000000
42237  -8.095  -54.559  59.805 0.0000000000
43423  -7.286  -54.592  59.236 0.0000000000
42295  -6.244  -55.107  57.967 0.0000000000
39846  -5.594  -57.809  56.500 0.0000000000
30430  -8.616  -61.160  69.921 0.0000000000
30429  -7.957  -61.661  69.700 0.0000000000
29114  -7.281  -62.310  68.456 0.0000000000
29128  -7.342  -62.582  68.117 0.0000000000
29127  -7.054  -62.718  68.079 0.0000000000
58412  -40.808  -39.352  71.567 0.0000000000
49226  -36.871  -48.318  71.244 0.0000000000
50333  -35.939  -47.080  71.589 0.0000000000
51424  -36.235  -46.302  71.548 0.0000000000
52474  -36.863  -45.358  72.102 0.0000000000
52473  -36.602  -45.431  71.337 0.0000000000
53622  -36.699  -44.405  70.600 0.0000000000
53640  -37.050  -43.600  70.410 0.0000000000
54740  -37.314  -43.026  69.753 0.0000000000
57223  -38.495  -41.043  71.007 0.0000000000
57241  -38.722  -40.454  70.856 0.0000000000
34219  -26.164  -59.329  74.380 0.0000000000
34231  -26.718  -59.182  73.829 0.0000000000
39591  -27.897  -55.288  72.122 0.0000000000
39606  -26.745  -54.547  71.459 0.0000000000
40896  -26.289  -54.382  69.634 0.0000000000
42096  -26.621  -53.398  69.835 0.0000000000
42116  -26.568  -53.673  68.974 0.0000000000
40904  -26.455  -54.400  68.903 0.0000000000
40903  -26.340  -54.519  68.274 0.0000000000
40933  -24.972  -54.006  67.367 0.0000000000
88592  -55.323  -16.894  55.682 0.0000000000
88573  -56.111  -16.818  56.743 0.0000000000
88571  -55.164  -16.251  55.725 0.0000000000
89807  -54.917  -15.180  55.876 0.0000000000
89793  -55.181  -14.828  56.087 0.0000000000
91061  -56.091  -14.059  55.151 0.0000000000
91044  -56.464  -13.707  56.615 0.0000000000
89796  -56.430  -14.228  57.415 0.0000000000
43263  -4.428  -53.054  67.410 0.0000000000
43288  -5.151  -52.617  67.393 0.0000000000
43289  -5.813  -52.697  67.088 0.0000000000
43265  -6.052  -53.266  67.416 0.0000000000
42112  -7.202  -54.295  67.827 0.0000000000
42113  -8.141  -54.597  68.015 0.0000000000
40901  -8.299  -55.338  67.422 0.0000000000
39626  -7.932  -56.433  67.196 0.0000000000
73418  -53.378  -27.854  62.539 0.0000000000
72116  -52.538  -28.534  62.231 0.0000000000
68434  -47.022  -31.522  60.094 0.0000000000
68448  -46.710  -31.054  59.483 0.0000000000
69656  -48.642  -29.729  58.655 0.0000000000
70888  -49.055  -29.312  59.466 0.0000000000
72156  -49.437  -29.224  59.767 0.0000000000
69635  -49.503  -29.883  60.351 0.0000000000
70870  -50.202  -29.350  60.494 0.0000000000
73439  -50.791  -28.564  61.158 0.0000000000
73425  -51.582  -28.398  61.776 0.0000000000
34210  -12.037  -58.954  73.713 0.0000000000
34214  -11.943  -58.933  73.235 0.0000000000
32940  -12.067  -59.110  72.425 0.0000000000
40950  -15.895  -54.394  65.110 0.0000000000
40927  -15.664  -55.116  65.838 0.0000000000
40926  -15.025  -55.100  65.671 0.0000000000
39680  -14.708  -55.437  65.905 0.0000000000
39650  -13.961  -56.024  66.658 0.0000000000
38399  -13.615  -56.468  66.951 0.0000000000
38367  -13.060  -57.160  67.020 0.0000000000
38398  -13.214  -56.672  66.470 0.0000000000
52575  -4.951  -45.821  66.666 0.0000000000
52576  -5.618  -45.469  66.381 0.0000000000
52591  -5.642  -46.060  66.189 0.0000000000
51562  -7.313  -46.742  64.982 0.0000000000
52612  -7.599  -45.793  64.533 0.0000000000
52624  -8.406  -45.248  62.236 0.0000000000
47027  -8.232  -50.167  58.272 0.0000000000
48200  -8.334  -49.564  58.825 0.0000000000
48218  -7.837  -49.773  58.326 0.0000000000
47026  -7.229  -49.121  58.176 0.0000000000
48198  -7.047  -48.732  58.413 0.0000000000
145080  -6.771  -48.633  58.106 0.0000000000
145078  -4.780  -47.345  56.692 0.0000000000
39532  -6.692  -56.926  75.184 0.0000000000
39550  -6.353  -56.307  74.721 0.0000000000
38277  -6.042  -57.281  74.550 0.0000000000
36919  -4.938  -57.755  74.438 0.0000000000
31681  -5.368  -61.749  69.806 0.0000000000
31673  -5.936  -61.223  70.336 0.0000000000
31680  -5.230  -61.428  69.673 0.0000000000
32946  -5.512  -60.995  69.768 0.0000000000
31699  -3.901  -61.657  68.996 0.0000000000
32969  -4.423  -61.208  69.264 0.0000000000
34255  -4.933  -60.771  69.230 0.0000000000
35607  -5.411  -60.430  68.928 0.0000000000
35632  -5.884  -60.015  68.859 0.0000000000
36962  -5.795  -59.827  68.286 0.0000000000
36989  -5.081  -59.875  67.141 0.0000000000
35668  -4.450  -60.501  66.574 0.0000000000
37025  -4.710  -59.716  66.444 0.0000000000
35715  -4.038  -59.675  64.394 0.0000000000
48073  -37.182  -49.586  70.002 0.0000000000
46878  -37.016  -50.936  70.295 0.0000000000
45611  -37.607  -50.973  72.087 0.0000000000
46879  -36.858  -50.510  70.372 0.0000000000
48060  -36.732  -49.875  70.702 0.0000000000
48043  -36.600  -48.861  71.379 0.0000000000
49209  -36.178  -48.490  71.967 0.0000000000
50321  -36.214  -47.480  72.715 0.0000000000
51392  -36.480  -46.705  73.202 0.0000000000
50314  -36.778  -47.164  74.060 0.0000000000
51393  -37.003  -46.178  73.664 0.0000000000
52437  -37.658  -44.777  74.170 0.0000000000
39548  -28.839  -55.171  75.736 0.0000000000
38300  -29.212  -56.132  74.666 0.0000000000
38309  -28.834  -55.625  73.406 0.0000000000
40808  -29.787  -54.326  75.197 0.0000000000
39581  -30.936  -55.511  73.818 0.0000000000
39567  -30.258  -55.356  75.227 0.0000000000
39574  -30.067  -56.247  74.553 0.0000000000
38310  -29.252  -54.952  73.681 0.0000000000
39585  -29.005  -54.833  72.952 0.0000000000
39599  -28.489  -55.002  71.619 0.0000000000
40868  -28.289  -53.977  70.912 0.0000000000
42059  -28.563  -53.293  71.049 0.0000000000
42075  -28.976  -52.874  70.525 0.0000000000
80785  -55.242  -20.902  56.320 0.0000000000
82085  -54.453  -20.378  55.161 0.0000000000
85962  -55.800  -18.420  56.673 0.0000000000
84624  -56.259  -19.338  57.508 0.0000000000
85964  -56.402  -18.862  57.655 0.0000000000
87203  -57.455  -17.535  58.922 0.0000000000
67200  -50.220  -32.388  62.468 0.0000000000
67187  -50.468  -32.424  63.027 0.0000000000
64691  -48.731  -35.052  64.490 0.0000000000
38404  -22.378  -57.235  66.768 0.0000000000
38424  -21.430  -56.403  66.358 0.0000000000
38423  -20.963  -56.153  66.316 0.0000000000
39684  -20.377  -55.778  66.123 0.0000000000
40954  -20.433  -54.630  65.431 0.0000000000
39715  -20.449  -55.303  65.551 0.0000000000
40931  -19.814  -55.150  65.546 0.0000000000
40930  -18.948  -54.820  65.736 0.0000000000
40952  -18.503  -53.972  65.451 0.0000000000
57325  -4.243  -41.045  63.700 0.0000000000
58524  -5.643  -40.937  61.427 0.0000000000
58525  -5.666  -41.528  60.884 0.0000000000
48159  -8.242  -48.884  63.670 0.0000000000
48161  -9.889  -49.656  62.681 0.0000000000
48176  -11.122  -49.463  61.927 0.0000000000
46988  -11.047  -50.337  62.826 0.0000000000
48163  -11.228  -49.958  62.344 0.0000000000
48187  -11.361  -49.595  61.130 0.0000000000
48204  -11.377  -49.903  60.506 0.0000000000
48202  -10.386  -49.781  59.516 0.0000000000
44578  -9.132  -53.263  59.239 0.0000000000
44579  -9.623  -52.226  59.634 0.0000000000
45811  -9.807  -51.648  59.461 0.0000000000
47028  -8.912  -50.591  58.592 0.0000000000
45827  -7.225  -50.890  57.538 0.0000000000
32924  -7.861  -60.386  74.191 0.0000000000
31654  -7.717  -60.459  73.149 0.0000000000
31662  -8.055  -60.803  72.515 0.0000000000
30393  -7.696  -61.075  72.073 0.0000000000
31661  -7.448  -60.701  72.335 0.0000000000
31669  -6.944  -61.227  71.775 0.0000000000
30398  -6.711  -61.461  71.441 0.0000000000
29081  -7.002  -62.122  70.053 0.0000000000
29080  -6.720  -62.047  70.239 0.0000000000
30428  -5.832  -62.084  69.879 0.0000000000
30427  -5.573  -62.074  69.880 0.0000000000
29092  -4.999  -62.513  69.876 0.0000000000
30472  -3.478  -63.079  68.746 0.0000000000
30486  -2.858  -63.075  67.293 0.0000000000
50359  -36.758  -47.978  69.681 0.0000000000
51457  -35.466  -46.273  69.970 0.0000000000
59711  -41.920  -39.228  65.729 0.0000000000
34250  -23.554  -59.256  72.241 0.0000000000
35598  -22.888  -59.306  71.425 0.0000000000
35619  -22.608  -59.123  70.707 0.0000000000
37036  -22.225  -58.127  68.013 0.0000000000
36890  -26.753  -56.743  75.464 0.0000000000
38283  -27.795  -56.600  75.723 0.0000000000
36891  -27.336  -56.746  75.410 0.0000000000
36904  -27.188  -57.556  75.600 0.0000000000
35526  -27.579  -58.207  75.666 0.0000000000
35570  -26.682  -58.364  73.500 0.0000000000
35586  -26.049  -58.328  73.012 0.0000000000
38316  -27.034  -55.912  72.707 0.0000000000
38315  -26.603  -56.442  72.333 0.0000000000
36944  -26.629  -57.029  72.193 0.0000000000
36943  -25.959  -57.717  72.432 0.0000000000
35602  -25.900  -58.517  72.193 0.0000000000
35622  -24.930  -58.096  71.501 0.0000000000
35643  -24.539  -57.892  70.943 0.0000000000
36974  -24.008  -57.566  69.899 0.0000000000
37004  -23.065  -57.182  69.307 0.0000000000
37037  -23.191  -58.134  68.052 0.0000000000
37058  -22.379  -57.571  67.385 0.0000000000
39718  -22.109  -55.053  66.247 0.0000000000
39719  -22.717  -54.747  66.352 0.0000000000
39745  -22.268  -54.510  65.754 0.0000000000
92292  -56.902  -13.859  54.292 0.0000000000
92293  -57.259  -13.741  54.135 0.0000000000
91081  -58.297  -13.224  53.396 0.0000000000
50432  -4.522  -48.026  65.522 0.0000000000
50447  -5.500  -48.088  65.316 0.0000000000
49323  -5.640  -48.730  65.069 0.0000000000
48157  -6.781  -49.089  64.614 0.0000000000
48130  -3.515  -49.733  64.976 0.0000000000
46948  -3.922  -49.644  66.124 0.0000000000
46962  -4.218  -49.848  65.249 0.0000000000
48142  -4.233  -49.470  64.802 0.0000000000
46981  -5.947  -49.424  65.239 0.0000000000
46982  -6.481  -49.463  65.078 0.0000000000
46984  -7.968  -49.548  64.516 0.0000000000
46968  -8.350  -50.183  64.769 0.0000000000
46969  -9.020  -50.505  64.161 0.0000000000
45748  -9.480  -50.972  64.629 0.0000000000
45728  -7.681  -51.384  65.046 0.0000000000
44507  -10.459  -52.374  64.497 0.0000000000
43336  -10.130  -53.138  64.149 0.0000000000
43291  -7.279  -52.574  66.839 0.0000000000
44456  -7.861  -52.526  66.564 0.0000000000
43293  -9.093  -53.777  67.003 0.0000000000
44458  -9.313  -53.278  66.509 0.0000000000
44477  -9.579  -52.791  65.971 0.0000000000
43324  -10.402  -53.017  64.986 0.0000000000
42180  -7.801  -54.874  62.472 0.0000000000
42159  -7.851  -55.217  63.237 0.0000000000
42177  -5.989  -55.858  61.774 0.0000000000
42176  -5.761  -56.291  61.771 0.0000000000
75767  -55.405  -24.724  60.428 0.0000000000
75758  -55.879  -24.660  61.038 0.0000000000
61013  -46.057  -37.213  67.255 0.0000000000
73493  -48.113  -28.021  58.075 0.0000000000
73477  -48.181  -27.570  58.405 0.0000000000
73466  -48.986  -27.633  59.281 0.0000000000
73478  -48.687  -26.885  58.533 0.0000000000
74657  -48.511  -26.427  57.745 0.0000000000
75809  -48.950  -26.159  57.372 0.0000000000
75797  -52.760  -25.287  58.532 0.0000000000
75783  -52.482  -25.588  59.555 0.0000000000
77031  -53.919  -24.754  59.712 0.0000000000
31666  -10.275  -60.644  72.106 0.0000000000
31670  -9.610  -60.772  71.545 0.0000000000
30403  -8.977  -60.877  71.018 0.0000000000
30475  -8.914  -61.160  69.227 0.0000000000
31721  -8.807  -61.379  68.388 0.0000000000
31722  -9.332  -61.076  68.814 0.0000000000
31743  -8.651  -61.350  67.851 0.0000000000
31765  -8.486  -61.101  67.158 0.0000000000
38375  -21.142  -56.894  67.747 0.0000000000
37034  -20.748  -56.549  68.308 0.0000000000
38373  -19.799  -56.066  67.935 0.0000000000
36999  -19.653  -56.432  69.033 0.0000000000
36952  -18.707  -57.279  70.709 0.0000000000
40911  -17.089  -55.130  66.386 0.0000000000
39653  -17.401  -55.430  66.969 0.0000000000
38371  -17.509  -56.126  68.073 0.0000000000
36997  -17.644  -56.242  69.330 0.0000000000
36942  -16.776  -57.895  71.041 0.0000000000
36941  -15.780  -58.056  71.043 0.0000000000
35576  -15.520  -58.582  72.271 0.0000000000
34247  -13.561  -58.578  71.836 0.0000000000
34259  -12.395  -58.118  70.869 0.0000000000
34258  -11.858  -58.717  70.347 0.0000000000
34270  -11.595  -59.066  69.745 0.0000000000
37031  -12.622  -57.624  67.450 0.0000000000
36994  -12.268  -58.001  67.931 0.0000000000
35670  -11.952  -57.940  67.318 0.0000000000
35669  -11.799  -58.200  67.754 0.0000000000
32980  -10.567  -59.510  68.455 0.0000000000
33030  -9.961  -59.673  66.476 0.0000000000
33029  -9.623  -59.941  66.307 0.0000000000
53699  -5.822  -44.407  66.306 0.0000000000
54809  -5.944  -43.756  65.910 0.0000000000
56070  -5.399  -42.160  63.619 0.0000000000
56092  -5.768  -42.320  62.729 0.0000000000
56093  -6.405  -42.889  62.459 0.0000000000
56111  -5.465  -42.077  62.267 0.0000000000
57365  -5.653  -42.243  61.253 0.0000000000
57375  -6.085  -42.360  60.426 0.0000000000
57374  -6.804  -42.439  59.791 0.0000000000
48172  -8.724  -48.319  63.511 0.0000000000
49338  -9.072  -47.862  63.480 0.0000000000
50482  -9.269  -47.319  62.878 0.0000000000
50467  -9.232  -46.748  62.495 0.0000000000
51584  -8.990  -45.711  61.931 0.0000000000
52637  -8.688  -45.266  61.228 0.0000000000
50509  -8.640  -47.855  59.391 0.0000000000
51607  -9.334  -47.120  59.709 0.0000000000
51617  -7.333  -47.339  58.823 0.0000000000
51606  -8.492  -46.984  59.359 0.0000000000
51592  -9.066  -46.292  59.819 0.0000000000
52651  -8.612  -45.558  60.154 0.0000000000
52636  -8.175  -44.974  61.781 0.0000000000
53740  -8.003  -44.697  61.112 0.0000000000
53762  -6.767  -44.211  59.757 0.0000000000
53768  -6.747  -43.325  59.581 0.0000000000
58546  -6.357  -43.116  58.960 0.0000000000
145159  -5.836  -43.036  58.140 0.0000000000
54936  -5.898  -43.294  57.348 0.0000000000
53789  -5.792  -44.242  56.330 0.0000000000
40866  -4.866  -55.067  70.974 0.0000000000
34199  -7.753  -59.153  74.639 0.0000000000
34209  -7.470  -59.037  74.340 0.0000000000
34198  -7.182  -58.622  74.661 0.0000000000
32930  -7.330  -59.516  73.490 0.0000000000
34208  -7.169  -58.950  74.003 0.0000000000
35528  -6.349  -58.452  74.671 0.0000000000
35541  -5.707  -58.265  74.192 0.0000000000
36928  -4.895  -57.827  73.612 0.0000000000
32941  -6.137  -60.845  70.793 0.0000000000
34233  -7.310  -59.526  71.736 0.0000000000
34221  -7.111  -58.828  72.526 0.0000000000
36932  -4.935  -57.181  73.402 0.0000000000
38311  -5.394  -56.328  72.442 0.0000000000
38312  -5.670  -57.019  71.742 0.0000000000
39589  -5.107  -55.754  71.728 0.0000000000
39594  -5.344  -55.589  71.153 0.0000000000
40878  -6.008  -55.796  69.557 0.0000000000
40879  -6.779  -56.069  69.370 0.0000000000
39602  -7.097  -56.771  69.182 0.0000000000
40880  -7.235  -56.224  69.191 0.0000000000
39614  -7.811  -56.499  68.388 0.0000000000
36991  -5.933  -59.411  67.791 0.0000000000
38362  -5.300  -58.470  66.473 0.0000000000
38363  -5.626  -58.435  66.777 0.0000000000
38364  -6.227  -58.421  66.901 0.0000000000
39624  -6.815  -58.024  66.631 0.0000000000
39647  -6.954  -57.444  66.052 0.0000000000
39648  -7.448  -56.787  66.261 0.0000000000
40923  -6.816  -56.502  65.078 0.0000000000
39711  -6.524  -56.508  65.011 0.0000000000
40944  -6.108  -56.718  64.077 0.0000000000
39709  -5.151  -56.824  64.635 0.0000000000
40972  -6.141  -56.466  63.194 0.0000000000
42155  -5.753  -56.289  62.203 0.0000000000
30521  -2.729  -63.357  65.558 0.0000000000
33051  -3.682  -60.841  63.632 0.0000000000
34332  -3.689  -60.596  63.951 0.0000000000
35734  -4.107  -59.643  63.446 0.0000000000
33106  -4.241  -62.173  61.182 0.0000000000
34388  -4.260  -60.620  61.924 0.0000000000
35756  -4.252  -60.117  62.403 0.0000000000
35755  -4.313  -59.524  62.566 0.0000000000
145019  -4.385  -59.064  62.615 0.0000000000
145017  -4.532  -58.876  62.317 0.0000000000
38463  -4.653  -58.316  62.304 0.0000000000
38476  -4.727  -58.487  61.567 0.0000000000
39784  -4.981  -57.633  61.459 0.0000000000
41052  -4.964  -57.077  61.186 0.0000000000
39799  -5.121  -56.981  60.393 0.0000000000
38536  -5.522  -58.369  57.738 0.0000000000
29143  -7.425  -62.515  67.888 0.0000000000
30455  -8.890  -61.035  69.591 0.0000000000
31650  -8.618  -60.369  73.932 0.0000000000
32915  -7.716  -59.553  74.497 0.0000000000
32925  -8.622  -60.233  74.431 0.0000000000
32935  -11.867  -59.066  72.846 0.0000000000
33011  -10.328  -59.504  67.100 0.0000000000
34220  -26.718  -59.150  74.339 0.0000000000
34242  -26.444  -59.080  73.303 0.0000000000
34297  -4.126  -60.379  66.025 0.0000000000
34298  -4.161  -60.160  65.863 0.0000000000
34311  -4.264  -60.320  65.704 0.0000000000
34312  -4.112  -60.125  65.689 0.0000000000
34413  -4.263  -60.659  61.471 0.0000000000
35527  -5.799  -58.261  74.699 0.0000000000
35537  -26.296  -58.754  75.549 0.0000000000
35540  -27.611  -57.694  74.552 0.0000000000
35554  -26.561  -59.075  74.856 0.0000000000
35555  -27.190  -58.551  74.238 0.0000000000
35556  -27.462  -57.527  74.181 0.0000000000
35557  -27.387  -57.259  74.233 0.0000000000
35574  -7.434  -58.876  72.045 0.0000000000
35587  -26.427  -57.847  73.404 0.0000000000
35623  -25.601  -58.081  71.822 0.0000000000
35653  -12.390  -57.873  68.982 0.0000000000
35656  -22.474  -58.213  69.383 0.0000000000
35684  -4.024  -60.011  65.871 0.0000000000
35685  -3.939  -59.962  65.658 0.0000000000
35701  -4.169  -60.087  65.616 0.0000000000
35702  -4.070  -60.037  65.897 0.0000000000
35703  -10.635  -58.788  65.912 0.0000000000
35735  -3.988  -60.004  62.786 0.0000000000
36873  -6.473  -57.551  75.937 0.0000000000
36903  -26.535  -57.558  75.913 0.0000000000
36905  -27.785  -57.100  75.371 0.0000000000
36906  -28.384  -57.254  75.476 0.0000000000
36916  -27.726  -57.735  75.397 0.0000000000
36925  -27.713  -57.914  74.427 0.0000000000
36926  -28.663  -57.684  74.003 0.0000000000
36927  -4.583  -57.282  73.576 0.0000000000
36929  -26.708  -57.101  73.641 0.0000000000
36940  -15.063  -58.109  71.092 0.0000000000
36945  -26.698  -56.476  72.632 0.0000000000
36956  -26.274  -56.922  71.671 0.0000000000
37005  -24.237  -56.856  69.911 0.0000000000
37030  -12.156  -57.922  67.617 0.0000000000
37059  -22.899  -57.888  67.449 0.0000000000
38259  -6.450  -57.333  75.642 0.0000000000
38303  -28.323  -57.116  73.147 0.0000000000
38318  -5.994  -57.132  70.531 0.0000000000
38326  -14.493  -57.194  69.174 0.0000000000
38397  -5.772  -58.020  66.569 0.0000000000
39549  -5.826  -56.566  74.616 0.0000000000
39557  -28.830  -55.761  75.691 0.0000000000
39596  -5.790  -56.823  70.211 0.0000000000
39603  -7.487  -56.320  69.020 0.0000000000
39627  -8.242  -56.093  67.799 0.0000000000
39632  -18.345  -55.518  67.573 0.0000000000
39677  -7.126  -56.955  65.707 0.0000000000
39785  -4.948  -57.110  60.827 0.0000000000
39818  -5.515  -57.569  58.794 0.0000000000
39830  -5.605  -57.490  58.496 0.0000000000
39847  -5.589  -55.099  56.457 0.0000000000
39848  -6.039  -54.899  56.819 0.0000000000
39867  -5.152  -55.164  56.107 0.0000000000
39868  -5.748  -55.029  56.339 0.0000000000
39887  -5.110  -54.979  55.882 0.0000000000
39888  -5.199  -55.043  55.746 0.0000000000
40774  -6.947  -55.865  74.543 0.0000000000
40788  -28.701  -54.747  76.073 0.0000000000
40790  -28.975  -54.026  75.009 0.0000000000
40846  -34.602  -54.278  73.691 0.0000000000
40854  -32.595  -55.160  72.858 0.0000000000
40888  -4.476  -53.559  69.099 0.0000000000
40894  -8.179  -55.519  68.372 0.0000000000
40909  -8.412  -54.865  66.882 0.0000000000
40974  -7.284  -56.124  63.463 0.0000000000
41004  -5.451  -57.080  62.313 0.0000000000
41005  -5.590  -56.683  62.044 0.0000000000
41061  -5.244  -56.968  60.050 0.0000000000
41078  -5.253  -57.076  59.848 0.0000000000
41103  -6.054  -54.636  56.832 0.0000000000
41110  -5.178  -54.841  56.140 0.0000000000
41111  -5.986  -54.436  56.687 0.0000000000
41118  -5.001  -54.581  56.124 0.0000000000
41119  -5.503  -54.778  56.258 0.0000000000
41996  -31.423  -53.788  75.241 0.0000000000
42034  -34.676  -54.000  74.179 0.0000000000
42035  -35.359  -53.914  73.565 0.0000000000
42037  -35.473  -53.293  72.529 0.0000000000
42038  -35.768  -53.230  72.571 0.0000000000
42046  -35.742  -54.178  72.531 0.0000000000
42057  -36.544  -54.087  72.334 0.0000000000
42068  -36.413  -53.741  71.489 0.0000000000
42160  -8.494  -54.842  63.653 0.0000000000
42238  -8.280  -54.485  59.978 0.0000000000
42263  -8.258  -54.420  59.679 0.0000000000
42309  -6.332  -53.913  57.611 0.0000000000
42314  -6.029  -54.149  56.585 0.0000000000
43150  -32.820  -52.303  74.927 0.0000000000
43151  -34.088  -52.367  74.454 0.0000000000
43154  -36.086  -51.208  74.388 0.0000000000
43173  -37.164  -51.598  73.717 0.0000000000
43233  -26.904  -52.885  69.958 0.0000000000
43290  -6.744  -52.479  66.891 0.0000000000
43292  -8.624  -53.527  67.225 0.0000000000
43307  -5.217  -52.087  67.396 0.0000000000
43310  -6.789  -52.023  66.702 0.0000000000
43349  -7.143  -55.243  61.341 0.0000000000
43399  -8.675  -54.182  60.276 0.0000000000
43425  -8.527  -54.143  59.522 0.0000000000
43465  -6.530  -54.126  58.028 0.0000000000
43498  -5.489  -54.001  56.298 0.0000000000
43499  -5.735  -53.764  56.327 0.0000000000
44330  -35.613  -50.445  74.917 0.0000000000
44343  -36.476  -50.813  74.624 0.0000000000
44344  -36.955  -50.808  74.596 0.0000000000
44355  -37.251  -51.286  74.307 0.0000000000
44455  -7.289  -52.199  66.540 0.0000000000
44474  -7.288  -51.871  66.339 0.0000000000
44478  -10.190  -52.632  65.421 0.0000000000
44488  -5.404  -50.832  66.295 0.0000000000
44667  -5.386  -53.210  56.117 0.0000000000
44677  -5.392  -53.743  56.110 0.0000000000
44678  -5.524  -53.537  56.183 0.0000000000
45554  -35.583  -49.746  75.722 0.0000000000
45555  -35.827  -50.354  76.263 0.0000000000
45570  -36.698  -50.048  75.136 0.0000000000
45579  -36.800  -50.379  74.778 0.0000000000
45624  -37.963  -51.530  71.402 0.0000000000
45644  -36.955  -50.873  70.846 0.0000000000
45694  -7.299  -51.998  66.409 0.0000000000
45695  -7.496  -52.255  66.416 0.0000000000
45709  -7.482  -52.082  66.266 0.0000000000
45711  -9.617  -52.137  65.529 0.0000000000
45723  -4.657  -50.383  66.106 0.0000000000
45743  -5.795  -50.056  65.669 0.0000000000
45764  -11.293  -50.940  62.924 0.0000000000
45796  -10.194  -51.681  60.124 0.0000000000
45847  -7.208  -51.830  57.546 0.0000000000
46785  -35.542  -49.084  75.757 0.0000000000
46788  -37.467  -49.537  76.391 0.0000000000
46806  -37.102  -50.516  76.078 0.0000000000
46821  -36.770  -49.566  74.975 0.0000000000
46834  -38.254  -49.466  74.240 0.0000000000
46949  -4.579  -50.028  65.655 0.0000000000
46963  -4.806  -49.612  65.581 0.0000000000
46964  -5.547  -49.548  65.495 0.0000000000
46966  -6.871  -49.845  65.415 0.0000000000
46983  -7.218  -49.486  64.882 0.0000000000
46987  -10.272  -50.297  62.983 0.0000000000
46996  -11.044  -50.791  61.267 0.0000000000
47025  -7.108  -49.045  57.974 0.0000000000
47031  -11.193  -50.369  60.275 0.0000000000
47992  -36.807  -49.364  74.819 0.0000000000
48059  -36.925  -49.123  70.848 0.0000000000
48131  -7.702  -48.778  63.904 0.0000000000
48132  -7.597  -48.465  63.799 0.0000000000
48144  -5.611  -49.253  65.243 0.0000000000
48145  -7.814  -48.982  63.943 0.0000000000
48173  -9.215  -48.536  63.444 0.0000000000
48186  -11.293  -49.380  60.452 0.0000000000
48199  -7.495  -49.192  58.513 0.0000000000
48203  -11.158  -49.814  59.916 0.0000000000
48217  -7.548  -49.730  58.138 0.0000000000
49299  -7.633  -48.925  64.090 0.0000000000
49300  -7.607  -48.625  63.965 0.0000000000
49311  -4.990  -48.760  65.139 0.0000000000
49312  -7.509  -48.716  64.151 0.0000000000
49322  -5.106  -48.930  65.003 0.0000000000
49325  -7.327  -48.525  64.371 0.0000000000
49326  -7.757  -48.230  63.697 0.0000000000
49359  -11.215  -48.870  61.403 0.0000000000
50418  -5.380  -46.946  65.546 0.0000000000
50434  -6.107  -46.917  65.457 0.0000000000
50481  -8.762  -47.500  63.392 0.0000000000
50485  -11.103  -48.455  61.510 0.0000000000
50498  -11.206  -48.359  61.228 0.0000000000
50522  -7.115  -47.402  58.755 0.0000000000
50523  -7.232  -47.587  58.840 0.0000000000
51546  -5.168  -47.036  65.531 0.0000000000
51602  -5.852  -46.259  58.435 0.0000000000
51616  -7.033  -47.397  58.637 0.0000000000
51623  -5.086  -46.685  57.059 0.0000000000
52660  -5.751  -45.247  58.590 0.0000000000
52671  -5.589  -45.511  58.307 0.0000000000
52677  -5.475  -45.764  57.946 0.0000000000
52680  -5.519  -45.939  57.507 0.0000000000
52695  -5.559  -45.530  56.348 0.0000000000
53726  -6.920  -43.668  62.358 0.0000000000
53729  -8.094  -44.907  62.340 0.0000000000
53752  -7.830  -45.100  60.055 0.0000000000
53753  -8.207  -45.280  60.190 0.0000000000
53767  -5.317  -44.804  58.267 0.0000000000
54846  -7.225  -44.295  63.357 0.0000000000
54935  -5.801  -43.379  57.780 0.0000000000
56068  -3.730  -41.491  63.797 0.0000000000
56094  -6.728  -43.234  62.566 0.0000000000
56110  -5.368  -41.711  62.381 0.0000000000
57339  -5.193  -41.275  63.076 0.0000000000
57352  -5.535  -42.203  61.787 0.0000000000
57364  -5.519  -41.688  61.433 0.0000000000
58537  -5.931  -42.127  60.362 0.0000000000
59793  -44.662  -37.230  63.351 0.0000000000
61046  -46.585  -36.805  65.656 0.0000000000
61083  -45.316  -36.991  63.918 0.0000000000
61084  -45.796  -36.961  64.290 0.0000000000
61106  -44.549  -37.209  62.952 0.0000000000
62289  -45.860  -36.349  64.296 0.0000000000
62291  -47.061  -36.248  64.907 0.0000000000
62337  -44.041  -36.460  62.236 0.0000000000
62339  -45.055  -35.735  63.458 0.0000000000
63528  -47.502  -35.746  64.785 0.0000000000
63588  -44.754  -34.940  62.636 0.0000000000
63606  -43.760  -34.947  61.665 0.0000000000
64707  -47.135  -34.627  63.438 0.0000000000
64742  -44.523  -34.468  62.086 0.0000000000
64756  -44.106  -34.425  61.604 0.0000000000
65964  -49.885  -32.888  62.522 0.0000000000
68450  -48.391  -30.407  59.514 0.0000000000
69597  -51.836  -30.286  62.358 0.0000000000
69598  -52.331  -30.209  62.519 0.0000000000
69615  -50.568  -30.269  61.638 0.0000000000
69626  -50.773  -29.975  61.586 0.0000000000
69634  -49.226  -30.115  60.147 0.0000000000
69644  -49.100  -29.829  59.589 0.0000000000
70872  -51.072  -29.592  61.473 0.0000000000
70883  -49.735  -29.489  60.250 0.0000000000
70899  -48.363  -29.058  58.363 0.0000000000
70900  -48.826  -29.467  59.018 0.0000000000
72114  -51.428  -28.613  61.619 0.0000000000
72165  -48.325  -28.438  58.618 0.0000000000
73476  -48.068  -27.744  57.774 0.0000000000
74624  -51.867  -26.708  61.314 0.0000000000
74636  -50.715  -26.947  60.317 0.0000000000
74658  -48.945  -26.398  58.205 0.0000000000
75763  -51.743  -26.431  60.573 0.0000000000
75780  -50.220  -26.754  59.303 0.0000000000
77024  -56.420  -24.052  60.769 0.0000000000
77035  -56.827  -23.774  60.458 0.0000000000
77043  -53.612  -24.616  58.972 0.0000000000
77057  -52.364  -25.119  57.868 0.0000000000
77090  -54.235  -23.107  56.853 0.0000000000
78245  -55.824  -22.675  58.587 0.0000000000
78262  -54.327  -22.817  56.762 0.0000000000
79454  -57.605  -22.945  59.769 0.0000000000
79476  -54.684  -22.603  57.050 0.0000000000
79486  -54.330  -22.458  56.728 0.0000000000
79494  -53.667  -22.369  56.254 0.0000000000
80795  -54.225  -20.633  55.392 0.0000000000
82048  -57.188  -21.237  58.278 0.0000000000
82075  -56.071  -20.671  57.362 0.0000000000
83293  -57.927  -20.339  58.734 0.0000000000
83302  -56.496  -20.308  58.031 0.0000000000
84625  -56.523  -19.193  57.927 0.0000000000
85953  -56.627  -18.715  58.010 0.0000000000
85983  -55.505  -18.510  56.159 0.0000000000
87212  -56.582  -17.015  58.107 0.0000000000
87235  -56.393  -18.437  57.636 0.0000000000
87255  -55.304  -17.554  55.705 0.0000000000
88561  -56.345  -16.611  57.681 0.0000000000
92256  -56.836  -13.433  55.732 0.0000000000
92273  -56.718  -13.667  54.590 0.0000000000
145015  -4.472  -59.164  62.357 0.0000000000
145016  -4.292  -60.348  62.199 0.0000000000
145018  -4.467  -58.861  62.521 0.0000000000
145020  -4.486  -58.654  62.749 0.0000000000
145022  -5.088  -57.524  63.226 0.0000000000
145023  -4.801  -57.912  62.936 0.0000000000
145074  -3.843  -47.204  56.455 0.0000000000
145079  -4.006  -47.291  56.675 0.0000000000
145089  -5.339  -48.148  57.262 0.0000000000
145093  -3.816  -47.375  55.988 0.0000000000
145154  -5.712  -42.815  58.144 0.0000000000
145157  -5.848  -42.828  58.268 0.0000000000
