#!ascii label  , from subject 3815 vox2ras=TkReg
1240
44091  10.940  -54.017  77.932 0.0000000000
43161  5.233  -53.831  56.084 0.0000000000
37584  3.700  -57.544  71.531 0.0000000000
45610  9.237  -51.539  67.474 0.0000000000
49368  3.851  -48.511  60.289 0.0000000000
38901  6.533  -56.597  75.662 0.0000000000
41591  9.098  -54.502  74.347 0.0000000000
37542  14.011  -56.896  76.722 0.0000000000
36234  9.536  -58.530  75.129 0.0000000000
33482  5.862  -60.046  70.757 0.0000000000
45591  3.098  -49.839  68.472 0.0000000000
48139  6.150  -49.469  64.121 0.0000000000
51704  1.807  -46.405  65.369 0.0000000000
36339  2.775  -58.420  65.560 0.0000000000
43014  4.007  -54.244  64.677 0.0000000000
41638  6.639  -54.840  69.441 0.0000000000
45523  6.766  -51.465  71.432 0.0000000000
45702  6.896  -51.948  61.993 0.0000000000
48250  10.134  -49.546  58.174 0.0000000000
53067  7.699  -45.533  54.935 0.0000000000
55555  2.556  -43.362  59.650 0.0000000000
40237  8.575  -55.673  77.092 0.0000000000
41575  9.134  -54.704  75.977 0.0000000000
40222  11.397  -55.655  77.297 0.0000000000
36232  11.206  -57.454  75.722 0.0000000000
36216  9.856  -57.689  77.932 0.0000000000
34825  7.498  -59.084  76.209 0.0000000000
46882  2.420  -48.243  66.649 0.0000000000
39013  3.557  -57.121  68.152 0.0000000000
40393  2.641  -55.820  67.546 0.0000000000
40320  4.312  -55.947  70.254 0.0000000000
45476  8.612  -51.036  74.498 0.0000000000
46809  8.759  -50.933  72.760 0.0000000000
33454  4.695  -59.037  71.766 0.0000000000
32218  5.124  -58.901  69.527 0.0000000000
33533  3.890  -58.908  69.105 0.0000000000
33596  3.170  -59.317  66.232 0.0000000000
42959  7.724  -53.951  66.366 0.0000000000
44334  4.677  -52.896  62.784 0.0000000000
44310  9.030  -52.683  64.733 0.0000000000
48182  5.099  -48.684  62.249 0.0000000000
49320  8.972  -48.853  62.443 0.0000000000
50565  7.447  -47.509  60.338 0.0000000000
50663  9.674  -47.768  56.630 0.0000000000
50648  5.900  -47.018  57.632 0.0000000000
38920  4.569  -57.100  73.573 0.0000000000
40287  5.701  -56.073  72.611 0.0000000000
40267  7.410  -55.549  74.901 0.0000000000
44158  9.677  -52.144  74.787 0.0000000000
38914  15.615  -54.946  74.043 0.0000000000
38953  14.935  -54.541  72.159 0.0000000000
37568  13.199  -56.360  73.118 0.0000000000
37570  11.698  -57.337  72.481 0.0000000000
34845  7.893  -59.494  73.473 0.0000000000
34840  6.248  -58.925  73.849 0.0000000000
45613  6.014  -51.171  68.137 0.0000000000
46875  8.122  -50.682  66.296 0.0000000000
46879  3.994  -50.671  66.311 0.0000000000
48142  3.501  -48.721  64.597 0.0000000000
143605  2.914  -47.241  63.123 0.0000000000
45416  12.589  -52.835  77.794 0.0000000000
40273  19.966  -53.241  73.487 0.0000000000
40242  21.367  -55.298  76.038 0.0000000000
40235  16.465  -55.595  76.877 0.0000000000
42842  14.017  -53.735  76.810 0.0000000000
35014  2.523  -59.184  63.754 0.0000000000
39098  3.293  -57.048  63.153 0.0000000000
40432  3.443  -56.618  65.586 0.0000000000
41705  4.394  -54.585  66.605 0.0000000000
42923  9.538  -54.006  68.596 0.0000000000
41609  8.023  -55.348  71.213 0.0000000000
42907  9.649  -53.208  70.555 0.0000000000
45559  7.964  -51.417  69.489 0.0000000000
45563  4.249  -51.553  69.653 0.0000000000
41805  3.433  -55.133  61.654 0.0000000000
44424  2.854  -53.292  60.124 0.0000000000
45785  4.837  -51.599  58.901 0.0000000000
46944  9.054  -50.892  63.303 0.0000000000
46992  8.609  -50.650  60.287 0.0000000000
47070  5.968  -50.767  57.453 0.0000000000
47105  7.019  -50.031  55.802 0.0000000000
50691  7.596  -47.849  53.431 0.0000000000
54165  3.844  -44.687  65.065 0.0000000000
52996  4.038  -45.333  61.795 0.0000000000
56944  3.718  -42.855  61.728 0.0000000000
51786  3.372  -45.861  59.517 0.0000000000
50677  5.124  -45.373  56.946 0.0000000000
41545  9.142  -55.378  77.061 0.0000000000
42858  9.788  -54.466  76.887 0.0000000000
44105  10.248  -53.686  77.419 0.0000000000
41535  11.106  -54.677  78.312 0.0000000000
37523  10.554  -56.642  77.687 0.0000000000
38873  9.707  -55.618  78.059 0.0000000000
37533  8.911  -57.110  77.514 0.0000000000
43171  5.422  -54.257  54.791 0.0000000000
45854  5.129  -52.467  55.625 0.0000000000
37598  3.541  -57.567  69.910 0.0000000000
40322  3.602  -56.616  69.668 0.0000000000
38956  4.180  -56.728  71.094 0.0000000000
38974  17.259  -53.968  71.084 0.0000000000
36249  3.785  -58.219  71.417 0.0000000000
34862  3.883  -58.711  70.406 0.0000000000
36263  3.522  -57.966  70.552 0.0000000000
36275  3.471  -58.017  69.303 0.0000000000
42944  9.358  -52.854  67.039 0.0000000000
43010  8.337  -53.602  64.990 0.0000000000
45637  9.780  -51.865  66.657 0.0000000000
143621  4.806  -48.509  61.248 0.0000000000
50543  6.498  -47.954  61.001 0.0000000000
49390  5.427  -48.245  60.191 0.0000000000
50626  6.303  -47.614  58.549 0.0000000000
49414  4.573  -48.078  59.455 0.0000000000
38909  5.480  -56.872  75.026 0.0000000000
38918  5.578  -56.314  74.289 0.0000000000
40257  6.626  -55.958  75.246 0.0000000000
42883  9.331  -53.476  75.324 0.0000000000
46784  8.847  -50.671  75.100 0.0000000000
38905  15.250  -56.044  75.201 0.0000000000
38927  14.298  -55.875  73.833 0.0000000000
37555  13.521  -56.220  74.778 0.0000000000
36233  10.413  -58.059  75.400 0.0000000000
36237  11.284  -57.662  74.497 0.0000000000
36242  10.951  -57.981  73.201 0.0000000000
34844  8.708  -59.252  73.826 0.0000000000
36226  7.334  -57.817  76.023 0.0000000000
34832  6.469  -59.216  74.856 0.0000000000
36231  6.417  -57.765  74.968 0.0000000000
36236  5.763  -57.788  73.839 0.0000000000
45615  4.241  -51.175  67.866 0.0000000000
45641  4.834  -51.050  67.235 0.0000000000
45642  4.022  -50.658  66.960 0.0000000000
49277  1.602  -47.425  65.647 0.0000000000
46929  3.201  -47.927  65.524 0.0000000000
48166  1.791  -47.988  64.476 0.0000000000
48164  3.194  -48.107  63.919 0.0000000000
51719  1.856  -47.037  63.587 0.0000000000
38888  16.857  -55.627  76.305 0.0000000000
36361  2.319  -58.730  64.642 0.0000000000
37669  3.304  -58.373  64.833 0.0000000000
39054  2.791  -57.174  66.010 0.0000000000
41660  4.617  -55.051  68.693 0.0000000000
41683  3.911  -54.827  67.677 0.0000000000
41659  5.761  -54.833  68.462 0.0000000000
41657  7.934  -54.488  67.974 0.0000000000
41637  7.854  -54.596  69.030 0.0000000000
40285  7.521  -55.530  73.558 0.0000000000
41603  7.024  -55.668  72.286 0.0000000000
41602  7.918  -55.335  72.591 0.0000000000
45510  7.720  -51.035  72.151 0.0000000000
44190  9.873  -51.792  71.441 0.0000000000
45521  8.791  -51.253  71.010 0.0000000000
45535  8.810  -51.673  70.147 0.0000000000
45537  6.952  -51.489  70.508 0.0000000000
45561  6.172  -51.412  69.721 0.0000000000
45538  5.898  -51.555  70.605 0.0000000000
38978  13.086  -55.698  71.117 0.0000000000
38996  14.314  -54.266  70.571 0.0000000000
33504  6.557  -59.775  70.060 0.0000000000
33529  6.750  -58.893  69.157 0.0000000000
33505  6.076  -59.055  70.106 0.0000000000
32247  4.513  -59.420  67.816 0.0000000000
32246  4.917  -59.336  67.705 0.0000000000
34962  2.757  -58.684  65.950 0.0000000000
33639  2.240  -59.218  64.771 0.0000000000
41781  3.487  -55.663  63.674 0.0000000000
40477  3.327  -56.020  62.362 0.0000000000
43043  3.246  -54.897  62.719 0.0000000000
44363  5.318  -52.662  62.202 0.0000000000
44364  4.545  -53.062  61.982 0.0000000000
44393  5.175  -52.596  61.064 0.0000000000
44438  3.889  -52.280  59.018 0.0000000000
44421  5.307  -52.255  59.875 0.0000000000
46924  6.757  -49.902  64.913 0.0000000000
46922  8.755  -50.410  64.233 0.0000000000
48137  8.077  -49.592  64.120 0.0000000000
49363  9.889  -48.744  60.092 0.0000000000
48199  9.625  -49.740  61.709 0.0000000000
47013  9.421  -50.391  59.774 0.0000000000
47015  7.513  -50.818  58.894 0.0000000000
47039  8.221  -50.602  58.193 0.0000000000
47088  7.093  -50.499  56.432 0.0000000000
48273  9.228  -49.666  56.617 0.0000000000
51845  8.217  -46.205  55.711 0.0000000000
50675  8.725  -47.268  55.068 0.0000000000
51855  7.985  -46.299  54.378 0.0000000000
55499  5.321  -43.401  64.948 0.0000000000
54193  4.536  -44.712  63.329 0.0000000000
55521  4.984  -43.870  63.038 0.0000000000
56946  2.670  -42.100  60.617 0.0000000000
55532  3.116  -42.907  60.705 0.0000000000
55553  3.465  -44.283  60.676 0.0000000000
53010  3.108  -44.966  59.723 0.0000000000
143650  3.719  -45.602  58.348 0.0000000000
51824  3.210  -44.733  58.030 0.0000000000
38894  7.598  -56.439  76.611 0.0000000000
40246  7.516  -55.708  76.280 0.0000000000
41564  9.099  -55.246  76.507 0.0000000000
38884  12.786  -56.068  76.817 0.0000000000
37544  13.054  -57.018  76.163 0.0000000000
37538  11.840  -57.247  77.075 0.0000000000
36221  10.596  -57.585  77.378 0.0000000000
36229  9.476  -58.151  76.145 0.0000000000
34829  8.874  -58.883  75.918 0.0000000000
34819  8.478  -58.369  77.389 0.0000000000
36219  8.058  -57.710  77.301 0.0000000000
48095  2.506  -48.859  68.364 0.0000000000
46857  2.934  -49.027  67.529 0.0000000000
49263  1.862  -48.106  67.416 0.0000000000
51695  2.012  -46.844  66.483 0.0000000000
52908  1.774  -45.313  66.600 0.0000000000
37632  2.296  -57.717  66.945 0.0000000000
39042  2.513  -57.102  66.691 0.0000000000
40372  3.081  -56.478  68.095 0.0000000000
40348  3.716  -55.741  69.270 0.0000000000
40346  5.175  -55.441  69.706 0.0000000000
44168  9.389  -51.613  74.063 0.0000000000
42896  10.211  -53.268  73.152 0.0000000000
45486  8.410  -51.046  73.795 0.0000000000
45498  7.713  -50.766  73.092 0.0000000000
45511  6.594  -51.369  72.367 0.0000000000
45525  4.599  -51.644  71.580 0.0000000000
33453  4.968  -59.557  72.193 0.0000000000
33506  6.105  -59.100  69.892 0.0000000000
32191  4.867  -59.050  70.790 0.0000000000
32233  4.272  -58.980  69.050 0.0000000000
33552  3.900  -59.275  68.242 0.0000000000
32293  3.625  -60.090  66.566 0.0000000000
33553  3.667  -59.120  68.061 0.0000000000
36294  2.852  -58.365  67.375 0.0000000000
42985  5.653  -54.035  65.323 0.0000000000
43041  4.016  -54.184  63.467 0.0000000000
43012  6.101  -53.336  64.693 0.0000000000
44312  6.953  -52.811  64.198 0.0000000000
44331  7.663  -52.547  63.553 0.0000000000
48161  5.455  -48.900  63.108 0.0000000000
49300  8.259  -48.839  63.076 0.0000000000
49322  6.968  -48.480  62.265 0.0000000000
50541  7.983  -47.993  60.938 0.0000000000
50591  9.824  -47.990  59.470 0.0000000000
49432  9.982  -48.526  57.748 0.0000000000
50624  8.503  -47.471  58.545 0.0000000000
51820  7.293  -46.857  57.213 0.0000000000
51836  6.643  -46.322  56.420 0.0000000000
56956  2.436  -42.222  59.480 0.0000000000
57000  3.499  -43.449  58.191 0.0000000000
56979  3.999  -42.852  58.815 0.0000000000
38930  3.831  -57.435  72.508 0.0000000000
38939  4.242  -56.459  72.225 0.0000000000
40279  5.192  -56.349  73.196 0.0000000000
40277  6.880  -55.700  73.969 0.0000000000
40276  7.711  -55.415  74.331 0.0000000000
41585  7.903  -55.341  75.480 0.0000000000
42884  8.602  -54.185  75.137 0.0000000000
42891  8.815  -53.943  74.752 0.0000000000
38913  16.468  -54.828  73.774 0.0000000000
38952  16.066  -54.437  71.953 0.0000000000
38936  14.999  -55.245  72.737 0.0000000000
37556  12.805  -56.767  74.541 0.0000000000
37569  12.573  -57.102  72.810 0.0000000000
37582  12.428  -57.017  71.883 0.0000000000
34860  8.061  -59.488  71.599 0.0000000000
33462  6.615  -60.072  72.671 0.0000000000
34831  7.240  -59.332  75.250 0.0000000000
33440  6.607  -59.502  73.936 0.0000000000
33451  6.050  -60.069  73.177 0.0000000000
33443  5.249  -59.288  72.975 0.0000000000
36241  4.954  -57.939  72.594 0.0000000000
46838  7.618  -50.867  68.241 0.0000000000
45611  8.661  -51.048  66.743 0.0000000000
46876  7.050  -50.693  66.586 0.0000000000
46901  6.276  -50.335  65.756 0.0000000000
46925  5.634  -49.961  64.877 0.0000000000
46880  3.389  -49.422  66.611 0.0000000000
46904  3.456  -49.642  65.903 0.0000000000
48141  4.470  -49.520  64.238 0.0000000000
48162  4.225  -49.275  63.597 0.0000000000
48183  4.026  -48.693  61.911 0.0000000000
143614  3.727  -47.711  61.913 0.0000000000
44102  11.683  -53.162  78.301 0.0000000000
38922  18.388  -53.547  73.269 0.0000000000
40248  22.443  -53.492  75.727 0.0000000000
40230  21.998  -54.592  76.624 0.0000000000
40250  22.095  -55.115  75.125 0.0000000000
40261  20.200  -53.777  74.566 0.0000000000
40262  18.977  -53.699  74.404 0.0000000000
40275  17.687  -53.803  73.686 0.0000000000
38897  15.897  -55.539  75.879 0.0000000000
38890  15.029  -56.301  76.986 0.0000000000
40218  14.914  -54.953  75.828 0.0000000000
38883  13.613  -55.883  77.409 0.0000000000
40212  12.529  -54.504  76.957 0.0000000000
42844  12.244  -54.221  78.577 0.0000000000
39067  3.395  -57.005  64.401 0.0000000000
41761  3.609  -55.774  64.828 0.0000000000
41707  3.098  -55.653  66.733 0.0000000000
41734  2.969  -54.914  65.843 0.0000000000
41733  3.756  -54.489  65.802 0.0000000000
41703  6.321  -54.342  66.451 0.0000000000
41679  8.052  -54.311  67.020 0.0000000000
44257  9.482  -52.503  68.423 0.0000000000
40297  5.374  -55.799  71.655 0.0000000000
40318  6.060  -55.483  71.119 0.0000000000
41623  6.876  -54.999  70.673 0.0000000000
42902  10.063  -53.818  72.157 0.0000000000
41600  9.595  -54.028  71.160 0.0000000000
41621  8.859  -54.677  69.639 0.0000000000
42914  9.723  -53.398  69.691 0.0000000000
44237  9.278  -52.033  69.172 0.0000000000
45584  8.055  -51.396  68.717 0.0000000000
45586  6.451  -51.186  68.943 0.0000000000
45588  4.637  -51.471  68.791 0.0000000000
45589  3.774  -51.310  68.639 0.0000000000
45540  3.933  -51.585  70.577 0.0000000000
45565  3.333  -50.443  69.367 0.0000000000
46840  2.690  -49.419  68.733 0.0000000000
33573  6.798  -58.688  67.054 0.0000000000
32230  5.427  -58.846  68.633 0.0000000000
43069  3.726  -53.955  62.621 0.0000000000
43091  3.194  -53.857  61.289 0.0000000000
45837  5.155  -52.454  57.264 0.0000000000
46898  8.716  -51.145  65.212 0.0000000000
45688  8.767  -51.745  63.921 0.0000000000
45701  7.952  -51.766  62.219 0.0000000000
48181  8.769  -49.568  62.752 0.0000000000
45721  9.082  -50.938  61.980 0.0000000000
45723  7.443  -51.624  61.241 0.0000000000
45783  6.462  -51.136  59.380 0.0000000000
47043  5.480  -51.120  58.155 0.0000000000
45836  5.252  -51.793  56.931 0.0000000000
47107  5.719  -50.758  56.058 0.0000000000
48303  9.340  -49.002  55.659 0.0000000000
48318  7.881  -49.215  54.594 0.0000000000
54152  2.933  -44.852  66.309 0.0000000000
56905  3.510  -43.828  65.943 0.0000000000
51711  2.625  -46.060  64.836 0.0000000000
52947  3.018  -46.106  63.790 0.0000000000
143622  3.850  -46.238  62.421 0.0000000000
51763  3.516  -46.324  61.163 0.0000000000
55530  4.036  -43.569  62.090 0.0000000000
52997  3.648  -45.380  61.116 0.0000000000
49394  3.341  -47.450  59.887 0.0000000000
50628  3.824  -47.150  58.380 0.0000000000
50667  4.992  -45.890  57.557 0.0000000000
51848  6.071  -45.324  56.189 0.0000000000
53083  5.844  -44.685  55.894 0.0000000000
41544  9.677  -54.946  77.670 0.0000000000
42846  9.977  -54.444  77.391 0.0000000000
44104  10.585  -53.620  77.809 0.0000000000
41536  10.506  -54.698  78.199 0.0000000000
38872  10.060  -55.555  77.865 0.0000000000
41537  10.047  -54.788  78.040 0.0000000000
40223  9.899  -55.450  77.741 0.0000000000
41886  5.305  -54.342  55.859 0.0000000000
41885  5.299  -54.019  55.390 0.0000000000
43170  5.415  -53.725  54.805 0.0000000000
43160  5.134  -53.409  55.551 0.0000000000
38958  3.686  -57.387  70.534 0.0000000000
38981  3.911  -56.766  70.464 0.0000000000
38957  4.029  -57.258  71.122 0.0000000000
38933  17.787  -53.904  72.476 0.0000000000
38951  17.149  -54.275  71.788 0.0000000000
37572  3.645  -57.827  71.410 0.0000000000
36250  3.474  -57.929  71.100 0.0000000000
37585  3.645  -57.649  70.895 0.0000000000
44273  9.602  -52.605  67.584 0.0000000000
44286  10.047  -52.328  67.122 0.0000000000
45609  10.010  -51.888  67.361 0.0000000000
49367  4.329  -48.533  60.654 0.0000000000
49366  5.104  -48.427  60.644 0.0000000000
49391  4.876  -48.350  59.946 0.0000000000
50596  5.007  -48.032  59.427 0.0000000000
49392  4.137  -48.421  59.873 0.0000000000
38902  5.918  -57.045  75.329 0.0000000000
38908  5.868  -56.420  74.768 0.0000000000
38899  14.495  -56.649  76.524 0.0000000000
38917  13.956  -56.201  75.023 0.0000000000
37549  13.582  -56.606  75.620 0.0000000000
36238  10.253  -58.222  74.280 0.0000000000
36243  9.908  -58.403  73.348 0.0000000000
36239  9.487  -58.846  74.135 0.0000000000
36244  9.208  -58.756  73.336 0.0000000000
37546  6.968  -57.236  75.829 0.0000000000
36230  6.927  -57.767  75.378 0.0000000000
37547  6.374  -57.290  75.374 0.0000000000
37552  5.688  -57.459  75.006 0.0000000000
45590  3.148  -50.722  68.515 0.0000000000
45616  3.448  -50.838  67.642 0.0000000000
45617  3.208  -49.845  67.590 0.0000000000
50496  1.277  -47.430  65.149 0.0000000000
49285  1.391  -47.811  64.837 0.0000000000
50507  1.333  -47.688  64.353 0.0000000000
50521  1.308  -47.819  63.623 0.0000000000
51712  1.793  -46.501  64.459 0.0000000000
37652  3.155  -58.265  65.423 0.0000000000
37651  2.684  -57.829  65.864 0.0000000000
41639  5.481  -55.087  69.297 0.0000000000
41658  6.907  -54.857  68.249 0.0000000000
41597  8.393  -55.173  73.850 0.0000000000
41596  9.433  -54.529  73.249 0.0000000000
45522  7.885  -51.356  71.290 0.0000000000
45524  5.648  -51.623  71.544 0.0000000000
33481  6.733  -60.129  71.522 0.0000000000
32269  4.005  -60.058  67.135 0.0000000000
32268  4.457  -60.075  66.802 0.0000000000
36322  2.739  -58.445  65.769 0.0000000000
33617  2.497  -59.077  65.384 0.0000000000
34982  2.669  -58.693  65.452 0.0000000000
35002  2.354  -58.783  65.002 0.0000000000
41780  3.540  -55.120  64.146 0.0000000000
43015  3.568  -54.558  64.076 0.0000000000
44362  6.287  -52.492  62.412 0.0000000000
44392  5.836  -52.333  61.745 0.0000000000
45725  5.658  -52.180  60.559 0.0000000000
45724  6.220  -51.942  61.120 0.0000000000
46923  7.801  -49.954  64.810 0.0000000000
48138  7.236  -49.433  64.231 0.0000000000
48229  10.076  -49.557  59.304 0.0000000000
47038  9.415  -50.334  58.511 0.0000000000
47067  8.899  -50.236  57.253 0.0000000000
47066  9.762  -50.074  57.716 0.0000000000
55498  5.485  -42.861  65.241 0.0000000000
56903  5.597  -43.207  63.970 0.0000000000
55509  5.185  -44.081  64.028 0.0000000000
55543  2.490  -43.216  60.189 0.0000000000
55533  2.739  -42.814  60.463 0.0000000000
54218  2.638  -43.615  60.133 0.0000000000
54217  2.841  -43.955  60.201 0.0000000000
54230  2.908  -44.119  59.680 0.0000000000
53024  3.031  -44.642  59.131 0.0000000000
54241  3.105  -44.095  59.205 0.0000000000
38893  7.959  -55.938  77.258 0.0000000000
40238  8.046  -55.604  76.815 0.0000000000
44120  9.934  -53.230  77.084 0.0000000000
38885  12.063  -56.210  76.701 0.0000000000
37528  12.282  -56.626  77.131 0.0000000000
37521  11.759  -56.484  77.188 0.0000000000
37531  10.165  -57.171  77.931 0.0000000000
36228  10.378  -57.757  76.454 0.0000000000
36222  9.512  -58.132  77.275 0.0000000000
34823  8.889  -58.504  76.812 0.0000000000
36217  8.935  -57.990  78.019 0.0000000000
38886  8.413  -56.411  77.244 0.0000000000
37534  8.383  -57.252  77.283 0.0000000000
38887  8.220  -56.839  76.920 0.0000000000
37540  8.083  -57.258  76.784 0.0000000000
48106  2.461  -48.627  67.722 0.0000000000
51684  1.533  -46.609  67.524 0.0000000000
52894  1.393  -45.861  66.971 0.0000000000
52909  1.805  -46.157  66.263 0.0000000000
52893  1.721  -45.031  67.402 0.0000000000
37621  2.801  -57.830  67.643 0.0000000000
39029  2.914  -57.065  67.385 0.0000000000
40321  3.942  -56.335  70.006 0.0000000000
40349  3.257  -56.132  68.960 0.0000000000
40347  4.470  -55.536  69.450 0.0000000000
40319  5.092  -55.615  70.525 0.0000000000
45487  7.433  -51.060  73.887 0.0000000000
45499  6.430  -51.310  73.257 0.0000000000
45500  5.364  -51.357  73.341 0.0000000000
45512  5.445  -51.574  72.491 0.0000000000
33465  4.968  -59.345  71.210 0.0000000000
33466  4.564  -58.934  70.931 0.0000000000
34878  3.865  -58.990  70.008 0.0000000000
33486  4.002  -58.825  70.110 0.0000000000
33508  4.096  -58.963  69.496 0.0000000000
32248  4.117  -59.397  68.140 0.0000000000
33532  3.990  -59.128  68.717 0.0000000000
37611  3.469  -57.692  68.717 0.0000000000
36286  3.281  -58.216  68.212 0.0000000000
36293  2.518  -58.213  67.224 0.0000000000
41732  6.405  -54.087  65.943 0.0000000000
42984  6.551  -53.880  65.475 0.0000000000
43009  9.055  -53.337  65.372 0.0000000000
43011  7.252  -53.516  64.825 0.0000000000
44311  7.984  -52.940  64.298 0.0000000000
49302  6.485  -48.683  62.837 0.0000000000
49323  5.869  -48.563  62.152 0.0000000000
50542  7.042  -47.795  61.048 0.0000000000
50564  8.494  -47.515  60.341 0.0000000000
50592  9.027  -47.494  59.484 0.0000000000
50623  9.442  -47.877  58.624 0.0000000000
50593  7.968  -47.327  59.476 0.0000000000
50647  6.926  -47.090  57.747 0.0000000000
51821  6.742  -46.695  57.115 0.0000000000
58301  2.210  -41.759  59.935 0.0000000000
58300  2.540  -41.901  59.530 0.0000000000
58332  3.360  -42.274  59.167 0.0000000000
58315  3.198  -41.754  59.521 0.0000000000
37565  4.541  -57.253  73.247 0.0000000000
38929  3.919  -57.073  73.096 0.0000000000
38919  5.065  -56.765  73.907 0.0000000000
40268  6.158  -55.929  74.425 0.0000000000
40266  7.834  -55.390  74.722 0.0000000000
41565  8.321  -55.309  76.347 0.0000000000
41576  8.010  -55.121  75.957 0.0000000000
38925  15.810  -55.057  73.324 0.0000000000
37567  13.604  -55.864  73.578 0.0000000000
38937  13.894  -55.615  72.966 0.0000000000
37545  12.228  -57.404  76.159 0.0000000000
37550  12.850  -56.765  75.393 0.0000000000
37551  12.127  -57.290  75.103 0.0000000000
37564  11.894  -57.373  73.486 0.0000000000
37583  11.594  -57.167  71.502 0.0000000000
36246  10.891  -57.667  71.994 0.0000000000
36260  10.207  -58.081  71.374 0.0000000000
34850  7.757  -59.663  72.509 0.0000000000
34861  7.447  -59.870  71.794 0.0000000000
34846  7.176  -59.760  73.127 0.0000000000
34824  8.249  -58.979  76.616 0.0000000000
34830  8.073  -59.216  75.615 0.0000000000
34833  6.523  -58.596  74.384 0.0000000000
34839  6.560  -59.173  74.147 0.0000000000
33441  6.262  -59.545  73.799 0.0000000000
33442  5.769  -59.475  73.434 0.0000000000
34841  5.753  -58.782  73.475 0.0000000000
37559  5.162  -57.264  73.711 0.0000000000
36240  5.459  -57.819  73.170 0.0000000000
37560  4.986  -57.400  72.977 0.0000000000
37566  4.320  -57.562  72.673 0.0000000000
45612  6.692  -50.981  68.398 0.0000000000
46855  6.767  -50.807  67.692 0.0000000000
46856  6.013  -51.007  67.524 0.0000000000
46878  4.580  -50.619  66.456 0.0000000000
46877  5.756  -50.775  66.801 0.0000000000
46902  5.105  -50.198  65.788 0.0000000000
48113  2.267  -48.416  67.008 0.0000000000
46881  2.893  -48.939  66.898 0.0000000000
46928  3.574  -48.658  65.283 0.0000000000
46927  3.690  -49.510  64.819 0.0000000000
46926  4.556  -49.818  64.832 0.0000000000
46946  4.126  -49.598  64.309 0.0000000000
48163  3.539  -49.065  64.028 0.0000000000
143602  3.519  -48.658  63.128 0.0000000000
143603  3.496  -47.474  62.480 0.0000000000
45407  12.126  -53.020  78.231 0.0000000000
46717  12.179  -52.568  77.750 0.0000000000
46716  12.383  -52.618  77.517 0.0000000000
40283  19.778  -53.367  72.489 0.0000000000
40293  19.873  -53.515  71.680 0.0000000000
38931  19.422  -53.609  72.439 0.0000000000
38921  19.294  -53.350  72.911 0.0000000000
40232  20.583  -55.050  76.722 0.0000000000
40231  21.565  -54.752  76.627 0.0000000000
40260  21.306  -54.202  74.673 0.0000000000
40251  20.907  -55.029  75.078 0.0000000000
40253  18.690  -54.566  75.043 0.0000000000
40274  18.279  -53.586  73.943 0.0000000000
40263  17.749  -53.974  74.394 0.0000000000
38889  15.970  -56.139  76.630 0.0000000000
40236  15.591  -55.807  77.159 0.0000000000
42841  14.908  -54.056  76.658 0.0000000000
40219  14.098  -55.050  75.951 0.0000000000
40228  14.229  -55.296  77.016 0.0000000000
41540  14.037  -54.368  76.671 0.0000000000
38874  13.294  -55.405  76.782 0.0000000000
41541  13.132  -53.895  76.923 0.0000000000
44101  13.037  -53.041  77.737 0.0000000000
44088  12.814  -53.451  78.443 0.0000000000
45406  12.499  -53.106  78.204 0.0000000000
44089  11.885  -53.472  78.379 0.0000000000
35038  3.152  -59.673  62.914 0.0000000000
36403  3.252  -58.599  63.484 0.0000000000
40449  3.358  -57.141  65.268 0.0000000000
39084  3.533  -58.010  64.470 0.0000000000
40448  3.485  -56.626  64.671 0.0000000000
41735  3.554  -55.713  65.832 0.0000000000
40394  2.617  -56.276  67.268 0.0000000000
41685  2.730  -55.748  67.257 0.0000000000
41682  4.972  -54.632  67.616 0.0000000000
41706  3.456  -54.938  66.719 0.0000000000
42962  4.955  -54.456  66.207 0.0000000000
41704  5.341  -54.496  66.712 0.0000000000
41680  7.096  -54.525  67.259 0.0000000000
41656  8.710  -54.169  67.641 0.0000000000
42935  9.489  -53.577  68.124 0.0000000000
40288  4.771  -56.269  72.229 0.0000000000
41610  7.017  -55.388  71.668 0.0000000000
44180  9.978  -51.919  73.311 0.0000000000
44191  10.198  -52.393  72.254 0.0000000000
42901  9.726  -52.910  71.448 0.0000000000
41608  8.973  -54.882  70.679 0.0000000000
41607  9.548  -54.178  70.180 0.0000000000
44217  9.042  -51.903  69.660 0.0000000000
45558  8.644  -51.680  69.283 0.0000000000
45585  7.260  -51.230  68.788 0.0000000000
45560  7.109  -51.402  69.626 0.0000000000
45562  5.170  -51.363  69.749 0.0000000000
45564  3.536  -51.194  69.533 0.0000000000
38976  15.248  -54.415  71.185 0.0000000000
33551  6.177  -58.784  68.314 0.0000000000
33550  6.757  -58.785  68.114 0.0000000000
32217  5.510  -58.856  69.037 0.0000000000
39136  3.822  -56.391  61.327 0.0000000000
40495  3.531  -55.753  61.367 0.0000000000
41814  3.834  -54.776  60.725 0.0000000000
43040  4.472  -53.498  63.571 0.0000000000
41795  4.235  -54.002  62.967 0.0000000000
43068  4.214  -53.493  62.738 0.0000000000
44395  2.992  -53.139  60.938 0.0000000000
43090  3.358  -53.532  61.756 0.0000000000
44396  3.069  -53.515  60.666 0.0000000000
43102  3.030  -54.437  60.112 0.0000000000
43109  2.550  -53.853  59.395 0.0000000000
44454  3.618  -52.423  58.219 0.0000000000
44453  3.727  -51.957  58.356 0.0000000000
44467  4.350  -52.869  57.726 0.0000000000
45824  4.056  -51.977  57.363 0.0000000000
45639  8.663  -50.923  66.289 0.0000000000
46874  8.608  -50.875  65.871 0.0000000000
46921  9.086  -51.165  63.933 0.0000000000
44359  8.964  -52.086  63.304 0.0000000000
45700  8.982  -51.525  62.608 0.0000000000
49299  8.611  -49.179  62.927 0.0000000000
46991  9.261  -50.443  60.622 0.0000000000
46977  9.303  -50.511  61.405 0.0000000000
45754  8.516  -50.883  60.857 0.0000000000
45722  8.585  -51.187  61.477 0.0000000000
45755  7.975  -51.124  60.617 0.0000000000
45756  6.767  -51.287  60.150 0.0000000000
46993  7.684  -50.775  59.799 0.0000000000
47041  6.396  -50.693  57.931 0.0000000000
47016  6.461  -50.896  58.734 0.0000000000
47071  5.468  -51.075  57.717 0.0000000000
45822  5.264  -51.455  57.386 0.0000000000
47090  5.374  -50.998  56.962 0.0000000000
47108  4.753  -51.124  56.475 0.0000000000
47089  6.217  -50.733  56.642 0.0000000000
45834  7.059  -50.344  56.244 0.0000000000
48320  6.746  -49.758  54.726 0.0000000000
50644  9.897  -48.015  57.234 0.0000000000
48287  9.628  -49.134  56.333 0.0000000000
49458  9.784  -48.390  55.959 0.0000000000
50690  8.103  -47.492  53.945 0.0000000000
49474  8.342  -48.423  54.607 0.0000000000
49475  7.524  -48.784  53.849 0.0000000000
49493  7.160  -48.504  53.214 0.0000000000
56884  4.163  -43.122  66.084 0.0000000000
56904  3.660  -43.633  65.879 0.0000000000
54166  3.418  -44.801  65.659 0.0000000000
52934  3.343  -45.571  64.724 0.0000000000
52933  3.786  -45.044  64.514 0.0000000000
52963  3.839  -46.040  63.222 0.0000000000
52981  4.070  -45.829  62.418 0.0000000000
51762  3.820  -46.306  61.979 0.0000000000
58284  3.619  -42.076  61.651 0.0000000000
58283  3.856  -42.345  61.925 0.0000000000
56935  4.091  -42.814  62.162 0.0000000000
55522  4.441  -43.722  62.535 0.0000000000
53009  3.365  -45.300  60.381 0.0000000000
53008  3.516  -44.974  60.700 0.0000000000
51764  3.421  -46.319  60.412 0.0000000000
50599  3.401  -46.774  59.769 0.0000000000
50629  3.467  -47.068  59.102 0.0000000000
51785  3.530  -46.319  58.886 0.0000000000
50668  4.003  -45.573  57.684 0.0000000000
50650  4.480  -46.141  58.191 0.0000000000
50676  5.729  -45.541  57.107 0.0000000000
143655  3.724  -43.786  57.559 0.0000000000
40229  8.880  -55.774  77.208 0.0000000000
41555  9.337  -55.347  76.940 0.0000000000
42857  9.756  -54.703  77.045 0.0000000000
45420  10.383  -52.974  77.448 0.0000000000
38870  11.148  -55.776  77.499 0.0000000000
38877  10.924  -56.096  77.336 0.0000000000
38878  10.315  -56.129  77.509 0.0000000000
37524  10.027  -56.758  77.856 0.0000000000
37532  9.481  -57.284  77.822 0.0000000000
37526  8.994  -56.507  77.443 0.0000000000
38881  8.885  -56.203  77.403 0.0000000000
44502  5.496  -52.791  55.172 0.0000000000
44503  5.777  -52.389  55.052 0.0000000000
38999  3.682  -57.163  69.191 0.0000000000
40350  3.590  -56.652  68.878 0.0000000000
40323  3.647  -56.857  69.461 0.0000000000
38980  4.053  -56.542  70.668 0.0000000000
40299  4.067  -56.316  71.044 0.0000000000
34848  4.391  -58.594  71.784 0.0000000000
33455  4.395  -58.791  71.270 0.0000000000
34852  4.057  -58.652  71.104 0.0000000000
34863  3.683  -58.407  70.562 0.0000000000
34879  3.780  -58.625  69.810 0.0000000000
34898  3.607  -58.614  68.693 0.0000000000
42958  8.247  -53.842  66.524 0.0000000000
42983  7.581  -53.766  65.834 0.0000000000
42957  8.990  -53.388  66.452 0.0000000000
42980  9.571  -53.136  65.834 0.0000000000
44299  9.341  -52.420  65.477 0.0000000000
49324  5.066  -48.565  61.776 0.0000000000
49345  5.597  -48.432  61.260 0.0000000000
49365  5.749  -48.253  60.598 0.0000000000
50566  6.358  -47.797  60.436 0.0000000000
50594  6.833  -47.481  59.503 0.0000000000
50595  5.716  -48.032  59.583 0.0000000000
50627  4.994  -47.614  58.732 0.0000000000
37558  5.097  -57.256  74.541 0.0000000000
41583  9.185  -54.237  75.748 0.0000000000
42882  9.791  -52.873  75.640 0.0000000000
44157  9.722  -52.333  75.439 0.0000000000
45475  9.526  -51.424  75.039 0.0000000000
38915  15.265  -55.952  74.269 0.0000000000
38916  14.241  -56.087  74.652 0.0000000000
37554  13.811  -56.049  74.509 0.0000000000
37562  13.239  -56.272  73.958 0.0000000000
34849  8.626  -59.022  72.578 0.0000000000
34821  7.356  -58.485  76.293 0.0000000000
34826  6.769  -58.993  75.791 0.0000000000
34822  6.961  -58.303  75.763 0.0000000000
34827  6.491  -58.390  75.153 0.0000000000
34828  6.911  -57.914  74.480 0.0000000000
34834  6.332  -58.215  73.870 0.0000000000
36235  6.076  -57.877  74.462 0.0000000000
37553  5.505  -57.528  74.353 0.0000000000
45614  5.092  -51.099  68.102 0.0000000000
45640  5.522  -51.058  67.547 0.0000000000
45661  3.692  -50.515  66.332 0.0000000000
46906  2.604  -48.037  66.129 0.0000000000
48144  1.867  -47.619  65.382 0.0000000000
46930  2.397  -47.633  65.159 0.0000000000
46949  2.906  -47.571  64.605 0.0000000000
48165  2.276  -48.150  63.787 0.0000000000
143609  2.437  -47.644  63.502 0.0000000000
143617  2.066  -46.608  63.121 0.0000000000
40245  17.899  -55.276  75.764 0.0000000000
40234  17.961  -55.195  76.919 0.0000000000
40226  16.837  -54.963  77.210 0.0000000000
42843  13.379  -53.601  77.337 0.0000000000
36380  2.652  -58.655  64.256 0.0000000000
36362  2.731  -58.635  64.914 0.0000000000
40433  3.157  -57.139  65.592 0.0000000000
41661  3.660  -55.340  68.608 0.0000000000
41684  3.103  -55.481  67.637 0.0000000000
41681  6.051  -54.632  67.454 0.0000000000
41636  8.997  -54.386  68.613 0.0000000000
40286  6.823  -56.013  72.940 0.0000000000
40296  6.320  -55.777  72.031 0.0000000000
41601  9.059  -54.743  71.863 0.0000000000
45509  9.131  -51.096  72.142 0.0000000000
45508  9.343  -51.380  71.375 0.0000000000
45520  9.402  -51.611  70.846 0.0000000000
45534  9.365  -51.935  70.433 0.0000000000
45536  7.922  -51.325  70.345 0.0000000000
45539  4.859  -51.646  70.631 0.0000000000
38977  14.127  -54.835  71.270 0.0000000000
38997  13.457  -55.057  70.185 0.0000000000
34897  7.377  -59.401  69.810 0.0000000000
33530  6.134  -58.689  69.244 0.0000000000
32231  5.025  -59.072  68.633 0.0000000000
33597  2.992  -59.147  65.983 0.0000000000
32295  2.735  -59.493  65.533 0.0000000000
33638  2.402  -59.468  64.228 0.0000000000
35001  2.021  -58.907  64.390 0.0000000000
40463  3.394  -56.303  63.295 0.0000000000
39116  3.578  -56.543  62.220 0.0000000000
41796  3.313  -55.410  62.594 0.0000000000
43071  2.968  -54.658  61.889 0.0000000000
44333  5.510  -52.753  63.219 0.0000000000
44394  3.897  -52.900  61.169 0.0000000000
44423  3.467  -52.865  60.058 0.0000000000
44422  4.409  -52.635  60.031 0.0000000000
44436  5.102  -51.777  59.379 0.0000000000
46900  7.388  -50.315  65.640 0.0000000000
46899  8.208  -50.609  65.336 0.0000000000
46945  8.600  -50.240  62.999 0.0000000000
49341  9.406  -48.771  61.268 0.0000000000
49319  9.652  -49.174  62.047 0.0000000000
48214  9.748  -49.789  60.626 0.0000000000
47014  8.503  -50.615  59.248 0.0000000000
47069  6.749  -50.706  57.275 0.0000000000
47068  7.657  -50.452  57.292 0.0000000000
47087  7.862  -50.106  56.593 0.0000000000
47104  7.871  -49.953  55.864 0.0000000000
50664  8.734  -47.069  56.435 0.0000000000
50674  9.402  -47.640  55.783 0.0000000000
55488  4.736  -43.247  65.667 0.0000000000
55500  4.293  -43.899  65.137 0.0000000000
54179  4.089  -44.547  64.291 0.0000000000
55510  4.523  -44.279  64.362 0.0000000000
54204  4.296  -44.679  62.225 0.0000000000
56945  3.324  -42.313  61.049 0.0000000000
56955  3.374  -43.048  61.019 0.0000000000
56954  3.517  -43.139  61.287 0.0000000000
55541  3.469  -43.702  60.913 0.0000000000
54229  3.155  -44.540  60.188 0.0000000000
51805  3.544  -45.780  58.761 0.0000000000
51787  3.133  -45.251  59.216 0.0000000000
143648  3.447  -45.177  57.808 0.0000000000
143644  3.576  -44.927  57.343 0.0000000000
38895  7.193  -56.824  76.067 0.0000000000
38900  6.974  -56.119  76.251 0.0000000000
42876  9.632  -54.144  76.119 0.0000000000
38892  13.161  -56.382  77.224 0.0000000000
37543  13.583  -57.005  76.376 0.0000000000
37537  12.678  -57.081  76.841 0.0000000000
37539  11.230  -57.246  77.434 0.0000000000
36220  11.234  -57.413  77.186 0.0000000000
36227  11.245  -57.491  76.692 0.0000000000
34836  8.781  -59.075  74.883 0.0000000000
34820  7.852  -58.505  76.977 0.0000000000
36218  8.255  -57.809  77.778 0.0000000000
36224  7.864  -58.069  77.433 0.0000000000
36225  7.810  -57.901  76.738 0.0000000000
37541  7.560  -57.216  76.305 0.0000000000
46858  2.888  -49.150  68.120 0.0000000000
45618  3.017  -49.488  67.897 0.0000000000
48105  2.590  -48.725  67.344 0.0000000000
50472  2.073  -47.441  67.114 0.0000000000
49270  2.092  -47.713  66.636 0.0000000000
50487  1.674  -47.383  65.907 0.0000000000
51705  1.513  -46.812  65.731 0.0000000000
52925  1.846  -46.307  65.831 0.0000000000
36321  2.424  -58.217  66.195 0.0000000000
37641  2.373  -57.754  66.331 0.0000000000
40371  2.667  -55.938  68.076 0.0000000000
41662  3.093  -55.638  68.533 0.0000000000
40369  4.141  -55.378  68.944 0.0000000000
41640  4.912  -55.272  69.284 0.0000000000
42890  9.823  -53.275  74.313 0.0000000000
45497  8.816  -51.099  73.181 0.0000000000
46802  8.606  -50.855  72.941 0.0000000000
46810  8.397  -50.807  72.687 0.0000000000
33464  5.302  -59.980  71.638 0.0000000000
33483  5.352  -59.484  70.743 0.0000000000
33484  5.123  -59.178  70.570 0.0000000000
32204  5.013  -58.957  70.083 0.0000000000
33485  4.290  -58.757  70.409 0.0000000000
32205  4.845  -58.627  70.099 0.0000000000
32219  4.886  -58.902  69.369 0.0000000000
32232  4.645  -59.083  68.774 0.0000000000
32270  3.679  -59.572  67.243 0.0000000000
33575  3.288  -59.150  66.748 0.0000000000
34915  3.304  -58.699  67.613 0.0000000000
33576  3.111  -58.989  66.338 0.0000000000
34937  2.995  -58.696  66.653 0.0000000000
34961  2.648  -58.453  66.382 0.0000000000
43013  5.003  -53.685  64.684 0.0000000000
43039  5.357  -53.067  64.094 0.0000000000
44313  6.069  -52.683  63.998 0.0000000000
44332  6.654  -52.670  63.336 0.0000000000
44361  7.352  -52.401  62.702 0.0000000000
48160  6.748  -49.019  63.508 0.0000000000
48159  7.718  -49.141  63.590 0.0000000000
49301  7.381  -48.692  63.000 0.0000000000
49321  7.986  -48.407  62.429 0.0000000000
49344  6.512  -48.214  61.487 0.0000000000
49343  7.512  -48.206  61.643 0.0000000000
49342  8.499  -48.303  61.656 0.0000000000
50540  8.837  -47.961  61.003 0.0000000000
49389  10.064  -48.660  59.257 0.0000000000
48271  10.174  -49.143  57.820 0.0000000000
49413  9.830  -48.329  58.360 0.0000000000
50645  9.172  -47.801  57.595 0.0000000000
50625  7.418  -47.319  58.551 0.0000000000
50646  8.013  -46.933  57.491 0.0000000000
50665  8.122  -46.772  56.728 0.0000000000
51835  7.549  -46.531  56.596 0.0000000000
51846  7.225  -45.922  55.756 0.0000000000
56947  2.302  -42.385  60.284 0.0000000000
56967  2.620  -42.923  59.171 0.0000000000
55569  2.946  -43.377  58.805 0.0000000000
56980  3.247  -42.720  58.798 0.0000000000
58330  4.424  -42.799  59.008 0.0000000000
43162  5.477  -54.173  56.594 0.0000000000
38941  3.546  -57.282  72.090 0.0000000000
38940  3.813  -56.638  71.962 0.0000000000
38928  4.459  -56.620  72.783 0.0000000000
40269  5.498  -56.218  73.919 0.0000000000
40278  5.965  -55.984  73.541 0.0000000000
40247  6.893  -55.941  75.872 0.0000000000
40256  7.355  -55.622  75.649 0.0000000000
41584  8.711  -54.805  75.409 0.0000000000
41593  8.097  -55.252  75.209 0.0000000000
41592  8.458  -55.097  74.835 0.0000000000
38924  16.741  -54.915  73.176 0.0000000000
38934  16.953  -54.631  72.492 0.0000000000
38935  15.923  -54.828  72.659 0.0000000000
38926  15.069  -55.592  73.487 0.0000000000
38954  13.917  -54.863  72.151 0.0000000000
37595  12.215  -55.933  71.963 0.0000000000
37557  12.202  -57.283  74.273 0.0000000000
37563  12.853  -57.087  73.722 0.0000000000
37581  12.793  -56.407  72.430 0.0000000000
37596  12.075  -56.365  71.134 0.0000000000
34876  8.113  -59.299  70.527 0.0000000000
34877  7.381  -59.697  70.912 0.0000000000
34837  7.945  -59.371  74.548 0.0000000000
34838  7.042  -59.481  74.129 0.0000000000
33450  6.621  -59.781  73.509 0.0000000000
33463  5.967  -60.312  72.132 0.0000000000
33452  5.394  -60.006  72.732 0.0000000000
33444  4.870  -59.098  72.521 0.0000000000
34835  5.722  -58.256  73.483 0.0000000000
34842  5.255  -58.564  72.843 0.0000000000
34843  4.719  -58.431  72.392 0.0000000000
36245  4.305  -58.121  72.183 0.0000000000
37571  3.807  -57.739  72.012 0.0000000000
46853  8.585  -51.322  67.871 0.0000000000
46854  8.028  -51.024  67.380 0.0000000000
45643  3.392  -50.176  66.757 0.0000000000
45662  3.407  -50.340  66.080 0.0000000000
46905  3.350  -48.714  66.191 0.0000000000
46903  3.953  -50.371  65.668 0.0000000000
48140  5.063  -49.418  64.177 0.0000000000
143613  3.422  -48.076  61.075 0.0000000000
44090  11.197  -53.632  78.163 0.0000000000
45409  10.833  -53.335  78.076 0.0000000000
45418  11.350  -52.839  78.174 0.0000000000
40249  23.029  -54.365  75.322 0.0000000000
40272  20.786  -53.612  73.869 0.0000000000
40252  20.018  -54.951  74.985 0.0000000000
38910  19.262  -53.417  73.782 0.0000000000
38911  18.722  -53.492  73.862 0.0000000000
38923  17.544  -54.309  73.151 0.0000000000
38912  17.258  -54.515  73.729 0.0000000000
38896  16.758  -55.228  75.442 0.0000000000
38904  16.008  -55.194  74.851 0.0000000000
38898  15.241  -56.338  76.139 0.0000000000
41552  16.265  -54.428  76.130 0.0000000000
41553  15.555  -54.763  75.901 0.0000000000
40227  15.395  -55.302  76.305 0.0000000000
38882  14.696  -55.836  77.332 0.0000000000
38875  12.363  -55.579  76.707 0.0000000000
40221  11.933  -55.244  76.970 0.0000000000
42834  13.177  -54.218  77.769 0.0000000000
41533  12.479  -54.641  77.898 0.0000000000
40214  11.761  -55.250  77.695 0.0000000000
41534  11.812  -54.719  78.319 0.0000000000
42837  11.203  -54.138  78.165 0.0000000000
37693  3.465  -58.150  63.987 0.0000000000
39083  3.384  -57.243  64.034 0.0000000000
40455  3.418  -56.553  64.011 0.0000000000
41760  3.438  -54.970  64.948 0.0000000000
39053  2.488  -57.372  66.429 0.0000000000
40412  3.111  -56.455  66.438 0.0000000000
41759  3.526  -54.635  65.308 0.0000000000
42986  4.708  -54.254  65.603 0.0000000000
42961  5.502  -54.399  65.978 0.0000000000
41731  6.797  -53.886  66.098 0.0000000000
41701  7.827  -54.094  66.585 0.0000000000
42945  8.880  -53.534  67.198 0.0000000000
40289  4.235  -56.344  71.777 0.0000000000
40298  4.494  -55.885  71.310 0.0000000000
40345  5.917  -55.377  70.098 0.0000000000
41622  7.858  -54.750  70.158 0.0000000000
41620  9.466  -54.130  69.314 0.0000000000
41635  9.467  -54.077  68.866 0.0000000000
44216  9.387  -52.393  69.969 0.0000000000
44236  9.578  -52.793  69.164 0.0000000000
42922  9.628  -53.541  68.890 0.0000000000
44256  9.587  -52.996  68.768 0.0000000000
45583  8.795  -51.644  68.452 0.0000000000
46837  8.272  -51.124  68.168 0.0000000000
46839  7.077  -50.848  68.327 0.0000000000
45587  5.558  -51.255  68.912 0.0000000000
45541  3.334  -51.001  70.407 0.0000000000
45419  10.786  -53.042  78.048 0.0000000000
38975  16.350  -54.259  71.155 0.0000000000
40317  15.679  -53.902  70.576 0.0000000000
33531  6.003  -58.740  69.349 0.0000000000
32229  5.701  -58.848  68.324 0.0000000000
32244  5.726  -59.112  67.637 0.0000000000
37759  3.800  -56.974  62.179 0.0000000000
43070  2.909  -54.125  62.384 0.0000000000
43089  3.909  -53.392  62.050 0.0000000000
43092  3.507  -54.317  61.011 0.0000000000
41827  3.565  -54.717  59.779 0.0000000000
44439  3.055  -52.912  59.138 0.0000000000
44490  5.183  -53.246  56.792 0.0000000000
45659  9.313  -51.938  65.872 0.0000000000
45660  9.203  -51.809  65.271 0.0000000000
45677  8.848  -51.566  64.310 0.0000000000
44330  8.550  -52.102  63.818 0.0000000000
44360  8.364  -52.258  62.971 0.0000000000
48158  8.409  -49.550  63.391 0.0000000000
46963  9.195  -50.447  62.385 0.0000000000
45757  5.925  -51.829  60.184 0.0000000000
45784  5.757  -51.485  59.187 0.0000000000
46994  6.968  -50.976  59.394 0.0000000000
47017  5.832  -51.024  58.699 0.0000000000
45804  5.213  -51.456  58.197 0.0000000000
45823  4.887  -51.806  57.539 0.0000000000
45848  4.990  -52.941  56.803 0.0000000000
45847  4.837  -52.233  56.156 0.0000000000
45855  5.571  -52.113  55.387 0.0000000000
47117  5.397  -51.294  55.553 0.0000000000
48272  9.820  -49.408  57.266 0.0000000000
48288  9.070  -49.554  55.938 0.0000000000
48304  8.545  -49.326  55.264 0.0000000000
49459  9.088  -48.347  55.319 0.0000000000
48305  7.607  -49.695  55.155 0.0000000000
49476  6.827  -49.451  54.100 0.0000000000
54140  2.101  -44.680  67.074 0.0000000000
54153  2.264  -44.912  66.483 0.0000000000
51703  2.333  -46.173  65.268 0.0000000000
55489  3.387  -43.982  66.364 0.0000000000
52923  2.903  -45.615  65.517 0.0000000000
52935  2.573  -46.167  64.233 0.0000000000
52965  1.853  -46.294  63.153 0.0000000000
143615  2.675  -46.546  62.905 0.0000000000
52946  3.740  -45.307  63.960 0.0000000000
143616  3.424  -46.361  62.649 0.0000000000
143610  3.515  -46.714  62.280 0.0000000000
143606  3.597  -47.108  61.676 0.0000000000
143611  3.488  -47.204  60.937 0.0000000000
55540  3.858  -43.742  61.587 0.0000000000
54215  3.921  -44.559  61.349 0.0000000000
143620  3.397  -47.104  60.295 0.0000000000
49393  3.445  -48.215  59.966 0.0000000000
49415  4.059  -47.876  59.291 0.0000000000
50649  4.822  -46.773  57.709 0.0000000000
51804  3.934  -46.173  58.441 0.0000000000
51822  6.275  -46.321  57.130 0.0000000000
51837  6.114  -45.923  56.649 0.0000000000
51847  6.381  -45.870  55.752 0.0000000000
143657  3.462  -43.949  57.906 0.0000000000
143647  3.644  -44.292  57.296 0.0000000000
51849  5.593  -44.899  56.524 0.0000000000
53068  6.906  -45.333  55.123 0.0000000000
32192  4.760  -58.876  70.490 0.0000000000
32206  4.190  -58.765  69.948 0.0000000000
32220  4.227  -58.829  69.706 0.0000000000
32249  3.840  -59.370  67.942 0.0000000000
33467  4.220  -58.773  70.746 0.0000000000
33507  5.308  -59.022  70.254 0.0000000000
33509  3.969  -58.911  69.694 0.0000000000
34816  8.365  -58.154  77.818 0.0000000000
34817  8.082  -58.243  77.611 0.0000000000
34818  8.919  -58.327  77.306 0.0000000000
34847  4.728  -58.787  72.328 0.0000000000
34851  7.174  -60.008  72.356 0.0000000000
34938  2.999  -58.883  66.142 0.0000000000
36215  10.353  -57.397  77.799 0.0000000000
36223  8.920  -58.214  77.543 0.0000000000
36262  3.705  -58.419  70.962 0.0000000000
36305  2.341  -58.236  67.049 0.0000000000
36306  2.446  -58.318  66.841 0.0000000000
36338  2.437  -58.003  65.958 0.0000000000
36381  3.093  -58.565  64.515 0.0000000000
37522  11.217  -56.557  77.458 0.0000000000
37525  9.265  -56.653  77.590 0.0000000000
37527  12.798  -56.552  77.037 0.0000000000
37529  11.721  -56.956  77.749 0.0000000000
37530  10.844  -57.114  77.749 0.0000000000
37535  13.681  -56.942  76.932 0.0000000000
37536  13.210  -56.957  76.988 0.0000000000
37548  14.063  -56.864  76.083 0.0000000000
37561  13.742  -55.929  74.213 0.0000000000
37620  2.517  -58.032  67.379 0.0000000000
37631  2.363  -58.021  67.180 0.0000000000
37640  2.356  -57.570  66.432 0.0000000000
37650  2.489  -57.548  66.222 0.0000000000
37694  3.367  -58.349  64.486 0.0000000000
37736  3.475  -57.337  62.750 0.0000000000
38871  10.300  -55.593  77.719 0.0000000000
38876  11.547  -55.978  76.920 0.0000000000
38879  9.758  -56.108  77.544 0.0000000000
38880  9.365  -56.286  77.582 0.0000000000
38891  14.009  -56.581  77.260 0.0000000000
38906  14.332  -56.390  75.544 0.0000000000
38907  13.830  -56.307  75.216 0.0000000000
38982  3.549  -57.056  70.102 0.0000000000
39041  2.371  -57.412  66.635 0.0000000000
39055  3.175  -57.588  65.572 0.0000000000
39068  3.473  -57.589  64.868 0.0000000000
40213  12.315  -54.727  77.199 0.0000000000
40215  11.030  -55.293  78.130 0.0000000000
40216  10.431  -55.223  78.136 0.0000000000
40217  9.798  -55.117  78.109 0.0000000000
40220  12.861  -54.728  76.708 0.0000000000
40224  9.392  -55.628  77.406 0.0000000000
40241  22.287  -54.572  76.223 0.0000000000
40370  3.949  -55.492  69.069 0.0000000000
41532  12.675  -54.344  77.228 0.0000000000
41538  15.673  -54.331  76.034 0.0000000000
41539  15.174  -54.606  76.222 0.0000000000
41542  12.278  -54.417  78.401 0.0000000000
41543  12.028  -54.298  78.485 0.0000000000
41554  9.693  -54.723  77.167 0.0000000000
41574  9.243  -54.362  75.860 0.0000000000
41641  3.365  -55.579  68.836 0.0000000000
41642  3.257  -55.745  68.924 0.0000000000
41678  8.504  -54.015  67.199 0.0000000000
41702  7.317  -54.087  66.537 0.0000000000
41778  4.258  -53.670  63.393 0.0000000000
41779  4.181  -53.894  63.323 0.0000000000
41794  4.254  -53.725  63.150 0.0000000000
41896  5.356  -54.161  55.003 0.0000000000
41898  5.315  -54.648  55.720 0.0000000000
42835  12.787  -54.251  78.564 0.0000000000
42836  11.948  -54.064  78.483 0.0000000000
42838  10.736  -54.336  78.135 0.0000000000
42839  10.220  -54.412  77.784 0.0000000000
42845  12.088  -54.091  78.606 0.0000000000
42847  10.005  -54.106  76.874 0.0000000000
42866  9.798  -53.778  76.056 0.0000000000
42934  9.569  -53.159  68.557 0.0000000000
42946  8.394  -53.933  66.986 0.0000000000
42956  9.569  -53.070  66.339 0.0000000000
42960  6.110  -54.260  65.786 0.0000000000
42981  9.233  -53.379  65.884 0.0000000000
42982  8.590  -53.592  65.830 0.0000000000
43008  9.325  -53.249  65.622 0.0000000000
43042  3.609  -54.710  63.225 0.0000000000
43101  3.084  -53.863  60.388 0.0000000000
43144  5.356  -53.665  56.718 0.0000000000
43183  5.453  -54.427  54.483 0.0000000000
44092  10.361  -54.054  77.624 0.0000000000
44103  11.401  -53.089  78.283 0.0000000000
44106  9.969  -53.871  77.058 0.0000000000
44203  9.676  -52.264  70.775 0.0000000000
44271  10.249  -52.158  67.188 0.0000000000
44272  10.039  -52.239  67.340 0.0000000000
44287  9.799  -52.445  66.806 0.0000000000
44298  9.576  -52.573  66.066 0.0000000000
44309  9.397  -52.948  65.475 0.0000000000
44329  8.834  -51.942  63.579 0.0000000000
44437  4.590  -51.974  59.402 0.0000000000
44474  5.268  -53.440  56.770 0.0000000000
44475  5.175  -53.287  57.185 0.0000000000
44488  4.957  -52.778  55.724 0.0000000000
44489  4.970  -53.252  56.362 0.0000000000
45408  11.050  -53.343  78.206 0.0000000000
45417  11.970  -52.748  78.143 0.0000000000
45434  10.745  -52.779  77.582 0.0000000000
45608  10.293  -51.976  67.287 0.0000000000
45636  10.231  -52.096  66.941 0.0000000000
45638  9.136  -51.289  66.177 0.0000000000
45644  3.324  -49.600  67.009 0.0000000000
45676  8.941  -51.439  63.956 0.0000000000
45687  8.943  -51.624  63.640 0.0000000000
45703  6.280  -52.117  61.856 0.0000000000
45786  4.314  -51.800  58.906 0.0000000000
45803  5.575  -51.174  58.498 0.0000000000
45805  4.256  -51.706  58.251 0.0000000000
45806  3.727  -51.851  57.973 0.0000000000
45833  7.304  -50.119  56.236 0.0000000000
45835  5.332  -51.469  57.042 0.0000000000
45844  7.274  -49.983  56.052 0.0000000000
45845  7.038  -50.134  56.125 0.0000000000
45846  4.912  -52.483  55.803 0.0000000000
46803  8.394  -50.756  73.030 0.0000000000
46947  3.870  -49.402  64.181 0.0000000000
46948  3.589  -47.886  64.872 0.0000000000
46950  2.295  -47.805  64.485 0.0000000000
46964  8.937  -49.984  62.565 0.0000000000
46978  8.875  -50.706  60.951 0.0000000000
47040  7.160  -50.675  58.045 0.0000000000
47042  5.813  -50.830  58.174 0.0000000000
47086  8.578  -49.863  56.352 0.0000000000
47091  5.216  -51.389  56.847 0.0000000000
47103  8.548  -49.741  55.817 0.0000000000
47114  6.795  -49.900  55.273 0.0000000000
48112  2.680  -48.827  67.146 0.0000000000
48125  2.184  -47.449  66.412 0.0000000000
48143  3.600  -48.293  64.701 0.0000000000
48180  9.316  -49.628  62.397 0.0000000000
48184  1.557  -48.087  63.762 0.0000000000
48215  3.710  -48.402  60.738 0.0000000000
48230  3.347  -48.206  60.560 0.0000000000
48231  3.290  -47.748  60.460 0.0000000000
48249  10.244  -49.218  58.055 0.0000000000
48306  7.030  -49.700  55.154 0.0000000000
48319  7.233  -49.454  54.560 0.0000000000
49303  1.459  -47.842  64.110 0.0000000000
49364  6.167  -48.192  60.939 0.0000000000
49411  10.248  -49.128  58.275 0.0000000000
49412  10.153  -48.854  58.511 0.0000000000
49416  3.564  -47.526  59.352 0.0000000000
49417  3.436  -47.164  59.510 0.0000000000
49431  10.228  -48.960  58.073 0.0000000000
49433  9.513  -48.245  58.107 0.0000000000
49446  9.932  -48.534  56.833 0.0000000000
50480  1.946  -47.618  66.337 0.0000000000
50495  1.335  -47.208  64.582 0.0000000000
50506  1.461  -47.309  64.065 0.0000000000
50563  9.431  -47.882  60.375 0.0000000000
50567  5.792  -48.061  60.207 0.0000000000
50597  3.505  -46.798  58.811 0.0000000000
50598  3.443  -46.630  59.258 0.0000000000
50622  9.917  -48.293  58.840 0.0000000000
50630  3.429  -46.916  59.417 0.0000000000
50666  5.708  -46.155  57.448 0.0000000000
51713  1.361  -46.866  65.029 0.0000000000
51784  3.639  -46.637  58.585 0.0000000000
51803  4.270  -46.063  58.369 0.0000000000
51806  3.283  -45.523  59.033 0.0000000000
51807  3.145  -45.153  58.535 0.0000000000
51823  4.253  -45.870  58.242 0.0000000000
51834  8.176  -46.603  56.383 0.0000000000
51857  6.157  -44.937  56.094 0.0000000000
51858  5.964  -44.733  56.281 0.0000000000
52924  2.225  -45.732  65.977 0.0000000000
52948  1.961  -46.009  63.633 0.0000000000
52964  2.404  -45.975  63.027 0.0000000000
52998  3.441  -45.806  60.774 0.0000000000
53022  4.033  -45.976  58.442 0.0000000000
53023  3.149  -44.264  58.870 0.0000000000
53039  4.022  -45.748  58.207 0.0000000000
53040  3.292  -44.094  58.383 0.0000000000
53041  3.123  -44.585  58.594 0.0000000000
53070  6.072  -45.181  55.574 0.0000000000
53071  5.623  -44.622  56.170 0.0000000000
54126  2.627  -44.406  67.441 0.0000000000
54178  4.577  -44.344  63.897 0.0000000000
54192  4.861  -44.313  63.552 0.0000000000
54216  3.627  -44.594  60.832 0.0000000000
54228  3.407  -44.645  60.540 0.0000000000
54240  3.159  -43.971  58.849 0.0000000000
54283  5.566  -44.536  55.885 0.0000000000
55486  5.378  -42.777  65.469 0.0000000000
55487  5.191  -42.924  65.554 0.0000000000
55490  3.073  -43.270  66.389 0.0000000000
55501  3.533  -43.974  65.734 0.0000000000
55531  3.245  -43.041  60.810 0.0000000000
55542  2.962  -43.490  60.542 0.0000000000
55554  3.217  -44.141  60.528 0.0000000000
55570  2.870  -43.566  59.203 0.0000000000
55590  3.146  -43.491  58.596 0.0000000000
56882  5.484  -42.506  65.563 0.0000000000
56885  3.353  -43.448  66.289 0.0000000000
56886  2.877  -43.150  66.270 0.0000000000
56934  4.682  -42.747  62.506 0.0000000000
56957  2.355  -42.522  59.672 0.0000000000
56966  2.674  -42.292  59.288 0.0000000000
56978  4.236  -42.974  58.801 0.0000000000
56981  2.809  -43.138  58.860 0.0000000000
58331  3.682  -42.357  59.138 0.0000000000
143604  2.671  -47.720  63.684 0.0000000000
143607  3.285  -46.807  62.470 0.0000000000
143608  1.547  -48.140  63.263 0.0000000000
143612  3.629  -47.748  61.522 0.0000000000
143618  2.081  -47.391  63.396 0.0000000000
143619  1.520  -47.709  63.301 0.0000000000
143623  3.639  -46.472  62.394 0.0000000000
143642  4.265  -45.761  58.115 0.0000000000
143643  3.642  -45.253  57.579 0.0000000000
143645  3.849  -45.839  58.463 0.0000000000
143649  3.421  -44.357  57.756 0.0000000000
143654  3.546  -44.101  57.630 0.0000000000
143656  3.862  -44.002  56.881 0.0000000000
143661  3.985  -43.689  57.143 0.0000000000
