#!ascii label  , from subject 3505 vox2ras=TkReg
813
67285  -23.745  -34.491  4.333 0.4285714328
69371  -24.748  -33.169  3.836 0.2857142985
68322  -24.185  -33.810  3.862 0.4285714328
69372  -25.586  -32.714  4.316 0.4285714328
69388  -24.802  -32.498  3.127 0.2857142985
70379  -26.144  -31.798  3.848 0.4285714328
70415  -24.697  -31.328  2.108 0.4285714328
70416  -25.303  -31.235  2.500 0.4285714328
71480  -24.916  -30.748  1.754 0.4285714328
72563  -25.840  -30.088  1.986 0.4285714328
72609  -24.638  -29.549  0.643 0.5714285970
72590  -25.547  -29.709  1.476 0.5714285970
73607  -26.836  -28.975  2.033 0.2857142985
72610  -25.361  -28.959  0.633 0.7142857313
73628  -25.975  -28.696  0.989 0.7142857313
74724  -26.717  -27.129  0.450 0.7142857313
74713  -27.927  -27.104  1.386 0.4285714328
73648  -26.225  -27.973  0.643 0.7142857313
74711  -26.631  -27.567  0.685 0.5714285970
75808  -27.478  -26.030  0.429 0.5714285970
74723  -26.139  -27.229  -0.030 0.5714285970
75807  -26.836  -26.473  0.123 0.5714285970
76869  -26.838  -25.701  -0.585 0.5714285970
76856  -27.320  -25.585  0.024 0.5714285970
75806  -26.324  -26.769  -0.343 0.5714285970
77858  -28.228  -24.862  0.745 0.4285714328
77871  -27.176  -24.720  -0.522 0.5714285970
78921  -27.648  -23.534  -0.208 0.5714285970
77870  -26.590  -25.296  -1.076 0.7142857313
78922  -28.239  -22.882  0.282 0.5714285970
75850  -24.872  -25.738  -2.079 0.5714285970
77885  -26.895  -23.746  -0.840 0.8571428657
79983  -27.781  -22.347  -0.278 0.7142857313
79984  -28.391  -22.136  0.356 0.5714285970
77884  -26.299  -24.415  -1.345 0.7142857313
77902  -25.470  -24.025  -1.842 0.5714285970
81039  -27.674  -21.461  -0.507 0.7142857313
81020  -28.947  -21.438  0.801 0.5714285970
78938  -26.447  -23.239  -1.263 0.7142857313
80003  -27.277  -22.094  -0.872 0.7142857313
82104  -28.088  -20.837  -0.174 0.5714285970
80002  -26.645  -22.298  -1.363 0.7142857313
82094  -28.581  -20.513  0.444 0.5714285970
78960  -26.103  -22.794  -1.643 0.5714285970
81062  -27.090  -21.418  -1.049 0.7142857313
83156  -27.939  -19.626  -0.168 0.7142857313
82093  -28.126  -20.225  -0.028 0.7142857313
81061  -26.452  -21.395  -1.636 0.7142857313
82122  -26.931  -20.525  -1.202 0.7142857313
84193  -27.339  -18.712  -0.826 0.7142857313
84181  -27.840  -18.864  -0.254 0.5714285970
80024  -25.428  -22.085  -2.591 0.5714285970
85159  -27.860  -17.935  -0.049 0.5714285970
86222  -27.630  -16.780  0.069 0.5714285970
82121  -26.316  -20.411  -1.918 0.8571428657
85175  -27.296  -17.685  -0.692 0.7142857313
84192  -26.976  -18.291  -1.164 0.7142857313
83177  -26.424  -19.337  -1.839 0.8571428657
84205  -26.852  -18.894  -1.377 0.7142857313
86254  -26.796  -16.310  -1.483 0.8571428657
86240  -27.106  -16.714  -0.912 0.5714285970
85174  -26.818  -17.645  -1.289 0.8571428657
85188  -26.328  -17.692  -1.823 0.8571428657
84204  -26.553  -18.448  -1.622 0.8571428657
87290  -26.285  -15.691  -2.456 0.8571428657
88282  -26.716  -14.613  -2.419 0.8571428657
88295  -26.652  -14.083  -2.849 0.8571428657
86239  -26.664  -16.997  -1.509 0.8571428657
88281  -26.320  -15.130  -2.796 0.8571428657
87323  -25.640  -15.294  -3.257 1.0000000000
88294  -26.280  -14.595  -3.119 1.0000000000
86269  -25.792  -16.670  -2.575 0.8571428657
87305  -25.862  -15.707  -2.935 1.0000000000
89209  -25.583  -13.777  -3.633 1.0000000000
89207  -23.788  -13.714  -3.536 0.7142857313
89210  -26.216  -13.756  -3.447 1.0000000000
88312  -24.872  -14.700  -3.570 1.0000000000
91170  -23.847  -10.929  -3.202 1.0000000000
93137  -23.235  -9.373  -3.572 0.8571428657
92168  -23.627  -10.157  -3.271 1.0000000000
94886  -23.718  -7.377  -2.517 0.8571428657
94061  -23.304  -8.348  -3.024 0.8571428657
96439  -22.891  -5.321  -2.644 0.8571428657
95656  -24.021  -6.354  -2.493 0.8571428657
95654  -22.505  -6.680  -1.791 0.5714285970
96438  -21.991  -5.061  -2.205 0.7142857313
97290  -22.103  -4.078  -2.581 0.5714285970
96418  -21.873  -5.247  -0.235 0.5714285970
95639  -22.137  -6.261  -1.057 0.5714285970
97274  -21.584  -3.543  -1.047 0.4285714328
98097  -21.489  -2.964  -2.036 0.4285714328
97269  -21.909  -4.307  0.526 0.2857142985
98068  -22.261  -3.669  1.006 0.2857142985
97263  -22.424  -4.344  1.537 0.2857142985
68336  -24.268  -33.161  3.321 0.2857142985
77857  -27.680  -25.021  0.201 0.5714285970
81040  -28.245  -21.453  0.079 0.5714285970
87279  -27.113  -15.669  -1.083 0.8571428657
87291  -26.746  -15.583  -1.843 0.8571428657
90169  -24.521  -12.808  -3.558 0.8571428657
98070  -23.633  -3.350  1.753 0.1428571492
68335  -23.532  -33.278  3.323 0.2857142985
69405  -24.245  -32.076  2.460 0.2857142985
70394  -25.143  -31.725  2.769 0.4285714328
71458  -26.455  -30.484  2.977 0.4285714328
70414  -23.807  -31.583  1.976 0.2857142985
72589  -24.880  -30.066  1.230 0.4285714328
69406  -24.730  -31.926  2.606 0.4285714328
72536  -26.707  -30.108  2.835 0.4285714328
71505  -24.277  -30.544  1.285 0.5714285970
73629  -26.774  -28.224  1.364 0.4285714328
73646  -24.930  -28.530  0.049 0.2857142985
73647  -25.623  -28.118  0.196 0.7142857313
75793  -27.351  -26.744  0.685 0.4285714328
74738  -25.767  -27.175  -0.711 0.5714285970
77840  -28.929  -24.761  1.583 0.4285714328
75821  -26.014  -26.584  -1.014 0.7142857313
76868  -26.437  -25.903  -1.048 0.7142857313
78902  -27.847  -24.381  0.182 0.5714285970
78903  -28.564  -23.802  0.722 0.4285714328
78939  -27.072  -22.857  -0.807 0.7142857313
76898  -25.200  -25.247  -1.991 0.5714285970
77883  -25.708  -25.063  -1.697 0.5714285970
83157  -28.407  -19.597  0.399 0.5714285970
80025  -25.965  -22.160  -1.900 0.8571428657
83178  -26.886  -19.604  -1.334 0.7142857313
85201  -25.844  -17.659  -2.341 1.0000000000
89194  -26.596  -13.603  -3.039 1.0000000000
87304  -25.317  -16.010  -3.180 1.0000000000
89208  -24.759  -13.777  -3.669 0.8571428657
90168  -23.365  -12.689  -3.404 0.7142857313
91191  -25.283  -11.817  -3.348 1.0000000000
91190  -24.120  -11.841  -3.196 0.7142857313
93138  -24.007  -9.348  -3.004 1.0000000000
95655  -22.947  -6.410  -2.199 0.7142857313
97275  -21.668  -4.158  -0.717 0.7142857313
95640  -22.418  -6.066  -1.642 0.5714285970
96426  -21.923  -5.310  -1.396 0.7142857313
97284  -21.618  -4.392  -1.814 0.7142857313
95632  -21.920  -6.199  0.162 0.4285714328
98075  -21.964  -3.265  0.242 0.2857142985
98083  -21.634  -3.305  -0.647 0.4285714328
97289  -21.612  -3.655  -2.148 0.4285714328
98082  -21.452  -2.954  -1.286 0.4285714328
98076  -22.390  -3.197  0.926 0.2857142985
98985  -21.565  -2.468  -0.493 0.4285714328
74736  -24.450  -27.368  -1.123 0.4285714328
74737  -25.241  -27.198  -1.059 0.4285714328
67286  -24.458  -34.313  4.615 0.4285714328
68323  -24.948  -33.651  4.598 0.4285714328
68321  -23.203  -33.927  3.794 0.2857142985
69356  -25.927  -33.125  4.987 0.4285714328
69387  -23.894  -32.725  2.814 0.2857142985
69389  -25.491  -32.004  3.396 0.4285714328
70434  -24.100  -31.171  1.706 0.2857142985
71457  -25.957  -30.672  2.682 0.4285714328
71481  -25.569  -30.596  2.174 0.4285714328
71526  -24.061  -29.997  0.665 0.4285714328
73645  -24.218  -28.784  -0.191 0.2857142985
73660  -25.194  -27.854  -0.387 0.5714285970
74722  -25.593  -27.530  -0.444 0.5714285970
75822  -26.542  -26.176  -0.686 0.5714285970
76881  -25.605  -25.756  -1.819 0.7142857313
75835  -25.745  -26.146  -1.651 0.7142857313
77903  -25.959  -23.453  -1.619 0.5714285970
82103  -27.606  -20.546  -0.567 0.7142857313
78959  -25.656  -22.908  -2.055 0.7142857313
83165  -27.430  -19.654  -0.741 0.7142857313
81084  -25.830  -21.354  -2.252 0.8571428657
86253  -26.323  -16.641  -2.007 0.8571428657
84219  -25.994  -18.715  -2.232 0.8571428657
96427  -22.381  -5.666  -2.026 0.7142857313
97283  -21.556  -3.647  -1.527 0.4285714328
96413  -21.956  -5.209  0.956 0.2857142985
98069  -22.896  -3.251  1.410 0.2857142985
97264  -23.277  -4.033  2.079 0.1428571492
73659  -24.646  -27.935  -0.577 0.2857142985
100724  -19.387  0.269  -1.238 0.2857142985
101547  -19.586  0.890  -0.449 0.1428571492
99882  -19.861  -0.724  -1.683 0.2857142985
100743  -18.866  -0.151  -2.275 0.2857142985
100725  -20.285  0.120  -0.519 0.1428571492
101524  -20.237  0.985  0.336 0.1428571492
99863  -21.719  -1.863  -0.095 0.1428571492
98984  -21.100  -2.184  -1.270 0.2857142985
99919  -19.117  -1.040  -3.757 0.2857142985
99900  -19.429  -1.010  -2.754 0.2857142985
99070  -23.165  -1.817  -5.173 0.2857142985
99053  -21.376  -1.902  -4.410 0.2857142985
101525  -21.130  0.622  0.802 0.1428571492
99003  -21.113  -2.424  -1.891 0.2857142985
98129  -22.878  -2.890  -3.706 0.2857142985
99901  -19.955  -1.820  -3.181 0.2857142985
99883  -20.397  -1.757  -2.015 0.2857142985
97306  -24.800  -4.111  -4.448 0.1428571492
99038  -22.150  -2.277  -4.121 0.2857142985
99052  -20.765  -1.827  -4.101 0.2857142985
99845  -21.471  -0.738  0.224 0.1428571492
99036  -20.713  -2.052  -3.552 0.2857142985
95701  -25.794  -6.232  -6.374 0.1428571492
97321  -25.092  -4.570  -5.599 0.1428571492
98130  -23.936  -2.890  -4.211 0.4285714328
98110  -22.203  -2.956  -3.236 0.2857142985
95672  -25.912  -6.748  -3.910 0.2857142985
96457  -24.949  -4.897  -3.697 0.4285714328
97291  -23.106  -3.959  -3.277 0.2857142985
94912  -26.833  -7.752  -4.684 0.1428571492
96458  -25.456  -5.523  -4.418 0.2857142985
95657  -25.163  -6.476  -2.909 0.5714285970
94083  -26.760  -9.219  -3.905 0.1428571492
94901  -26.443  -8.039  -4.047 0.1428571492
96440  -24.331  -5.222  -2.996 0.7142857313
94900  -25.656  -7.663  -3.222 0.4285714328
94084  -27.597  -9.451  -3.847 0.2857142985
92169  -24.440  -10.303  -3.017 0.8571428657
94082  -25.887  -8.820  -3.510 0.8571428657
94887  -24.773  -7.443  -2.605 0.5714285970
93141  -27.665  -10.358  -3.283 0.2857142985
93158  -27.514  -10.087  -3.791 0.2857142985
94063  -25.214  -8.370  -2.919 0.7142857313
94060  -22.356  -8.052  -2.983 0.5714285970
94062  -24.374  -8.383  -2.789 0.8571428657
93156  -26.049  -9.963  -3.749 0.7142857313
93121  -27.752  -10.640  -2.583 0.1428571492
85211  -23.398  -17.614  -3.721 0.5714285970
87321  -24.080  -15.673  -3.622 0.4285714328
88311  -23.957  -14.697  -3.560 0.5714285970
91171  -24.647  -11.151  -3.036 0.8571428657
91192  -26.164  -12.030  -3.628 0.8571428657
92170  -25.340  -10.646  -3.260 0.8571428657
92172  -27.475  -11.151  -2.658 0.2857142985
92188  -26.159  -11.038  -3.655 0.8571428657
91158  -27.908  -11.395  -1.570 0.4285714328
92189  -26.770  -11.265  -3.543 0.7142857313
93157  -27.029  -10.323  -3.822 0.7142857313
85210  -22.524  -17.517  -3.688 0.2857142985
86283  -24.122  -16.671  -3.588 0.5714285970
86282  -23.286  -16.617  -3.714 0.5714285970
88313  -25.637  -14.617  -3.458 0.8571428657
90170  -25.477  -12.871  -3.658 0.8571428657
91173  -27.227  -11.847  -2.821 0.4285714328
91172  -26.766  -12.153  -3.314 0.8571428657
91157  -27.634  -12.001  -2.010 0.4285714328
80038  -24.705  -21.654  -3.596 0.7142857313
81104  -23.352  -20.981  -3.802 0.4285714328
81107  -25.116  -21.420  -3.448 0.7142857313
83204  -25.065  -20.023  -3.395 0.8571428657
83203  -24.485  -19.750  -3.688 0.5714285970
84229  -23.556  -18.610  -3.740 0.5714285970
84228  -22.707  -18.518  -3.747 0.4285714328
84231  -25.036  -18.855  -3.203 0.8571428657
84230  -24.308  -18.727  -3.538 0.5714285970
86268  -25.303  -16.751  -2.973 0.7142857313
85212  -24.172  -17.696  -3.542 0.5714285970
89184  -27.118  -13.686  -1.815 0.7142857313
89195  -26.828  -13.571  -2.528 0.7142857313
90154  -26.546  -13.014  -3.248 0.7142857313
90120  -28.433  -12.665  -0.108 0.2857142985
90132  -27.595  -12.878  -1.522 0.4285714328
78958  -25.117  -22.970  -2.573 0.4285714328
80022  -24.580  -22.147  -3.171 0.4285714328
81081  -23.461  -21.674  -3.344 0.4285714328
83194  -25.914  -19.836  -2.422 0.7142857313
82140  -25.419  -20.371  -2.957 0.7142857313
83193  -25.499  -19.403  -2.843 0.7142857313
85200  -25.356  -17.704  -2.803 0.8571428657
88265  -27.141  -14.674  -1.433 0.7142857313
89170  -28.156  -13.369  -0.345 0.2857142985
89169  -27.615  -13.720  -0.920 0.5714285970
77901  -24.839  -24.174  -2.227 0.4285714328
77900  -24.095  -24.289  -2.306 0.5714285970
80023  -25.068  -22.112  -3.012 0.5714285970
82141  -25.737  -20.666  -2.512 0.7142857313
87259  -27.662  -15.647  0.356 0.4285714328
88241  -27.448  -14.877  -0.382 0.4285714328
89152  -27.915  -14.041  -0.113 0.4285714328
75834  -25.119  -26.389  -1.772 0.5714285970
86196  -28.617  -17.227  1.501 0.4285714328
85160  -28.077  -18.389  0.130 0.4285714328
87229  -28.608  -16.292  1.596 0.4285714328
86223  -27.918  -16.162  0.645 0.4285714328
72565  -27.170  -29.268  2.532 0.1428571492
84170  -28.574  -18.787  0.891 0.4285714328
85136  -28.631  -18.083  1.391 0.4285714328
73608  -27.561  -28.385  2.232 0.1428571492
73609  -28.321  -27.811  2.322 0.1428571492
76826  -28.950  -25.657  1.975 0.2857142985
80976  -30.063  -21.876  2.588 0.2857142985
83118  -30.031  -19.643  3.180 0.2857142985
82056  -30.007  -20.630  2.622 0.2857142985
79954  -29.128  -23.323  1.342 0.4285714328
82077  -29.500  -20.505  1.804 0.2857142985
79969  -29.288  -21.879  1.264 0.2857142985
84157  -29.265  -18.703  2.339 0.2857142985
83129  -29.210  -19.293  1.802 0.4285714328
73582  -27.724  -29.087  2.894 0.1428571492
74694  -28.561  -27.062  1.897 0.2857142985
75776  -28.603  -26.253  1.723 0.2857142985
77808  -30.080  -24.370  2.734 0.2857142985
79941  -29.899  -23.004  2.497 0.2857142985
77841  -29.341  -24.296  1.830 0.2857142985
75759  -30.209  -26.425  3.061 0.2857142985
74669  -28.984  -27.568  2.637 0.2857142985
76828  -30.022  -25.649  2.666 0.2857142985
75777  -29.293  -26.464  2.320 0.2857142985
77825  -29.726  -24.752  2.365 0.2857142985
71459  -27.020  -30.620  3.491 0.1428571492
70395  -25.783  -31.181  3.023 0.2857142985
72537  -27.294  -29.954  3.168 0.1428571492
67287  -24.885  -34.191  4.978 0.2857142985
67270  -24.760  -34.714  5.226 0.2857142985
66178  -24.154  -34.872  4.920 0.2857142985
70396  -26.573  -31.111  3.571 0.2857142985
67271  -25.527  -34.206  5.326 0.1428571492
66177  -23.474  -35.115  4.889 0.2857142985
66160  -24.289  -35.661  5.685 0.1428571492
75758  -29.789  -26.566  2.681 0.2857142985
77826  -30.179  -25.183  2.761 0.2857142985
80953  -30.250  -22.620  3.082 0.2857142985
78869  -29.935  -23.893  2.591 0.2857142985
80977  -30.386  -21.134  3.062 0.2857142985
82076  -29.138  -20.487  1.154 0.4285714328
83130  -29.553  -19.630  2.361 0.2857142985
85123  -29.401  -18.041  2.885 0.2857142985
82157  -24.685  -20.679  -3.860 0.7142857313
85213  -24.817  -17.756  -3.202 0.5714285970
85149  -28.084  -17.750  0.311 0.4285714328
87258  -27.338  -15.924  -0.361 0.4285714328
88242  -27.943  -14.772  0.610 0.2857142985
90133  -28.116  -12.813  -0.926 0.5714285970
90155  -26.929  -12.694  -2.739 0.7142857313
94885  -22.822  -7.351  -2.369 0.5714285970
91141  -27.930  -12.358  -1.360 0.2857142985
98109  -21.713  -2.980  -2.603 0.2857142985
100707  -21.784  -0.169  0.678 0.1428571492
98146  -24.716  -3.080  -4.865 0.2857142985
97307  -25.264  -4.980  -5.001 0.1428571492
99920  -20.043  -1.575  -3.981 0.2857142985
69373  -26.618  -32.237  4.586 0.1428571492
73583  -28.546  -28.504  3.093 0.1428571492
74648  -30.033  -27.644  3.602 0.1428571492
75794  -27.835  -26.465  1.004 0.2857142985
76827  -29.531  -25.673  2.350 0.2857142985
79924  -30.678  -23.002  3.677 0.2857142985
80954  -30.626  -21.840  3.501 0.2857142985
78883  -29.152  -23.987  1.438 0.2857142985
78884  -29.544  -23.691  1.948 0.2857142985
80020  -22.798  -22.285  -2.795 0.2857142985
84145  -29.638  -18.787  3.101 0.2857142985
86183  -29.517  -17.112  3.017 0.2857142985
81106  -24.872  -21.346  -3.743 0.7142857313
82158  -25.126  -20.893  -3.497 0.5714285970
82154  -22.636  -20.209  -3.552 0.4285714328
82156  -23.956  -20.467  -4.032 0.5714285970
85137  -28.972  -17.782  2.199 0.4285714328
84182  -28.210  -18.859  0.254 0.4285714328
87242  -28.252  -15.524  1.174 0.4285714328
88226  -28.454  -14.416  1.239 0.1428571492
90171  -26.188  -12.938  -3.575 0.8571428657
92171  -27.186  -11.252  -3.212 0.7142857313
93139  -25.085  -9.432  -3.093 0.8571428657
92157  -28.158  -10.814  -1.365 0.2857142985
93122  -28.144  -10.129  -2.241 0.1428571492
92156  -27.700  -10.965  -2.022 0.4285714328
94064  -28.016  -9.610  -3.304 0.1428571492
94902  -27.193  -8.399  -4.201 0.1428571492
95673  -26.417  -7.307  -4.669 0.1428571492
97305  -23.889  -3.488  -3.697 0.2857142985
95683  -25.989  -6.540  -4.993 0.1428571492
95695  -25.823  -6.502  -5.810 0.1428571492
96471  -25.471  -5.705  -5.383 0.1428571492
99055  -23.809  -2.303  -4.847 0.2857142985
99056  -24.636  -2.759  -5.377 0.2857142985
99072  -24.754  -3.068  -5.808 0.1428571492
98163  -24.695  -3.759  -6.201 0.1428571492
69358  -27.407  -32.617  5.240 0.1428571492
72538  -28.052  -29.351  3.371 0.1428571492
97330  -24.840  -4.929  -6.534 0.1428571492
99071  -24.297  -2.391  -5.825 0.2857142985
67284  -22.841  -34.573  4.333 0.2857142985
68306  -25.586  -33.414  4.981 0.1428571492
69357  -26.472  -32.955  5.080 0.1428571492
70380  -26.886  -31.528  4.201 0.1428571492
72564  -26.382  -29.883  2.337 0.1428571492
74693  -27.870  -27.583  1.725 0.2857142985
73630  -27.385  -27.857  1.585 0.1428571492
76843  -28.398  -25.599  1.282 0.2857142985
79968  -28.891  -22.574  0.897 0.4285714328
80040  -25.161  -21.725  -3.148 0.5714285970
86210  -28.226  -16.745  0.847 0.4285714328
81083  -25.348  -21.245  -2.952 0.7142857313
84218  -25.528  -18.488  -2.686 0.7142857313
87322  -24.940  -15.660  -3.428 0.8571428657
99018  -20.964  -2.321  -2.681 0.2857142985
75820  -25.475  -26.765  -1.378 0.5714285970
83143  -28.900  -19.601  1.117 0.4285714328
86284  -24.772  -16.749  -3.296 0.5714285970
99861  -20.150  -0.381  -1.037 0.2857142985
100706  -20.977  -0.081  0.171 0.1428571492
100759  -18.412  -0.593  -3.163 0.2857142985
99862  -20.921  -1.205  -0.576 0.1428571492
99054  -22.380  -1.981  -4.721 0.2857142985
99037  -21.511  -2.171  -3.761 0.2857142985
98128  -22.160  -2.485  -3.687 0.2857142985
99039  -22.990  -2.407  -4.311 0.2857142985
97292  -24.300  -4.247  -3.517 0.2857142985
97320  -24.986  -3.781  -5.136 0.1428571492
99019  -21.416  -2.430  -3.182 0.2857142985
96482  -25.362  -5.692  -6.147 0.1428571492
96441  -25.287  -5.726  -3.491 0.4285714328
95684  -26.603  -7.078  -5.287 0.1428571492
93140  -27.203  -10.812  -3.527 0.5714285970
81105  -24.216  -21.412  -3.769 0.4285714328
83202  -23.760  -19.564  -3.832 0.4285714328
83201  -22.995  -19.449  -3.782 0.4285714328
83200  -22.212  -19.401  -3.500 0.2857142985
90145  -27.103  -12.895  -2.082 0.7142857313
78957  -24.356  -23.232  -2.635 0.5714285970
89153  -28.375  -13.621  0.488 0.2857142985
81000  -29.314  -21.050  1.348 0.2857142985
83144  -29.304  -19.886  1.623 0.4285714328
85150  -28.280  -17.906  0.621 0.4285714328
84156  -28.917  -18.706  1.629 0.4285714328
77824  -29.266  -25.212  2.108 0.2857142985
81001  -29.575  -21.412  1.796 0.2857142985
79955  -29.504  -22.537  1.739 0.2857142985
73571  -28.593  -29.233  3.855 0.1428571492
74695  -29.185  -27.065  2.400 0.2857142985
73584  -29.432  -27.936  3.224 0.1428571492
75778  -29.806  -26.184  2.593 0.2857142985
76811  -30.418  -25.556  3.108 0.2857142985
66161  -25.351  -35.144  5.731 0.1428571492
67272  -26.513  -34.254  5.665 0.1428571492
99846  -22.209  -1.379  0.550 0.1428571492
68307  -26.207  -33.599  5.311 0.1428571492
94080  -21.847  -8.588  -3.900 0.5714285970
92186  -22.410  -10.258  -4.546 0.4285714328
93154  -22.124  -9.274  -4.868 0.4285714328
94081  -22.641  -8.743  -3.933 0.5714285970
93155  -22.680  -9.541  -4.241 0.5714285970
91189  -23.033  -11.284  -3.805 0.4285714328
91188  -21.789  -11.142  -4.474 0.4285714328
92187  -23.030  -10.212  -3.839 0.5714285970
84132  -30.843  -19.189  4.306 0.1428571492
84146  -30.371  -18.755  3.772 0.1428571492
72608  -23.758  -29.524  0.251 0.2857142985
83106  -32.596  -19.620  5.558 0.1428571492
83104  -31.130  -20.080  4.524 0.1428571492
84121  -33.020  -18.920  5.641 0.1428571492
84133  -31.391  -18.906  4.932 0.1428571492
71525  -23.494  -30.113  0.735 0.2857142985
80932  -31.156  -22.324  4.220 0.1428571492
82019  -31.760  -20.882  5.037 0.1428571492
83094  -34.385  -19.814  5.464 0.1428571492
82020  -32.524  -20.515  5.490 0.1428571492
84148  -35.352  -18.666  3.701 0.1428571492
84123  -34.741  -18.713  5.171 0.1428571492
84135  -34.972  -18.222  4.854 0.1428571492
71504  -23.227  -30.598  1.216 0.2857142985
71524  -22.804  -30.178  0.896 0.2857142985
77789  -30.891  -24.593  3.824 0.1428571492
78834  -31.008  -23.788  4.045 0.1428571492
78853  -30.577  -23.938  3.423 0.1428571492
80934  -32.450  -21.655  5.377 0.1428571492
79907  -32.129  -22.615  5.236 0.1428571492
82003  -33.239  -21.133  5.565 0.1428571492
80933  -31.696  -21.923  4.842 0.1428571492
82005  -34.778  -20.758  5.166 0.1428571492
83107  -35.345  -20.130  4.405 0.1428571492
83120  -35.352  -19.187  3.219 0.1428571492
83096  -35.228  -19.246  4.623 0.1428571492
71479  -22.000  -31.100  1.836 0.2857142985
70413  -22.765  -31.409  1.919 0.2857142985
75735  -30.766  -26.012  3.720 0.1428571492
76793  -31.558  -24.851  4.781 0.1428571492
77790  -31.341  -24.431  4.436 0.1428571492
78835  -31.486  -23.655  4.593 0.1428571492
80916  -33.180  -21.979  5.519 0.1428571492
79906  -31.594  -22.841  4.731 0.1428571492
80918  -34.531  -21.750  5.264 0.1428571492
82021  -35.250  -20.725  4.590 0.1428571492
83132  -35.108  -19.180  2.377 0.1428571492
76792  -31.273  -25.395  4.431 0.1428571492
75736  -31.127  -26.310  4.355 0.1428571492
77771  -32.521  -24.233  5.404 0.1428571492
76773  -31.908  -25.268  5.195 0.1428571492
78822  -34.083  -23.774  5.474 0.1428571492
77791  -31.781  -24.313  4.955 0.1428571492
79895  -34.306  -22.723  5.299 0.1428571492
78820  -32.513  -23.274  5.379 0.1428571492
80917  -33.831  -21.855  5.508 0.1428571492
82022  -35.468  -20.541  3.888 0.1428571492
80935  -35.091  -21.657  4.758 0.1428571492
82040  -35.397  -20.089  2.954 0.1428571492
74650  -31.251  -26.877  4.753 0.1428571492
74670  -29.703  -27.121  2.851 0.1428571492
76774  -32.939  -25.348  5.721 0.1428571492
75721  -32.483  -26.270  5.607 0.1428571492
75720  -31.605  -26.147  5.014 0.1428571492
77772  -33.480  -24.512  5.633 0.1428571492
76772  -31.575  -25.607  4.909 0.1428571492
78838  -35.272  -23.567  4.402 0.1428571492
78837  -34.808  -23.652  5.037 0.1428571492
79908  -34.897  -22.644  4.848 0.1428571492
79909  -35.360  -22.538  4.204 0.1428571492
75723  -34.519  -26.399  5.734 0.1428571492
76795  -35.249  -25.532  5.003 0.1428571492
76794  -34.689  -25.544  5.488 0.1428571492
77792  -34.778  -24.642  5.265 0.1428571492
80936  -35.457  -21.520  4.024 0.1428571492
78854  -35.517  -23.454  3.536 0.1428571492
76775  -33.921  -25.491  5.790 0.1428571492
78821  -33.166  -23.503  5.523 0.1428571492
79893  -32.824  -22.608  5.470 0.1428571492
79923  -30.210  -23.426  3.062 0.1428571492
82058  -35.069  -20.000  1.949 0.1428571492
83131  -34.657  -18.863  1.758 0.1428571492
83108  -35.411  -19.525  4.065 0.1428571492
83093  -33.395  -19.962  5.629 0.1428571492
83095  -35.096  -19.742  4.880 0.1428571492
82038  -30.331  -20.275  3.261 0.1428571492
84147  -30.902  -18.481  4.375 0.1428571492
80955  -35.558  -21.264  3.086 0.1428571492
80978  -35.355  -20.948  2.091 0.1428571492
83146  -34.753  -19.406  1.720 0.1428571492
90181  -22.650  -13.014  -3.318 0.4285714328
84159  -35.252  -18.485  2.978 0.1428571492
85139  -35.266  -18.165  3.421 0.1428571492
85104  -34.116  -17.839  5.495 0.1428571492
85127  -35.224  -18.031  3.925 0.1428571492
85124  -29.967  -17.831  3.501 0.1428571492
99955  -24.071  -1.685  -6.186 0.1428571492
70433  -23.535  -31.062  1.591 0.2857142985
83119  -30.538  -19.771  3.796 0.1428571492
77809  -30.391  -24.724  3.062 0.1428571492
74671  -30.177  -27.068  3.332 0.1428571492
76791  -30.752  -25.264  3.612 0.1428571492
86197  -29.022  -16.597  2.277 0.1428571492
82039  -30.656  -20.713  3.645 0.1428571492
83105  -31.854  -19.821  5.314 0.1428571492
84134  -32.202  -18.900  5.491 0.1428571492
85102  -32.644  -18.230  5.581 0.1428571492
84122  -33.867  -18.866  5.608 0.1428571492
82018  -31.175  -21.286  4.295 0.1428571492
79905  -31.173  -23.115  4.264 0.1428571492
82004  -34.064  -20.877  5.550 0.1428571492
78836  -31.968  -23.478  5.113 0.1428571492
79894  -33.571  -22.724  5.480 0.1428571492
74649  -30.671  -27.018  3.953 0.1428571492
79925  -35.564  -22.372  3.287 0.1428571492
77773  -34.221  -24.789  5.585 0.1428571492
66158  -22.296  -35.871  5.189 0.1428571492
66176  -22.579  -35.234  4.829 0.1428571492
66157  -21.406  -35.744  5.071 0.1428571492
68320  -22.236  -33.859  3.904 0.1428571492
68334  -22.598  -33.211  3.428 0.1428571492
68333  -21.816  -33.152  3.584 0.1428571492
69385  -21.765  -32.363  3.034 0.1428571492
69404  -23.375  -32.110  2.408 0.1428571492
69370  -21.232  -32.813  3.499 0.1428571492
69384  -20.929  -32.320  3.271 0.1428571492
69403  -22.504  -32.060  2.491 0.1428571492
70411  -20.991  -31.180  2.317 0.1428571492
71477  -20.360  -30.643  2.414 0.1428571492
71502  -21.685  -30.382  1.443 0.1428571492
72588  -22.239  -29.961  0.822 0.2857142985
72607  -22.778  -29.568  0.327 0.1428571492
72606  -21.964  -29.452  0.490 0.2857142985
73658  -23.915  -28.026  -0.714 0.2857142985
76880  -23.424  -25.579  -1.988 0.4285714328
76897  -24.587  -25.153  -2.133 0.4285714328
88310  -22.842  -14.527  -3.565 0.2857142985
88325  -22.601  -13.959  -3.427 0.2857142985
92200  -20.542  -10.100  -4.899 0.2857142985
93169  -20.795  -9.623  -4.985 0.2857142985
94097  -21.362  -9.161  -4.580 0.2857142985
94079  -21.165  -8.778  -3.717 0.4285714328
70432  -22.953  -30.930  1.523 0.1428571492
73627  -21.527  -29.111  0.562 0.1428571492
70392  -20.740  -31.620  2.890 0.1428571492
71478  -21.368  -30.697  1.806 0.1428571492
72562  -20.728  -30.057  1.768 0.1428571492
72587  -21.452  -29.814  1.168 0.1428571492
73626  -20.813  -28.543  0.820 0.2857142985
73644  -23.289  -28.771  -0.265 0.2857142985
73643  -22.009  -28.480  -0.056 0.2857142985
73657  -23.066  -27.897  -0.675 0.2857142985
74748  -24.335  -26.863  -1.550 0.4285714328
75833  -24.158  -26.347  -1.851 0.4285714328
76879  -22.768  -25.328  -1.827 0.2857142985
87320  -23.131  -15.625  -3.699 0.2857142985
89218  -21.945  -13.755  -3.306 0.2857142985
89219  -22.299  -13.472  -3.348 0.2857142985
90167  -22.256  -12.442  -3.624 0.2857142985
91187  -21.103  -11.231  -3.953 0.2857142985
91186  -20.287  -11.618  -3.400 0.2857142985
93170  -21.374  -9.646  -5.192 0.2857142985
87319  -22.119  -15.560  -3.633 0.2857142985
88324  -22.205  -14.111  -3.385 0.2857142985
89205  -21.617  -13.311  -3.323 0.2857142985
90165  -20.454  -12.394  -3.380 0.2857142985
90166  -21.275  -12.293  -3.715 0.2857142985
88308  -20.970  -14.288  -3.191 0.2857142985
89204  -20.667  -13.256  -3.161 0.2857142985
75849  -24.433  -25.859  -2.063 0.4285714328
69386  -22.955  -32.647  2.903 0.1428571492
91204  -21.395  -10.660  -5.077 0.2857142985
70412  -21.668  -31.575  2.349 0.1428571492
67283  -21.734  -34.602  4.494 0.1428571492
70393  -21.369  -31.884  2.738 0.1428571492
70378  -20.500  -32.069  3.351 0.1428571492
75832  -23.425  -26.091  -1.744 0.4285714328
92185  -20.945  -10.791  -4.700 0.2857142985
74747  -23.663  -26.698  -1.515 0.4285714328
89203  -19.918  -13.269  -2.850 0.2857142985
78937  -22.868  -23.766  -2.305 0.2857142985
77899  -23.349  -24.387  -2.235 0.2857142985
80021  -23.792  -22.417  -2.958 0.2857142985
101597  -20.503  0.556  -5.186 0.1428571492
101607  -19.901  -0.411  -5.077 0.1428571492
99952  -20.834  -1.143  -5.047 0.1428571492
99941  -22.259  -1.656  -5.231 0.1428571492
101588  -20.680  1.125  -4.398 0.1428571492
99951  -20.189  -0.938  -4.659 0.1428571492
100770  -18.348  -0.714  -3.830 0.1428571492
103082  -17.921  3.179  -2.105 0.1428571492
78956  -23.422  -23.374  -2.553 0.2857142985
78955  -22.718  -23.132  -2.479 0.2857142985
99954  -23.025  -1.357  -5.756 0.1428571492
101609  -21.637  0.192  -5.974 0.1428571492
100800  -21.140  -0.628  -5.564 0.1428571492
99953  -21.741  -1.220  -5.482 0.1428571492
99937  -18.842  -0.863  -4.323 0.1428571492
99940  -21.424  -1.629  -4.951 0.1428571492
101586  -18.424  0.470  -4.169 0.1428571492
102335  -17.850  2.094  -3.125 0.1428571492
100758  -17.955  -0.128  -3.613 0.1428571492
101562  -18.150  0.679  -1.661 0.1428571492
101546  -18.666  1.253  -0.779 0.1428571492
100742  -17.947  0.254  -2.691 0.1428571492
99939  -20.548  -1.437  -4.512 0.1428571492
99938  -19.584  -0.995  -4.388 0.1428571492
76896  -23.855  -25.235  -2.139 0.2857142985
101608  -20.399  -0.173  -5.439 0.1428571492
100785  -19.664  -0.642  -4.819 0.1428571492
101596  -19.353  -0.005  -5.071 0.1428571492
101579  -20.808  1.506  -3.449 0.1428571492
101595  -18.621  -0.203  -4.722 0.1428571492
100801  -22.234  -0.577  -6.171 0.1428571492
87317  -20.153  -15.140  -2.864 0.1428571492
88309  -21.806  -14.689  -3.467 0.1428571492
90164  -19.819  -12.589  -2.888 0.1428571492
91166  -18.972  -12.351  -2.309 0.1428571492
91185  -19.717  -12.100  -2.943 0.1428571492
92137  -18.834  -11.312  -1.240 0.1428571492
92154  -19.621  -10.875  -1.953 0.1428571492
93119  -19.795  -9.974  -1.050 0.2857142985
82155  -23.256  -20.248  -3.813 0.2857142985
82139  -21.928  -20.259  -3.185 0.1428571492
85209  -21.745  -17.333  -3.438 0.1428571492
86281  -22.384  -16.529  -3.642 0.1428571492
86279  -20.768  -16.260  -2.982 0.1428571492
88307  -20.071  -14.064  -2.867 0.1428571492
92184  -20.758  -10.547  -4.175 0.1428571492
93136  -20.542  -9.494  -2.721 0.1428571492
92155  -20.180  -10.130  -2.339 0.1428571492
93120  -20.177  -9.511  -1.594 0.2857142985
94041  -20.793  -8.409  -1.714 0.2857142985
94842  -21.115  -7.163  1.456 0.2857142985
98972  -22.078  -2.322  0.160 0.1428571492
96408  -22.798  -4.758  2.241 0.1428571492
94058  -20.919  -8.761  -2.904 0.2857142985
94042  -21.299  -7.908  -1.685 0.2857142985
94884  -22.105  -7.263  -1.894 0.2857142985
94865  -21.324  -7.586  -0.882 0.2857142985
94841  -20.607  -7.667  0.958 0.2857142985
94849  -21.641  -6.993  -0.079 0.2857142985
94833  -20.774  -6.508  3.185 0.2857142985
98966  -23.014  -2.329  1.226 0.1428571492
94837  -20.253  -7.523  2.094 0.1428571492
94836  -19.629  -7.842  2.369 0.1428571492
93100  -19.589  -9.624  -0.294 0.2857142985
94838  -20.924  -6.841  2.547 0.2857142985
95627  -21.982  -6.029  1.419 0.1428571492
95626  -21.644  -6.630  1.984 0.2857142985
96407  -22.338  -5.378  2.039 0.1428571492
95622  -21.967  -6.122  2.455 0.1428571492
92118  -18.398  -10.885  0.026 0.2857142985
95607  -20.178  -6.085  4.359 0.1428571492
95616  -22.533  -6.064  3.378 0.1428571492
95615  -21.685  -6.178  3.407 0.1428571492
91088  -17.541  -11.726  1.750 0.1428571492
90102  -28.806  -12.708  0.791 0.1428571492
84226  -21.328  -17.821  -3.265 0.1428571492
92139  -28.651  -10.742  -0.388 0.1428571492
87316  -19.681  -14.491  -2.638 0.1428571492
88293  -18.997  -13.927  -2.281 0.1428571492
90152  -18.661  -12.904  -2.125 0.1428571492
91168  -19.952  -11.561  -2.970 0.1428571492
92167  -20.339  -10.710  -2.986 0.1428571492
92119  -19.027  -10.079  -0.149 0.2857142985
94025  -20.339  -8.646  -0.487 0.1428571492
94864  -20.892  -7.982  -0.538 0.2857142985
94007  -20.134  -7.937  1.287 0.1428571492
94847  -20.662  -7.948  0.148 0.1428571492
95613  -19.992  -6.183  3.957 0.2857142985
95614  -20.689  -6.211  3.676 0.1428571492
96402  -22.355  -5.958  2.762 0.1428571492
91142  -28.260  -11.820  -0.952 0.1428571492
94866  -21.862  -7.005  -0.855 0.2857142985
95631  -21.618  -6.718  0.862 0.2857142985
94059  -21.484  -8.112  -2.585 0.2857142985
84227  -21.708  -18.413  -3.427 0.1428571492
84217  -21.253  -18.849  -3.028 0.1428571492
89139  -28.913  -13.535  1.345 0.1428571492
93153  -20.597  -9.874  -3.707 0.1428571492
94078  -20.753  -9.243  -3.609 0.1428571492
87318  -21.164  -15.414  -3.340 0.1428571492
89193  -19.347  -13.319  -2.500 0.1428571492
90153  -19.246  -12.688  -2.490 0.1428571492
92153  -19.026  -11.575  -1.837 0.1428571492
92166  -19.852  -11.279  -2.683 0.1428571492
86280  -21.521  -16.406  -3.398 0.1428571492
92138  -19.259  -10.474  -0.753 0.1428571492
85208  -21.118  -17.222  -3.115 0.1428571492
93101  -20.027  -9.356  -0.734 0.2857142985
94832  -20.128  -6.695  3.348 0.1428571492
96403  -22.922  -5.468  2.710 0.1428571492
94883  -21.607  -7.562  -1.573 0.2857142985
94848  -21.134  -7.395  0.258 0.2857142985
95621  -21.329  -6.443  2.947 0.2857142985
94012  -19.763  -8.899  0.263 0.1428571492
94013  -20.181  -8.227  0.609 0.2857142985
73625  -19.774  -28.101  1.522 0.1428571492
73642  -21.300  -28.063  0.244 0.1428571492
74721  -21.488  -27.816  -0.027 0.1428571492
74709  -19.249  -27.262  1.641 0.1428571492
75804  -19.333  -26.069  1.077 0.1428571492
74720  -20.860  -27.381  0.184 0.1428571492
76855  -20.095  -25.749  0.161 0.1428571492
74732  -21.130  -26.851  -0.289 0.1428571492
74734  -22.889  -26.989  -1.012 0.1428571492
76866  -20.587  -25.371  -0.389 0.1428571492
75830  -21.910  -25.938  -1.113 0.1428571492
74746  -23.213  -26.476  -1.435 0.1428571492
76878  -22.022  -25.336  -1.442 0.1428571492
75831  -22.653  -26.114  -1.387 0.1428571492
76865  -19.972  -25.022  0.189 0.1428571492
77868  -20.838  -24.373  -0.901 0.1428571492
77882  -22.707  -24.428  -2.094 0.1428571492
80019  -22.252  -21.658  -2.819 0.1428571492
74733  -21.792  -27.268  -0.444 0.1428571492
74735  -23.744  -27.313  -1.150 0.1428571492
73606  -20.033  -28.893  1.553 0.1428571492
75792  -19.492  -26.713  1.188 0.1428571492
81080  -22.607  -21.116  -3.296 0.1428571492
76895  -23.199  -25.049  -2.096 0.1428571492
73656  -22.469  -27.661  -0.543 0.1428571492
74710  -20.031  -27.414  1.000 0.1428571492
75791  -18.849  -26.333  1.596 0.1428571492
75805  -19.977  -26.458  0.591 0.1428571492
75817  -20.608  -26.383  -0.126 0.1428571492
75818  -21.356  -26.258  -0.631 0.1428571492
75819  -22.144  -26.521  -0.929 0.1428571492
76867  -21.367  -25.348  -0.980 0.1428571492
77867  -20.042  -24.323  -0.267 0.1428571492
77869  -21.499  -24.721  -1.315 0.1428571492
77839  -18.952  -24.706  0.981 0.1428571492
73605  -19.306  -28.607  2.205 0.1428571492
71482  -26.086  -30.420  2.538 0.4285714328
71503  -22.267  -30.591  1.380 0.1428571492
71506  -25.051  -30.368  1.560 0.4285714328
72591  -26.326  -29.127  1.620 0.1428571492
74712  -27.293  -27.257  0.980 0.4285714328
74749  -24.787  -26.947  -1.428 0.4285714328
75848  -23.871  -25.886  -1.995 0.4285714328
76857  -27.834  -25.592  0.611 0.5714285970
76882  -26.086  -25.638  -1.484 0.7142857313
78852  -30.221  -24.081  2.977 0.1428571492
80039  -24.986  -21.751  -3.458 0.7142857313
81021  -29.306  -21.441  1.279 0.2857142985
81082  -24.024  -21.908  -3.348 0.4285714328
81103  -22.940  -20.659  -3.646 0.2857142985
82057  -30.358  -20.677  3.132 0.2857142985
84124  -35.090  -19.079  4.851 0.1428571492
84136  -35.203  -18.662  4.518 0.1428571492
85115  -35.066  -17.956  4.528 0.1428571492
86209  -28.029  -17.420  0.368 0.4285714328
88306  -19.476  -13.976  -2.572 0.1428571492
88323  -21.693  -14.059  -3.284 0.2857142985
89206  -22.075  -13.024  -3.358 0.2857142985
89220  -22.959  -13.591  -3.414 0.2857142985
90180  -22.315  -12.963  -3.371 0.2857142985
91156  -19.094  -11.802  -2.183 0.1428571492
91167  -19.436  -11.835  -2.615 0.1428571492
91169  -23.396  -10.667  -3.555 0.5714285970
91203  -21.198  -10.862  -4.840 0.2857142985
92201  -20.974  -10.356  -5.162 0.2857142985
92202  -21.714  -10.226  -5.146 0.2857142985
93142  -28.098  -9.857  -2.937 0.1428571492
93168  -20.610  -9.806  -4.438 0.2857142985
94024  -19.980  -9.112  -0.296 0.2857142985
94095  -20.657  -9.520  -4.062 0.1428571492
94096  -20.853  -9.299  -4.300 0.1428571492
98111  -22.689  -3.255  -3.413 0.2857142985
98147  -24.908  -3.487  -5.543 0.1428571492
99918  -18.591  -0.836  -4.101 0.1428571492
100769  -18.273  -0.540  -4.371 0.1428571492
100784  -18.953  -0.620  -4.728 0.1428571492
100799  -20.335  -0.664  -5.043 0.1428571492
102302  -18.068  2.840  -1.418 0.1428571492
102318  -17.731  2.465  -2.214 0.1428571492
103090  -17.469  3.077  -2.803 0.1428571492
