#!ascii label  , from subject 3505 vox2ras=TkReg
1061
57380  11.421  -41.400  87.195 0.0000000000
47041  5.378  -51.422  71.644 0.0000000000
48843  4.316  -49.584  86.251 0.0000000000
53218  4.187  -45.571  80.470 0.0000000000
58609  6.192  -39.874  74.314 0.0000000000
53095  6.828  -45.858  88.195 0.0000000000
55277  4.635  -43.714  85.495 0.0000000000
55231  14.873  -43.060  88.525 0.0000000000
49889  9.362  -47.118  88.266 0.0000000000
46768  6.704  -50.721  86.083 0.0000000000
59629  1.427  -39.768  81.215 0.0000000000
56392  3.531  -42.713  77.552 0.0000000000
62846  3.289  -37.138  78.851 0.0000000000
45793  2.538  -52.618  81.929 0.0000000000
48892  4.697  -49.517  79.898 0.0000000000
50968  5.612  -47.197  83.631 0.0000000000
56335  2.716  -43.200  82.984 0.0000000000
51023  7.502  -47.298  75.768 0.0000000000
53351  5.111  -45.538  71.845 0.0000000000
55423  4.388  -43.133  69.887 0.0000000000
62930  4.623  -36.357  71.908 0.0000000000
56275  8.850  -42.748  88.362 0.0000000000
57366  7.313  -42.308  86.981 0.0000000000
58409  13.147  -41.676  88.400 0.0000000000
51968  12.207  -44.943  88.512 0.0000000000
55225  10.423  -43.915  89.608 0.0000000000
50932  8.571  -46.931  89.230 0.0000000000
61843  1.977  -37.939  80.297 0.0000000000
47854  3.458  -50.542  84.473 0.0000000000
47872  3.512  -50.124  82.799 0.0000000000
49911  4.433  -48.302  85.177 0.0000000000
56331  5.488  -42.361  83.668 0.0000000000
55286  3.740  -43.768  84.605 0.0000000000
46765  5.010  -50.691  86.283 0.0000000000
44836  5.341  -51.961  84.963 0.0000000000
45764  4.251  -51.523  84.804 0.0000000000
43854  3.225  -53.464  83.295 0.0000000000
50979  6.348  -47.142  80.841 0.0000000000
48905  6.291  -48.950  78.236 0.0000000000
53248  6.235  -45.928  78.140 0.0000000000
57478  4.273  -41.634  76.421 0.0000000000
54364  5.120  -43.969  74.638 0.0000000000
56436  5.078  -43.133  73.526 0.0000000000
53354  4.411  -44.531  71.248 0.0000000000
57523  4.869  -41.614  71.727 0.0000000000
50946  5.619  -47.622  87.548 0.0000000000
51988  5.589  -46.697  86.722 0.0000000000
54186  6.025  -44.797  86.952 0.0000000000
56311  6.412  -42.454  85.524 0.0000000000
53102  15.934  -43.480  86.937 0.0000000000
53138  14.174  -44.668  84.261 0.0000000000
51989  13.456  -44.603  86.839 0.0000000000
49899  10.672  -46.125  86.708 0.0000000000
47830  7.790  -48.501  87.682 0.0000000000
47827  6.654  -49.123  87.702 0.0000000000
54316  1.499  -43.533  80.046 0.0000000000
53268  3.459  -44.830  78.164 0.0000000000
57451  2.338  -41.333  78.974 0.0000000000
59719  3.370  -39.773  78.027 0.0000000000
61879  4.592  -37.775  76.889 0.0000000000
59549  13.625  -39.949  85.114 0.0000000000
54241  19.559  -44.001  84.706 0.0000000000
55259  21.483  -43.206  86.397 0.0000000000
57335  18.123  -41.962  87.701 0.0000000000
59519  15.709  -40.125  87.118 0.0000000000
44907  2.491  -53.571  80.733 0.0000000000
46865  3.142  -52.378  79.258 0.0000000000
47892  3.484  -50.694  80.505 0.0000000000
48871  5.317  -48.710  81.682 0.0000000000
53178  4.767  -45.878  82.297 0.0000000000
53124  5.298  -45.396  85.258 0.0000000000
53142  3.194  -44.947  84.037 0.0000000000
54288  1.842  -44.708  82.489 0.0000000000
57420  1.387  -41.545  82.049 0.0000000000
47923  4.094  -51.208  77.274 0.0000000000
48944  4.515  -50.324  75.248 0.0000000000
48981  5.976  -49.383  73.422 0.0000000000
52089  5.210  -45.252  76.330 0.0000000000
52125  6.834  -46.252  73.330 0.0000000000
50027  5.940  -48.444  71.286 0.0000000000
51120  4.666  -47.303  70.084 0.0000000000
52213  4.537  -45.825  69.237 0.0000000000
64824  4.389  -34.376  78.680 0.0000000000
63845  6.030  -36.128  75.670 0.0000000000
64902  4.793  -34.246  74.198 0.0000000000
61935  5.194  -37.669  72.516 0.0000000000
59814  4.513  -39.431  71.157 0.0000000000
57347  10.115  -42.124  88.241 0.0000000000
57382  9.566  -41.984  86.766 0.0000000000
57381  10.576  -41.819  86.993 0.0000000000
58424  12.044  -41.286  87.862 0.0000000000
57323  11.956  -42.738  89.061 0.0000000000
57339  10.596  -42.251  88.650 0.0000000000
55234  9.457  -43.327  89.315 0.0000000000
45958  5.944  -52.572  72.114 0.0000000000
47040  5.630  -51.631  71.278 0.0000000000
47847  3.904  -50.463  85.213 0.0000000000
48850  3.771  -49.636  84.765 0.0000000000
49908  4.109  -48.848  86.180 0.0000000000
54259  16.310  -44.282  83.180 0.0000000000
47839  4.927  -50.196  86.382 0.0000000000
46770  4.630  -51.038  86.064 0.0000000000
46772  4.105  -50.933  85.410 0.0000000000
46778  3.786  -51.111  84.773 0.0000000000
53217  5.284  -45.715  80.259 0.0000000000
52052  6.744  -46.532  79.050 0.0000000000
53233  5.151  -45.727  79.205 0.0000000000
57476  5.452  -40.841  75.039 0.0000000000
56420  4.921  -43.077  74.805 0.0000000000
56418  5.471  -41.990  73.800 0.0000000000
56450  4.928  -42.697  72.435 0.0000000000
57521  5.446  -40.978  72.588 0.0000000000
50945  6.185  -47.620  87.852 0.0000000000
53100  6.228  -45.756  87.256 0.0000000000
54182  6.433  -44.915  87.507 0.0000000000
56302  6.977  -42.375  86.546 0.0000000000
56330  6.542  -42.288  83.650 0.0000000000
53091  15.676  -43.077  87.795 0.0000000000
53103  14.625  -43.957  86.910 0.0000000000
53099  14.084  -44.217  87.612 0.0000000000
51977  10.894  -45.864  88.444 0.0000000000
51983  11.732  -45.525  87.819 0.0000000000
49894  9.854  -46.752  87.760 0.0000000000
48833  8.362  -47.972  87.660 0.0000000000
51972  7.484  -46.508  88.892 0.0000000000
49885  7.715  -47.614  88.702 0.0000000000
50941  6.741  -47.328  88.409 0.0000000000
48831  5.904  -48.997  87.633 0.0000000000
57431  1.298  -41.454  81.111 0.0000000000
56368  1.769  -42.239  79.545 0.0000000000
57442  1.682  -41.398  80.025 0.0000000000
62838  2.427  -37.452  79.841 0.0000000000
60790  2.655  -38.685  78.834 0.0000000000
61861  3.105  -37.964  78.468 0.0000000000
60819  3.901  -38.913  77.481 0.0000000000
61860  3.763  -37.229  78.167 0.0000000000
56274  18.054  -42.308  87.410 0.0000000000
45807  2.625  -52.776  81.021 0.0000000000
46848  2.929  -52.169  80.281 0.0000000000
47884  3.082  -51.211  81.417 0.0000000000
49921  4.656  -48.755  83.588 0.0000000000
48863  4.102  -49.559  82.702 0.0000000000
49925  5.544  -48.023  82.460 0.0000000000
50976  5.877  -47.433  81.988 0.0000000000
52009  5.388  -46.428  82.974 0.0000000000
54208  5.315  -44.460  86.053 0.0000000000
51991  5.467  -46.680  86.071 0.0000000000
54228  4.852  -44.606  85.490 0.0000000000
56324  3.117  -43.431  83.607 0.0000000000
54247  3.020  -44.324  84.077 0.0000000000
54248  2.687  -44.066  83.677 0.0000000000
53181  2.331  -45.064  82.924 0.0000000000
54276  1.833  -44.093  82.890 0.0000000000
55306  1.212  -43.298  81.830 0.0000000000
56347  1.886  -42.745  82.443 0.0000000000
51999  12.810  -45.183  84.664 0.0000000000
53158  14.053  -44.865  83.185 0.0000000000
46776  6.937  -51.173  85.323 0.0000000000
46787  7.037  -51.363  84.413 0.0000000000
45760  6.514  -51.863  84.819 0.0000000000
43851  4.610  -53.082  83.551 0.0000000000
44865  5.053  -53.153  83.425 0.0000000000
45783  2.730  -52.427  82.762 0.0000000000
44881  2.600  -53.289  82.470 0.0000000000
47902  3.541  -50.942  79.359 0.0000000000
47924  3.924  -51.717  77.874 0.0000000000
48902  4.005  -50.361  78.465 0.0000000000
49957  6.855  -48.547  76.678 0.0000000000
48921  5.254  -49.474  76.747 0.0000000000
48942  6.196  -49.002  75.971 0.0000000000
48963  5.136  -50.014  74.358 0.0000000000
50001  6.763  -48.636  74.067 0.0000000000
55349  3.412  -43.416  77.918 0.0000000000
52091  4.445  -45.153  77.245 0.0000000000
54345  4.462  -44.173  76.890 0.0000000000
53326  5.041  -44.919  73.267 0.0000000000
53310  5.266  -44.992  74.492 0.0000000000
53338  5.996  -45.660  72.616 0.0000000000
51069  6.897  -47.373  72.521 0.0000000000
51085  6.028  -46.595  71.324 0.0000000000
50045  5.534  -48.103  70.866 0.0000000000
52154  5.208  -45.723  70.985 0.0000000000
54411  4.231  -43.951  70.930 0.0000000000
52190  4.192  -45.729  69.859 0.0000000000
53394  4.124  -44.308  69.670 0.0000000000
64842  4.541  -34.125  77.645 0.0000000000
63835  5.310  -35.597  76.620 0.0000000000
64862  4.652  -33.918  76.563 0.0000000000
64934  4.550  -34.412  72.470 0.0000000000
63875  4.729  -35.062  72.974 0.0000000000
62899  5.363  -36.138  73.150 0.0000000000
61936  4.684  -37.524  72.103 0.0000000000
60887  4.507  -38.482  71.809 0.0000000000
60901  4.441  -38.484  71.489 0.0000000000
54175  7.531  -45.065  88.821 0.0000000000
56271  7.003  -43.352  87.876 0.0000000000
57349  8.260  -42.443  87.692 0.0000000000
56249  14.099  -42.545  88.860 0.0000000000
53086  13.299  -44.216  88.269 0.0000000000
55222  12.892  -43.528  89.117 0.0000000000
54163  11.498  -44.354  89.421 0.0000000000
51970  10.247  -46.133  89.008 0.0000000000
50937  9.219  -47.034  89.014 0.0000000000
53082  9.573  -45.441  89.418 0.0000000000
54167  8.471  -45.073  89.281 0.0000000000
61822  1.383  -38.447  82.243 0.0000000000
60768  1.617  -39.154  80.592 0.0000000000
62815  1.979  -37.114  81.757 0.0000000000
62827  2.716  -36.630  81.052 0.0000000000
63799  3.278  -36.275  80.640 0.0000000000
46799  2.966  -51.508  83.125 0.0000000000
47873  3.124  -50.923  82.483 0.0000000000
47863  3.262  -50.430  83.625 0.0000000000
49922  4.309  -48.949  84.106 0.0000000000
50969  5.291  -47.611  84.281 0.0000000000
56313  4.613  -43.245  85.112 0.0000000000
55285  4.228  -43.566  84.978 0.0000000000
56322  4.211  -43.148  84.246 0.0000000000
56333  3.715  -42.865  83.413 0.0000000000
56345  3.149  -42.269  82.512 0.0000000000
57410  2.351  -41.553  82.388 0.0000000000
45749  5.564  -51.187  85.999 0.0000000000
45753  5.748  -51.690  85.657 0.0000000000
45754  5.260  -51.668  85.587 0.0000000000
44837  4.817  -51.924  84.719 0.0000000000
44853  4.024  -52.598  83.881 0.0000000000
43853  3.714  -53.325  83.470 0.0000000000
44854  3.459  -52.681  83.698 0.0000000000
45775  3.024  -52.171  83.565 0.0000000000
49939  6.337  -48.554  79.781 0.0000000000
48900  5.863  -49.095  79.083 0.0000000000
49938  6.774  -47.897  79.663 0.0000000000
50997  7.266  -47.645  78.375 0.0000000000
52074  7.188  -46.534  77.111 0.0000000000
57479  3.882  -42.358  76.921 0.0000000000
54353  4.711  -43.868  76.137 0.0000000000
55367  4.872  -43.479  75.377 0.0000000000
55379  5.068  -43.651  74.002 0.0000000000
54377  4.829  -44.242  73.159 0.0000000000
53352  4.755  -45.227  71.667 0.0000000000
54388  4.476  -44.253  71.991 0.0000000000
55402  4.439  -43.729  71.602 0.0000000000
56471  4.276  -43.086  70.994 0.0000000000
63909  4.518  -35.145  71.529 0.0000000000
61958  4.592  -37.448  71.272 0.0000000000
62940  5.015  -36.693  70.686 0.0000000000
49898  5.118  -48.886  87.086 0.0000000000
50955  4.434  -48.409  86.524 0.0000000000
50950  5.151  -47.569  87.252 0.0000000000
53105  5.878  -45.458  86.760 0.0000000000
55263  5.623  -43.800  86.323 0.0000000000
55250  6.574  -43.524  87.494 0.0000000000
56293  6.051  -43.317  86.684 0.0000000000
56304  5.249  -43.214  86.014 0.0000000000
56320  5.949  -42.439  84.584 0.0000000000
53118  16.694  -43.996  86.315 0.0000000000
53136  15.839  -43.909  84.917 0.0000000000
53120  14.964  -44.036  85.620 0.0000000000
51982  12.640  -44.955  87.741 0.0000000000
50951  11.977  -45.282  86.949 0.0000000000
50962  11.656  -45.762  85.257 0.0000000000
47841  7.970  -49.656  85.980 0.0000000000
46761  7.191  -49.707  86.752 0.0000000000
49891  8.382  -47.811  88.367 0.0000000000
47826  7.166  -48.948  87.779 0.0000000000
46758  6.425  -49.798  87.015 0.0000000000
47834  5.770  -49.640  87.187 0.0000000000
48835  5.365  -49.285  87.106 0.0000000000
54315  1.948  -44.388  80.224 0.0000000000
53252  3.074  -44.864  78.866 0.0000000000
54326  2.137  -43.744  79.243 0.0000000000
55341  2.793  -43.297  78.550 0.0000000000
56393  3.264  -42.694  78.037 0.0000000000
59675  2.365  -39.669  79.329 0.0000000000
58571  3.128  -40.397  78.373 0.0000000000
57467  3.688  -41.552  77.389 0.0000000000
58579  4.072  -40.549  77.104 0.0000000000
59762  4.721  -39.424  76.309 0.0000000000
59761  5.498  -39.663  75.569 0.0000000000
58449  12.658  -40.593  85.801 0.0000000000
54242  18.466  -43.732  84.570 0.0000000000
54189  23.136  -43.332  85.949 0.0000000000
55258  22.580  -43.072  86.305 0.0000000000
54203  22.077  -43.675  86.017 0.0000000000
54205  20.330  -43.465  86.274 0.0000000000
54224  19.830  -43.759  85.616 0.0000000000
54207  17.495  -43.739  86.400 0.0000000000
55240  17.010  -42.808  87.897 0.0000000000
56257  16.298  -42.233  88.439 0.0000000000
59506  16.691  -40.778  87.751 0.0000000000
58406  15.722  -41.414  88.257 0.0000000000
59509  14.756  -40.747  87.732 0.0000000000
58422  13.634  -40.665  87.217 0.0000000000
47903  3.259  -51.673  79.624 0.0000000000
48883  3.945  -49.949  80.722 0.0000000000
47883  3.536  -50.520  81.635 0.0000000000
48873  4.074  -49.790  81.827 0.0000000000
48882  4.753  -49.416  81.023 0.0000000000
49929  6.248  -47.905  81.098 0.0000000000
52029  5.976  -46.465  81.099 0.0000000000
53198  3.963  -45.638  81.532 0.0000000000
50959  4.781  -47.638  85.791 0.0000000000
51996  5.544  -46.620  85.292 0.0000000000
51995  5.875  -46.142  84.648 0.0000000000
54229  4.061  -44.158  84.986 0.0000000000
53141  4.239  -45.109  84.313 0.0000000000
53160  4.687  -45.714  83.439 0.0000000000
53179  3.759  -45.644  82.575 0.0000000000
53199  2.994  -45.591  81.792 0.0000000000
53220  2.408  -45.140  81.027 0.0000000000
54303  1.258  -43.934  81.073 0.0000000000
56357  1.179  -42.383  81.525 0.0000000000
58524  1.267  -40.599  81.717 0.0000000000
58509  1.945  -40.638  82.660 0.0000000000
59606  1.683  -39.672  82.679 0.0000000000
60740  1.456  -38.851  82.496 0.0000000000
45791  6.702  -52.489  82.143 0.0000000000
45774  6.055  -52.301  84.233 0.0000000000
48907  4.516  -49.882  77.586 0.0000000000
48923  4.198  -50.805  76.658 0.0000000000
47995  5.031  -50.609  72.866 0.0000000000
53266  4.607  -45.562  77.685 0.0000000000
53265  5.326  -45.617  77.335 0.0000000000
53278  7.019  -46.041  75.609 0.0000000000
53295  5.191  -44.861  75.788 0.0000000000
53293  6.411  -45.791  75.063 0.0000000000
52113  7.521  -46.667  74.399 0.0000000000
51068  7.221  -47.456  73.251 0.0000000000
48996  6.174  -49.050  72.169 0.0000000000
48031  5.349  -50.009  71.747 0.0000000000
49013  5.224  -49.700  70.807 0.0000000000
52172  4.641  -45.717  70.672 0.0000000000
51121  4.381  -46.559  70.006 0.0000000000
63798  3.854  -35.608  80.307 0.0000000000
64812  4.274  -34.491  79.658 0.0000000000
63811  4.211  -35.346  79.214 0.0000000000
62855  4.564  -36.508  77.633 0.0000000000
62861  5.545  -37.083  76.356 0.0000000000
61904  6.472  -37.634  75.016 0.0000000000
64883  5.219  -34.582  75.054 0.0000000000
62898  6.099  -36.514  73.577 0.0000000000
59793  6.019  -39.536  72.998 0.0000000000
59794  5.321  -39.521  72.383 0.0000000000
58632  4.718  -40.438  71.355 0.0000000000
57546  4.442  -41.458  70.484 0.0000000000
58662  4.628  -40.636  70.062 0.0000000000
57362  10.749  -41.799  87.715 0.0000000000
57389  11.341  -41.423  86.365 0.0000000000
57361  11.542  -41.480  87.801 0.0000000000
57345  11.681  -41.570  88.079 0.0000000000
57346  11.045  -41.835  88.166 0.0000000000
45959  5.472  -52.389  72.504 0.0000000000
45977  5.616  -51.820  71.658 0.0000000000
47846  4.172  -50.180  85.820 0.0000000000
48846  3.952  -49.703  85.531 0.0000000000
54243  17.457  -43.833  84.346 0.0000000000
54258  17.359  -44.154  83.328 0.0000000000
54244  16.577  -44.031  84.147 0.0000000000
47842  4.507  -50.313  86.133 0.0000000000
47843  4.213  -50.633  85.730 0.0000000000
53216  5.693  -45.780  79.693 0.0000000000
53234  4.329  -45.620  79.428 0.0000000000
58598  5.795  -40.219  74.794 0.0000000000
57493  5.603  -41.218  74.386 0.0000000000
57506  5.592  -41.360  73.188 0.0000000000
58610  6.032  -40.415  73.686 0.0000000000
51978  6.481  -46.670  88.121 0.0000000000
53096  6.482  -45.836  87.723 0.0000000000
54181  6.743  -45.026  87.871 0.0000000000
54170  15.333  -43.175  88.089 0.0000000000
53092  15.129  -43.377  87.806 0.0000000000
54180  14.366  -43.753  88.094 0.0000000000
50943  10.237  -46.462  88.321 0.0000000000
50949  10.519  -46.351  87.896 0.0000000000
49888  9.987  -46.848  87.977 0.0000000000
49901  9.125  -47.071  87.285 0.0000000000
49895  9.111  -47.299  87.848 0.0000000000
48832  8.640  -47.578  87.334 0.0000000000
53090  7.260  -45.857  88.636 0.0000000000
50940  7.425  -47.166  88.830 0.0000000000
51973  7.001  -46.587  88.576 0.0000000000
58538  1.552  -40.586  80.650 0.0000000000
62837  3.158  -36.718  79.876 0.0000000000
61852  2.730  -37.503  79.164 0.0000000000
61870  3.690  -37.954  77.903 0.0000000000
46829  2.830  -51.998  81.243 0.0000000000
46811  2.810  -51.793  82.176 0.0000000000
49915  5.204  -48.013  83.843 0.0000000000
49920  5.348  -47.986  83.184 0.0000000000
50972  5.637  -47.249  82.701 0.0000000000
54209  4.545  -44.099  85.477 0.0000000000
55292  2.936  -43.702  83.731 0.0000000000
55293  2.603  -43.835  83.462 0.0000000000
54262  2.347  -44.079  83.347 0.0000000000
55298  2.319  -43.552  83.064 0.0000000000
56336  2.457  -43.241  82.843 0.0000000000
45752  6.288  -51.533  85.538 0.0000000000
43852  4.314  -53.076  83.601 0.0000000000
44898  2.482  -53.442  81.667 0.0000000000
48893  3.890  -50.115  79.580 0.0000000000
48901  4.650  -49.718  78.741 0.0000000000
49973  7.315  -47.958  76.250 0.0000000000
49974  6.945  -48.427  75.868 0.0000000000
49991  6.807  -48.561  75.087 0.0000000000
49990  7.337  -47.967  75.391 0.0000000000
54346  3.934  -44.008  77.485 0.0000000000
54354  4.289  -43.821  76.959 0.0000000000
53339  5.277  -45.352  72.578 0.0000000000
53350  5.618  -45.643  72.016 0.0000000000
52152  6.212  -46.057  71.869 0.0000000000
52153  5.762  -45.773  71.343 0.0000000000
51086  5.603  -46.397  70.982 0.0000000000
55424  4.245  -43.415  70.612 0.0000000000
54418  4.152  -43.964  70.636 0.0000000000
54417  4.017  -43.951  70.129 0.0000000000
66002  4.290  -33.483  78.256 0.0000000000
66013  4.264  -33.231  77.014 0.0000000000
63888  4.677  -35.366  72.511 0.0000000000
64919  4.714  -34.340  73.253 0.0000000000
63887  4.815  -35.684  72.669 0.0000000000
62916  4.730  -36.486  72.220 0.0000000000
61950  4.510  -37.492  71.816 0.0000000000
55236  8.111  -44.044  88.734 0.0000000000
55242  7.792  -43.528  88.336 0.0000000000
56276  8.142  -42.764  87.970 0.0000000000
58403  13.575  -41.880  88.560 0.0000000000
56250  13.324  -42.764  89.025 0.0000000000
57322  12.957  -42.335  88.807 0.0000000000
56259  11.049  -43.096  89.367 0.0000000000
54164  10.744  -44.463  89.577 0.0000000000
51962  10.657  -45.539  89.226 0.0000000000
53081  10.336  -45.186  89.449 0.0000000000
51963  9.848  -46.031  89.290 0.0000000000
54165  10.018  -44.597  89.541 0.0000000000
56262  9.297  -43.072  89.136 0.0000000000
55227  8.818  -44.316  89.211 0.0000000000
56263  8.818  -43.291  88.835 0.0000000000
54174  8.032  -44.821  89.097 0.0000000000
61821  1.627  -37.944  82.481 0.0000000000
62814  2.549  -36.420  81.999 0.0000000000
63765  3.202  -35.836  82.137 0.0000000000
63784  3.255  -36.031  81.282 0.0000000000
49912  3.971  -48.945  85.388 0.0000000000
49917  4.110  -48.965  84.619 0.0000000000
49916  4.719  -48.327  84.389 0.0000000000
56321  5.001  -42.763  84.484 0.0000000000
56332  4.543  -42.592  83.613 0.0000000000
56334  3.089  -43.046  83.139 0.0000000000
46764  5.485  -50.640  86.346 0.0000000000
45750  5.080  -51.228  86.067 0.0000000000
45756  4.400  -51.292  85.434 0.0000000000
45755  4.738  -51.471  85.564 0.0000000000
45763  4.594  -51.683  84.882 0.0000000000
44838  4.352  -52.027  84.404 0.0000000000
44839  3.945  -52.128  84.160 0.0000000000
46788  3.245  -51.284  84.001 0.0000000000
45765  3.597  -51.835  84.166 0.0000000000
49934  6.516  -47.882  80.397 0.0000000000
53232  5.965  -45.816  79.105 0.0000000000
50990  7.191  -47.110  78.724 0.0000000000
52064  6.818  -46.457  78.323 0.0000000000
51004  7.391  -47.406  77.581 0.0000000000
52075  6.803  -46.280  77.747 0.0000000000
56403  4.378  -42.852  76.174 0.0000000000
56419  5.193  -42.583  74.231 0.0000000000
53341  4.612  -44.743  72.240 0.0000000000
55389  4.727  -43.676  72.693 0.0000000000
55401  4.586  -43.454  72.031 0.0000000000
56460  4.513  -42.792  71.512 0.0000000000
56461  4.387  -43.417  71.329 0.0000000000
64946  4.464  -34.484  71.858 0.0000000000
64959  4.575  -34.691  71.404 0.0000000000
63908  4.729  -35.403  71.079 0.0000000000
49897  5.083  -48.555  87.312 0.0000000000
49902  4.771  -48.170  87.160 0.0000000000
51984  5.859  -46.714  87.164 0.0000000000
54194  5.915  -44.446  86.681 0.0000000000
56277  7.265  -42.921  87.783 0.0000000000
56278  6.678  -43.175  87.638 0.0000000000
56291  7.106  -42.593  87.358 0.0000000000
56292  6.447  -42.880  87.090 0.0000000000
56303  6.022  -42.808  86.280 0.0000000000
56312  5.474  -42.812  85.398 0.0000000000
53106  16.593  -43.568  86.783 0.0000000000
53119  16.084  -44.038  85.820 0.0000000000
53107  15.810  -43.698  86.579 0.0000000000
53109  14.136  -44.338  86.282 0.0000000000
51967  12.717  -44.569  88.351 0.0000000000
51975  13.003  -44.705  87.845 0.0000000000
50952  11.089  -45.843  87.229 0.0000000000
50947  11.930  -45.396  87.533 0.0000000000
50957  11.170  -45.702  86.346 0.0000000000
50958  10.750  -46.125  86.153 0.0000000000
49910  9.659  -47.526  85.544 0.0000000000
47840  8.054  -48.882  86.562 0.0000000000
46767  7.224  -49.940  86.408 0.0000000000
47836  7.588  -49.312  86.960 0.0000000000
50938  8.721  -47.293  89.007 0.0000000000
49883  8.764  -47.457  88.666 0.0000000000
49884  8.166  -47.598  88.845 0.0000000000
48824  6.916  -47.891  88.394 0.0000000000
48829  6.788  -48.641  87.996 0.0000000000
47832  6.757  -49.408  87.421 0.0000000000
47833  6.260  -49.538  87.346 0.0000000000
47828  6.080  -49.028  87.746 0.0000000000
49893  5.656  -48.457  87.636 0.0000000000
48836  5.169  -49.145  86.925 0.0000000000
55329  1.937  -43.032  79.305 0.0000000000
56371  2.406  -42.453  78.824 0.0000000000
56381  2.972  -42.645  78.345 0.0000000000
57458  2.803  -42.013  78.465 0.0000000000
60767  1.650  -38.478  80.843 0.0000000000
60779  1.939  -39.440  79.915 0.0000000000
60778  2.017  -38.735  79.836 0.0000000000
60804  3.170  -39.130  78.259 0.0000000000
59698  2.933  -39.661  78.615 0.0000000000
57457  3.133  -41.275  78.257 0.0000000000
58580  3.539  -40.432  77.783 0.0000000000
59742  3.554  -39.932  77.809 0.0000000000
60818  4.322  -38.904  76.888 0.0000000000
59740  4.318  -39.887  76.874 0.0000000000
60837  4.713  -38.879  76.337 0.0000000000
60836  5.144  -38.849  75.954 0.0000000000
59534  13.308  -40.313  85.809 0.0000000000
59550  12.950  -40.066  85.075 0.0000000000
54255  20.335  -44.407  83.878 0.0000000000
54256  19.378  -44.143  83.702 0.0000000000
56288  21.844  -42.574  86.431 0.0000000000
57357  22.428  -41.997  86.254 0.0000000000
55273  21.447  -43.468  86.248 0.0000000000
54204  21.342  -43.632  86.128 0.0000000000
55274  20.848  -43.287  86.461 0.0000000000
54206  18.706  -43.133  86.543 0.0000000000
54225  18.572  -43.782  85.608 0.0000000000
56265  17.983  -41.869  87.938 0.0000000000
55239  17.454  -42.621  87.645 0.0000000000
56266  17.177  -42.550  88.068 0.0000000000
55229  16.731  -42.660  88.064 0.0000000000
57326  16.887  -41.785  88.324 0.0000000000
59518  16.421  -39.946  87.179 0.0000000000
59513  15.933  -40.394  87.569 0.0000000000
58413  16.225  -41.028  87.975 0.0000000000
59508  15.390  -40.698  87.753 0.0000000000
58415  14.744  -41.019  88.006 0.0000000000
59514  15.223  -40.467  87.476 0.0000000000
59533  13.937  -40.211  85.864 0.0000000000
59521  14.127  -40.419  86.669 0.0000000000
59522  13.601  -40.420  86.379 0.0000000000
58430  12.970  -40.635  86.740 0.0000000000
44917  2.571  -53.662  79.768 0.0000000000
45819  2.723  -52.919  80.059 0.0000000000
47893  3.166  -51.418  80.411 0.0000000000
48872  4.892  -48.990  82.043 0.0000000000
48881  5.401  -48.871  81.287 0.0000000000
49935  6.042  -48.493  80.806 0.0000000000
49930  5.679  -48.294  81.701 0.0000000000
52019  5.667  -46.462  81.867 0.0000000000
52018  5.870  -46.643  81.480 0.0000000000
53197  4.963  -45.716  81.288 0.0000000000
50954  4.773  -47.748  86.677 0.0000000000
50960  4.220  -48.054  86.063 0.0000000000
53123  5.698  -45.805  85.026 0.0000000000
55278  4.191  -43.886  85.170 0.0000000000
54246  3.681  -44.474  84.470 0.0000000000
53161  3.507  -45.362  83.473 0.0000000000
53180  2.851  -45.444  82.759 0.0000000000
53200  2.227  -45.277  82.104 0.0000000000
54302  1.722  -44.691  81.504 0.0000000000
53137  14.938  -44.176  84.621 0.0000000000
53156  15.762  -44.137  84.059 0.0000000000
53157  15.140  -44.413  83.383 0.0000000000
45773  6.645  -52.002  83.911 0.0000000000
46798  7.112  -51.483  83.400 0.0000000000
45762  5.562  -51.870  85.390 0.0000000000
45761  5.863  -52.140  85.108 0.0000000000
44850  5.572  -52.351  84.459 0.0000000000
43915  2.463  -54.391  80.395 0.0000000000
46902  3.908  -52.370  77.427 0.0000000000
46901  4.095  -51.866  77.034 0.0000000000
48906  5.460  -49.435  77.924 0.0000000000
48943  5.169  -49.621  75.553 0.0000000000
48922  4.392  -50.099  76.398 0.0000000000
47942  4.253  -50.842  75.818 0.0000000000
47959  4.194  -50.985  74.963 0.0000000000
47976  4.769  -50.698  73.764 0.0000000000
48982  5.224  -50.116  73.342 0.0000000000
47996  4.690  -51.295  73.372 0.0000000000
53251  3.695  -45.360  78.649 0.0000000000
52090  4.838  -45.110  76.836 0.0000000000
52077  4.683  -45.382  77.177 0.0000000000
53280  5.546  -45.510  76.463 0.0000000000
53263  6.910  -46.055  76.386 0.0000000000
53279  6.282  -45.772  75.998 0.0000000000
53311  5.142  -44.405  75.242 0.0000000000
53324  6.391  -45.832  73.455 0.0000000000
53309  5.936  -45.503  74.351 0.0000000000
53308  6.714  -45.845  74.220 0.0000000000
53292  7.141  -46.115  74.767 0.0000000000
53307  7.202  -46.212  74.096 0.0000000000
51052  7.558  -47.377  74.005 0.0000000000
50026  6.482  -48.079  71.761 0.0000000000
49011  6.072  -48.745  71.574 0.0000000000
49012  5.561  -49.260  71.245 0.0000000000
48032  5.278  -50.327  71.343 0.0000000000
50046  5.080  -48.082  70.350 0.0000000000
50068  4.830  -48.239  69.726 0.0000000000
53353  4.562  -44.928  71.428 0.0000000000
52155  4.784  -45.335  71.166 0.0000000000
52189  4.233  -45.675  69.506 0.0000000000
51149  4.447  -46.284  69.534 0.0000000000
51148  5.029  -47.162  69.238 0.0000000000
65977  4.364  -33.620  79.936 0.0000000000
63825  4.617  -35.300  78.117 0.0000000000
62873  5.636  -36.104  76.152 0.0000000000
62862  5.169  -36.733  76.713 0.0000000000
62872  5.844  -36.787  76.090 0.0000000000
61890  5.961  -37.561  75.829 0.0000000000
62884  6.298  -36.743  75.392 0.0000000000
64903  4.682  -33.757  73.912 0.0000000000
66036  4.500  -33.392  75.129 0.0000000000
64884  4.756  -33.900  75.484 0.0000000000
64901  5.059  -34.767  74.461 0.0000000000
62914  5.556  -36.990  72.961 0.0000000000
61918  6.149  -37.353  73.269 0.0000000000
61933  6.317  -37.982  73.355 0.0000000000
60885  5.584  -38.634  72.593 0.0000000000
59805  4.606  -39.398  71.594 0.0000000000
57535  4.555  -41.523  71.111 0.0000000000
58644  4.579  -40.469  70.779 0.0000000000
60913  4.690  -38.157  70.745 0.0000000000
57341  9.188  -42.634  88.532 0.0000000000
57348  9.080  -42.458  88.141 0.0000000000
57363  9.790  -42.072  87.601 0.0000000000
57390  10.430  -41.732  86.105 0.0000000000
58417  12.537  -41.445  88.157 0.0000000000
57330  12.353  -42.122  88.583 0.0000000000
57337  12.300  -41.785  88.356 0.0000000000
57331  11.191  -42.599  89.014 0.0000000000
56260  10.516  -43.036  89.403 0.0000000000
56254  10.225  -43.433  89.546 0.0000000000
57332  10.199  -42.650  89.138 0.0000000000
57340  9.651  -42.543  88.761 0.0000000000
47062  5.390  -50.548  70.589 0.0000000000
48847  3.567  -50.097  84.870 0.0000000000
46766  4.676  -50.724  86.161 0.0000000000
45751  4.830  -51.170  86.064 0.0000000000
46771  4.385  -51.017  85.830 0.0000000000
46777  3.973  -51.014  85.236 0.0000000000
52040  6.211  -46.199  80.132 0.0000000000
50985  6.730  -47.146  79.937 0.0000000000
53249  5.256  -45.748  78.305 0.0000000000
57477  5.055  -41.309  75.422 0.0000000000
56402  4.835  -42.299  75.326 0.0000000000
57494  5.233  -41.942  74.657 0.0000000000
56435  5.267  -42.357  73.129 0.0000000000
56449  5.156  -42.288  72.639 0.0000000000
57522  5.254  -41.613  72.446 0.0000000000
51979  6.135  -46.733  87.601 0.0000000000
55245  6.439  -44.342  87.352 0.0000000000
57385  7.250  -42.308  86.768 0.0000000000
56310  7.310  -42.231  85.504 0.0000000000
56319  6.966  -42.268  84.608 0.0000000000
53097  15.632  -43.196  87.579 0.0000000000
53098  14.629  -43.733  87.570 0.0000000000
51985  14.149  -44.211  87.693 0.0000000000
51986  13.604  -44.443  87.414 0.0000000000
51976  11.846  -45.378  88.230 0.0000000000
50942  11.059  -45.909  88.097 0.0000000000
50953  10.546  -46.290  87.630 0.0000000000
49900  10.060  -46.497  87.106 0.0000000000
48838  8.338  -48.065  86.846 0.0000000000
47829  8.059  -48.299  87.536 0.0000000000
50933  7.959  -47.058  89.137 0.0000000000
49881  7.972  -47.377  88.952 0.0000000000
50939  7.763  -47.314  88.904 0.0000000000
49886  7.085  -47.748  88.485 0.0000000000
48825  6.830  -48.150  88.240 0.0000000000
49892  6.170  -48.385  87.797 0.0000000000
56365  1.274  -42.238  80.475 0.0000000000
55319  1.371  -42.840  79.970 0.0000000000
58552  2.118  -40.458  79.566 0.0000000000
61853  2.321  -37.992  79.409 0.0000000000
61862  2.626  -37.991  78.913 0.0000000000
60789  3.103  -38.633  78.357 0.0000000000
59718  3.457  -39.329  77.952 0.0000000000
59741  3.770  -39.613  77.556 0.0000000000
60803  3.507  -38.743  77.929 0.0000000000
60802  4.024  -38.317  77.453 0.0000000000
61869  4.179  -37.486  77.523 0.0000000000
54240  20.633  -44.248  84.752 0.0000000000
56289  20.435  -42.365  86.851 0.0000000000
55247  18.647  -42.391  87.084 0.0000000000
57334  18.484  -41.966  87.536 0.0000000000
57344  18.465  -41.726  87.483 0.0000000000
59520  14.933  -40.284  86.890 0.0000000000
48854  4.271  -49.184  83.470 0.0000000000
48862  4.432  -49.120  83.058 0.0000000000
49926  5.033  -48.562  82.773 0.0000000000
49931  5.279  -48.456  82.246 0.0000000000
53110  5.589  -45.490  86.089 0.0000000000
55291  3.347  -43.617  84.001 0.0000000000
55287  3.240  -43.962  84.307 0.0000000000
53143  2.803  -44.762  83.719 0.0000000000
53162  2.780  -45.119  83.438 0.0000000000
53163  2.553  -44.811  83.355 0.0000000000
54275  2.229  -44.555  83.113 0.0000000000
54289  1.372  -44.110  82.128 0.0000000000
55302  1.653  -43.533  82.542 0.0000000000
57411  1.850  -41.580  82.392 0.0000000000
53139  13.436  -45.064  84.030 0.0000000000
46786  7.440  -50.619  84.922 0.0000000000
44866  2.846  -53.061  83.214 0.0000000000
43866  2.883  -53.977  82.816 0.0000000000
43896  2.537  -54.305  81.366 0.0000000000
47914  3.572  -51.646  78.791 0.0000000000
47913  3.871  -51.031  78.210 0.0000000000
48908  4.140  -50.552  77.423 0.0000000000
49949  6.836  -48.541  77.679 0.0000000000
48920  6.208  -49.091  77.196 0.0000000000
48962  6.069  -49.275  74.744 0.0000000000
54335  3.183  -44.053  78.281 0.0000000000
53283  3.781  -44.558  77.749 0.0000000000
53282  4.384  -44.713  77.129 0.0000000000
53281  4.959  -44.811  76.561 0.0000000000
54363  5.135  -44.455  73.965 0.0000000000
53325  5.587  -45.341  73.442 0.0000000000
52138  6.702  -46.427  72.715 0.0000000000
52137  7.125  -46.957  72.945 0.0000000000
51084  6.452  -46.981  71.881 0.0000000000
50044  6.004  -47.884  71.205 0.0000000000
51103  5.680  -47.241  71.096 0.0000000000
51104  5.159  -46.938  70.673 0.0000000000
53365  4.309  -44.372  71.028 0.0000000000
53364  4.311  -44.905  70.721 0.0000000000
54410  4.117  -44.359  70.638 0.0000000000
53378  3.889  -44.817  69.961 0.0000000000
53377  4.185  -45.386  69.529 0.0000000000
63824  4.932  -35.657  77.335 0.0000000000
64841  4.979  -34.803  77.112 0.0000000000
63846  5.697  -35.364  75.616 0.0000000000
64918  4.758  -34.744  73.346 0.0000000000
63860  5.016  -35.049  74.075 0.0000000000
63874  4.915  -35.298  73.267 0.0000000000
62915  4.969  -36.514  72.637 0.0000000000
60886  4.881  -38.557  72.192 0.0000000000
54176  7.070  -45.122  88.289 0.0000000000
55238  7.097  -44.560  88.177 0.0000000000
55243  7.322  -43.730  88.184 0.0000000000
56290  7.681  -42.588  87.625 0.0000000000
57364  8.773  -42.184  87.395 0.0000000000
57365  7.811  -42.276  87.253 0.0000000000
55220  14.451  -42.814  88.828 0.0000000000
54171  14.171  -43.667  88.328 0.0000000000
55232  13.964  -43.351  88.789 0.0000000000
54172  13.069  -43.880  88.837 0.0000000000
53087  12.466  -44.518  88.747 0.0000000000
56251  12.421  -43.053  89.189 0.0000000000
55223  11.950  -43.724  89.331 0.0000000000
53088  11.933  -44.926  88.861 0.0000000000
51969  11.234  -45.486  88.835 0.0000000000
50935  10.303  -46.231  88.713 0.0000000000
50944  9.717  -46.714  88.631 0.0000000000
49882  9.249  -47.133  88.656 0.0000000000
51971  9.659  -46.574  89.032 0.0000000000
50931  9.194  -46.751  89.182 0.0000000000
51964  9.005  -46.219  89.355 0.0000000000
55226  9.636  -43.847  89.455 0.0000000000
54166  9.248  -44.825  89.405 0.0000000000
51965  8.382  -46.423  89.283 0.0000000000
54168  7.932  -45.358  89.155 0.0000000000
60754  1.355  -38.762  81.639 0.0000000000
61831  1.645  -37.989  81.399 0.0000000000
62807  2.121  -36.998  82.728 0.0000000000
62828  2.264  -37.277  80.694 0.0000000000
47862  3.411  -50.044  83.384 0.0000000000
48851  3.347  -50.044  84.279 0.0000000000
48856  3.304  -50.016  83.935 0.0000000000
48855  3.815  -49.621  83.723 0.0000000000
56314  4.056  -43.501  84.621 0.0000000000
56323  3.575  -43.417  83.980 0.0000000000
56346  2.468  -42.486  82.457 0.0000000000
46769  6.045  -51.144  85.921 0.0000000000
44827  5.289  -51.867  85.376 0.0000000000
44828  5.144  -51.923  85.238 0.0000000000
44852  4.460  -52.407  84.071 0.0000000000
48891  5.555  -49.073  80.330 0.0000000000
49945  6.340  -48.677  79.220 0.0000000000
49944  6.785  -48.323  78.790 0.0000000000
50991  7.043  -47.443  79.224 0.0000000000
50998  7.153  -47.646  78.809 0.0000000000
49948  7.283  -48.071  78.024 0.0000000000
49956  7.321  -48.033  77.147 0.0000000000
51013  7.433  -47.304  76.670 0.0000000000
56404  3.898  -42.860  76.953 0.0000000000
55358  4.053  -43.371  76.986 0.0000000000
55357  4.500  -43.417  76.220 0.0000000000
54376  4.941  -44.556  73.271 0.0000000000
53327  4.952  -44.793  72.942 0.0000000000
53340  4.833  -45.100  72.406 0.0000000000
54400  4.429  -44.433  71.513 0.0000000000
55390  4.480  -43.832  71.912 0.0000000000
54389  4.430  -44.040  71.737 0.0000000000
54401  4.375  -44.146  71.413 0.0000000000
55412  4.321  -43.699  71.172 0.0000000000
56485  4.305  -42.834  70.674 0.0000000000
63899  4.444  -35.275  71.936 0.0000000000
62941  4.650  -36.029  71.411 0.0000000000
63907  5.191  -35.471  70.679 0.0000000000
49903  4.638  -48.761  86.777 0.0000000000
55244  6.728  -44.023  87.744 0.0000000000
56279  6.428  -43.325  87.282 0.0000000000
55251  6.334  -43.897  87.070 0.0000000000
54227  16.690  -44.037  84.992 0.0000000000
53108  14.930  -43.918  86.399 0.0000000000
53121  13.996  -44.536  85.401 0.0000000000
53122  13.445  -44.841  84.827 0.0000000000
51994  12.303  -45.325  85.131 0.0000000000
53085  13.767  -43.990  88.211 0.0000000000
51981  13.634  -44.381  87.775 0.0000000000
51987  12.742  -44.939  87.250 0.0000000000
50956  11.977  -45.063  86.139 0.0000000000
47845  7.930  -49.962  85.409 0.0000000000
46775  7.373  -50.417  85.771 0.0000000000
49890  8.905  -47.731  88.155 0.0000000000
48826  8.529  -48.004  87.860 0.0000000000
47824  7.856  -48.675  88.082 0.0000000000
48823  7.643  -48.022  88.395 0.0000000000
47825  7.626  -48.679  87.704 0.0000000000
47831  7.234  -49.280  87.370 0.0000000000
46762  6.822  -49.851  86.778 0.0000000000
46763  6.109  -50.503  86.461 0.0000000000
46759  5.904  -50.053  86.868 0.0000000000
46760  5.495  -50.189  86.640 0.0000000000
47838  5.334  -50.224  86.653 0.0000000000
48840  4.905  -49.511  86.598 0.0000000000
53236  2.725  -44.965  79.892 0.0000000000
53235  3.467  -45.399  79.630 0.0000000000
54325  2.544  -44.318  79.120 0.0000000000
54336  2.659  -43.819  78.755 0.0000000000
55340  3.166  -43.556  78.260 0.0000000000
55350  3.200  -42.984  78.093 0.0000000000
59651  1.756  -39.863  80.250 0.0000000000
58563  2.361  -40.763  79.151 0.0000000000
58562  2.609  -40.429  78.992 0.0000000000
57450  2.833  -40.875  78.643 0.0000000000
56380  3.248  -42.191  78.028 0.0000000000
57466  4.052  -41.171  76.959 0.0000000000
58586  4.229  -40.952  76.740 0.0000000000
58578  4.326  -40.317  76.805 0.0000000000
58585  4.596  -40.471  76.314 0.0000000000
58584  5.298  -40.522  75.472 0.0000000000
59774  5.790  -39.821  75.105 0.0000000000
58450  12.058  -40.903  86.587 0.0000000000
58467  12.484  -40.539  85.001 0.0000000000
54190  22.443  -43.431  86.109 0.0000000000
54223  21.004  -43.938  85.546 0.0000000000
54226  17.376  -44.051  85.495 0.0000000000
55248  17.691  -42.628  87.420 0.0000000000
54184  16.882  -42.986  87.659 0.0000000000
54185  16.375  -43.079  87.503 0.0000000000
54177  16.965  -43.027  87.994 0.0000000000
54169  15.858  -42.884  88.171 0.0000000000
55230  15.931  -42.762  88.114 0.0000000000
58428  18.411  -40.844  87.269 0.0000000000
58420  17.863  -41.183  87.437 0.0000000000
59517  17.314  -40.270  87.387 0.0000000000
58421  17.373  -41.065  87.638 0.0000000000
58405  16.378  -41.424  88.223 0.0000000000
57327  16.016  -41.865  88.464 0.0000000000
56258  15.299  -42.406  88.591 0.0000000000
58407  14.884  -41.475  88.335 0.0000000000
58402  14.198  -41.784  88.538 0.0000000000
58416  13.786  -41.017  87.909 0.0000000000
59515  14.443  -40.590  87.372 0.0000000000
58423  12.828  -40.939  87.637 0.0000000000
58431  12.111  -40.996  87.408 0.0000000000
50980  6.073  -47.552  81.444 0.0000000000
50975  6.032  -46.942  81.486 0.0000000000
52041  5.846  -46.000  80.676 0.0000000000
49907  4.257  -48.378  85.796 0.0000000000
50965  5.052  -47.562  84.931 0.0000000000
50964  5.656  -46.901  84.479 0.0000000000
54245  4.398  -44.645  84.906 0.0000000000
54230  3.479  -44.108  84.534 0.0000000000
53140  5.289  -45.632  84.439 0.0000000000
52001  5.720  -46.188  83.866 0.0000000000
53219  3.234  -45.468  80.707 0.0000000000
55311  1.075  -43.063  80.805 0.0000000000
58510  1.461  -40.606  82.416 0.0000000000
59607  1.228  -39.703  82.199 0.0000000000
54260  15.784  -44.355  82.770 0.0000000000
54273  15.375  -44.389  82.283 0.0000000000
45782  6.127  -52.340  83.255 0.0000000000
46884  3.609  -52.345  78.278 0.0000000000
47943  4.206  -51.483  76.346 0.0000000000
46948  4.161  -52.218  75.780 0.0000000000
48964  4.525  -50.676  74.513 0.0000000000
48011  5.062  -51.059  72.384 0.0000000000
53250  4.439  -45.657  78.463 0.0000000000
53267  4.028  -45.222  77.726 0.0000000000
53264  6.394  -45.791  77.035 0.0000000000
52088  7.341  -46.598  76.143 0.0000000000
53296  4.895  -44.457  76.355 0.0000000000
52101  5.300  -45.105  76.025 0.0000000000
53294  5.546  -45.356  75.530 0.0000000000
52100  7.482  -46.620  75.265 0.0000000000
51037  7.604  -47.337  74.885 0.0000000000
50000  7.343  -48.035  74.515 0.0000000000
50013  6.768  -48.334  72.960 0.0000000000
48997  5.465  -49.872  72.384 0.0000000000
48010  5.212  -50.416  72.108 0.0000000000
48054  5.197  -49.928  70.560 0.0000000000
52171  4.977  -46.171  70.670 0.0000000000
51105  4.794  -46.508  70.431 0.0000000000
50093  5.173  -48.473  69.136 0.0000000000
63783  3.869  -35.315  81.410 0.0000000000
62836  3.882  -36.039  79.588 0.0000000000
64799  4.244  -34.458  80.655 0.0000000000
62845  4.020  -36.374  78.822 0.0000000000
62863  4.580  -37.110  77.151 0.0000000000
62854  5.009  -36.117  77.081 0.0000000000
61878  5.337  -37.570  76.340 0.0000000000
61891  5.460  -38.204  75.984 0.0000000000
60835  5.983  -38.683  75.469 0.0000000000
59784  6.502  -39.260  74.129 0.0000000000
64861  5.227  -34.579  76.100 0.0000000000
63858  6.308  -35.841  75.019 0.0000000000
63873  5.503  -35.593  73.754 0.0000000000
63872  6.166  -35.838  74.227 0.0000000000
62897  6.472  -36.660  74.532 0.0000000000
61917  6.640  -37.572  73.966 0.0000000000
60869  6.536  -38.529  73.741 0.0000000000
59785  6.285  -39.681  73.694 0.0000000000
58619  5.661  -40.406  72.762 0.0000000000
58620  5.194  -40.417  72.234 0.0000000000
58621  4.907  -40.455  71.817 0.0000000000
59795  4.729  -39.471  71.970 0.0000000000
56470  4.360  -42.356  70.833 0.0000000000
56484  4.332  -42.343  70.189 0.0000000000
60914  4.440  -38.623  70.974 0.0000000000
57563  4.448  -41.484  70.028 0.0000000000
56483  4.612  -42.518  69.624 0.0000000000
43863  4.710  -53.573  83.165 0.0000000000
44835  5.641  -52.192  84.869 0.0000000000
46757  6.913  -49.793  87.147 0.0000000000
47835  7.993  -48.485  87.225 0.0000000000
47837  7.194  -49.561  87.022 0.0000000000
48822  8.052  -48.067  88.279 0.0000000000
48827  8.046  -48.209  88.057 0.0000000000
48828  7.639  -48.449  87.970 0.0000000000
48830  6.571  -48.631  87.922 0.0000000000
48834  8.199  -48.132  87.895 0.0000000000
48839  5.156  -49.744  86.650 0.0000000000
48899  6.328  -48.806  78.710 0.0000000000
49880  8.196  -47.277  89.153 0.0000000000
49887  6.584  -48.011  88.115 0.0000000000
49896  8.757  -47.664  87.992 0.0000000000
49904  10.727  -46.106  86.405 0.0000000000
49943  7.191  -48.043  78.427 0.0000000000
50012  7.258  -48.018  73.728 0.0000000000
50934  7.678  -46.852  89.037 0.0000000000
50936  9.630  -46.812  89.007 0.0000000000
50948  11.157  -45.864  87.757 0.0000000000
50963  10.851  -46.282  85.614 0.0000000000
51102  6.144  -47.381  71.412 0.0000000000
51961  11.186  -45.262  89.211 0.0000000000
51966  7.868  -46.479  89.144 0.0000000000
51974  13.510  -44.413  87.834 0.0000000000
51980  14.150  -44.240  87.861 0.0000000000
51992  13.412  -44.589  86.221 0.0000000000
52030  5.605  -45.990  81.074 0.0000000000
52051  7.014  -46.733  78.557 0.0000000000
52063  7.222  -46.832  78.088 0.0000000000
52076  5.012  -45.404  76.774 0.0000000000
52078  4.392  -45.337  77.423 0.0000000000
52102  5.171  -45.014  76.352 0.0000000000
52124  7.251  -46.644  73.511 0.0000000000
52214  4.329  -45.963  69.510 0.0000000000
53078  12.032  -44.545  89.146 0.0000000000
53079  11.761  -44.843  89.113 0.0000000000
53080  11.047  -44.976  89.447 0.0000000000
53083  8.810  -45.670  89.373 0.0000000000
53084  8.168  -45.851  89.252 0.0000000000
53089  7.677  -45.883  89.015 0.0000000000
53093  14.060  -44.024  87.979 0.0000000000
53094  13.418  -44.340  88.044 0.0000000000
53104  14.132  -44.244  86.862 0.0000000000
53159  13.270  -45.198  83.290 0.0000000000
53323  6.938  -46.105  73.696 0.0000000000
54161  12.790  -43.913  89.046 0.0000000000
54162  12.381  -44.226  89.091 0.0000000000
54173  12.588  -44.149  89.077 0.0000000000
54178  16.017  -42.884  88.044 0.0000000000
54179  14.888  -43.406  88.184 0.0000000000
54183  17.243  -43.173  87.334 0.0000000000
54191  17.918  -43.099  86.920 0.0000000000
54193  16.268  -43.279  87.129 0.0000000000
54202  22.908  -43.587  85.658 0.0000000000
54261  2.640  -44.453  83.540 0.0000000000
54432  4.157  -43.960  69.700 0.0000000000
55221  13.719  -43.077  89.039 0.0000000000
55224  11.137  -43.850  89.580 0.0000000000
55228  8.348  -44.569  89.109 0.0000000000
55233  13.421  -43.473  88.973 0.0000000000
55235  9.034  -43.604  89.142 0.0000000000
55237  7.221  -44.404  88.294 0.0000000000
55241  16.530  -42.802  87.902 0.0000000000
55249  17.234  -42.703  87.727 0.0000000000
55297  2.654  -43.420  83.148 0.0000000000
56248  14.623  -42.453  88.731 0.0000000000
56252  11.498  -43.289  89.364 0.0000000000
56253  10.786  -43.444  89.521 0.0000000000
56255  17.599  -42.142  88.051 0.0000000000
56256  17.203  -42.240  88.206 0.0000000000
56261  9.800  -43.040  89.396 0.0000000000
56264  18.317  -42.111  87.665 0.0000000000
56267  9.526  -42.798  89.061 0.0000000000
56268  9.135  -42.829  88.731 0.0000000000
56269  8.364  -43.167  88.397 0.0000000000
56270  7.572  -43.214  88.082 0.0000000000
56434  5.399  -41.941  73.246 0.0000000000
57320  14.614  -42.073  88.657 0.0000000000
57321  13.806  -42.206  88.753 0.0000000000
57324  11.402  -42.953  89.269 0.0000000000
57325  17.554  -41.895  88.097 0.0000000000
57328  15.319  -41.831  88.503 0.0000000000
57329  12.991  -42.067  88.655 0.0000000000
57333  9.759  -42.721  89.129 0.0000000000
57336  17.404  -41.587  88.019 0.0000000000
57338  11.695  -41.891  88.348 0.0000000000
57507  5.369  -41.871  72.962 0.0000000000
58404  13.192  -41.967  88.579 0.0000000000
58408  14.068  -41.442  88.305 0.0000000000
58410  12.595  -41.739  88.372 0.0000000000
58411  17.506  -41.341  87.745 0.0000000000
58412  16.984  -41.121  87.942 0.0000000000
58414  15.504  -41.006  87.997 0.0000000000
58418  11.982  -41.515  88.116 0.0000000000
58429  13.588  -40.512  86.773 0.0000000000
58448  18.711  -40.648  87.139 0.0000000000
58551  2.416  -40.186  79.302 0.0000000000
58597  6.016  -39.872  74.659 0.0000000000
59505  16.955  -40.786  87.876 0.0000000000
59507  16.064  -40.686  87.759 0.0000000000
59510  17.598  -40.812  87.435 0.0000000000
59511  17.235  -40.746  87.585 0.0000000000
59512  16.633  -40.467  87.577 0.0000000000
59516  17.783  -40.633  87.385 0.0000000000
59567  12.599  -40.310  84.394 0.0000000000
59676  2.062  -39.851  79.746 0.0000000000
59760  5.899  -39.297  75.343 0.0000000000
59773  6.105  -39.507  74.917 0.0000000000
59792  6.345  -39.139  73.511 0.0000000000
60753  1.510  -38.395  81.314 0.0000000000
60817  4.890  -38.363  76.374 0.0000000000
60854  6.547  -38.553  74.586 0.0000000000
60884  6.149  -38.621  73.132 0.0000000000
61832  1.411  -38.267  82.006 0.0000000000
61877  5.708  -37.250  76.176 0.0000000000
61934  5.848  -37.857  72.885 0.0000000000
63859  5.623  -35.181  74.576 0.0000000000
