#!ascii label  , from subject 3505 vox2ras=TkReg
1419
42939  11.597  -55.900  79.283 0.0000000000
64104  45.595  -35.192  56.757 0.0000000000
48014  30.220  -51.064  70.987 0.0000000000
49980  38.694  -48.527  74.318 0.0000000000
47011  21.422  -51.822  72.018 0.0000000000
48887  17.289  -50.092  79.879 0.0000000000
75296  52.013  -24.927  52.607 0.0000000000
69344  53.508  -30.278  58.919 0.0000000000
58708  40.992  -41.364  66.304 0.0000000000
79370  54.602  -20.664  45.477 0.0000000000
45856  28.380  -52.477  77.111 0.0000000000
45830  14.045  -52.250  79.495 0.0000000000
73322  52.925  -26.500  56.467 0.0000000000
71448  48.694  -28.820  54.800 0.0000000000
62047  46.048  -37.998  61.371 0.0000000000
63022  51.037  -36.394  60.120 0.0000000000
59956  42.326  -40.212  60.813 0.0000000000
51157  36.193  -48.383  67.838 0.0000000000
51047  34.054  -47.950  73.285 0.0000000000
45858  23.738  -52.589  77.516 0.0000000000
47875  20.977  -50.691  82.025 0.0000000000
47937  19.466  -50.711  76.255 0.0000000000
45900  15.678  -52.595  75.571 0.0000000000
47029  25.395  -51.746  71.705 0.0000000000
77334  56.659  -21.863  52.553 0.0000000000
76277  56.775  -23.697  57.900 0.0000000000
67122  49.648  -32.708  57.631 0.0000000000
59870  42.976  -39.788  66.824 0.0000000000
51125  41.941  -47.394  68.677 0.0000000000
75356  51.992  -24.232  48.215 0.0000000000
75338  58.623  -24.253  48.301 0.0000000000
78391  59.120  -21.374  44.664 0.0000000000
46834  27.321  -51.852  80.645 0.0000000000
44914  12.814  -53.996  79.669 0.0000000000
45804  13.797  -52.966  81.702 0.0000000000
43874  12.385  -54.292  82.389 0.0000000000
73350  48.059  -27.750  54.307 0.0000000000
60990  47.228  -38.897  64.085 0.0000000000
62014  49.399  -38.040  63.375 0.0000000000
38998  9.099  -59.199  83.731 0.0000000000
61099  41.536  -38.781  58.264 0.0000000000
51098  30.666  -47.814  69.818 0.0000000000
52160  32.628  -47.570  70.067 0.0000000000
50009  32.160  -49.331  71.981 0.0000000000
46941  22.227  -52.411  75.177 0.0000000000
46894  21.591  -51.912  77.315 0.0000000000
47972  20.338  -51.365  74.352 0.0000000000
47009  23.589  -52.110  72.205 0.0000000000
45918  24.203  -52.590  75.313 0.0000000000
48874  19.365  -49.922  80.773 0.0000000000
76336  53.631  -23.779  52.437 0.0000000000
77306  56.759  -22.283  55.533 0.0000000000
76303  54.356  -23.825  55.367 0.0000000000
71415  53.082  -28.476  58.537 0.0000000000
72368  54.925  -26.915  59.040 0.0000000000
66208  44.839  -33.038  55.023 0.0000000000
68219  47.181  -32.027  55.599 0.0000000000
65149  47.657  -34.554  57.229 0.0000000000
61007  38.865  -39.389  64.662 0.0000000000
59921  41.130  -40.282  64.029 0.0000000000
59858  41.368  -39.688  67.467 0.0000000000
50035  37.664  -48.525  70.592 0.0000000000
51128  38.823  -48.160  67.996 0.0000000000
49018  40.314  -49.817  71.463 0.0000000000
75319  50.087  -24.529  50.437 0.0000000000
76381  50.706  -23.497  48.570 0.0000000000
75316  52.606  -24.143  50.536 0.0000000000
76372  54.248  -23.727  50.072 0.0000000000
79405  57.333  -20.441  42.327 0.0000000000
77425  56.743  -22.371  44.055 0.0000000000
76394  58.675  -23.171  46.363 0.0000000000
76396  55.373  -23.679  45.674 0.0000000000
46983  29.014  -52.312  73.532 0.0000000000
46980  31.554  -51.094  74.127 0.0000000000
45872  30.390  -52.183  76.952 0.0000000000
46861  15.230  -51.166  79.287 0.0000000000
46824  16.554  -51.310  81.004 0.0000000000
46826  14.821  -51.808  81.180 0.0000000000
74297  49.874  -25.847  52.281 0.0000000000
75255  51.564  -25.440  54.784 0.0000000000
73348  49.651  -26.761  54.553 0.0000000000
72405  50.561  -28.209  55.503 0.0000000000
70427  51.176  -29.631  57.227 0.0000000000
63047  45.971  -37.053  58.470 0.0000000000
63064  48.044  -36.305  58.295 0.0000000000
63008  49.170  -37.073  60.973 0.0000000000
56550  39.575  -42.737  64.284 0.0000000000
48948  41.748  -50.038  74.768 0.0000000000
41976  10.079  -57.221  80.400 0.0000000000
42892  11.518  -55.525  82.747 0.0000000000
41029  10.315  -57.197  83.117 0.0000000000
63088  43.494  -36.060  56.369 0.0000000000
62112  43.679  -37.575  58.016 0.0000000000
61047  44.540  -38.903  61.452 0.0000000000
58736  45.459  -40.569  63.973 0.0000000000
51160  33.436  -47.491  67.613 0.0000000000
51094  34.548  -47.969  70.344 0.0000000000
51045  36.042  -47.735  73.630 0.0000000000
49969  32.856  -49.257  74.301 0.0000000000
48952  35.342  -49.133  74.420 0.0000000000
46836  25.026  -52.124  80.631 0.0000000000
46805  23.189  -51.509  82.722 0.0000000000
46838  22.889  -51.814  80.610 0.0000000000
47894  20.528  -50.517  79.811 0.0000000000
47918  18.418  -50.720  77.742 0.0000000000
48977  19.219  -50.958  73.633 0.0000000000
46942  18.312  -51.169  75.447 0.0000000000
46896  16.587  -51.492  77.432 0.0000000000
45860  15.279  -52.077  77.195 0.0000000000
44936  13.716  -53.455  77.680 0.0000000000
42971  12.134  -55.531  77.294 0.0000000000
49035  28.918  -49.028  68.932 0.0000000000
48061  27.119  -50.464  69.387 0.0000000000
48016  27.957  -51.303  70.874 0.0000000000
46962  26.502  -52.273  74.551 0.0000000000
46891  25.997  -52.177  77.657 0.0000000000
75250  57.810  -23.831  56.391 0.0000000000
75227  54.748  -24.887  57.372 0.0000000000
69393  46.535  -30.134  54.393 0.0000000000
69357  49.504  -31.135  56.694 0.0000000000
68191  51.775  -31.526  58.320 0.0000000000
64079  50.984  -35.200  58.466 0.0000000000
66162  53.270  -33.468  58.183 0.0000000000
58801  39.794  -40.592  60.704 0.0000000000
58738  43.210  -41.033  64.439 0.0000000000
58688  46.124  -40.931  67.067 0.0000000000
53416  39.980  -45.644  66.274 0.0000000000
55447  42.045  -44.084  66.853 0.0000000000
50016  43.046  -48.922  71.894 0.0000000000
53367  43.402  -45.389  69.798 0.0000000000
56507  43.429  -42.125  67.689 0.0000000000
58648  43.446  -40.424  69.433 0.0000000000
60921  45.679  -39.233  70.219 0.0000000000
77386  53.022  -22.864  46.398 0.0000000000
75341  55.448  -25.090  48.416 0.0000000000
76354  57.551  -22.868  50.425 0.0000000000
46814  28.170  -51.970  81.743 0.0000000000
43931  11.941  -55.273  79.694 0.0000000000
44904  12.722  -53.868  80.745 0.0000000000
43912  11.823  -55.142  80.618 0.0000000000
59902  47.471  -39.044  64.699 0.0000000000
60988  48.663  -38.674  64.724 0.0000000000
39007  7.729  -59.955  82.634 0.0000000000
50037  30.930  -48.697  70.450 0.0000000000
51081  31.644  -48.345  70.849 0.0000000000
48990  31.802  -50.052  71.780 0.0000000000
46966  21.918  -52.220  74.025 0.0000000000
47952  21.157  -51.856  75.028 0.0000000000
47971  20.948  -51.789  73.673 0.0000000000
48019  22.917  -51.500  70.240 0.0000000000
47010  22.408  -52.018  71.899 0.0000000000
46989  22.720  -52.306  73.088 0.0000000000
48885  18.566  -49.867  80.197 0.0000000000
48867  18.027  -50.250  81.008 0.0000000000
75295  52.783  -24.396  52.468 0.0000000000
76328  53.860  -23.833  53.534 0.0000000000
75281  52.574  -24.698  53.454 0.0000000000
70417  53.376  -29.641  59.124 0.0000000000
70406  54.625  -28.949  59.539 0.0000000000
65160  45.662  -34.515  56.285 0.0000000000
66195  46.221  -33.581  56.094 0.0000000000
65150  46.529  -34.583  56.838 0.0000000000
58710  38.946  -40.337  65.517 0.0000000000
59874  39.171  -40.048  65.870 0.0000000000
59890  40.105  -39.581  65.680 0.0000000000
58692  41.175  -40.613  67.071 0.0000000000
51057  38.277  -47.938  72.626 0.0000000000
50034  38.578  -48.890  70.657 0.0000000000
48988  39.499  -49.560  72.952 0.0000000000
75306  50.727  -24.909  51.085 0.0000000000
75318  50.961  -24.516  50.478 0.0000000000
75305  51.708  -24.769  51.538 0.0000000000
76345  53.139  -23.905  51.425 0.0000000000
79391  55.748  -20.914  43.524 0.0000000000
78393  55.068  -21.768  44.736 0.0000000000
76423  56.447  -23.233  44.928 0.0000000000
77384  54.483  -22.482  45.573 0.0000000000
45894  28.698  -52.555  75.470 0.0000000000
45893  29.516  -52.467  75.765 0.0000000000
45855  29.148  -52.485  77.301 0.0000000000
46862  14.605  -51.703  79.661 0.0000000000
46844  15.291  -51.224  80.227 0.0000000000
45815  14.180  -52.179  80.382 0.0000000000
44876  14.180  -53.554  82.619 0.0000000000
44875  14.648  -53.411  82.000 0.0000000000
74299  48.147  -26.043  51.928 0.0000000000
73360  49.713  -26.431  53.569 0.0000000000
73361  48.761  -26.930  53.622 0.0000000000
72408  48.215  -28.226  54.697 0.0000000000
73336  49.327  -27.632  55.042 0.0000000000
71447  49.492  -28.810  55.117 0.0000000000
71438  50.788  -29.172  56.013 0.0000000000
70457  49.841  -29.453  55.503 0.0000000000
62064  46.449  -37.613  60.259 0.0000000000
62084  47.396  -37.165  59.751 0.0000000000
62046  47.338  -37.508  61.195 0.0000000000
74315  49.289  -25.363  51.219 0.0000000000
41966  9.982  -57.451  81.152 0.0000000000
41042  9.884  -57.798  81.814 0.0000000000
63090  41.670  -36.625  56.051 0.0000000000
62133  43.224  -37.125  57.334 0.0000000000
62134  42.600  -37.465  57.367 0.0000000000
59993  42.189  -39.279  59.367 0.0000000000
61082  43.278  -38.817  59.773 0.0000000000
59955  43.451  -39.726  61.141 0.0000000000
59936  45.161  -39.333  62.523 0.0000000000
58772  44.408  -40.310  62.648 0.0000000000
52222  32.025  -46.816  67.447 0.0000000000
52129  33.061  -48.059  71.433 0.0000000000
51095  33.812  -47.867  70.107 0.0000000000
51077  34.598  -48.045  71.371 0.0000000000
51076  35.519  -47.996  71.554 0.0000000000
51046  35.008  -47.797  73.504 0.0000000000
47951  31.575  -50.920  75.363 0.0000000000
48955  32.373  -49.695  74.270 0.0000000000
47949  32.520  -50.488  75.158 0.0000000000
47986  34.224  -50.819  73.748 0.0000000000
48951  36.480  -49.093  74.655 0.0000000000
46857  24.282  -52.423  79.434 0.0000000000
46837  23.907  -52.225  80.600 0.0000000000
46858  23.171  -52.267  79.342 0.0000000000
47915  20.735  -51.331  77.410 0.0000000000
46877  21.457  -51.572  78.461 0.0000000000
47916  19.997  -50.774  77.465 0.0000000000
47905  19.798  -50.439  78.686 0.0000000000
47917  19.209  -50.566  77.603 0.0000000000
48976  19.642  -50.903  73.415 0.0000000000
45938  16.304  -52.485  73.795 0.0000000000
46968  17.721  -51.870  74.477 0.0000000000
45898  17.204  -51.958  75.495 0.0000000000
46920  17.401  -51.545  76.499 0.0000000000
45878  16.461  -51.914  76.486 0.0000000000
46897  15.852  -51.683  77.508 0.0000000000
43966  12.635  -55.015  77.091 0.0000000000
51116  29.366  -47.790  68.695 0.0000000000
50077  28.122  -48.363  68.020 0.0000000000
47053  25.317  -51.424  70.882 0.0000000000
48039  26.325  -51.051  70.371 0.0000000000
48038  27.493  -50.886  70.174 0.0000000000
47027  27.312  -51.643  71.743 0.0000000000
47005  27.659  -51.862  72.622 0.0000000000
47006  26.652  -51.832  72.645 0.0000000000
45896  24.147  -52.572  76.152 0.0000000000
46939  25.385  -52.393  76.064 0.0000000000
45857  24.464  -52.505  77.729 0.0000000000
46856  25.439  -52.198  79.590 0.0000000000
47865  22.033  -50.949  82.880 0.0000000000
42886  11.154  -55.983  84.393 0.0000000000
43850  12.128  -54.765  83.921 0.0000000000
78336  57.940  -21.606  53.755 0.0000000000
77293  56.277  -22.796  56.460 0.0000000000
77291  58.096  -22.682  56.450 0.0000000000
75235  57.600  -23.900  57.420 0.0000000000
75236  56.998  -24.626  57.313 0.0000000000
74249  52.220  -25.702  56.058 0.0000000000
75239  53.101  -24.937  56.151 0.0000000000
74248  53.377  -25.738  56.630 0.0000000000
73290  56.425  -26.414  59.124 0.0000000000
67132  48.244  -32.593  56.788 0.0000000000
68217  48.521  -31.680  56.197 0.0000000000
68202  49.542  -31.733  57.204 0.0000000000
68201  50.161  -31.414  57.575 0.0000000000
67121  50.458  -32.706  57.941 0.0000000000
63043  50.111  -36.211  59.359 0.0000000000
64064  49.748  -35.847  58.721 0.0000000000
63042  50.687  -35.952  59.460 0.0000000000
58792  38.823  -40.482  61.340 0.0000000000
59888  42.180  -39.948  65.711 0.0000000000
58739  42.081  -40.645  64.535 0.0000000000
58721  42.935  -40.654  65.581 0.0000000000
58720  44.108  -41.118  65.428 0.0000000000
58690  44.292  -40.323  67.411 0.0000000000
51176  35.849  -47.682  66.542 0.0000000000
51175  36.908  -47.723  66.742 0.0000000000
51127  39.732  -47.959  68.134 0.0000000000
51154  39.411  -47.493  67.381 0.0000000000
52218  40.617  -46.419  67.246 0.0000000000
54436  40.939  -45.096  66.696 0.0000000000
53398  41.742  -45.575  67.498 0.0000000000
48967  42.490  -49.681  73.843 0.0000000000
54405  43.921  -44.380  70.266 0.0000000000
54421  43.517  -44.141  68.276 0.0000000000
56475  44.316  -42.786  68.799 0.0000000000
57566  43.912  -41.761  68.565 0.0000000000
57538  44.639  -41.501  70.125 0.0000000000
76380  51.169  -23.729  48.224 0.0000000000
75366  53.197  -24.456  47.312 0.0000000000
75365  53.752  -24.475  47.036 0.0000000000
75354  53.573  -24.768  47.794 0.0000000000
77347  55.331  -22.639  51.569 0.0000000000
76356  55.683  -22.924  50.389 0.0000000000
77356  56.399  -22.394  50.991 0.0000000000
77344  57.994  -21.722  51.571 0.0000000000
78402  58.432  -21.286  43.543 0.0000000000
75349  58.501  -24.085  46.922 0.0000000000
76378  59.855  -22.843  48.765 0.0000000000
76366  59.652  -22.852  49.569 0.0000000000
46871  27.840  -52.271  78.266 0.0000000000
45823  28.747  -52.294  78.658 0.0000000000
46833  28.439  -51.944  80.441 0.0000000000
44924  13.250  -53.317  79.113 0.0000000000
45816  13.710  -52.716  80.857 0.0000000000
44903  13.243  -53.284  81.256 0.0000000000
44894  13.398  -53.391  82.060 0.0000000000
44863  13.242  -53.802  83.197 0.0000000000
72436  46.830  -27.758  53.777 0.0000000000
71459  47.083  -28.414  54.344 0.0000000000
61022  47.251  -38.303  62.901 0.0000000000
62027  47.929  -37.833  62.385 0.0000000000
61003  48.527  -38.423  63.752 0.0000000000
61002  49.455  -38.289  64.300 0.0000000000
40054  8.969  -59.059  81.831 0.0000000000
39017  8.207  -59.461  81.561 0.0000000000
38999  8.276  -59.838  83.685 0.0000000000
62135  41.418  -37.738  57.070 0.0000000000
59976  41.477  -40.173  60.167 0.0000000000
52179  31.572  -46.932  69.198 0.0000000000
52162  31.113  -47.232  69.704 0.0000000000
51080  32.138  -48.215  71.090 0.0000000000
51049  32.759  -48.791  73.043 0.0000000000
46918  22.752  -52.574  76.213 0.0000000000
45842  22.728  -52.499  77.732 0.0000000000
46919  21.796  -52.174  76.204 0.0000000000
47935  20.895  -51.625  76.285 0.0000000000
48936  19.928  -50.924  75.668 0.0000000000
44955  15.028  -53.020  75.042 0.0000000000
45924  14.005  -52.318  74.090 0.0000000000
47054  24.442  -51.398  70.585 0.0000000000
47030  24.475  -51.772  71.483 0.0000000000
46987  24.909  -52.324  73.521 0.0000000000
46988  23.828  -52.446  73.296 0.0000000000
45919  23.555  -52.620  75.005 0.0000000000
47876  20.304  -50.422  81.672 0.0000000000
77336  55.050  -22.737  52.328 0.0000000000
77318  56.434  -22.267  54.258 0.0000000000
76326  55.322  -22.934  53.954 0.0000000000
76302  55.111  -23.383  55.367 0.0000000000
77282  55.737  -23.221  56.851 0.0000000000
72394  52.861  -27.555  56.684 0.0000000000
72379  53.753  -27.150  57.514 0.0000000000
72369  54.245  -27.429  58.726 0.0000000000
71404  55.776  -27.889  59.326 0.0000000000
68233  45.978  -31.782  54.801 0.0000000000
67148  46.480  -32.601  55.547 0.0000000000
67133  47.705  -33.109  56.745 0.0000000000
66166  48.954  -33.598  57.533 0.0000000000
63020  52.607  -35.693  60.719 0.0000000000
59941  38.164  -39.648  62.927 0.0000000000
59940  39.508  -40.156  62.787 0.0000000000
59907  40.279  -39.673  64.800 0.0000000000
59889  41.075  -39.689  65.704 0.0000000000
59857  42.520  -39.459  67.995 0.0000000000
50055  36.692  -48.565  69.584 0.0000000000
51156  37.355  -48.200  67.522 0.0000000000
50053  38.371  -48.818  69.663 0.0000000000
50052  39.374  -48.911  69.674 0.0000000000
50051  40.616  -48.830  69.402 0.0000000000
76375  49.215  -23.332  49.608 0.0000000000
77364  49.331  -22.717  49.117 0.0000000000
76374  49.992  -23.607  49.481 0.0000000000
75346  51.241  -23.914  49.143 0.0000000000
75331  52.500  -24.234  49.647 0.0000000000
75330  53.410  -24.208  49.720 0.0000000000
75315  53.139  -24.021  50.306 0.0000000000
76343  54.516  -23.055  51.482 0.0000000000
80424  56.074  -20.344  43.167 0.0000000000
78404  56.492  -21.767  43.544 0.0000000000
77423  58.146  -21.801  44.099 0.0000000000
77390  58.906  -22.027  45.850 0.0000000000
76421  57.457  -22.899  44.849 0.0000000000
75381  57.261  -23.774  45.562 0.0000000000
75350  57.436  -24.859  47.234 0.0000000000
47003  29.714  -51.935  72.683 0.0000000000
47002  30.846  -51.648  72.778 0.0000000000
46958  30.520  -51.962  74.379 0.0000000000
45913  30.842  -51.763  75.738 0.0000000000
46913  31.430  -51.822  76.925 0.0000000000
47898  16.445  -50.468  79.770 0.0000000000
48878  17.121  -50.276  80.611 0.0000000000
47889  15.963  -50.844  80.472 0.0000000000
46825  15.671  -51.577  80.888 0.0000000000
45803  14.473  -52.460  81.345 0.0000000000
44893  15.339  -53.021  81.304 0.0000000000
74296  50.736  -25.574  52.490 0.0000000000
75282  51.896  -25.111  53.451 0.0000000000
74284  50.456  -25.953  53.435 0.0000000000
74276  50.665  -25.955  54.453 0.0000000000
73333  51.232  -26.087  55.707 0.0000000000
73349  48.811  -27.468  54.535 0.0000000000
73335  49.916  -27.234  55.259 0.0000000000
72395  51.663  -27.826  55.936 0.0000000000
71436  52.206  -28.409  56.676 0.0000000000
71423  51.917  -28.951  57.360 0.0000000000
70419  51.827  -29.586  58.122 0.0000000000
63077  45.609  -36.012  57.346 0.0000000000
64084  46.741  -35.974  57.666 0.0000000000
63065  47.104  -36.509  58.187 0.0000000000
63024  48.571  -36.858  60.017 0.0000000000
63023  49.725  -36.689  60.120 0.0000000000
62026  49.056  -37.734  62.495 0.0000000000
62043  50.226  -37.240  62.084 0.0000000000
63006  51.758  -36.431  61.442 0.0000000000
57620  39.982  -41.828  64.987 0.0000000000
48950  39.818  -49.784  74.683 0.0000000000
76361  48.723  -23.605  50.061 0.0000000000
75320  49.182  -24.534  50.507 0.0000000000
74314  50.225  -25.286  51.411 0.0000000000
81387  55.360  -18.711  46.292 0.0000000000
80375  54.884  -19.390  46.056 0.0000000000
41974  11.051  -56.265  80.148 0.0000000000
42914  11.460  -55.670  80.992 0.0000000000
42915  11.052  -56.177  81.326 0.0000000000
41957  10.613  -56.781  82.717 0.0000000000
41935  10.676  -56.471  84.973 0.0000000000
40042  9.630  -58.325  83.742 0.0000000000
65161  44.471  -34.588  55.639 0.0000000000
64117  43.443  -35.275  55.578 0.0000000000
64096  44.631  -35.850  56.829 0.0000000000
63067  44.937  -36.854  57.771 0.0000000000
62111  44.836  -37.437  58.294 0.0000000000
62065  45.345  -37.940  60.185 0.0000000000
62113  42.406  -38.168  58.177 0.0000000000
62066  44.264  -38.418  60.207 0.0000000000
62048  44.980  -38.340  61.011 0.0000000000
61024  45.618  -38.899  62.535 0.0000000000
59918  46.245  -39.285  63.512 0.0000000000
58717  46.797  -40.121  65.229 0.0000000000
51158  35.106  -47.961  67.634 0.0000000000
52177  33.086  -47.476  69.262 0.0000000000
51114  33.790  -47.706  69.277 0.0000000000
51112  35.255  -47.996  69.573 0.0000000000
51092  36.299  -48.071  70.572 0.0000000000
51059  36.672  -47.714  72.664 0.0000000000
51028  37.605  -47.744  74.372 0.0000000000
48989  31.935  -49.855  72.808 0.0000000000
49997  32.442  -49.180  73.611 0.0000000000
49985  33.161  -48.774  74.154 0.0000000000
47948  33.028  -50.620  75.024 0.0000000000
49967  33.727  -49.082  74.649 0.0000000000
51031  34.323  -48.055  74.133 0.0000000000
49982  35.818  -48.426  74.603 0.0000000000
51019  36.949  -48.176  74.934 0.0000000000
51005  38.091  -48.722  75.073 0.0000000000
46816  25.726  -51.832  81.718 0.0000000000
46817  24.617  -51.951  81.699 0.0000000000
46819  22.655  -51.477  81.720 0.0000000000
46839  21.871  -51.118  80.773 0.0000000000
46859  22.185  -51.708  79.513 0.0000000000
46860  21.377  -51.016  79.544 0.0000000000
47886  20.926  -50.607  81.006 0.0000000000
47887  20.104  -50.094  80.782 0.0000000000
47896  18.885  -49.906  79.749 0.0000000000
48895  17.982  -49.997  79.329 0.0000000000
48975  19.965  -51.024  73.825 0.0000000000
48957  19.723  -50.925  74.531 0.0000000000
48938  19.281  -50.790  74.832 0.0000000000
47012  18.175  -51.635  73.074 0.0000000000
46967  18.309  -51.319  74.829 0.0000000000
47955  18.873  -50.799  75.342 0.0000000000
47939  17.962  -51.183  76.802 0.0000000000
47919  17.652  -50.918  77.840 0.0000000000
47908  17.276  -50.616  78.594 0.0000000000
46878  16.210  -51.140  78.177 0.0000000000
46898  15.163  -51.819  77.836 0.0000000000
45846  14.265  -52.229  78.725 0.0000000000
45901  14.895  -52.937  75.824 0.0000000000
44935  14.220  -53.051  77.315 0.0000000000
44925  12.904  -54.143  78.533 0.0000000000
43947  12.508  -55.062  78.069 0.0000000000
42938  12.009  -55.459  78.772 0.0000000000
42009  11.039  -56.405  78.240 0.0000000000
41994  10.511  -56.704  78.679 0.0000000000
52181  30.142  -46.748  68.840 0.0000000000
50038  30.143  -48.639  69.643 0.0000000000
48036  29.735  -50.579  70.110 0.0000000000
49036  28.044  -49.494  68.730 0.0000000000
48037  28.592  -50.676  69.961 0.0000000000
48015  29.053  -51.286  70.822 0.0000000000
47004  28.673  -51.976  72.607 0.0000000000
46960  28.326  -52.413  74.213 0.0000000000
46937  27.168  -52.379  75.335 0.0000000000
46963  25.243  -52.430  74.849 0.0000000000
46938  26.213  -52.340  75.638 0.0000000000
46890  26.877  -52.230  77.438 0.0000000000
46872  26.759  -52.124  78.502 0.0000000000
46835  26.160  -51.926  80.669 0.0000000000
43861  11.934  -54.760  83.077 0.0000000000
43849  12.714  -54.332  84.043 0.0000000000
78317  58.143  -21.955  55.586 0.0000000000
75253  52.977  -24.747  55.183 0.0000000000
76290  54.168  -24.204  56.335 0.0000000000
76269  55.939  -24.471  58.063 0.0000000000
73310  55.271  -26.106  58.395 0.0000000000
74237  55.836  -25.229  58.256 0.0000000000
75214  56.677  -25.101  58.321 0.0000000000
71460  46.435  -28.676  54.232 0.0000000000
70460  47.485  -29.669  54.536 0.0000000000
69385  46.494  -31.046  54.600 0.0000000000
69383  48.190  -30.624  55.149 0.0000000000
69382  48.794  -30.188  55.232 0.0000000000
69356  50.098  -30.641  57.007 0.0000000000
69346  50.993  -30.519  57.966 0.0000000000
68190  53.010  -31.409  58.399 0.0000000000
64092  47.707  -35.311  57.473 0.0000000000
65136  49.560  -34.567  57.801 0.0000000000
65135  50.550  -34.500  57.984 0.0000000000
64061  52.175  -35.468  59.438 0.0000000000
65134  51.552  -34.469  58.143 0.0000000000
66164  51.025  -33.598  57.921 0.0000000000
67119  52.567  -32.503  58.111 0.0000000000
67118  53.790  -32.390  58.160 0.0000000000
59996  39.541  -40.332  59.261 0.0000000000
58799  41.449  -40.469  60.689 0.0000000000
58776  40.321  -40.624  62.563 0.0000000000
58775  41.473  -40.816  62.468 0.0000000000
58774  42.613  -40.784  62.428 0.0000000000
58737  44.347  -41.034  64.255 0.0000000000
58719  45.265  -40.996  65.136 0.0000000000
58687  46.946  -40.624  66.632 0.0000000000
51155  38.455  -47.695  67.177 0.0000000000
54468  39.782  -44.536  65.096 0.0000000000
55462  40.749  -43.678  65.661 0.0000000000
56522  41.888  -42.684  66.368 0.0000000000
48000  40.994  -50.478  73.278 0.0000000000
49001  41.656  -49.979  71.619 0.0000000000
50049  42.472  -48.536  69.827 0.0000000000
51090  43.396  -47.598  70.664 0.0000000000
51124  42.626  -47.231  69.161 0.0000000000
53381  42.701  -45.445  68.363 0.0000000000
55446  42.803  -43.644  67.214 0.0000000000
56509  42.331  -42.170  66.830 0.0000000000
57568  42.473  -40.906  67.999 0.0000000000
58669  42.399  -40.366  68.427 0.0000000000
60942  42.990  -39.360  68.758 0.0000000000
58636  44.587  -40.572  70.554 0.0000000000
60908  44.328  -39.558  70.194 0.0000000000
60940  44.234  -39.319  68.962 0.0000000000
59839  45.565  -39.787  68.914 0.0000000000
79357  53.969  -20.919  46.061 0.0000000000
77385  53.974  -22.658  46.060 0.0000000000
76397  54.751  -23.455  45.850 0.0000000000
75352  55.507  -25.046  47.308 0.0000000000
75340  56.528  -25.057  48.664 0.0000000000
75328  55.146  -24.346  49.295 0.0000000000
75327  56.147  -24.454  49.328 0.0000000000
76368  57.865  -23.672  49.887 0.0000000000
76353  58.515  -22.817  50.327 0.0000000000
46802  26.292  -51.787  82.656 0.0000000000
46801  27.240  -51.955  82.575 0.0000000000
59885  47.289  -39.664  65.355 0.0000000000
59884  48.102  -38.988  65.286 0.0000000000
49004  31.073  -50.031  70.827 0.0000000000
46990  21.643  -52.092  72.865 0.0000000000
47989  20.843  -51.579  72.559 0.0000000000
48886  18.013  -49.855  80.055 0.0000000000
48876  18.243  -49.947  80.680 0.0000000000
48877  17.669  -50.063  80.579 0.0000000000
75280  53.259  -24.286  53.528 0.0000000000
69333  53.671  -29.698  59.185 0.0000000000
69332  54.219  -29.694  59.249 0.0000000000
69343  54.721  -30.415  58.851 0.0000000000
65151  45.950  -34.938  56.818 0.0000000000
58709  40.012  -40.783  65.861 0.0000000000
58693  40.396  -40.225  66.612 0.0000000000
49996  38.730  -48.436  73.529 0.0000000000
50007  38.688  -48.504  72.744 0.0000000000
49995  39.082  -49.080  73.699 0.0000000000
74312  51.571  -25.076  52.152 0.0000000000
79380  54.897  -21.214  45.031 0.0000000000
77393  55.105  -22.733  45.152 0.0000000000
78381  54.646  -21.769  45.230 0.0000000000
46914  27.947  -52.456  76.120 0.0000000000
45874  28.872  -52.560  76.401 0.0000000000
73373  48.843  -26.473  52.695 0.0000000000
73374  47.915  -26.689  52.653 0.0000000000
72407  48.888  -28.049  54.984 0.0000000000
62063  47.242  -37.321  60.238 0.0000000000
41054  9.654  -57.958  80.821 0.0000000000
63105  41.220  -36.090  55.288 0.0000000000
63081  42.087  -37.146  56.868 0.0000000000
59975  42.501  -39.577  60.023 0.0000000000
59974  43.160  -39.361  60.392 0.0000000000
59938  43.781  -40.034  61.857 0.0000000000
58787  43.473  -40.187  61.740 0.0000000000
51062  33.736  -48.051  72.169 0.0000000000
51061  34.750  -47.940  72.463 0.0000000000
47934  31.979  -50.808  76.080 0.0000000000
47950  31.982  -50.541  75.370 0.0000000000
47933  32.130  -50.921  75.935 0.0000000000
45840  24.014  -52.554  78.379 0.0000000000
45824  23.574  -52.461  78.815 0.0000000000
47936  20.125  -50.976  76.291 0.0000000000
45921  16.467  -52.541  74.784 0.0000000000
45920  17.182  -52.154  75.042 0.0000000000
45899  16.744  -52.062  75.818 0.0000000000
45879  15.910  -52.082  76.571 0.0000000000
47052  25.956  -51.459  71.139 0.0000000000
48017  26.971  -51.322  70.986 0.0000000000
47028  26.333  -51.651  71.687 0.0000000000
47007  25.643  -51.932  72.613 0.0000000000
45876  24.227  -52.533  76.948 0.0000000000
46874  24.860  -52.394  78.587 0.0000000000
47874  21.540  -50.871  82.288 0.0000000000
42878  11.228  -56.266  85.208 0.0000000000
42877  11.811  -55.647  84.541 0.0000000000
78345  57.499  -21.573  52.777 0.0000000000
78337  57.137  -21.715  53.473 0.0000000000
77280  57.109  -23.236  57.618 0.0000000000
76276  57.459  -23.581  57.586 0.0000000000
75224  57.495  -23.910  57.730 0.0000000000
75225  57.119  -24.306  57.866 0.0000000000
67131  48.945  -32.598  57.255 0.0000000000
68203  48.847  -31.976  56.863 0.0000000000
68193  50.066  -32.032  57.760 0.0000000000
59978  38.515  -40.467  61.230 0.0000000000
59887  42.808  -40.158  66.106 0.0000000000
58707  43.151  -40.328  66.298 0.0000000000
58706  43.890  -40.631  66.661 0.0000000000
59869  43.823  -39.974  67.351 0.0000000000
51126  40.838  -47.721  68.375 0.0000000000
51153  40.259  -47.215  67.580 0.0000000000
52195  40.928  -46.861  67.708 0.0000000000
52217  41.178  -46.213  67.506 0.0000000000
52194  41.641  -46.593  68.034 0.0000000000
54393  43.870  -44.800  71.353 0.0000000000
55415  44.291  -43.515  69.421 0.0000000000
55414  44.632  -43.073  70.070 0.0000000000
56474  44.601  -42.391  69.493 0.0000000000
56463  44.811  -42.420  70.527 0.0000000000
76389  51.520  -23.742  47.712 0.0000000000
76388  52.252  -23.442  46.959 0.0000000000
75355  52.576  -24.405  47.712 0.0000000000
75343  53.399  -24.610  48.711 0.0000000000
77346  56.156  -22.230  51.680 0.0000000000
77357  55.690  -22.653  51.021 0.0000000000
77345  57.102  -21.794  51.766 0.0000000000
77422  58.746  -21.387  44.200 0.0000000000
78390  59.602  -21.619  44.535 0.0000000000
76387  59.380  -23.260  47.735 0.0000000000
76379  59.339  -23.353  48.793 0.0000000000
46854  27.598  -52.032  79.465 0.0000000000
46853  28.680  -52.184  79.252 0.0000000000
44913  13.197  -53.275  80.255 0.0000000000
44895  12.778  -53.783  81.753 0.0000000000
44878  13.012  -53.761  82.613 0.0000000000
72437  46.024  -27.774  53.505 0.0000000000
72421  46.586  -28.077  54.112 0.0000000000
61004  47.611  -38.579  63.597 0.0000000000
38994  7.967  -59.852  84.780 0.0000000000
52163  30.536  -47.180  69.352 0.0000000000
51065  31.785  -48.897  71.332 0.0000000000
51079  32.582  -48.351  71.444 0.0000000000
51064  32.584  -48.892  71.910 0.0000000000
47953  20.331  -51.266  75.427 0.0000000000
48956  19.986  -50.966  74.895 0.0000000000
47031  23.443  -51.753  71.075 0.0000000000
47055  23.732  -51.307  70.285 0.0000000000
47008  24.639  -52.074  72.465 0.0000000000
46965  23.028  -52.535  74.309 0.0000000000
46940  22.991  -52.616  75.291 0.0000000000
45897  23.516  -52.623  75.765 0.0000000000
48864  19.679  -50.012  81.507 0.0000000000
76335  54.396  -23.167  52.329 0.0000000000
77327  55.554  -22.651  53.380 0.0000000000
76327  54.673  -23.259  53.421 0.0000000000
76318  53.780  -24.055  54.413 0.0000000000
76317  54.512  -23.605  54.431 0.0000000000
77294  55.583  -23.126  56.120 0.0000000000
76289  55.036  -23.551  56.310 0.0000000000
72380  53.350  -27.831  57.925 0.0000000000
72370  53.550  -27.952  58.544 0.0000000000
71405  55.029  -28.138  59.603 0.0000000000
67161  45.412  -32.437  54.904 0.0000000000
67149  45.829  -33.058  55.504 0.0000000000
66182  46.535  -34.008  56.503 0.0000000000
66181  47.112  -33.643  56.648 0.0000000000
66180  48.074  -33.582  57.191 0.0000000000
65148  48.174  -34.207  57.351 0.0000000000
59924  38.406  -39.501  63.724 0.0000000000
59923  39.193  -39.597  63.976 0.0000000000
59908  39.427  -39.460  64.995 0.0000000000
59872  40.792  -39.638  66.512 0.0000000000
59871  41.795  -39.623  66.725 0.0000000000
50036  37.016  -48.407  70.250 0.0000000000
50054  37.495  -48.719  69.569 0.0000000000
50033  39.749  -49.494  70.878 0.0000000000
50032  41.153  -49.407  70.236 0.0000000000
76360  49.446  -23.888  50.054 0.0000000000
75334  50.487  -24.135  50.001 0.0000000000
75317  51.773  -24.388  50.501 0.0000000000
75333  50.909  -23.997  49.604 0.0000000000
75332  51.769  -24.188  49.681 0.0000000000
76344  53.775  -23.479  51.515 0.0000000000
78392  55.554  -21.759  44.115 0.0000000000
77424  57.341  -22.207  43.963 0.0000000000
77402  57.993  -22.418  44.829 0.0000000000
77403  57.111  -22.701  44.411 0.0000000000
76405  55.909  -23.508  45.277 0.0000000000
76404  56.840  -23.560  45.205 0.0000000000
75382  56.745  -23.993  45.649 0.0000000000
75361  57.640  -24.085  46.111 0.0000000000
75362  56.677  -24.523  46.227 0.0000000000
46982  30.079  -52.105  73.650 0.0000000000
45936  29.446  -52.362  74.119 0.0000000000
45892  30.286  -52.201  76.128 0.0000000000
45914  30.280  -52.178  75.151 0.0000000000
45891  30.912  -51.849  76.505 0.0000000000
47910  15.877  -50.795  79.007 0.0000000000
47899  15.706  -50.807  79.791 0.0000000000
46845  14.877  -51.807  80.712 0.0000000000
45801  15.996  -52.137  81.008 0.0000000000
45802  15.152  -52.340  81.241 0.0000000000
73359  50.288  -26.203  54.013 0.0000000000
73347  50.234  -26.260  54.537 0.0000000000
74264  50.630  -25.984  54.980 0.0000000000
73334  50.626  -26.396  55.333 0.0000000000
73362  47.649  -27.422  53.599 0.0000000000
72406  49.826  -28.030  55.225 0.0000000000
73325  50.448  -27.395  55.518 0.0000000000
73324  50.820  -27.138  55.667 0.0000000000
72396  50.832  -27.732  55.602 0.0000000000
72404  51.109  -28.282  55.769 0.0000000000
70444  50.874  -29.481  56.503 0.0000000000
71437  51.422  -28.887  56.317 0.0000000000
63066  45.966  -36.516  57.858 0.0000000000
63046  46.565  -36.970  58.714 0.0000000000
63025  47.777  -37.106  60.091 0.0000000000
63045  47.673  -36.865  59.171 0.0000000000
62015  48.586  -38.097  63.004 0.0000000000
62025  50.257  -37.504  62.788 0.0000000000
62994  50.600  -37.156  62.243 0.0000000000
63007  50.452  -36.941  61.432 0.0000000000
62992  52.552  -36.057  62.491 0.0000000000
57632  39.236  -41.862  64.202 0.0000000000
57621  39.483  -41.495  64.832 0.0000000000
57631  39.724  -42.265  64.538 0.0000000000
75321  48.447  -24.264  50.469 0.0000000000
74298  48.999  -25.967  51.962 0.0000000000
41984  10.659  -56.650  79.666 0.0000000000
41975  10.731  -56.547  80.630 0.0000000000
41041  10.239  -57.289  82.420 0.0000000000
41948  10.516  -56.858  83.508 0.0000000000
41941  10.677  -56.515  84.142 0.0000000000
41949  10.428  -56.904  83.978 0.0000000000
39005  9.364  -58.946  83.248 0.0000000000
40053  9.515  -58.619  82.497 0.0000000000
38997  9.384  -58.838  83.622 0.0000000000
65172  44.040  -34.003  55.108 0.0000000000
65173  43.377  -34.538  55.111 0.0000000000
64108  42.446  -35.933  55.738 0.0000000000
64118  42.738  -35.307  55.295 0.0000000000
64107  43.166  -35.739  55.924 0.0000000000
64106  44.003  -35.577  56.155 0.0000000000
63079  43.890  -36.552  57.097 0.0000000000
63068  44.336  -37.118  57.800 0.0000000000
62087  44.574  -37.925  59.137 0.0000000000
62114  41.690  -38.264  57.782 0.0000000000
61066  43.604  -38.974  60.434 0.0000000000
62067  43.642  -38.651  59.896 0.0000000000
62049  44.482  -38.588  60.888 0.0000000000
61046  45.346  -38.572  61.786 0.0000000000
61025  44.965  -39.007  62.167 0.0000000000
59920  44.822  -40.167  62.917 0.0000000000
59919  45.574  -39.718  63.205 0.0000000000
59904  45.950  -40.060  63.897 0.0000000000
59903  46.573  -39.616  64.227 0.0000000000
58735  46.092  -40.208  64.240 0.0000000000
51178  33.930  -47.558  66.788 0.0000000000
51159  34.221  -47.739  67.609 0.0000000000
52178  32.357  -47.177  69.315 0.0000000000
51113  34.517  -47.862  69.410 0.0000000000
51111  35.965  -48.239  69.657 0.0000000000
51093  35.372  -47.997  70.513 0.0000000000
51060  35.723  -47.876  72.621 0.0000000000
51075  36.419  -47.954  71.676 0.0000000000
51058  37.556  -47.698  72.669 0.0000000000
51044  37.041  -47.598  73.633 0.0000000000
47001  31.486  -51.253  73.367 0.0000000000
48001  31.686  -50.820  72.624 0.0000000000
47988  31.749  -50.493  73.535 0.0000000000
49986  32.730  -49.010  73.972 0.0000000000
51034  32.763  -48.929  73.600 0.0000000000
48973  34.472  -50.217  73.893 0.0000000000
48932  34.021  -49.365  74.698 0.0000000000
48953  34.310  -49.547  74.424 0.0000000000
49984  33.731  -48.624  74.358 0.0000000000
49983  34.566  -48.670  74.511 0.0000000000
51030  35.352  -47.938  74.340 0.0000000000
49981  36.597  -48.344  74.814 0.0000000000
51018  37.509  -48.244  74.998 0.0000000000
46818  23.566  -51.853  81.692 0.0000000000
46876  22.428  -52.227  78.309 0.0000000000
47904  20.676  -50.883  78.556 0.0000000000
46840  21.197  -50.786  80.278 0.0000000000
47906  18.787  -50.158  78.873 0.0000000000
47895  19.540  -49.996  79.829 0.0000000000
48894  18.449  -49.921  79.635 0.0000000000
47907  17.945  -50.441  78.589 0.0000000000
48958  19.356  -50.906  74.383 0.0000000000
46992  17.679  -52.032  73.534 0.0000000000
47956  18.327  -51.078  75.971 0.0000000000
47938  18.734  -50.800  76.615 0.0000000000
46895  17.260  -51.365  77.224 0.0000000000
47920  16.937  -51.044  78.013 0.0000000000
47909  16.601  -50.670  78.776 0.0000000000
46880  14.824  -51.724  78.572 0.0000000000
45861  14.539  -52.512  77.628 0.0000000000
44972  14.493  -52.934  74.591 0.0000000000
44945  13.801  -53.907  76.217 0.0000000000
44944  14.417  -53.172  76.662 0.0000000000
44937  12.974  -54.423  77.611 0.0000000000
42953  11.967  -55.693  77.995 0.0000000000
42972  11.302  -55.982  77.439 0.0000000000
42010  10.435  -56.436  77.818 0.0000000000
50057  28.861  -48.448  68.512 0.0000000000
50056  29.447  -48.525  69.064 0.0000000000
49020  29.297  -49.652  69.357 0.0000000000
49056  27.053  -49.271  67.937 0.0000000000
47025  29.390  -51.702  71.738 0.0000000000
47026  28.333  -51.691  71.709 0.0000000000
46985  27.037  -51.982  73.562 0.0000000000
46984  28.014  -52.142  73.472 0.0000000000
46961  27.485  -52.313  74.345 0.0000000000
46936  28.017  -52.483  75.025 0.0000000000
46986  25.981  -52.069  73.632 0.0000000000
46917  25.355  -52.325  76.973 0.0000000000
46916  26.115  -52.245  76.683 0.0000000000
46915  26.980  -52.314  76.388 0.0000000000
46794  23.745  -51.527  83.546 0.0000000000
47879  16.992  -50.678  81.036 0.0000000000
48868  17.498  -50.368  80.903 0.0000000000
46823  17.358  -51.096  81.121 0.0000000000
42903  11.448  -55.612  81.812 0.0000000000
43841  12.361  -54.895  84.311 0.0000000000
43840  12.852  -54.633  84.210 0.0000000000
44833  13.228  -54.352  84.104 0.0000000000
42875  13.004  -54.995  84.218 0.0000000000
78319  57.027  -21.919  54.726 0.0000000000
78318  57.626  -21.881  55.254 0.0000000000
76288  57.989  -23.253  56.861 0.0000000000
75269  51.725  -25.298  54.254 0.0000000000
75268  52.389  -24.910  54.325 0.0000000000
75254  52.153  -25.210  55.205 0.0000000000
75228  53.873  -25.143  56.896 0.0000000000
75238  54.085  -24.685  56.773 0.0000000000
76279  54.589  -24.383  57.058 0.0000000000
73300  54.819  -26.786  58.727 0.0000000000
73311  54.630  -26.464  58.084 0.0000000000
73299  55.554  -26.426  58.873 0.0000000000
73298  56.233  -26.042  59.084 0.0000000000
74225  56.777  -25.835  58.796 0.0000000000
74236  56.831  -25.483  58.128 0.0000000000
70470  46.205  -29.520  54.310 0.0000000000
71461  45.505  -28.739  54.094 0.0000000000
70461  46.821  -29.298  54.356 0.0000000000
70469  46.831  -29.848  54.390 0.0000000000
68232  46.629  -31.616  55.026 0.0000000000
68241  46.162  -31.306  54.582 0.0000000000
68230  48.143  -31.353  55.629 0.0000000000
69372  48.532  -31.097  55.729 0.0000000000
69371  49.209  -30.719  55.938 0.0000000000
69370  49.845  -30.289  56.215 0.0000000000
68192  50.707  -31.675  58.028 0.0000000000
69347  50.459  -31.046  57.698 0.0000000000
69345  52.227  -30.441  58.612 0.0000000000
64083  47.484  -35.864  57.779 0.0000000000
64082  48.235  -35.563  57.820 0.0000000000
64080  50.085  -35.287  58.265 0.0000000000
64081  49.123  -35.528  58.135 0.0000000000
65132  53.733  -34.227  58.715 0.0000000000
65133  52.659  -34.476  58.401 0.0000000000
66163  52.099  -33.557  58.030 0.0000000000
58815  40.066  -40.476  59.965 0.0000000000
58814  40.567  -40.376  59.998 0.0000000000
58800  40.817  -40.518  60.544 0.0000000000
59922  40.471  -40.072  63.724 0.0000000000
59939  40.204  -40.374  63.076 0.0000000000
58759  40.546  -40.477  63.226 0.0000000000
58757  42.348  -40.894  63.456 0.0000000000
58756  43.463  -40.918  63.359 0.0000000000
58705  45.100  -41.018  66.335 0.0000000000
58704  46.145  -40.907  65.956 0.0000000000
51129  38.018  -48.376  67.938 0.0000000000
52238  39.358  -46.414  66.403 0.0000000000
52220  39.135  -47.008  66.802 0.0000000000
53417  39.173  -45.938  65.947 0.0000000000
53430  39.514  -45.320  65.490 0.0000000000
54451  40.076  -44.893  65.724 0.0000000000
54435  41.441  -44.756  66.795 0.0000000000
54450  40.787  -44.688  66.204 0.0000000000
55461  41.483  -43.848  66.305 0.0000000000
56523  41.151  -42.808  65.881 0.0000000000
48949  40.678  -50.197  74.767 0.0000000000
48969  40.314  -50.213  74.032 0.0000000000
47963  41.232  -50.407  74.176 0.0000000000
48985  42.393  -49.870  72.486 0.0000000000
49000  42.476  -49.519  71.318 0.0000000000
49015  42.401  -49.330  70.703 0.0000000000
50030  42.919  -48.694  70.672 0.0000000000
52175  43.422  -45.975  70.198 0.0000000000
52157  43.535  -46.536  70.731 0.0000000000
52158  43.348  -47.108  70.179 0.0000000000
52176  43.124  -46.492  69.679 0.0000000000
53368  42.978  -45.515  69.046 0.0000000000
55427  43.868  -43.480  68.409 0.0000000000
55428  43.388  -43.794  67.874 0.0000000000
55445  43.523  -42.989  67.647 0.0000000000
56521  42.492  -42.876  66.784 0.0000000000
56508  42.922  -42.407  67.226 0.0000000000
57589  42.379  -41.390  67.409 0.0000000000
57588  43.038  -41.771  67.591 0.0000000000
57551  43.433  -40.912  68.925 0.0000000000
58668  43.038  -40.599  68.842 0.0000000000
58649  42.795  -40.137  69.070 0.0000000000
59842  42.622  -39.682  68.768 0.0000000000
59823  43.044  -39.758  69.393 0.0000000000
57526  45.078  -41.599  71.400 0.0000000000
57525  45.283  -40.984  71.814 0.0000000000
59809  44.838  -39.819  70.919 0.0000000000
60922  44.548  -39.380  69.643 0.0000000000
59840  44.736  -39.581  68.828 0.0000000000
59821  45.305  -39.495  69.473 0.0000000000
80376  54.230  -19.670  46.343 0.0000000000
77371  49.918  -22.844  48.623 0.0000000000
78371  53.512  -21.777  46.187 0.0000000000
76398  53.830  -23.691  46.409 0.0000000000
75353  54.498  -24.924  47.591 0.0000000000
75364  54.620  -24.429  46.633 0.0000000000
74331  55.690  -25.266  47.870 0.0000000000
74336  56.211  -25.227  47.542 0.0000000000
75329  54.241  -24.316  49.461 0.0000000000
76371  54.956  -23.548  49.857 0.0000000000
76355  56.567  -22.864  50.387 0.0000000000
76370  55.855  -23.554  49.796 0.0000000000
76369  56.843  -23.647  49.882 0.0000000000
75326  57.181  -24.488  49.371 0.0000000000
77343  58.823  -21.848  51.559 0.0000000000
80442  57.457  -19.513  41.923 0.0000000000
76402  58.479  -22.745  45.745 0.0000000000
46815  26.872  -51.766  81.740 0.0000000000
43930  12.439  -54.768  79.157 0.0000000000
43911  12.325  -54.589  80.201 0.0000000000
43893  12.163  -54.481  81.317 0.0000000000
60989  47.923  -38.761  64.262 0.0000000000
59901  48.023  -38.841  64.751 0.0000000000
50020  31.585  -49.112  71.217 0.0000000000
47032  22.458  -51.809  70.918 0.0000000000
48884  19.034  -49.878  80.267 0.0000000000
48865  19.060  -49.947  81.386 0.0000000000
48875  18.787  -49.904  80.779 0.0000000000
48866  18.537  -50.045  81.239 0.0000000000
47877  18.546  -50.496  81.386 0.0000000000
75294  53.392  -24.092  52.983 0.0000000000
70408  53.204  -28.878  59.003 0.0000000000
71407  53.520  -28.577  59.050 0.0000000000
70407  53.665  -29.144  59.252 0.0000000000
66196  45.186  -33.595  55.433 0.0000000000
65159  46.245  -34.185  56.428 0.0000000000
59892  38.577  -39.853  65.428 0.0000000000
59891  39.218  -39.620  65.534 0.0000000000
59873  39.951  -39.853  66.300 0.0000000000
59859  40.617  -39.896  66.943 0.0000000000
51073  38.033  -47.964  71.954 0.0000000000
50019  38.057  -48.353  71.308 0.0000000000
50018  38.598  -48.658  71.776 0.0000000000
50017  39.194  -49.198  72.224 0.0000000000
49003  39.949  -49.803  72.039 0.0000000000
75304  52.518  -24.287  51.384 0.0000000000
76337  53.029  -24.101  51.914 0.0000000000
77404  56.212  -22.674  44.465 0.0000000000
77392  55.638  -22.855  44.846 0.0000000000
76406  55.260  -23.368  45.465 0.0000000000
45916  28.640  -52.521  74.746 0.0000000000
45915  29.340  -52.479  74.830 0.0000000000
45873  29.671  -52.407  76.668 0.0000000000
45790  13.770  -53.188  82.189 0.0000000000
45789  14.115  -53.079  82.115 0.0000000000
74285  49.884  -26.152  52.982 0.0000000000
73372  49.462  -26.211  52.684 0.0000000000
72419  48.283  -27.899  54.588 0.0000000000
71445  50.864  -28.700  55.786 0.0000000000
71446  50.304  -28.908  55.496 0.0000000000
70445  50.299  -29.764  56.143 0.0000000000
62086  45.805  -37.527  59.061 0.0000000000
62085  46.868  -37.285  59.520 0.0000000000
63010  47.625  -37.261  60.582 0.0000000000
63009  48.154  -37.148  60.770 0.0000000000
41030  9.951  -57.755  82.880 0.0000000000
63089  42.907  -36.322  56.320 0.0000000000
63080  42.720  -36.858  56.860 0.0000000000
61084  42.011  -38.994  59.011 0.0000000000
61098  42.293  -38.738  58.700 0.0000000000
61083  42.687  -38.950  59.353 0.0000000000
61048  43.948  -39.114  61.093 0.0000000000
59954  44.104  -39.361  61.469 0.0000000000
59937  44.476  -39.726  62.160 0.0000000000
52221  32.741  -47.129  67.581 0.0000000000
52143  32.431  -47.869  70.936 0.0000000000
52142  33.111  -47.822  70.619 0.0000000000
51078  33.775  -47.998  71.037 0.0000000000
47970  31.623  -50.782  75.065 0.0000000000
47969  31.776  -50.537  74.469 0.0000000000
48935  32.712  -49.832  74.646 0.0000000000
47985  34.840  -50.644  73.475 0.0000000000
48971  35.883  -49.676  74.069 0.0000000000
47991  18.718  -51.200  73.296 0.0000000000
45950  16.945  -52.290  73.251 0.0000000000
45937  17.149  -52.506  74.108 0.0000000000
46943  17.653  -51.611  75.649 0.0000000000
46944  17.182  -51.759  76.157 0.0000000000
46921  16.866  -51.732  76.654 0.0000000000
46922  16.337  -51.794  76.932 0.0000000000
45880  15.081  -52.512  76.546 0.0000000000
43965  13.177  -54.449  76.739 0.0000000000
43985  12.314  -54.850  76.183 0.0000000000
51135  28.833  -47.247  68.025 0.0000000000
48062  26.043  -50.548  69.224 0.0000000000
45917  24.728  -52.499  75.771 0.0000000000
45895  24.755  -52.461  76.509 0.0000000000
45875  24.787  -52.437  77.183 0.0000000000
46892  25.200  -52.352  77.786 0.0000000000
46873  25.785  -52.189  78.613 0.0000000000
42885  11.607  -55.429  83.720 0.0000000000
77305  57.830  -22.218  56.034 0.0000000000
77292  57.356  -22.787  56.916 0.0000000000
74262  51.991  -25.467  55.613 0.0000000000
75240  52.337  -25.301  55.792 0.0000000000
74239  54.317  -25.725  57.297 0.0000000000
72359  56.087  -27.150  59.160 0.0000000000
73291  55.913  -26.817  59.208 0.0000000000
69394  46.037  -30.518  54.374 0.0000000000
67146  47.998  -32.190  56.294 0.0000000000
68218  47.800  -31.871  55.890 0.0000000000
68216  49.148  -31.463  56.574 0.0000000000
63044  48.991  -36.433  58.929 0.0000000000
63063  48.597  -35.975  58.297 0.0000000000
64063  50.469  -35.703  58.922 0.0000000000
58802  38.689  -40.590  60.719 0.0000000000
59906  41.367  -40.031  64.689 0.0000000000
58740  41.434  -40.448  64.210 0.0000000000
59905  41.985  -40.237  65.036 0.0000000000
58689  45.094  -40.616  67.595 0.0000000000
52219  39.873  -46.581  66.945 0.0000000000
53400  40.398  -45.916  66.851 0.0000000000
53399  40.959  -45.597  67.077 0.0000000000
48968  41.805  -50.231  73.920 0.0000000000
50005  43.079  -48.664  73.132 0.0000000000
54414  43.593  -44.558  68.937 0.0000000000
56489  43.890  -42.353  68.234 0.0000000000
56488  44.269  -42.106  68.785 0.0000000000
57550  44.002  -41.381  69.161 0.0000000000
58647  44.110  -40.811  69.878 0.0000000000
77370  50.313  -22.621  48.066 0.0000000000
76390  50.985  -23.519  47.978 0.0000000000
76399  53.013  -24.026  46.815 0.0000000000
75342  54.349  -24.823  48.597 0.0000000000
76357  54.859  -23.072  50.664 0.0000000000
77355  57.290  -22.187  50.961 0.0000000000
77354  58.240  -22.149  50.915 0.0000000000
78415  57.924  -21.056  42.809 0.0000000000
78413  59.310  -20.787  43.187 0.0000000000
77369  60.405  -22.731  48.725 0.0000000000
45839  28.118  -52.392  77.646 0.0000000000
45838  28.660  -52.391  78.050 0.0000000000
46870  28.471  -52.286  78.564 0.0000000000
45831  13.643  -52.689  79.834 0.0000000000
44877  13.651  -53.501  82.642 0.0000000000
44862  13.615  -53.812  83.315 0.0000000000
43858  13.610  -54.276  83.418 0.0000000000
72420  47.507  -27.952  54.391 0.0000000000
71449  47.794  -28.756  54.542 0.0000000000
62028  46.860  -37.987  62.125 0.0000000000
61021  47.982  -38.248  63.124 0.0000000000
40075  9.004  -58.526  80.549 0.0000000000
40066  8.752  -58.939  81.147 0.0000000000
39006  8.836  -59.442  82.701 0.0000000000
38993  8.732  -59.280  84.608 0.0000000000
38989  8.418  -59.247  85.575 0.0000000000
60012  41.046  -39.266  58.501 0.0000000000
59994  41.504  -39.520  59.145 0.0000000000
52161  31.870  -47.457  70.176 0.0000000000
51097  31.372  -47.867  70.264 0.0000000000
51096  31.853  -47.902  70.616 0.0000000000
52144  32.058  -47.804  70.717 0.0000000000
52130  32.965  -47.993  71.522 0.0000000000
51063  33.003  -48.471  72.092 0.0000000000
51048  33.288  -48.260  73.090 0.0000000000
45841  23.196  -52.551  78.181 0.0000000000
45859  23.035  -52.594  77.241 0.0000000000
46893  22.362  -52.382  77.173 0.0000000000
48917  19.779  -50.869  75.899 0.0000000000
45922  15.554  -52.699  74.483 0.0000000000
44971  14.990  -52.827  74.550 0.0000000000
46964  24.118  -52.569  74.370 0.0000000000
45877  23.554  -52.602  76.635 0.0000000000
77335  55.833  -22.320  52.452 0.0000000000
77326  56.410  -22.099  53.347 0.0000000000
77319  55.852  -22.684  54.518 0.0000000000
76316  55.232  -23.152  54.515 0.0000000000
77307  55.787  -22.853  55.445 0.0000000000
77281  56.486  -23.188  57.355 0.0000000000
72393  53.399  -26.946  56.847 0.0000000000
71406  54.153  -28.280  59.341 0.0000000000
72361  54.670  -27.768  59.349 0.0000000000
72360  55.298  -27.292  59.313 0.0000000000
67173  45.050  -31.818  54.402 0.0000000000
67160  46.125  -32.105  55.092 0.0000000000
66194  46.794  -33.100  56.169 0.0000000000
67147  47.427  -32.651  56.210 0.0000000000
66179  48.536  -33.078  57.243 0.0000000000
63021  52.063  -35.989  60.622 0.0000000000
59959  38.644  -40.232  61.825 0.0000000000
50076  36.376  -48.598  68.803 0.0000000000
50096  36.850  -48.537  68.024 0.0000000000
50075  37.195  -48.673  68.536 0.0000000000
50074  38.167  -48.675  68.718 0.0000000000
50073  39.078  -48.603  68.778 0.0000000000
50072  39.942  -48.486  68.806 0.0000000000
51110  41.469  -48.129  69.059 0.0000000000
76373  50.456  -23.589  49.156 0.0000000000
75345  51.634  -24.029  48.741 0.0000000000
75344  52.538  -24.377  48.805 0.0000000000
76358  53.865  -23.562  50.645 0.0000000000
76359  53.288  -23.770  50.870 0.0000000000
80423  56.562  -19.653  42.747 0.0000000000
79406  56.437  -20.761  42.914 0.0000000000
78416  57.067  -21.215  42.859 0.0000000000
78403  57.552  -21.619  43.402 0.0000000000
77401  58.673  -21.721  44.819 0.0000000000
78380  59.003  -21.574  45.181 0.0000000000
77391  58.342  -22.610  45.429 0.0000000000
76422  56.966  -23.146  44.792 0.0000000000
76403  57.799  -23.246  45.443 0.0000000000
76395  58.095  -23.593  46.040 0.0000000000
75360  58.269  -23.791  46.318 0.0000000000
47024  30.286  -51.563  71.938 0.0000000000
48002  31.131  -51.022  71.706 0.0000000000
46981  30.963  -51.610  73.855 0.0000000000
45935  29.933  -52.271  74.408 0.0000000000
46957  31.222  -51.310  74.888 0.0000000000
46935  31.479  -51.259  75.968 0.0000000000
45854  29.888  -52.289  77.474 0.0000000000
45853  30.557  -52.118  77.693 0.0000000000
46868  30.746  -52.165  78.511 0.0000000000
46888  31.176  -52.079  77.752 0.0000000000
47897  17.007  -50.378  79.224 0.0000000000
48888  16.849  -50.301  80.247 0.0000000000
47888  16.602  -50.555  80.576 0.0000000000
47880  16.339  -50.955  80.909 0.0000000000
45788  14.664  -52.937  81.861 0.0000000000
74295  51.438  -25.275  52.653 0.0000000000
74283  51.248  -25.514  53.423 0.0000000000
74275  51.162  -25.656  54.283 0.0000000000
74263  51.338  -25.741  55.282 0.0000000000
74250  51.547  -25.946  55.858 0.0000000000
73323  51.705  -26.593  55.988 0.0000000000
71422  52.661  -28.392  57.537 0.0000000000
71416  52.384  -28.910  58.142 0.0000000000
70418  52.822  -29.396  58.827 0.0000000000
64095  45.307  -35.667  57.020 0.0000000000
64094  46.094  -35.539  57.205 0.0000000000
62045  48.535  -37.411  61.631 0.0000000000
62044  49.616  -37.345  61.888 0.0000000000
58724  39.071  -41.036  64.889 0.0000000000
58723  39.623  -41.286  65.182 0.0000000000
57606  40.760  -41.861  65.660 0.0000000000
49963  38.577  -48.919  74.959 0.0000000000
49979  39.140  -49.236  74.495 0.0000000000
48929  40.028  -49.896  75.455 0.0000000000
75308  48.615  -24.883  50.789 0.0000000000
74323  49.753  -24.965  50.864 0.0000000000
74322  50.020  -24.955  50.882 0.0000000000
74313  51.088  -25.215  51.858 0.0000000000
80387  55.055  -19.766  45.493 0.0000000000
80388  54.611  -20.024  45.764 0.0000000000
41983  11.207  -56.225  79.645 0.0000000000
42924  11.494  -55.819  80.151 0.0000000000
42925  11.169  -56.102  80.651 0.0000000000
42904  11.037  -56.205  82.269 0.0000000000
41965  10.435  -56.918  81.590 0.0000000000
42893  11.003  -56.148  83.378 0.0000000000
40065  9.344  -58.536  81.414 0.0000000000
41021  10.173  -57.331  83.727 0.0000000000
41942  10.284  -56.910  84.475 0.0000000000
41932  10.656  -56.569  86.003 0.0000000000
66209  44.360  -33.422  54.942 0.0000000000
66197  44.523  -33.917  55.274 0.0000000000
64105  44.962  -35.263  56.424 0.0000000000
65162  43.839  -35.023  55.596 0.0000000000
63078  45.062  -36.266  57.308 0.0000000000
62110  45.516  -37.117  58.273 0.0000000000
62088  43.429  -38.428  59.151 0.0000000000
62089  42.726  -38.607  58.821 0.0000000000
62029  46.313  -38.205  62.064 0.0000000000
61023  46.405  -38.511  62.621 0.0000000000
61005  46.760  -38.857  63.455 0.0000000000
61006  46.073  -38.985  63.128 0.0000000000
59868  47.471  -40.043  66.266 0.0000000000
51177  34.781  -47.701  66.717 0.0000000000
52197  32.153  -46.918  68.398 0.0000000000
52196  32.904  -47.276  68.452 0.0000000000
52159  33.260  -47.686  69.886 0.0000000000
51133  33.643  -47.599  68.454 0.0000000000
51132  34.424  -47.814  68.504 0.0000000000
51131  35.216  -48.045  68.642 0.0000000000
51130  35.754  -48.363  68.904 0.0000000000
51091  36.976  -48.058  70.915 0.0000000000
51074  37.350  -47.962  71.663 0.0000000000
51043  37.916  -47.650  73.463 0.0000000000
51027  38.363  -47.878  74.034 0.0000000000
48974  31.982  -49.702  73.658 0.0000000000
50008  32.268  -49.225  72.916 0.0000000000
51033  33.040  -48.643  73.658 0.0000000000
51032  33.553  -48.301  73.850 0.0000000000
48934  33.148  -49.734  74.742 0.0000000000
48933  33.681  -49.556  74.648 0.0000000000
49968  33.220  -49.158  74.510 0.0000000000
51029  36.584  -47.892  74.576 0.0000000000
51017  38.198  -48.131  74.832 0.0000000000
46804  24.180  -51.764  82.699 0.0000000000
46806  22.500  -51.243  82.492 0.0000000000
46820  22.049  -50.985  81.961 0.0000000000
47885  21.466  -50.853  81.620 0.0000000000
46875  22.991  -52.411  78.649 0.0000000000
48896  17.494  -50.262  79.115 0.0000000000
47990  20.258  -51.276  73.154 0.0000000000
48937  19.649  -50.846  75.418 0.0000000000
47954  19.158  -50.635  75.353 0.0000000000
46991  18.301  -51.555  73.889 0.0000000000
47973  18.856  -51.097  74.230 0.0000000000
46879  15.499  -51.347  78.390 0.0000000000
45862  14.033  -52.699  78.199 0.0000000000
45847  13.782  -52.736  78.831 0.0000000000
42954  11.560  -56.032  78.443 0.0000000000
41993  11.149  -56.398  78.983 0.0000000000
41985  9.922  -57.188  79.221 0.0000000000
41995  9.732  -56.848  78.276 0.0000000000
41076  9.068  -57.430  78.741 0.0000000000
51134  29.615  -47.157  68.604 0.0000000000
51115  29.934  -47.623  69.247 0.0000000000
49019  30.394  -49.693  69.988 0.0000000000
48035  30.476  -50.434  70.348 0.0000000000
48060  27.964  -50.382  69.482 0.0000000000
49021  28.494  -50.089  69.354 0.0000000000
46889  27.668  -52.375  77.159 0.0000000000
46855  26.509  -52.000  79.583 0.0000000000
47878  17.768  -50.639  81.070 0.0000000000
43894  11.720  -55.147  81.376 0.0000000000
43875  11.800  -54.916  82.130 0.0000000000
43860  12.660  -54.196  83.330 0.0000000000
44849  13.142  -53.874  83.785 0.0000000000
44848  13.546  -53.993  83.959 0.0000000000
78328  57.501  -21.747  54.375 0.0000000000
78327  58.270  -21.865  54.863 0.0000000000
75267  53.112  -24.520  54.356 0.0000000000
76304  53.632  -24.305  55.250 0.0000000000
76291  53.433  -24.506  55.775 0.0000000000
76278  55.504  -23.973  57.492 0.0000000000
76268  56.442  -24.373  58.109 0.0000000000
73321  53.760  -26.434  57.098 0.0000000000
74238  55.283  -25.598  58.069 0.0000000000
74227  55.604  -25.949  58.500 0.0000000000
75226  55.604  -24.835  57.933 0.0000000000
72422  45.731  -28.119  53.925 0.0000000000
71450  47.130  -28.916  54.375 0.0000000000
70459  48.392  -29.625  54.848 0.0000000000
69384  47.004  -30.632  54.654 0.0000000000
68231  47.539  -31.403  55.259 0.0000000000
70458  49.214  -29.686  55.230 0.0000000000
70446  49.704  -29.994  55.790 0.0000000000
70428  50.621  -29.925  56.851 0.0000000000
69355  50.714  -30.173  57.286 0.0000000000
64093  47.038  -35.319  57.356 0.0000000000
65138  48.060  -35.062  57.444 0.0000000000
65137  48.544  -34.663  57.528 0.0000000000
66167  48.434  -34.015  57.411 0.0000000000
66165  50.029  -33.623  57.799 0.0000000000
64038  51.800  -35.866  59.911 0.0000000000
64062  51.271  -35.667  59.292 0.0000000000
64078  51.884  -35.120  58.718 0.0000000000
64077  52.603  -35.072  59.002 0.0000000000
67120  51.424  -32.599  58.082 0.0000000000
68189  54.231  -31.319  58.428 0.0000000000
59995  40.553  -40.123  59.477 0.0000000000
59957  41.756  -40.413  60.740 0.0000000000
59958  39.296  -40.418  62.127 0.0000000000
58791  39.471  -40.565  61.622 0.0000000000
58790  40.601  -40.710  61.530 0.0000000000
58758  41.217  -40.616  63.529 0.0000000000
58789  41.749  -40.652  61.335 0.0000000000
58788  42.906  -40.409  61.616 0.0000000000
58773  43.727  -40.471  62.355 0.0000000000
58755  44.504  -40.649  63.239 0.0000000000
58718  46.300  -40.444  64.895 0.0000000000
58703  46.862  -40.370  65.709 0.0000000000
51174  37.773  -47.557  66.684 0.0000000000
52239  38.501  -46.749  66.208 0.0000000000
55479  40.040  -43.624  64.930 0.0000000000
54467  40.326  -44.303  65.497 0.0000000000
56549  39.992  -42.717  64.713 0.0000000000
56537  40.548  -42.737  65.224 0.0000000000
57605  41.357  -42.037  66.122 0.0000000000
48970  39.654  -49.746  73.815 0.0000000000
48987  40.466  -50.253  72.980 0.0000000000
49002  40.750  -50.098  71.891 0.0000000000
47981  41.954  -50.269  73.240 0.0000000000
48986  41.439  -50.300  72.399 0.0000000000
49017  40.889  -49.798  71.111 0.0000000000
49016  41.812  -49.622  70.810 0.0000000000
50050  41.713  -48.748  69.578 0.0000000000
51109  42.241  -47.996  69.293 0.0000000000
50015  43.238  -48.170  72.424 0.0000000000
52141  43.544  -46.570  71.835 0.0000000000
51089  43.497  -47.244  71.354 0.0000000000
50029  43.377  -48.052  71.498 0.0000000000
51108  42.968  -47.708  69.852 0.0000000000
52193  42.497  -46.381  68.678 0.0000000000
53382  42.170  -45.832  68.104 0.0000000000
54434  42.292  -44.688  67.305 0.0000000000
54415  43.053  -45.023  68.598 0.0000000000
54422  42.991  -44.585  68.029 0.0000000000
55460  42.183  -43.448  66.654 0.0000000000
58670  41.693  -40.177  67.887 0.0000000000
57567  43.243  -41.308  68.247 0.0000000000
59843  41.978  -39.758  68.236 0.0000000000
60955  43.055  -39.373  68.445 0.0000000000
59810  44.106  -39.859  70.291 0.0000000000
59822  43.545  -39.816  69.864 0.0000000000
60923  43.554  -39.472  69.509 0.0000000000
60941  43.664  -39.306  68.851 0.0000000000
59856  43.481  -39.535  68.005 0.0000000000
59855  44.408  -39.845  67.956 0.0000000000
59854  45.122  -39.987  68.308 0.0000000000
58667  45.691  -40.294  68.415 0.0000000000
59838  46.405  -39.964  68.887 0.0000000000
58666  46.333  -40.622  68.114 0.0000000000
78370  54.186  -21.711  45.770 0.0000000000
75363  55.640  -24.304  46.142 0.0000000000
75351  56.360  -24.956  46.929 0.0000000000
74335  56.701  -25.143  47.399 0.0000000000
75339  57.511  -24.909  48.508 0.0000000000
75325  58.095  -24.330  49.233 0.0000000000
76367  58.827  -23.464  49.522 0.0000000000
76352  59.284  -22.718  50.188 0.0000000000
77353  59.133  -22.185  50.808 0.0000000000
40043  9.370  -58.796  83.867 0.0000000000
41020  10.344  -57.136  83.451 0.0000000000
43839  13.139  -54.588  84.132 0.0000000000
43847  13.502  -54.283  83.666 0.0000000000
43848  13.346  -54.476  83.808 0.0000000000
44834  13.118  -54.113  84.198 0.0000000000
44847  13.648  -54.109  83.723 0.0000000000
44861  13.926  -53.977  83.421 0.0000000000
45822  29.210  -52.275  78.722 0.0000000000
45825  23.230  -52.429  78.744 0.0000000000
45871  30.930  -52.000  77.190 0.0000000000
46934  31.828  -50.947  76.049 0.0000000000
46956  31.544  -50.978  74.546 0.0000000000
46959  28.935  -52.468  74.268 0.0000000000
47964  40.749  -50.386  74.183 0.0000000000
47967  34.000  -50.398  74.151 0.0000000000
47982  41.373  -50.419  73.535 0.0000000000
47983  40.834  -50.448  73.690 0.0000000000
47987  33.866  -50.869  73.987 0.0000000000
47998  41.840  -50.313  72.746 0.0000000000
47999  41.356  -50.429  73.001 0.0000000000
48018  26.399  -51.382  71.045 0.0000000000
48916  20.085  -51.009  76.101 0.0000000000
49966  34.064  -49.137  74.708 0.0000000000
50004  43.163  -48.181  72.870 0.0000000000
50006  39.006  -48.957  73.026 0.0000000000
50031  42.146  -49.174  70.199 0.0000000000
50097  36.651  -48.582  68.297 0.0000000000
51006  37.878  -48.624  75.072 0.0000000000
51042  38.446  -47.974  73.284 0.0000000000
51072  43.385  -47.400  72.151 0.0000000000
53397  42.401  -45.244  67.834 0.0000000000
53415  40.637  -45.407  66.598 0.0000000000
54449  41.252  -44.439  66.426 0.0000000000
55405  44.375  -43.630  70.225 0.0000000000
55493  39.767  -43.197  64.495 0.0000000000
57590  41.719  -41.660  66.654 0.0000000000
58625  45.095  -40.526  71.389 0.0000000000
58637  43.893  -40.255  70.060 0.0000000000
58691  41.969  -40.664  67.816 0.0000000000
58722  42.271  -40.429  65.238 0.0000000000
58754  45.110  -40.319  63.323 0.0000000000
58777  39.636  -40.501  62.276 0.0000000000
58816  39.144  -40.598  59.899 0.0000000000
59841  44.086  -39.473  68.525 0.0000000000
59875  38.782  -40.067  65.654 0.0000000000
59886  46.738  -39.963  64.931 0.0000000000
59977  40.853  -40.318  60.037 0.0000000000
60909  43.791  -39.571  70.031 0.0000000000
60924  42.969  -39.459  69.167 0.0000000000
60956  42.809  -39.416  68.419 0.0000000000
60977  38.972  -39.509  65.340 0.0000000000
60978  38.745  -39.514  65.234 0.0000000000
60991  38.940  -39.392  65.126 0.0000000000
61026  37.942  -39.355  63.683 0.0000000000
61045  45.938  -38.404  62.095 0.0000000000
61065  44.151  -38.765  60.837 0.0000000000
61067  43.026  -39.105  60.017 0.0000000000
61125  41.386  -38.354  57.625 0.0000000000
64037  52.485  -35.644  60.161 0.0000000000
71414  53.661  -28.120  58.893 0.0000000000
72397  50.308  -27.679  55.428 0.0000000000
74218  56.601  -25.932  59.097 0.0000000000
74226  56.150  -25.614  58.682 0.0000000000
74329  56.777  -25.265  47.912 0.0000000000
74330  56.081  -25.311  48.039 0.0000000000
74337  55.864  -25.257  47.690 0.0000000000
75215  56.173  -24.922  58.262 0.0000000000
75307  50.260  -24.937  50.939 0.0000000000
75383  56.221  -24.114  45.803 0.0000000000
76382  50.254  -23.367  48.955 0.0000000000
77328  54.903  -22.937  52.854 0.0000000000
77405  55.475  -22.383  44.628 0.0000000000
78329  56.898  -21.918  54.039 0.0000000000
