#!ascii label  , from subject 3819 vox2ras=TkReg
1001
62228  29.154  -18.494  71.182 0.0000000000
83747  40.881  -0.729  58.761 0.0000000000
74534  35.563  -8.937  64.993 0.0000000000
48275  12.623  -29.018  84.206 0.0000000000
57227  24.122  -21.049  75.530 0.0000000000
79060  33.943  -4.030  64.089 0.0000000000
51092  18.334  -27.996  77.152 0.0000000000
47357  16.509  -31.444  81.002 0.0000000000
51126  22.133  -27.413  74.964 0.0000000000
81427  46.466  -3.365  58.467 0.0000000000
66129  31.741  -14.604  69.962 0.0000000000
64936  35.205  -16.587  67.114 0.0000000000
63546  34.743  -19.540  72.898 0.0000000000
86034  44.157  2.031  57.928 0.0000000000
83781  47.878  0.169  55.646 0.0000000000
83730  38.394  -0.756  61.432 0.0000000000
79109  41.837  -4.589  61.391 0.0000000000
79114  36.840  -4.532  61.558 0.0000000000
76779  37.885  -8.206  64.541 0.0000000000
56071  29.848  -24.167  73.657 0.0000000000
44211  11.280  -33.830  87.188 0.0000000000
45225  9.740  -32.287  90.551 0.0000000000
45185  9.750  -30.790  94.195 0.0000000000
59565  25.485  -19.974  71.632 0.0000000000
53770  25.751  -26.310  74.469 0.0000000000
70963  32.536  -11.669  66.111 0.0000000000
68577  38.659  -14.092  68.013 0.0000000000
88351  50.709  3.231  54.913 0.0000000000
81430  43.202  -2.067  58.220 0.0000000000
81390  43.181  -3.019  59.643 0.0000000000
66132  29.479  -15.872  70.201 0.0000000000
63613  31.755  -17.522  69.976 0.0000000000
63549  31.976  -18.641  72.593 0.0000000000
86031  40.947  1.475  59.603 0.0000000000
87207  43.291  3.286  60.180 0.0000000000
84833  42.707  0.789  58.057 0.0000000000
83762  44.606  -0.514  56.814 0.0000000000
43025  8.043  -34.550  93.985 0.0000000000
81366  37.311  -2.743  61.325 0.0000000000
81335  36.654  -2.290  63.195 0.0000000000
76782  34.374  -7.298  64.115 0.0000000000
76804  34.953  -6.904  63.470 0.0000000000
75657  36.872  -8.670  65.461 0.0000000000
73367  38.318  -9.813  66.567 0.0000000000
47323  13.723  -30.448  82.153 0.0000000000
46405  15.211  -32.298  82.629 0.0000000000
45323  12.914  -32.683  83.829 0.0000000000
44223  13.637  -34.377  86.322 0.0000000000
46344  11.590  -32.024  85.588 0.0000000000
48213  10.616  -29.378  89.783 0.0000000000
46244  9.417  -31.036  92.763 0.0000000000
58396  24.833  -20.126  74.558 0.0000000000
56094  26.031  -23.849  72.280 0.0000000000
56096  24.155  -23.514  73.568 0.0000000000
48389  22.604  -30.001  77.512 0.0000000000
51077  23.811  -28.402  77.185 0.0000000000
63589  37.730  -18.105  70.935 0.0000000000
66160  37.858  -15.794  68.071 0.0000000000
80189  36.416  -2.418  64.930 0.0000000000
80167  33.388  -3.612  66.498 0.0000000000
76763  32.060  -6.661  66.262 0.0000000000
48391  19.654  -30.513  77.768 0.0000000000
47355  18.913  -31.814  80.838 0.0000000000
48367  16.746  -29.689  78.744 0.0000000000
49600  14.941  -28.221  80.532 0.0000000000
51016  13.517  -27.323  83.056 0.0000000000
54906  22.656  -23.678  74.445 0.0000000000
54890  21.141  -24.098  75.548 0.0000000000
51108  19.564  -28.142  75.869 0.0000000000
67368  33.824  -13.904  70.372 0.0000000000
67397  33.501  -14.912  66.975 0.0000000000
64916  32.599  -16.563  68.309 0.0000000000
63610  34.925  -18.511  69.960 0.0000000000
87232  47.576  2.556  56.374 0.0000000000
84845  45.765  0.764  56.313 0.0000000000
81459  46.964  -2.154  56.548 0.0000000000
83749  39.774  -0.678  59.695 0.0000000000
81392  41.477  -2.871  59.691 0.0000000000
80285  39.418  -2.995  59.911 0.0000000000
79112  38.957  -4.491  60.720 0.0000000000
76838  39.984  -6.871  62.566 0.0000000000
79075  34.962  -4.316  62.889 0.0000000000
75703  37.122  -7.210  62.710 0.0000000000
58422  30.141  -20.989  71.714 0.0000000000
59538  31.840  -20.664  73.512 0.0000000000
84814  39.922  1.413  61.740 0.0000000000
49501  11.647  -28.767  86.638 0.0000000000
47271  10.738  -30.599  88.019 0.0000000000
44192  10.376  -33.486  88.934 0.0000000000
41982  10.275  -35.458  90.083 0.0000000000
43041  9.543  -34.603  91.953 0.0000000000
44139  8.849  -33.567  92.838 0.0000000000
44104  8.509  -31.808  94.670 0.0000000000
46216  7.885  -30.832  95.538 0.0000000000
60887  27.485  -19.488  70.619 0.0000000000
57290  27.823  -22.242  70.790 0.0000000000
54904  27.952  -25.571  74.481 0.0000000000
52542  23.871  -26.614  74.778 0.0000000000
73389  33.174  -9.815  64.836 0.0000000000
68600  34.083  -14.033  65.893 0.0000000000
69784  35.506  -12.650  65.115 0.0000000000
70951  37.659  -11.749  66.187 0.0000000000
62173  33.784  -19.790  74.836 0.0000000000
87245  52.025  2.363  53.116 0.0000000000
86052  49.671  1.543  54.905 0.0000000000
84856  50.645  0.659  54.020 0.0000000000
81431  42.508  -1.663  58.451 0.0000000000
81414  43.639  -2.570  59.040 0.0000000000
81415  42.628  -2.341  58.984 0.0000000000
64871  29.176  -16.712  70.530 0.0000000000
64853  30.314  -17.328  71.064 0.0000000000
63551  30.414  -18.304  71.772 0.0000000000
83757  40.775  0.107  58.875 0.0000000000
86037  41.788  1.408  58.980 0.0000000000
83755  41.982  0.021  58.193 0.0000000000
83765  42.602  -0.257  57.749 0.0000000000
43009  7.058  -34.636  94.479 0.0000000000
81334  37.415  -1.588  63.782 0.0000000000
81318  37.011  -2.261  64.278 0.0000000000
75674  34.131  -7.942  64.827 0.0000000000
75673  35.099  -7.907  64.634 0.0000000000
75658  35.914  -8.410  64.966 0.0000000000
74526  37.013  -8.921  65.875 0.0000000000
74532  37.025  -9.435  65.828 0.0000000000
47324  12.939  -30.058  82.716 0.0000000000
46407  13.191  -30.911  82.820 0.0000000000
46386  12.356  -30.969  83.983 0.0000000000
46367  12.123  -31.790  84.496 0.0000000000
47306  12.000  -30.444  84.468 0.0000000000
57243  24.536  -20.650  75.018 0.0000000000
57263  24.701  -22.475  73.170 0.0000000000
57245  23.880  -22.761  73.896 0.0000000000
48365  21.648  -31.379  79.086 0.0000000000
70942  33.557  -12.250  69.503 0.0000000000
64882  38.563  -16.755  70.175 0.0000000000
77892  32.561  -5.274  65.824 0.0000000000
77881  32.366  -5.268  67.119 0.0000000000
48415  18.559  -29.569  77.552 0.0000000000
47413  18.276  -30.221  78.367 0.0000000000
48393  18.090  -29.300  78.050 0.0000000000
51070  15.762  -27.519  79.865 0.0000000000
52454  15.063  -26.871  80.670 0.0000000000
49583  14.326  -28.210  81.157 0.0000000000
54889  21.690  -23.230  76.240 0.0000000000
52514  19.093  -26.194  77.040 0.0000000000
52513  19.692  -26.095  76.481 0.0000000000
51091  18.815  -27.469  76.498 0.0000000000
48413  20.158  -29.856  77.159 0.0000000000
66162  32.819  -15.637  68.336 0.0000000000
66163  32.206  -15.949  68.693 0.0000000000
63593  33.111  -18.285  70.985 0.0000000000
63611  33.732  -18.453  69.992 0.0000000000
63592  34.168  -18.629  71.033 0.0000000000
63591  35.381  -18.717  71.050 0.0000000000
63545  35.473  -19.316  73.279 0.0000000000
87221  43.792  2.582  58.527 0.0000000000
86039  46.167  2.315  56.826 0.0000000000
86047  45.347  1.509  56.692 0.0000000000
82590  44.599  -1.111  57.011 0.0000000000
82609  45.768  -1.061  56.386 0.0000000000
81443  46.005  -2.549  57.286 0.0000000000
83729  38.745  -0.264  61.040 0.0000000000
82558  39.243  -1.480  60.126 0.0000000000
82559  38.713  -1.561  60.526 0.0000000000
80267  37.237  -3.635  61.318 0.0000000000
80266  38.139  -3.290  60.777 0.0000000000
77974  38.503  -5.361  61.227 0.0000000000
77955  39.798  -6.303  62.041 0.0000000000
76866  38.249  -6.073  61.525 0.0000000000
80212  34.245  -3.223  64.364 0.0000000000
80227  35.216  -3.444  63.138 0.0000000000
79076  34.476  -4.209  63.527 0.0000000000
76780  36.868  -8.109  64.233 0.0000000000
76823  36.419  -6.904  62.659 0.0000000000
76802  37.481  -7.774  63.765 0.0000000000
75688  38.986  -7.678  64.161 0.0000000000
56090  30.646  -23.132  73.299 0.0000000000
57259  31.279  -22.314  73.093 0.0000000000
84806  38.616  0.190  62.821 0.0000000000
84805  39.277  0.880  62.463 0.0000000000
84815  39.381  0.422  61.150 0.0000000000
47356  17.816  -31.637  80.841 0.0000000000
46444  17.350  -32.015  81.613 0.0000000000
44224  12.584  -33.922  86.046 0.0000000000
43134  13.845  -35.094  87.061 0.0000000000
43135  12.728  -35.055  87.224 0.0000000000
43119  11.283  -34.690  87.979 0.0000000000
50937  11.413  -27.976  87.489 0.0000000000
48244  11.397  -29.569  86.492 0.0000000000
49475  10.987  -28.581  87.999 0.0000000000
46272  10.000  -31.413  89.973 0.0000000000
46290  10.314  -31.959  89.193 0.0000000000
45237  10.019  -32.472  89.742 0.0000000000
43099  10.445  -34.550  89.511 0.0000000000
44166  9.824  -33.526  90.717 0.0000000000
43058  9.962  -34.549  91.214 0.0000000000
45226  9.461  -32.608  91.247 0.0000000000
45195  9.450  -31.324  93.823 0.0000000000
44138  8.898  -32.803  92.551 0.0000000000
45196  9.197  -31.972  93.995 0.0000000000
44128  8.541  -32.945  93.481 0.0000000000
45186  9.136  -31.401  94.460 0.0000000000
62213  25.760  -18.080  72.951 0.0000000000
63578  26.263  -17.362  72.341 0.0000000000
60876  25.965  -19.217  71.454 0.0000000000
58434  27.336  -21.176  70.565 0.0000000000
58435  26.150  -20.805  71.079 0.0000000000
54951  25.717  -24.449  72.965 0.0000000000
54950  26.790  -24.621  72.634 0.0000000000
54905  27.003  -25.507  74.002 0.0000000000
53773  22.465  -25.659  74.639 0.0000000000
53788  23.273  -25.613  74.333 0.0000000000
52543  23.014  -26.981  74.838 0.0000000000
51076  24.538  -28.307  77.607 0.0000000000
80264  41.467  -3.924  60.789 0.0000000000
80283  41.868  -3.379  60.317 0.0000000000
80263  42.464  -3.937  61.156 0.0000000000
73368  31.645  -9.953  67.269 0.0000000000
74537  31.698  -8.988  66.001 0.0000000000
72214  32.744  -10.849  65.191 0.0000000000
66181  33.807  -15.985  66.913 0.0000000000
68590  33.300  -13.737  67.414 0.0000000000
66198  35.294  -16.021  66.503 0.0000000000
67388  38.254  -14.701  67.924 0.0000000000
67402  36.999  -14.698  66.367 0.0000000000
68597  37.590  -13.769  66.446 0.0000000000
70961  35.698  -11.778  65.087 0.0000000000
69764  38.088  -12.740  66.641 0.0000000000
70950  38.466  -11.715  66.905 0.0000000000
62175  32.791  -19.920  73.916 0.0000000000
87246  51.344  2.234  53.587 0.0000000000
86045  47.368  1.480  55.812 0.0000000000
87237  48.552  2.560  55.722 0.0000000000
84850  48.992  0.629  55.137 0.0000000000
83786  50.436  -0.448  54.439 0.0000000000
83785  51.365  -0.855  54.212 0.0000000000
52515  18.347  -26.757  77.485 0.0000000000
51078  17.699  -27.375  77.910 0.0000000000
81429  44.127  -2.611  58.158 0.0000000000
81412  45.571  -3.173  59.414 0.0000000000
81413  44.571  -2.833  59.168 0.0000000000
67371  30.171  -14.809  69.898 0.0000000000
64901  31.159  -16.327  69.412 0.0000000000
64869  30.667  -16.961  70.314 0.0000000000
63594  32.110  -17.901  70.917 0.0000000000
63548  32.726  -18.830  72.701 0.0000000000
87208  42.433  3.046  60.457 0.0000000000
87215  41.971  2.674  59.951 0.0000000000
86029  42.812  1.954  59.066 0.0000000000
86035  43.445  1.824  58.145 0.0000000000
84838  44.295  0.776  56.910 0.0000000000
83764  43.331  -0.168  57.440 0.0000000000
82591  43.713  -0.955  57.406 0.0000000000
41938  8.389  -35.587  93.924 0.0000000000
83718  37.851  -0.659  62.889 0.0000000000
82523  37.957  -1.421  61.814 0.0000000000
81350  37.232  -1.888  62.248 0.0000000000
80247  36.752  -3.014  61.721 0.0000000000
80248  36.265  -3.672  62.122 0.0000000000
77924  33.274  -4.779  64.360 0.0000000000
77941  34.316  -5.288  63.424 0.0000000000
76781  35.735  -7.675  64.323 0.0000000000
76761  37.363  -8.412  65.023 0.0000000000
75643  38.136  -8.649  66.194 0.0000000000
74524  38.413  -8.974  66.954 0.0000000000
54886  29.988  -25.383  75.966 0.0000000000
47337  14.925  -31.076  81.464 0.0000000000
46427  16.023  -31.904  81.971 0.0000000000
46428  14.974  -31.707  81.840 0.0000000000
46384  14.319  -32.609  83.280 0.0000000000
45311  14.187  -33.540  84.777 0.0000000000
44236  12.546  -33.352  85.344 0.0000000000
45296  11.295  -32.620  86.578 0.0000000000
49462  10.800  -28.298  89.065 0.0000000000
48201  10.104  -29.752  90.980 0.0000000000
46257  9.726  -31.054  90.932 0.0000000000
45214  9.554  -31.765  91.344 0.0000000000
46243  9.821  -30.921  92.044 0.0000000000
47222  9.865  -30.189  93.537 0.0000000000
46220  10.318  -30.019  94.429 0.0000000000
58411  24.910  -20.512  73.147 0.0000000000
57292  25.777  -21.429  71.482 0.0000000000
57279  25.231  -22.630  72.614 0.0000000000
56095  25.012  -23.489  72.907 0.0000000000
53786  25.126  -25.765  73.854 0.0000000000
49642  22.591  -28.887  76.540 0.0000000000
51090  23.148  -28.358  76.391 0.0000000000
49628  23.182  -29.415  77.262 0.0000000000
77953  41.738  -5.490  61.945 0.0000000000
70953  32.455  -11.845  67.525 0.0000000000
64899  36.497  -17.507  68.757 0.0000000000
64934  36.506  -16.275  67.184 0.0000000000
64898  37.446  -16.908  68.787 0.0000000000
66125  38.387  -16.338  69.615 0.0000000000
88344  50.480  3.620  55.686 0.0000000000
44107  6.481  -33.345  94.648 0.0000000000
80164  36.144  -2.509  66.033 0.0000000000
80191  34.167  -2.769  65.402 0.0000000000
80192  33.467  -3.274  65.550 0.0000000000
77906  32.836  -4.961  64.753 0.0000000000
76783  33.023  -6.470  64.708 0.0000000000
47410  20.837  -31.306  78.932 0.0000000000
47377  20.515  -31.403  80.251 0.0000000000
47397  19.205  -31.172  79.253 0.0000000000
47398  18.132  -30.708  79.124 0.0000000000
47381  16.237  -30.480  79.982 0.0000000000
49631  16.614  -28.336  78.738 0.0000000000
48345  15.825  -29.617  79.604 0.0000000000
47382  15.442  -29.933  80.115 0.0000000000
47359  14.512  -29.889  80.957 0.0000000000
48292  13.062  -29.311  82.223 0.0000000000
49551  12.813  -28.101  83.565 0.0000000000
56051  22.890  -22.877  74.870 0.0000000000
56052  22.370  -23.184  75.123 0.0000000000
54908  21.470  -24.340  75.032 0.0000000000
52528  20.974  -26.097  75.248 0.0000000000
53758  20.270  -24.918  76.053 0.0000000000
52529  20.229  -26.395  75.751 0.0000000000
51106  21.428  -27.454  75.204 0.0000000000
49643  21.403  -29.251  76.272 0.0000000000
48390  21.148  -30.803  77.981 0.0000000000
68567  34.026  -12.894  70.233 0.0000000000
68578  33.748  -13.212  69.336 0.0000000000
67390  33.564  -14.111  68.608 0.0000000000
66161  33.368  -15.352  67.889 0.0000000000
64914  34.586  -17.215  67.570 0.0000000000
63627  32.333  -17.637  69.126 0.0000000000
63625  34.380  -18.285  68.970 0.0000000000
63624  35.436  -17.860  68.994 0.0000000000
63609  36.156  -18.075  69.946 0.0000000000
63568  37.075  -18.570  72.069 0.0000000000
87224  47.409  3.191  57.319 0.0000000000
86046  46.439  1.901  56.500 0.0000000000
84844  46.787  0.683  56.021 0.0000000000
84846  44.884  0.920  56.650 0.0000000000
83772  46.229  -0.245  56.109 0.0000000000
83748  40.549  -0.447  59.082 0.0000000000
81416  41.723  -2.200  59.278 0.0000000000
82568  40.291  -1.398  59.397 0.0000000000
80303  40.042  -2.865  59.637 0.0000000000
79121  40.522  -4.096  60.586 0.0000000000
79123  38.999  -3.545  60.432 0.0000000000
79111  40.125  -4.738  60.818 0.0000000000
77954  40.560  -6.115  62.183 0.0000000000
77939  40.636  -6.719  62.776 0.0000000000
80210  36.018  -2.582  63.731 0.0000000000
80249  35.691  -3.591  62.557 0.0000000000
77956  36.149  -5.180  61.749 0.0000000000
77940  34.847  -5.212  62.741 0.0000000000
76843  35.965  -6.334  62.377 0.0000000000
76868  36.999  -6.183  61.737 0.0000000000
75713  38.413  -7.184  62.535 0.0000000000
60860  29.419  -19.428  71.271 0.0000000000
60849  30.258  -19.542  71.963 0.0000000000
59552  30.503  -20.346  72.219 0.0000000000
58380  32.340  -21.572  73.863 0.0000000000
84824  40.136  1.130  60.578 0.0000000000
84825  39.634  0.333  59.931 0.0000000000
49532  12.893  -28.090  84.367 0.0000000000
50959  12.430  -27.315  86.024 0.0000000000
48259  12.093  -29.198  84.948 0.0000000000
47291  11.493  -30.521  85.488 0.0000000000
46345  11.273  -31.294  86.395 0.0000000000
45280  10.871  -32.684  87.697 0.0000000000
47260  10.498  -30.690  89.226 0.0000000000
46307  10.592  -31.692  88.343 0.0000000000
44200  10.817  -33.642  88.196 0.0000000000
43098  10.752  -34.386  88.806 0.0000000000
40877  11.043  -36.258  89.577 0.0000000000
43042  9.097  -34.621  92.503 0.0000000000
44151  9.490  -33.438  91.761 0.0000000000
44152  9.251  -33.818  92.379 0.0000000000
43031  8.699  -34.675  92.949 0.0000000000
44129  8.085  -33.766  93.610 0.0000000000
44117  7.793  -33.696  93.931 0.0000000000
44105  7.628  -32.870  94.373 0.0000000000
45177  9.055  -30.816  95.136 0.0000000000
45178  8.216  -31.494  95.211 0.0000000000
45179  7.419  -31.862  95.189 0.0000000000
64872  28.164  -16.720  70.918 0.0000000000
64855  26.781  -16.396  72.102 0.0000000000
62239  28.300  -18.388  70.981 0.0000000000
59576  29.020  -20.345  70.981 0.0000000000
57289  28.875  -21.889  71.158 0.0000000000
56092  28.507  -23.659  72.120 0.0000000000
56111  26.321  -23.053  71.567 0.0000000000
56073  27.817  -24.454  72.545 0.0000000000
54925  28.783  -24.857  73.987 0.0000000000
54954  23.631  -23.866  73.789 0.0000000000
53787  24.163  -25.734  73.914 0.0000000000
53771  24.881  -26.255  74.313 0.0000000000
51104  23.792  -27.482  76.015 0.0000000000
52525  25.091  -26.953  75.764 0.0000000000
52524  26.159  -27.093  75.922 0.0000000000
81391  42.294  -2.923  59.663 0.0000000000
76764  31.802  -7.449  66.559 0.0000000000
74547  32.711  -8.914  65.397 0.0000000000
73388  34.323  -9.835  64.406 0.0000000000
69756  33.328  -12.831  68.201 0.0000000000
69765  32.933  -12.876  67.364 0.0000000000
68601  33.366  -13.139  65.983 0.0000000000
66197  36.080  -15.547  66.317 0.0000000000
68610  35.041  -13.347  65.222 0.0000000000
69787  33.596  -12.243  65.295 0.0000000000
70973  34.722  -11.704  64.792 0.0000000000
72212  34.955  -10.754  64.852 0.0000000000
73386  35.862  -10.214  65.271 0.0000000000
72190  37.932  -10.768  66.527 0.0000000000
62211  31.628  -19.195  72.852 0.0000000000
63526  32.375  -19.072  73.031 0.0000000000
63524  33.497  -19.540  73.642 0.0000000000
62148  35.545  -20.078  75.302 0.0000000000
63522  34.935  -19.492  73.688 0.0000000000
87244  52.832  2.804  52.757 0.0000000000
87236  49.245  2.568  55.472 0.0000000000
86051  50.194  2.022  54.931 0.0000000000
84849  49.552  0.530  54.698 0.0000000000
84857  50.029  0.764  54.459 0.0000000000
86059  50.316  1.599  54.438 0.0000000000
86063  51.522  1.569  53.382 0.0000000000
86062  52.100  1.238  52.881 0.0000000000
82579  41.542  -1.066  58.539 0.0000000000
82566  41.935  -1.585  58.740 0.0000000000
63575  29.565  -17.755  71.298 0.0000000000
83756  41.207  -0.360  58.578 0.0000000000
84835  40.998  0.368  58.829 0.0000000000
82578  42.074  -0.924  58.189 0.0000000000
75659  35.125  -8.399  64.765 0.0000000000
74533  36.417  -9.030  65.751 0.0000000000
47315  12.516  -30.298  83.512 0.0000000000
48276  12.319  -29.867  84.240 0.0000000000
57244  24.105  -21.625  74.297 0.0000000000
57228  23.611  -22.007  74.961 0.0000000000
48344  21.608  -31.236  79.724 0.0000000000
48343  22.221  -31.132  79.703 0.0000000000
69747  33.878  -12.518  69.769 0.0000000000
49646  18.475  -29.008  77.300 0.0000000000
49629  17.957  -28.408  77.649 0.0000000000
49645  19.215  -28.891  76.542 0.0000000000
66144  32.454  -15.054  69.211 0.0000000000
66145  31.727  -15.549  69.246 0.0000000000
63571  33.422  -18.642  71.958 0.0000000000
63570  34.527  -18.812  72.079 0.0000000000
87220  44.310  2.674  58.065 0.0000000000
87212  44.108  3.120  58.907 0.0000000000
87227  44.842  2.663  57.622 0.0000000000
87226  45.399  2.819  57.321 0.0000000000
86041  44.540  1.774  57.314 0.0000000000
81444  44.811  -2.239  57.423 0.0000000000
82589  45.392  -1.688  56.810 0.0000000000
40829  9.058  -36.268  93.256 0.0000000000
83743  38.779  -1.003  60.758 0.0000000000
79113  37.799  -4.495  60.978 0.0000000000
77975  37.620  -5.393  61.367 0.0000000000
80228  34.777  -3.399  63.774 0.0000000000
76801  38.293  -7.900  64.200 0.0000000000
56091  29.658  -23.497  72.779 0.0000000000
56049  30.318  -24.497  74.301 0.0000000000
83716  38.652  0.066  61.834 0.0000000000
44210  12.139  -34.354  86.734 0.0000000000
43136  11.882  -34.700  87.344 0.0000000000
43118  12.166  -35.382  87.813 0.0000000000
44165  9.834  -33.124  90.046 0.0000000000
60850  25.421  -18.828  73.515 0.0000000000
62198  25.734  -17.930  74.026 0.0000000000
60862  25.444  -19.083  72.207 0.0000000000
60863  25.646  -19.608  71.656 0.0000000000
59579  26.200  -19.904  71.249 0.0000000000
53785  26.130  -25.798  73.879 0.0000000000
54927  26.443  -25.159  73.346 0.0000000000
53769  26.888  -26.147  74.698 0.0000000000
53756  26.154  -26.605  75.383 0.0000000000
52544  21.935  -26.639  74.767 0.0000000000
51125  22.464  -27.294  74.916 0.0000000000
72192  31.927  -10.869  67.644 0.0000000000
72202  32.144  -10.814  66.424 0.0000000000
73377  31.939  -9.785  66.316 0.0000000000
72201  32.486  -11.106  65.894 0.0000000000
64959  34.815  -16.439  66.897 0.0000000000
66199  34.596  -16.179  66.683 0.0000000000
66180  35.678  -16.309  66.937 0.0000000000
67387  38.718  -14.717  68.459 0.0000000000
68589  38.330  -13.756  67.326 0.0000000000
69772  37.249  -12.746  65.910 0.0000000000
68588  38.822  -13.434  67.903 0.0000000000
69763  38.696  -12.689  67.459 0.0000000000
88350  51.518  3.590  54.600 0.0000000000
87241  50.890  2.568  54.189 0.0000000000
84851  48.144  0.877  55.500 0.0000000000
52494  18.760  -25.559  78.298 0.0000000000
52495  18.154  -26.315  78.645 0.0000000000
52473  18.555  -25.512  79.555 0.0000000000
66131  29.754  -15.456  69.954 0.0000000000
64885  30.473  -16.432  69.839 0.0000000000
63574  30.565  -17.641  71.465 0.0000000000
63595  31.074  -17.321  70.834 0.0000000000
63573  31.522  -18.079  71.677 0.0000000000
63572  32.458  -18.392  71.853 0.0000000000
86024  41.194  2.153  60.646 0.0000000000
87209  41.747  2.600  60.550 0.0000000000
86030  41.523  1.865  59.439 0.0000000000
86036  42.293  1.455  58.731 0.0000000000
84832  43.193  1.198  57.815 0.0000000000
84839  43.536  0.916  57.410 0.0000000000
84840  43.018  0.327  57.621 0.0000000000
82577  42.685  -1.385  57.920 0.0000000000
82592  42.953  -0.900  57.548 0.0000000000
81446  43.242  -1.495  57.679 0.0000000000
81445  43.867  -1.890  57.525 0.0000000000
83701  37.874  -0.640  63.137 0.0000000000
82524  37.703  -1.038  62.507 0.0000000000
82509  37.577  -0.863  63.173 0.0000000000
81351  36.498  -2.702  62.378 0.0000000000
76806  33.331  -5.426  64.261 0.0000000000
76805  33.923  -6.076  63.730 0.0000000000
76762  36.535  -8.337  64.782 0.0000000000
75656  37.626  -8.584  65.624 0.0000000000
74525  37.512  -9.122  66.163 0.0000000000
73358  39.300  -10.117  67.776 0.0000000000
83700  38.267  -0.437  63.260 0.0000000000
47338  14.442  -30.459  81.448 0.0000000000
46429  14.410  -31.118  81.854 0.0000000000
46385  12.977  -31.865  83.483 0.0000000000
45321  14.658  -33.214  84.033 0.0000000000
45322  13.643  -32.838  83.977 0.0000000000
45313  12.183  -32.663  85.134 0.0000000000
45295  11.883  -33.086  85.774 0.0000000000
47232  9.949  -30.046  91.432 0.0000000000
47245  10.010  -30.014  91.026 0.0000000000
47225  10.020  -29.784  92.482 0.0000000000
46226  10.142  -30.140  94.018 0.0000000000
59540  25.300  -19.453  74.394 0.0000000000
57262  24.607  -21.201  73.637 0.0000000000
57264  24.436  -23.072  73.382 0.0000000000
54952  24.734  -24.309  73.282 0.0000000000
48411  22.016  -29.556  76.793 0.0000000000
72191  32.344  -11.176  68.247 0.0000000000
70944  32.595  -11.507  68.471 0.0000000000
64884  37.105  -17.645  69.448 0.0000000000
64883  37.949  -17.277  69.779 0.0000000000
64867  38.988  -16.855  70.963 0.0000000000
66124  39.097  -15.913  69.897 0.0000000000
45181  6.140  -32.400  94.817 0.0000000000
80165  35.023  -2.468  66.226 0.0000000000
79045  33.073  -4.212  65.658 0.0000000000
75675  32.776  -7.838  65.381 0.0000000000
47411  20.009  -31.000  78.619 0.0000000000
47396  20.200  -31.321  79.463 0.0000000000
47412  18.931  -30.814  78.375 0.0000000000
48366  17.541  -29.992  78.544 0.0000000000
47399  16.987  -30.484  79.149 0.0000000000
47380  17.339  -31.082  79.987 0.0000000000
51079  16.965  -27.485  78.472 0.0000000000
51080  16.624  -27.582  78.927 0.0000000000
49615  15.682  -28.144  79.898 0.0000000000
48369  15.829  -28.870  79.587 0.0000000000
48346  15.356  -29.051  80.107 0.0000000000
48323  14.901  -29.623  80.485 0.0000000000
48324  14.406  -29.137  80.804 0.0000000000
51034  14.000  -27.454  81.887 0.0000000000
49568  13.556  -28.317  82.049 0.0000000000
49550  12.961  -28.392  82.746 0.0000000000
56050  23.469  -21.924  75.862 0.0000000000
56035  23.265  -22.118  76.514 0.0000000000
56036  22.399  -22.851  75.935 0.0000000000
53774  21.393  -25.079  75.051 0.0000000000
52530  19.463  -26.953  75.985 0.0000000000
51107  20.354  -27.725  75.532 0.0000000000
49659  21.408  -28.481  75.719 0.0000000000
49660  20.485  -28.699  75.877 0.0000000000
67381  33.782  -13.946  69.692 0.0000000000
67389  33.864  -13.537  69.654 0.0000000000
64915  33.481  -16.630  67.687 0.0000000000
63628  31.465  -17.087  69.151 0.0000000000
63643  31.822  -16.811  68.804 0.0000000000
63626  33.282  -18.097  69.024 0.0000000000
62226  36.704  -18.886  72.747 0.0000000000
88327  47.465  3.510  57.823 0.0000000000
88328  46.973  3.474  57.811 0.0000000000
83774  44.593  0.324  56.727 0.0000000000
82608  46.687  -1.210  56.058 0.0000000000
82569  39.784  -1.440  59.705 0.0000000000
81393  39.251  -2.241  59.948 0.0000000000
81418  39.868  -2.188  59.655 0.0000000000
80284  40.666  -3.328  60.050 0.0000000000
81365  37.805  -2.103  61.237 0.0000000000
77972  40.771  -5.360  61.348 0.0000000000
77973  39.579  -5.646  61.442 0.0000000000
79094  35.570  -4.441  62.368 0.0000000000
76825  34.524  -6.046  63.044 0.0000000000
76824  35.408  -6.441  62.716 0.0000000000
76822  36.983  -7.433  63.126 0.0000000000
75715  36.959  -6.795  62.393 0.0000000000
76842  36.487  -6.206  62.021 0.0000000000
75714  37.578  -6.984  62.481 0.0000000000
76840  37.996  -6.619  62.014 0.0000000000
59564  29.815  -20.282  71.591 0.0000000000
58410  30.633  -21.265  72.294 0.0000000000
57241  31.801  -22.764  74.168 0.0000000000
58394  32.150  -22.156  73.805 0.0000000000
86016  40.687  2.054  61.272 0.0000000000
84829  40.117  0.015  59.506 0.0000000000
47378  19.547  -31.488  80.110 0.0000000000
47354  19.910  -31.645  80.910 0.0000000000
46404  16.358  -32.527  82.819 0.0000000000
43153  14.318  -34.612  86.658 0.0000000000
50999  13.139  -27.535  83.976 0.0000000000
49485  11.707  -28.057  86.751 0.0000000000
49500  11.835  -28.586  85.967 0.0000000000
49517  12.537  -28.084  85.428 0.0000000000
48243  11.684  -29.460  85.722 0.0000000000
47280  11.030  -30.510  87.009 0.0000000000
46326  10.933  -31.569  87.335 0.0000000000
48223  10.617  -29.512  88.601 0.0000000000
45253  10.195  -32.787  89.199 0.0000000000
45267  10.449  -32.714  88.577 0.0000000000
42004  10.406  -35.161  89.685 0.0000000000
41953  9.800  -35.631  91.515 0.0000000000
41954  9.405  -35.587  92.232 0.0000000000
45215  9.122  -31.962  92.024 0.0000000000
44127  8.872  -32.345  93.384 0.0000000000
44140  8.466  -33.921  93.265 0.0000000000
44116  8.479  -32.637  94.105 0.0000000000
45174  9.314  -30.180  95.295 0.0000000000
46215  8.586  -30.603  95.478 0.0000000000
45187  7.413  -31.594  95.301 0.0000000000
46222  7.349  -31.320  95.308 0.0000000000
66117  28.321  -15.810  71.036 0.0000000000
63600  26.348  -17.845  71.765 0.0000000000
63577  26.564  -16.979  72.051 0.0000000000
63599  26.784  -17.385  71.526 0.0000000000
63598  27.871  -17.522  71.144 0.0000000000
62240  27.371  -18.374  71.058 0.0000000000
60873  28.715  -19.664  70.673 0.0000000000
60874  27.926  -19.256  70.533 0.0000000000
58433  28.464  -21.212  70.780 0.0000000000
57276  28.740  -22.721  71.442 0.0000000000
57278  25.348  -22.005  72.094 0.0000000000
57277  26.105  -22.438  71.419 0.0000000000
54926  27.678  -25.059  73.386 0.0000000000
56072  28.773  -24.396  73.028 0.0000000000
54903  28.883  -25.128  74.856 0.0000000000
54888  28.381  -25.699  75.265 0.0000000000
57229  23.558  -22.808  74.384 0.0000000000
54930  23.259  -24.284  74.027 0.0000000000
52557  24.034  -26.257  74.283 0.0000000000
52556  24.405  -26.242  74.254 0.0000000000
52541  24.572  -26.453  74.732 0.0000000000
49641  23.420  -28.553  76.831 0.0000000000
51089  23.735  -28.050  76.644 0.0000000000
51075  25.611  -27.962  77.441 0.0000000000
51088  24.770  -27.610  76.639 0.0000000000
51087  25.608  -27.702  76.809 0.0000000000
81417  40.774  -2.302  59.450 0.0000000000
76746  32.098  -6.299  67.749 0.0000000000
76747  31.578  -7.351  67.348 0.0000000000
73390  32.336  -9.655  65.549 0.0000000000
74548  32.132  -8.975  65.638 0.0000000000
74546  33.683  -8.842  65.061 0.0000000000
68579  33.509  -13.345  68.541 0.0000000000
68591  33.211  -13.383  66.577 0.0000000000
69766  32.813  -12.650  66.491 0.0000000000
66178  36.896  -15.658  66.976 0.0000000000
68598  36.624  -13.778  65.700 0.0000000000
68599  35.530  -14.152  65.464 0.0000000000
68611  34.417  -13.022  65.331 0.0000000000
69785  34.850  -12.565  64.945 0.0000000000
70974  33.708  -11.624  65.051 0.0000000000
70972  35.208  -12.192  64.845 0.0000000000
70960  36.754  -11.769  65.564 0.0000000000
72200  35.520  -11.070  65.068 0.0000000000
72199  36.136  -10.887  65.413 0.0000000000
72211  35.561  -10.596  65.095 0.0000000000
73374  36.593  -9.967  65.545 0.0000000000
72198  37.148  -10.835  65.799 0.0000000000
70941  38.909  -11.745  67.832 0.0000000000
60848  30.958  -19.679  72.644 0.0000000000
62212  30.689  -18.931  72.293 0.0000000000
60837  31.522  -19.837  73.233 0.0000000000
62174  33.101  -19.858  74.210 0.0000000000
62195  32.432  -19.506  73.516 0.0000000000
62194  33.267  -19.685  73.920 0.0000000000
63525  32.890  -19.285  73.313 0.0000000000
62193  33.961  -19.488  74.315 0.0000000000
62171  35.308  -19.693  74.671 0.0000000000
62191  35.625  -19.374  74.070 0.0000000000
88355  52.513  3.328  53.410 0.0000000000
87250  52.549  2.035  52.607 0.0000000000
87223  48.098  3.272  57.095 0.0000000000
86053  48.805  1.687  55.396 0.0000000000
83798  50.633  0.023  53.924 0.0000000000
86058  50.916  1.453  53.793 0.0000000000
84855  50.949  0.903  53.821 0.0000000000
64887  29.374  -16.124  70.332 0.0000000000
64870  30.238  -16.966  70.612 0.0000000000
64854  29.985  -17.287  71.002 0.0000000000
63550  31.124  -18.439  72.189 0.0000000000
84828  40.671  0.819  59.381 0.0000000000
84827  41.251  1.177  59.214 0.0000000000
84834  41.588  0.845  58.808 0.0000000000
82593  42.516  -0.899  57.775 0.0000000000
43019  7.659  -34.489  94.198 0.0000000000
46366  12.619  -32.431  83.978 0.0000000000
56074  23.878  -23.209  73.824 0.0000000000
48364  22.538  -30.804  78.752 0.0000000000
70943  33.118  -11.928  68.960 0.0000000000
63588  38.517  -17.816  71.235 0.0000000000
64868  38.397  -17.402  70.590 0.0000000000
79028  32.844  -4.334  66.671 0.0000000000
48414  19.092  -29.731  77.251 0.0000000000
48392  18.728  -30.107  77.821 0.0000000000
48394  17.062  -29.170  78.271 0.0000000000
51069  16.192  -27.559  79.419 0.0000000000
51059  15.764  -27.016  79.871 0.0000000000
51060  15.342  -27.349  80.269 0.0000000000
49582  14.661  -27.974  80.828 0.0000000000
53745  19.617  -25.257  77.174 0.0000000000
49661  19.917  -28.776  76.176 0.0000000000
66143  33.286  -14.513  69.397 0.0000000000
63612  32.759  -17.875  70.037 0.0000000000
63569  35.854  -18.942  72.324 0.0000000000
62209  36.235  -19.013  73.350 0.0000000000
87213  43.442  2.528  59.165 0.0000000000
88308  44.648  3.573  59.597 0.0000000000
87225  46.362  2.869  57.048 0.0000000000
86040  45.706  2.193  56.941 0.0000000000
82610  45.172  -1.061  56.608 0.0000000000
81460  46.167  -1.746  56.608 0.0000000000
81442  47.215  -3.288  57.298 0.0000000000
83742  39.198  -0.424  60.404 0.0000000000
81394  38.633  -2.271  60.388 0.0000000000
76865  38.848  -5.925  61.535 0.0000000000
76839  39.044  -6.587  61.961 0.0000000000
80190  35.197  -2.625  65.167 0.0000000000
80211  35.306  -2.915  64.185 0.0000000000
76803  36.246  -7.349  63.486 0.0000000000
75702  37.782  -7.462  63.080 0.0000000000
75689  38.252  -7.700  63.714 0.0000000000
57275  29.732  -21.937  71.765 0.0000000000
57260  30.437  -22.391  72.590 0.0000000000
57242  31.494  -22.619  73.643 0.0000000000
84789  39.081  0.658  63.518 0.0000000000
44209  12.983  -34.594  86.631 0.0000000000
42024  11.539  -35.543  88.371 0.0000000000
50936  11.858  -27.006  87.306 0.0000000000
49486  11.369  -28.756  87.147 0.0000000000
48233  10.968  -29.578  87.536 0.0000000000
44193  10.394  -33.926  89.370 0.0000000000
44180  10.117  -33.303  89.534 0.0000000000
44181  10.226  -33.845  89.941 0.0000000000
43077  10.172  -34.656  90.267 0.0000000000
41964  10.159  -35.481  90.721 0.0000000000
45203  9.082  -31.628  93.077 0.0000000000
47214  7.404  -30.739  95.315 0.0000000000
62229  25.978  -18.309  71.970 0.0000000000
60875  26.993  -19.367  70.882 0.0000000000
59594  27.190  -19.816  70.640 0.0000000000
59578  27.049  -20.179  70.627 0.0000000000
53768  27.719  -25.965  75.270 0.0000000000
53789  22.586  -24.976  74.452 0.0000000000
54931  22.762  -24.707  74.361 0.0000000000
53772  23.170  -26.286  74.579 0.0000000000
49626  24.341  -28.776  78.113 0.0000000000
51068  24.842  -28.609  78.317 0.0000000000
74517  31.787  -9.053  67.949 0.0000000000
74527  31.688  -9.034  66.921 0.0000000000
75645  31.497  -8.317  67.473 0.0000000000
73401  33.256  -10.429  64.780 0.0000000000
67405  34.405  -15.443  66.374 0.0000000000
67404  35.267  -15.201  65.745 0.0000000000
67396  37.703  -14.747  67.166 0.0000000000
69773  36.323  -12.673  65.397 0.0000000000
59524  32.546  -20.872  74.201 0.0000000000
60836  31.969  -19.909  73.632 0.0000000000
59523  32.953  -20.563  74.727 0.0000000000
60814  33.178  -20.329  74.940 0.0000000000
60813  33.746  -20.264  75.201 0.0000000000
88356  51.650  3.105  53.715 0.0000000000
86054  47.969  2.094  55.424 0.0000000000
87238  48.117  2.550  55.963 0.0000000000
83797  50.966  -0.239  53.805 0.0000000000
84861  50.826  0.242  53.758 0.0000000000
52496  17.323  -26.578  78.773 0.0000000000
53732  19.599  -24.589  78.210 0.0000000000
53746  19.165  -25.505  77.616 0.0000000000
81428  45.238  -2.811  58.305 0.0000000000
66130  30.839  -15.379  69.548 0.0000000000
66146  31.387  -15.912  69.331 0.0000000000
63629  31.009  -16.771  69.561 0.0000000000
63614  30.985  -17.110  69.897 0.0000000000
63547  33.615  -19.362  72.842 0.0000000000
87214  42.532  2.637  59.667 0.0000000000
86028  43.245  2.070  58.796 0.0000000000
86042  43.828  1.506  57.600 0.0000000000
83763  44.173  -0.131  56.947 0.0000000000
41946  8.591  -35.462  93.319 0.0000000000
83717  38.174  -0.556  62.358 0.0000000000
81349  37.673  -1.814  61.760 0.0000000000
80268  36.739  -3.719  61.659 0.0000000000
77923  33.798  -4.828  63.981 0.0000000000
76760  38.282  -8.358  65.415 0.0000000000
75644  37.413  -8.796  65.898 0.0000000000
54902  29.977  -25.145  74.959 0.0000000000
54901  30.743  -24.879  75.402 0.0000000000
47336  15.557  -31.333  81.443 0.0000000000
46406  14.020  -31.701  82.436 0.0000000000
46383  15.651  -33.103  83.559 0.0000000000
44235  13.497  -33.798  85.486 0.0000000000
45312  12.824  -33.059  84.477 0.0000000000
44225  11.672  -33.664  86.338 0.0000000000
47244  10.201  -30.200  90.499 0.0000000000
47226  9.714  -30.308  93.018 0.0000000000
46234  9.675  -30.649  93.601 0.0000000000
46227  9.928  -30.586  94.260 0.0000000000
46221  10.386  -30.681  94.325 0.0000000000
59553  25.228  -19.790  72.784 0.0000000000
58423  25.176  -20.773  71.826 0.0000000000
56112  25.481  -23.039  72.308 0.0000000000
56113  25.166  -22.930  72.784 0.0000000000
54928  25.431  -25.056  73.535 0.0000000000
49658  22.076  -28.214  75.737 0.0000000000
51105  22.790  -27.812  75.616 0.0000000000
49627  23.642  -28.834  77.497 0.0000000000
48388  23.485  -29.492  77.854 0.0000000000
49613  24.007  -29.201  78.215 0.0000000000
77971  41.389  -5.055  61.339 0.0000000000
70954  32.044  -11.286  67.074 0.0000000000
64913  35.670  -17.218  67.930 0.0000000000
64935  36.019  -16.541  67.287 0.0000000000
64912  36.775  -16.619  67.811 0.0000000000
66142  37.978  -16.315  69.112 0.0000000000
66141  38.514  -15.580  68.965 0.0000000000
82624  48.484  -1.214  55.721 0.0000000000
83780  48.354  -0.401  55.536 0.0000000000
44106  6.931  -33.154  94.686 0.0000000000
80213  33.571  -3.040  64.855 0.0000000000
79061  33.411  -3.970  64.635 0.0000000000
74535  34.709  -8.866  64.755 0.0000000000
47395  21.056  -31.296  79.651 0.0000000000
47379  18.467  -31.430  79.979 0.0000000000
49630  17.315  -28.349  78.019 0.0000000000
48395  16.585  -29.097  78.610 0.0000000000
49614  16.126  -28.409  79.349 0.0000000000
48368  16.257  -29.139  79.091 0.0000000000
47400  16.345  -29.949  79.242 0.0000000000
47358  15.274  -30.593  80.819 0.0000000000
48307  13.939  -29.419  81.508 0.0000000000
48293  12.573  -29.172  83.103 0.0000000000
54907  21.925  -23.908  74.562 0.0000000000
53759  19.950  -25.673  76.373 0.0000000000
48412  21.320  -29.872  76.979 0.0000000000
49644  20.403  -29.322  76.420 0.0000000000
64937  34.429  -16.501  67.149 0.0000000000
64900  31.663  -16.327  68.975 0.0000000000
63642  32.171  -17.080  68.658 0.0000000000
63641  32.937  -17.382  68.402 0.0000000000
63640  33.888  -17.732  68.174 0.0000000000
63639  34.827  -17.693  68.311 0.0000000000
63608  37.138  -17.982  70.207 0.0000000000
63590  36.598  -18.575  71.041 0.0000000000
87233  46.936  2.685  56.749 0.0000000000
84843  47.518  0.563  55.715 0.0000000000
86048  44.889  1.422  56.811 0.0000000000
83773  45.057  -0.249  56.532 0.0000000000
83771  47.389  -0.328  55.769 0.0000000000
83770  47.886  -0.681  55.833 0.0000000000
82567  41.052  -1.316  58.849 0.0000000000
80302  40.334  -2.693  59.606 0.0000000000
80265  40.933  -3.978  60.606 0.0000000000
82538  38.324  -1.504  60.974 0.0000000000
80286  38.789  -3.027  60.377 0.0000000000
79122  39.787  -3.858  60.451 0.0000000000
79110  41.050  -4.608  60.869 0.0000000000
80226  35.939  -2.927  62.776 0.0000000000
79093  36.150  -4.452  61.869 0.0000000000
77976  36.902  -5.627  61.598 0.0000000000
77957  35.663  -5.657  62.244 0.0000000000
76867  37.483  -6.142  61.613 0.0000000000
75712  39.338  -7.351  62.742 0.0000000000
75701  38.749  -7.546  63.296 0.0000000000
75711  39.960  -7.485  63.036 0.0000000000
62227  29.930  -18.717  71.678 0.0000000000
59551  31.181  -20.492  72.808 0.0000000000
58409  31.345  -21.469  72.871 0.0000000000
58395  31.904  -21.710  73.469 0.0000000000
59525  32.213  -21.163  73.748 0.0000000000
86015  41.087  2.256  61.119 0.0000000000
86025  40.791  1.633  60.108 0.0000000000
46442  19.376  -31.810  81.665 0.0000000000
46445  16.681  -31.961  81.697 0.0000000000
51017  13.123  -27.624  83.539 0.0000000000
50981  12.583  -27.552  85.511 0.0000000000
49516  12.771  -28.472  84.852 0.0000000000
48258  12.551  -28.874  84.690 0.0000000000
47292  11.305  -30.477  86.358 0.0000000000
42025  11.091  -35.025  88.532 0.0000000000
42003  10.910  -35.377  89.095 0.0000000000
40840  9.338  -36.098  92.623 0.0000000000
41945  8.934  -35.495  92.764 0.0000000000
43032  8.321  -34.674  93.522 0.0000000000
44130  7.937  -34.027  93.871 0.0000000000
45176  9.656  -30.509  94.715 0.0000000000
45180  6.740  -32.040  95.148 0.0000000000
63597  28.655  -17.346  70.887 0.0000000000
63576  28.679  -17.877  71.186 0.0000000000
64873  27.440  -16.677  71.373 0.0000000000
60861  28.787  -19.004  70.775 0.0000000000
58432  29.337  -21.109  71.385 0.0000000000
59577  28.068  -20.264  70.363 0.0000000000
57261  29.512  -22.943  72.041 0.0000000000
57291  26.460  -21.966  71.104 0.0000000000
56110  27.610  -23.148  71.374 0.0000000000
56093  27.173  -23.933  71.944 0.0000000000
54924  29.564  -24.854  74.319 0.0000000000
56075  23.624  -23.336  74.013 0.0000000000
56097  23.836  -23.717  73.735 0.0000000000
54953  23.994  -24.118  73.660 0.0000000000
54929  24.444  -24.911  73.680 0.0000000000
52527  23.366  -27.364  75.462 0.0000000000
52526  23.889  -27.078  75.492 0.0000000000
51103  24.379  -27.257  76.004 0.0000000000
53757  25.262  -26.401  75.016 0.0000000000
53743  26.697  -26.827  76.048 0.0000000000
80282  42.827  -3.462  60.305 0.0000000000
79108  42.449  -4.438  61.647 0.0000000000
75661  31.730  -8.159  66.590 0.0000000000
75660  32.129  -7.695  66.132 0.0000000000
73376  35.165  -9.439  64.772 0.0000000000
69755  33.538  -12.702  69.072 0.0000000000
70952  32.991  -12.396  68.013 0.0000000000
66179  36.100  -16.061  66.865 0.0000000000
67403  36.253  -14.887  65.775 0.0000000000
69774  33.802  -12.891  65.513 0.0000000000
69775  33.184  -12.425  65.757 0.0000000000
70975  33.182  -11.753  65.483 0.0000000000
72213  33.881  -10.749  64.889 0.0000000000
70962  35.223  -11.328  64.928 0.0000000000
73400  33.619  -10.273  64.579 0.0000000000
73387  35.307  -10.065  64.862 0.0000000000
73375  35.802  -9.574  65.244 0.0000000000
73373  37.513  -9.949  65.955 0.0000000000
72189  38.831  -10.660  67.238 0.0000000000
62196  31.862  -19.555  73.342 0.0000000000
62210  32.140  -19.087  72.981 0.0000000000
62149  34.641  -20.262  75.267 0.0000000000
62172  34.611  -19.833  74.781 0.0000000000
62192  34.734  -19.529  74.265 0.0000000000
88345  49.644  3.435  55.838 0.0000000000
87235  50.020  2.729  55.163 0.0000000000
87242  50.404  2.428  54.731 0.0000000000
83787  49.865  0.112  54.568 0.0000000000
86060  49.985  1.307  54.578 0.0000000000
84860  51.270  0.595  53.541 0.0000000000
40878  10.540  -35.723  89.673 0.0000000000
43020  7.825  -34.224  94.055 0.0000000000
43026  8.031  -34.241  93.923 0.0000000000
44118  7.775  -33.998  94.046 0.0000000000
46223  7.017  -31.428  95.211 0.0000000000
46233  9.968  -30.164  93.770 0.0000000000
47215  7.071  -31.041  95.164 0.0000000000
47233  10.052  -29.832  91.257 0.0000000000
47316  12.335  -30.398  84.072 0.0000000000
48192  10.149  -29.572  91.318 0.0000000000
48347  14.819  -28.941  80.512 0.0000000000
49601  14.588  -28.628  80.722 0.0000000000
52512  25.496  -27.470  76.486 0.0000000000
56124  26.954  -22.608  71.230 0.0000000000
56125  26.478  -22.534  71.328 0.0000000000
57246  23.709  -22.989  74.126 0.0000000000
58379  32.550  -22.012  74.197 0.0000000000
59527  25.217  -19.643  75.251 0.0000000000
59537  32.210  -20.327  73.756 0.0000000000
59566  25.747  -19.872  71.508 0.0000000000
59580  25.924  -19.728  71.459 0.0000000000
59593  27.520  -19.785  70.518 0.0000000000
60823  33.298  -19.987  74.828 0.0000000000
60824  32.902  -20.180  74.433 0.0000000000
60825  32.479  -20.084  73.851 0.0000000000
60877  25.840  -19.515  71.545 0.0000000000
60888  27.292  -19.625  70.651 0.0000000000
62150  34.092  -20.059  75.212 0.0000000000
62241  26.521  -18.396  71.393 0.0000000000
63523  34.192  -19.527  73.683 0.0000000000
63596  30.534  -17.319  71.033 0.0000000000
64836  26.324  -16.595  72.689 0.0000000000
64856  26.494  -16.830  72.306 0.0000000000
64886  29.729  -16.248  70.200 0.0000000000
64917  32.100  -16.572  68.657 0.0000000000
64958  34.992  -16.348  66.740 0.0000000000
66159  38.338  -15.195  68.367 0.0000000000
66196  36.586  -15.213  66.348 0.0000000000
68609  35.837  -13.329  65.331 0.0000000000
69786  34.158  -12.390  64.996 0.0000000000
70964  32.194  -11.450  66.757 0.0000000000
72215  32.288  -10.272  65.860 0.0000000000
72225  33.516  -10.521  64.748 0.0000000000
72226  33.322  -10.656  64.841 0.0000000000
74536  32.181  -8.412  65.852 0.0000000000
75699  40.037  -7.464  63.344 0.0000000000
76841  37.243  -6.521  62.049 0.0000000000
80246  42.735  -4.242  61.687 0.0000000000
