#!ascii label  , from subject 3819 vox2ras=TkReg
871
44190  26.495  -34.201  88.954 0.0000000000
70882  46.313  -11.107  74.545 0.0000000000
78918  52.119  -4.990  74.255 0.0000000000
60746  46.408  -19.365  82.432 0.0000000000
50946  33.187  -28.709  86.058 0.0000000000
43061  31.403  -33.779  88.896 0.0000000000
76615  48.059  -7.115  75.397 0.0000000000
72060  50.041  -11.060  78.341 0.0000000000
58232  43.483  -21.928  84.299 0.0000000000
53549  38.395  -27.250  86.908 0.0000000000
84741  55.780  0.300  66.444 0.0000000000
81228  51.196  -3.423  70.001 0.0000000000
63442  44.019  -18.146  80.345 0.0000000000
68409  47.372  -14.196  80.370 0.0000000000
47259  30.373  -31.795  87.778 0.0000000000
44170  28.709  -34.285  88.984 0.0000000000
73268  47.512  -9.026  75.516 0.0000000000
73239  49.723  -9.416  77.484 0.0000000000
73225  48.502  -10.441  77.565 0.0000000000
51019  43.891  -26.391  83.047 0.0000000000
48197  35.012  -29.787  88.598 0.0000000000
52308  36.200  -27.694  87.091 0.0000000000
48207  37.455  -29.377  88.304 0.0000000000
84744  53.000  0.275  66.326 0.0000000000
83640  54.848  -0.136  67.449 0.0000000000
83629  53.876  -0.380  68.786 0.0000000000
78949  49.833  -4.921  72.468 0.0000000000
78981  49.345  -5.059  70.011 0.0000000000
80077  51.947  -3.539  72.664 0.0000000000
80105  52.722  -3.413  70.675 0.0000000000
77828  51.950  -4.821  71.838 0.0000000000
59438  45.117  -20.553  83.730 0.0000000000
63378  43.145  -18.595  82.988 0.0000000000
64709  45.187  -17.395  83.688 0.0000000000
65960  45.648  -15.907  80.573 0.0000000000
64717  47.430  -16.562  82.211 0.0000000000
64744  48.732  -16.144  80.353 0.0000000000
62068  47.423  -18.132  80.312 0.0000000000
47256  32.530  -30.505  88.222 0.0000000000
77814  47.072  -6.350  72.759 0.0000000000
77766  50.292  -5.779  75.656 0.0000000000
75468  51.009  -7.924  76.540 0.0000000000
70867  51.335  -11.240  76.681 0.0000000000
54768  41.685  -25.615  85.326 0.0000000000
53579  44.036  -24.767  85.135 0.0000000000
54775  45.388  -23.650  84.096 0.0000000000
57117  45.501  -22.185  82.230 0.0000000000
58318  45.718  -20.972  79.640 0.0000000000
53603  39.562  -26.062  84.746 0.0000000000
50896  41.021  -27.293  86.845 0.0000000000
81288  57.047  -1.553  65.121 0.0000000000
82433  51.368  -1.780  68.202 0.0000000000
82410  53.210  -1.619  70.364 0.0000000000
80123  51.607  -3.741  68.417 0.0000000000
69663  47.380  -12.887  78.159 0.0000000000
70797  49.012  -12.365  79.965 0.0000000000
67259  49.817  -14.606  78.601 0.0000000000
43065  27.411  -34.654  89.373 0.0000000000
43087  27.638  -34.357  89.174 0.0000000000
41960  28.264  -34.852  89.336 0.0000000000
72114  46.677  -10.384  74.882 0.0000000000
73254  47.976  -9.582  75.899 0.0000000000
72102  47.172  -10.556  75.539 0.0000000000
47237  36.028  -29.954  88.485 0.0000000000
83653  52.369  -0.215  66.415 0.0000000000
84732  53.196  0.226  67.442 0.0000000000
83642  51.743  -0.998  67.448 0.0000000000
78919  51.231  -4.499  73.904 0.0000000000
78933  50.729  -4.428  73.180 0.0000000000
80061  51.833  -4.156  73.475 0.0000000000
78947  52.403  -4.451  72.686 0.0000000000
60736  46.002  -19.504  83.185 0.0000000000
61995  44.977  -18.512  84.410 0.0000000000
62014  46.113  -18.329  83.435 0.0000000000
63374  46.283  -17.191  83.208 0.0000000000
62033  46.880  -18.176  82.437 0.0000000000
62053  47.482  -17.920  81.247 0.0000000000
60754  46.817  -18.744  81.010 0.0000000000
47257  31.708  -31.191  88.213 0.0000000000
137836  32.056  -32.808  89.103 0.0000000000
46278  33.487  -32.259  88.721 0.0000000000
75529  47.093  -7.249  74.429 0.0000000000
77800  46.237  -6.728  73.400 0.0000000000
77783  47.195  -6.574  73.946 0.0000000000
77781  49.085  -6.149  74.606 0.0000000000
77754  49.442  -6.423  75.845 0.0000000000
77752  50.581  -6.149  76.023 0.0000000000
76594  49.786  -6.924  76.524 0.0000000000
73222  49.891  -10.198  77.965 0.0000000000
73237  51.043  -9.477  77.300 0.0000000000
70855  50.573  -11.517  77.823 0.0000000000
68481  50.787  -12.487  76.493 0.0000000000
68474  50.572  -13.264  77.326 0.0000000000
52304  42.207  -26.500  85.847 0.0000000000
54755  42.773  -25.199  85.315 0.0000000000
50965  43.303  -26.252  85.349 0.0000000000
53619  44.975  -24.981  83.878 0.0000000000
55923  45.340  -23.053  83.076 0.0000000000
52307  37.064  -27.472  87.095 0.0000000000
53585  37.643  -26.975  86.337 0.0000000000
53564  39.134  -26.630  86.402 0.0000000000
53563  40.082  -26.462  85.999 0.0000000000
52273  39.600  -27.337  87.362 0.0000000000
85967  54.927  0.669  65.290 0.0000000000
82453  56.487  -0.538  65.642 0.0000000000
82442  53.893  -1.152  67.782 0.0000000000
80108  50.270  -4.281  69.940 0.0000000000
78999  49.479  -4.564  68.978 0.0000000000
80124  50.498  -3.607  68.866 0.0000000000
81249  49.828  -3.362  67.701 0.0000000000
81237  51.576  -2.384  69.205 0.0000000000
82421  52.319  -1.903  69.781 0.0000000000
82411  52.646  -1.971  70.364 0.0000000000
78987  51.684  -4.272  69.788 0.0000000000
80114  52.631  -3.301  69.679 0.0000000000
58251  42.853  -22.267  84.011 0.0000000000
60725  42.519  -20.529  83.445 0.0000000000
63413  43.517  -18.184  82.057 0.0000000000
63429  42.585  -19.072  81.651 0.0000000000
67226  46.397  -15.160  80.288 0.0000000000
65984  45.847  -15.324  78.679 0.0000000000
67247  46.935  -14.173  79.485 0.0000000000
68476  46.350  -13.837  77.218 0.0000000000
69640  47.457  -13.230  79.125 0.0000000000
69639  47.908  -12.670  79.071 0.0000000000
69599  48.117  -13.419  80.381 0.0000000000
63439  48.709  -16.841  78.969 0.0000000000
65972  49.327  -15.581  79.271 0.0000000000
64779  49.135  -16.389  78.570 0.0000000000
65997  49.383  -15.870  77.548 0.0000000000
45242  29.773  -32.948  88.455 0.0000000000
43084  30.026  -33.848  88.849 0.0000000000
40869  30.172  -35.111  88.572 0.0000000000
41958  29.116  -34.713  88.908 0.0000000000
74408  47.849  -8.502  75.569 0.0000000000
74391  49.130  -8.284  76.490 0.0000000000
74392  48.502  -8.630  76.219 0.0000000000
73240  49.164  -9.663  77.221 0.0000000000
72061  49.427  -10.974  78.417 0.0000000000
50881  34.391  -29.233  87.778 0.0000000000
50944  34.722  -28.556  86.552 0.0000000000
50879  35.500  -28.536  88.151 0.0000000000
50877  36.883  -28.248  88.152 0.0000000000
50875  38.156  -28.200  88.140 0.0000000000
49449  39.329  -28.226  87.542 0.0000000000
47249  38.572  -28.840  87.374 0.0000000000
85951  54.323  0.803  66.306 0.0000000000
83639  55.572  -0.015  67.112 0.0000000000
84731  53.938  0.638  67.275 0.0000000000
83628  54.395  -0.223  68.476 0.0000000000
82429  54.169  -0.654  69.242 0.0000000000
78968  48.507  -5.795  72.156 0.0000000000
78966  49.973  -4.721  71.463 0.0000000000
78965  50.533  -4.122  71.400 0.0000000000
80106  51.617  -3.447  71.291 0.0000000000
81214  52.515  -3.143  71.128 0.0000000000
81200  52.279  -3.394  72.022 0.0000000000
78964  52.051  -4.625  71.432 0.0000000000
59404  44.300  -20.875  83.951 0.0000000000
61983  43.100  -19.975  83.626 0.0000000000
61981  43.946  -19.169  84.276 0.0000000000
63376  44.375  -17.828  83.404 0.0000000000
63412  44.201  -17.607  81.960 0.0000000000
64761  45.131  -16.674  80.823 0.0000000000
64732  45.418  -16.570  82.269 0.0000000000
65918  46.464  -15.978  82.471 0.0000000000
67176  47.500  -15.093  81.722 0.0000000000
67200  48.123  -14.592  81.306 0.0000000000
64730  47.810  -16.288  81.380 0.0000000000
63410  48.148  -17.040  80.596 0.0000000000
62102  47.947  -17.662  78.792 0.0000000000
48231  30.809  -30.649  86.974 0.0000000000
49473  32.171  -30.183  87.198 0.0000000000
49472  33.000  -29.520  87.342 0.0000000000
48199  33.933  -29.967  88.615 0.0000000000
46277  34.691  -31.335  88.393 0.0000000000
78935  48.469  -5.596  73.172 0.0000000000
78921  49.613  -5.671  74.495 0.0000000000
80041  51.708  -4.923  74.971 0.0000000000
77750  51.504  -6.434  75.302 0.0000000000
76625  52.459  -7.668  75.730 0.0000000000
73265  51.452  -9.221  75.956 0.0000000000
74375  50.809  -8.554  77.129 0.0000000000
73236  51.448  -9.587  76.902 0.0000000000
54778  41.651  -25.038  84.360 0.0000000000
54777  42.445  -24.468  84.492 0.0000000000
55886  43.105  -23.548  84.971 0.0000000000
55885  43.719  -23.358  85.204 0.0000000000
52353  44.244  -25.622  84.308 0.0000000000
53578  44.591  -24.456  84.886 0.0000000000
55883  44.775  -22.930  84.640 0.0000000000
57080  45.266  -22.247  84.286 0.0000000000
58263  45.464  -21.695  83.338 0.0000000000
58277  45.777  -21.251  82.206 0.0000000000
59470  46.049  -20.385  81.499 0.0000000000
58292  45.656  -21.251  81.355 0.0000000000
53581  40.806  -25.805  85.238 0.0000000000
53545  41.104  -26.740  86.364 0.0000000000
50921  41.695  -27.310  86.387 0.0000000000
48217  40.092  -28.484  87.156 0.0000000000
48238  41.261  -28.574  85.993 0.0000000000
81303  57.533  -2.247  64.589 0.0000000000
82445  51.246  -1.666  67.397 0.0000000000
83631  51.796  -1.307  68.134 0.0000000000
83617  53.102  -0.862  69.898 0.0000000000
81235  53.309  -2.188  69.458 0.0000000000
80104  53.084  -3.084  70.725 0.0000000000
81236  52.822  -2.757  69.103 0.0000000000
81246  52.819  -2.336  68.663 0.0000000000
62018  42.278  -19.597  82.604 0.0000000000
69679  46.259  -13.300  75.884 0.0000000000
69678  46.571  -12.333  75.613 0.0000000000
70857  47.797  -11.880  77.231 0.0000000000
70840  48.748  -11.918  78.911 0.0000000000
70811  49.696  -12.226  79.280 0.0000000000
67224  49.077  -14.686  80.242 0.0000000000
68451  49.813  -13.746  79.184 0.0000000000
68465  50.380  -13.616  78.283 0.0000000000
67277  50.223  -14.339  76.904 0.0000000000
60777  46.582  -19.485  79.851 0.0000000000
62086  46.788  -18.781  79.319 0.0000000000
44172  26.676  -34.461  89.231 0.0000000000
43066  26.139  -34.617  89.519 0.0000000000
44171  27.348  -34.390  89.134 0.0000000000
72115  46.113  -10.323  74.275 0.0000000000
70876  46.747  -11.302  75.241 0.0000000000
83641  52.535  -0.268  67.205 0.0000000000
82458  51.449  -1.293  66.880 0.0000000000
80051  51.648  -4.669  74.382 0.0000000000
80060  52.013  -4.528  73.866 0.0000000000
78931  52.246  -4.597  73.505 0.0000000000
77794  52.079  -5.385  73.628 0.0000000000
59449  46.051  -20.217  82.782 0.0000000000
62034  46.338  -18.851  82.860 0.0000000000
62013  46.588  -17.684  82.985 0.0000000000
60745  46.878  -18.789  81.798 0.0000000000
60755  46.423  -19.529  81.663 0.0000000000
44168  31.152  -33.502  89.018 0.0000000000
46280  31.672  -32.047  88.687 0.0000000000
137832  31.816  -33.452  89.023 0.0000000000
43060  32.020  -33.905  88.694 0.0000000000
76639  47.428  -6.871  74.489 0.0000000000
76628  48.031  -6.693  75.086 0.0000000000
76627  48.529  -6.478  75.213 0.0000000000
76614  48.680  -6.839  75.605 0.0000000000
77740  49.719  -6.530  76.254 0.0000000000
76595  49.409  -6.954  76.149 0.0000000000
72073  50.520  -10.342  77.663 0.0000000000
69669  51.076  -12.061  77.176 0.0000000000
69670  50.602  -12.626  77.845 0.0000000000
50942  42.587  -27.039  85.660 0.0000000000
52320  42.916  -26.105  85.612 0.0000000000
50941  43.069  -27.276  85.267 0.0000000000
52306  37.594  -27.465  87.161 0.0000000000
53586  37.380  -27.289  86.686 0.0000000000
53566  37.879  -27.308  86.827 0.0000000000
53584  38.382  -26.520  86.052 0.0000000000
53565  38.408  -26.942  86.583 0.0000000000
53548  38.948  -27.006  86.902 0.0000000000
52274  39.089  -27.525  87.488 0.0000000000
85966  55.730  0.643  65.423 0.0000000000
85949  55.944  0.472  65.948 0.0000000000
84760  56.237  0.320  65.640 0.0000000000
84740  56.173  0.173  65.995 0.0000000000
80116  50.695  -3.771  69.654 0.0000000000
81238  51.160  -3.178  69.300 0.0000000000
81227  51.931  -2.868  70.420 0.0000000000
77857  51.038  -4.852  69.712 0.0000000000
58243  42.714  -21.449  83.774 0.0000000000
59423  43.183  -21.178  83.982 0.0000000000
63427  43.758  -18.082  81.297 0.0000000000
62088  43.173  -18.886  80.001 0.0000000000
67202  47.085  -14.790  80.974 0.0000000000
67225  46.990  -14.476  80.035 0.0000000000
68453  46.831  -13.777  78.873 0.0000000000
68431  47.443  -13.811  79.742 0.0000000000
68430  47.874  -13.503  79.920 0.0000000000
68408  47.717  -13.756  80.543 0.0000000000
63453  48.656  -17.089  78.370 0.0000000000
64790  48.834  -16.730  77.509 0.0000000000
44187  28.752  -33.893  88.871 0.0000000000
44169  29.230  -34.056  88.881 0.0000000000
44186  29.840  -33.574  88.784 0.0000000000
43063  29.513  -34.277  88.844 0.0000000000
41972  29.790  -34.743  88.774 0.0000000000
73281  46.425  -9.513  74.513 0.0000000000
74426  46.107  -8.651  74.104 0.0000000000
74425  46.787  -8.691  74.641 0.0000000000
75511  47.084  -8.142  74.715 0.0000000000
74409  47.337  -8.588  75.091 0.0000000000
72088  48.155  -10.400  76.566 0.0000000000
73241  48.603  -9.924  76.869 0.0000000000
73224  48.679  -10.340  77.762 0.0000000000
73223  49.200  -10.209  78.008 0.0000000000
49436  34.823  -29.523  88.500 0.0000000000
50880  34.843  -28.805  88.088 0.0000000000
49455  35.099  -28.981  88.458 0.0000000000
48208  36.760  -29.823  88.344 0.0000000000
49453  36.495  -28.682  88.340 0.0000000000
49432  37.322  -29.019  88.436 0.0000000000
50876  37.514  -28.155  88.181 0.0000000000
49451  37.951  -28.854  88.377 0.0000000000
48206  38.388  -29.025  88.092 0.0000000000
84761  52.789  0.312  65.501 0.0000000000
85952  53.652  0.817  66.053 0.0000000000
84743  53.718  0.739  66.541 0.0000000000
85941  54.687  0.581  66.882 0.0000000000
84722  53.029  -0.077  67.895 0.0000000000
84721  53.490  0.171  68.148 0.0000000000
83615  54.227  -0.764  69.429 0.0000000000
78950  48.894  -5.312  72.666 0.0000000000
78967  49.194  -5.303  71.829 0.0000000000
80078  51.289  -3.773  72.503 0.0000000000
78948  50.586  -4.259  72.129 0.0000000000
80095  51.057  -3.681  71.702 0.0000000000
80094  51.715  -3.359  72.035 0.0000000000
81215  51.860  -3.150  71.721 0.0000000000
78963  52.307  -4.405  71.862 0.0000000000
78978  51.892  -4.546  70.786 0.0000000000
77829  51.427  -5.409  71.492 0.0000000000
59421  44.708  -20.826  83.846 0.0000000000
60689  44.159  -20.170  84.065 0.0000000000
60724  44.769  -19.673  84.239 0.0000000000
63360  45.154  -17.718  84.131 0.0000000000
63361  44.637  -17.817  84.123 0.0000000000
64710  44.957  -17.450  84.022 0.0000000000
64733  44.758  -17.233  82.741 0.0000000000
64746  44.826  -16.892  81.776 0.0000000000
64719  45.633  -16.757  83.120 0.0000000000
63358  46.796  -16.801  82.648 0.0000000000
65905  46.519  -16.372  82.730 0.0000000000
65904  46.878  -16.128  82.564 0.0000000000
65933  47.047  -15.058  82.159 0.0000000000
65916  47.478  -15.633  82.194 0.0000000000
65932  47.856  -15.523  81.555 0.0000000000
64731  47.659  -16.531  81.834 0.0000000000
62052  47.791  -17.373  80.840 0.0000000000
62067  47.842  -17.462  80.395 0.0000000000
62084  48.028  -17.488  79.517 0.0000000000
62085  47.305  -18.299  79.520 0.0000000000
47270  30.370  -31.435  87.379 0.0000000000
48232  30.491  -30.919  86.847 0.0000000000
47269  30.760  -31.145  87.484 0.0000000000
47268  32.094  -30.676  88.060 0.0000000000
48220  31.840  -30.640  87.766 0.0000000000
48219  32.479  -30.162  87.803 0.0000000000
48210  32.996  -29.825  88.124 0.0000000000
48209  33.517  -29.842  88.401 0.0000000000
47241  33.126  -30.490  88.601 0.0000000000
77799  46.829  -6.493  73.384 0.0000000000
78936  47.979  -5.673  72.979 0.0000000000
78909  49.514  -5.779  74.996 0.0000000000
77780  49.352  -5.933  74.512 0.0000000000
78908  50.363  -5.421  74.978 0.0000000000
80052  50.741  -4.725  74.498 0.0000000000
78895  50.873  -5.423  75.364 0.0000000000
77765  51.583  -5.552  75.069 0.0000000000
75490  50.885  -7.310  76.332 0.0000000000
76612  51.025  -6.805  75.925 0.0000000000
75488  51.544  -7.744  76.034 0.0000000000
74405  51.574  -8.476  75.925 0.0000000000
74388  51.436  -8.690  76.198 0.0000000000
74377  49.511  -8.538  77.012 0.0000000000
74376  50.156  -8.460  77.245 0.0000000000
72071  51.385  -10.358  77.014 0.0000000000
72099  51.556  -10.080  76.045 0.0000000000
70874  51.269  -11.064  76.052 0.0000000000
54766  43.397  -24.375  85.261 0.0000000000
54765  44.213  -23.965  85.319 0.0000000000
50984  43.578  -26.572  84.397 0.0000000000
51001  43.850  -26.338  83.759 0.0000000000
53597  45.181  -24.283  84.060 0.0000000000
53598  44.840  -24.764  84.408 0.0000000000
54776  45.011  -24.065  84.422 0.0000000000
54764  44.718  -23.697  84.828 0.0000000000
55897  45.181  -23.365  84.410 0.0000000000
57070  44.765  -22.090  84.426 0.0000000000
55896  45.536  -23.046  84.107 0.0000000000
57102  45.471  -22.204  83.069 0.0000000000
58262  45.734  -21.074  82.778 0.0000000000
57132  45.332  -22.157  81.239 0.0000000000
52309  35.653  -28.010  86.781 0.0000000000
52324  35.176  -28.205  86.138 0.0000000000
52340  35.706  -27.560  85.520 0.0000000000
53604  38.582  -26.547  85.103 0.0000000000
53621  38.783  -25.994  84.154 0.0000000000
53620  39.344  -25.927  84.297 0.0000000000
53602  40.286  -25.668  84.901 0.0000000000
53582  40.025  -26.058  85.336 0.0000000000
52288  40.741  -26.973  86.945 0.0000000000
53546  40.473  -26.723  86.636 0.0000000000
52287  41.265  -26.944  86.548 0.0000000000
52305  41.694  -26.773  86.194 0.0000000000
49469  39.900  -28.329  87.317 0.0000000000
48237  41.781  -28.497  85.817 0.0000000000
82474  57.018  -0.845  65.498 0.0000000000
81304  56.784  -2.296  64.503 0.0000000000
77847  49.332  -5.161  70.392 0.0000000000
77860  48.466  -5.493  69.468 0.0000000000
78990  49.013  -5.084  69.395 0.0000000000
81248  50.600  -2.683  68.171 0.0000000000
81261  49.534  -3.074  67.019 0.0000000000
81260  50.423  -2.262  66.809 0.0000000000
83643  51.524  -1.333  67.733 0.0000000000
82420  52.855  -1.370  70.150 0.0000000000
82431  52.666  -1.286  69.494 0.0000000000
83599  53.552  -1.082  70.182 0.0000000000
82419  53.884  -1.226  69.753 0.0000000000
82409  53.555  -1.498  70.171 0.0000000000
80092  53.202  -3.233  70.904 0.0000000000
81213  52.980  -2.936  70.903 0.0000000000
80115  51.894  -3.634  69.101 0.0000000000
80122  52.300  -3.112  68.452 0.0000000000
61998  43.222  -19.327  83.455 0.0000000000
61999  42.660  -19.806  83.251 0.0000000000
62035  42.613  -19.282  82.523 0.0000000000
65961  45.316  -16.387  80.249 0.0000000000
65998  45.983  -15.219  78.112 0.0000000000
68475  46.860  -13.319  77.563 0.0000000000
69672  46.316  -13.537  76.530 0.0000000000
69671  46.957  -12.899  76.761 0.0000000000
70842  48.122  -12.264  77.958 0.0000000000
70798  48.615  -12.557  79.803 0.0000000000
70814  48.482  -12.365  79.289 0.0000000000
70813  48.884  -12.061  79.378 0.0000000000
72038  49.142  -11.668  78.856 0.0000000000
70796  49.264  -12.364  79.872 0.0000000000
65945  48.621  -15.460  80.640 0.0000000000
67199  48.615  -14.596  80.812 0.0000000000
65983  49.490  -15.309  78.746 0.0000000000
67246  49.381  -14.712  79.510 0.0000000000
67245  49.573  -14.485  79.038 0.0000000000
67270  50.230  -14.603  77.835 0.0000000000
66011  49.509  -15.356  77.027 0.0000000000
59478  46.038  -20.391  80.547 0.0000000000
60766  46.393  -19.548  80.799 0.0000000000
44188  27.865  -34.026  88.990 0.0000000000
43064  28.208  -34.410  89.187 0.0000000000
43048  28.474  -34.608  89.158 0.0000000000
43049  28.047  -34.740  89.362 0.0000000000
73282  45.788  -9.531  73.963 0.0000000000
73269  47.162  -9.535  75.230 0.0000000000
73255  47.605  -10.097  75.567 0.0000000000
72089  47.719  -10.548  76.058 0.0000000000
72075  47.857  -11.026  76.687 0.0000000000
47253  35.478  -30.533  88.398 0.0000000000
48196  35.710  -29.566  88.558 0.0000000000
47252  36.391  -30.306  88.233 0.0000000000
80062  51.508  -3.940  73.078 0.0000000000
80076  52.329  -3.928  72.895 0.0000000000
60737  45.535  -19.855  83.636 0.0000000000
60723  45.211  -19.466  84.138 0.0000000000
60722  45.663  -19.159  83.699 0.0000000000
61994  45.497  -18.707  83.998 0.0000000000
63375  45.598  -17.583  83.594 0.0000000000
63373  46.892  -17.083  82.586 0.0000000000
63392  47.570  -17.096  81.759 0.0000000000
47258  30.846  -31.415  87.868 0.0000000000
46250  31.929  -31.979  88.718 0.0000000000
47231  32.509  -31.547  88.696 0.0000000000
46247  33.161  -31.199  88.785 0.0000000000
46279  33.017  -31.998  88.987 0.0000000000
76642  45.898  -7.246  73.451 0.0000000000
76641  46.128  -7.043  73.821 0.0000000000
77784  46.546  -6.695  73.791 0.0000000000
77798  47.779  -6.168  73.371 0.0000000000
77782  48.113  -6.430  74.338 0.0000000000
77768  49.065  -6.200  75.229 0.0000000000
77767  49.739  -5.911  75.519 0.0000000000
77753  49.916  -6.113  76.079 0.0000000000
76593  50.179  -6.811  76.537 0.0000000000
75469  50.504  -7.614  76.770 0.0000000000
73238  50.403  -9.389  77.514 0.0000000000
72072  51.100  -10.389  77.291 0.0000000000
70854  51.294  -11.005  77.138 0.0000000000
69676  51.113  -11.991  76.392 0.0000000000
68473  50.812  -12.548  76.784 0.0000000000
54756  42.153  -25.643  85.512 0.0000000000
53560  42.497  -25.852  85.634 0.0000000000
53580  43.265  -25.321  85.325 0.0000000000
53600  43.756  -25.288  85.087 0.0000000000
52370  44.399  -25.624  83.510 0.0000000000
53618  44.986  -24.290  83.672 0.0000000000
54787  45.250  -23.719  83.697 0.0000000000
54798  44.920  -23.756  83.191 0.0000000000
54807  44.913  -23.621  82.684 0.0000000000
52323  35.993  -27.633  86.290 0.0000000000
52322  36.830  -27.295  86.396 0.0000000000
53605  37.465  -26.804  85.578 0.0000000000
53583  39.295  -26.358  85.660 0.0000000000
53547  39.678  -26.727  86.867 0.0000000000
50897  40.362  -27.564  87.308 0.0000000000
85977  56.417  0.456  64.996 0.0000000000
83649  56.520  -0.298  65.578 0.0000000000
82475  56.443  -0.746  65.575 0.0000000000
82441  54.315  -0.576  68.167 0.0000000000
78980  49.885  -4.670  70.500 0.0000000000
78989  49.693  -4.667  69.659 0.0000000000
80117  49.972  -4.087  69.234 0.0000000000
80125  49.569  -3.885  68.248 0.0000000000
81247  51.406  -2.130  68.601 0.0000000000
82432  51.943  -1.582  68.908 0.0000000000
78986  52.337  -3.929  70.440 0.0000000000
57091  42.814  -22.689  83.934 0.0000000000
63394  43.316  -18.376  82.659 0.0000000000
63395  42.908  -18.886  82.540 0.0000000000
63414  43.028  -18.722  82.102 0.0000000000
62070  42.288  -19.240  80.851 0.0000000000
67203  46.270  -15.445  81.225 0.0000000000
65973  45.812  -15.561  79.559 0.0000000000
67248  46.460  -14.698  79.250 0.0000000000
67261  46.268  -14.771  78.409 0.0000000000
68467  46.466  -14.165  78.139 0.0000000000
68466  46.754  -13.582  78.010 0.0000000000
69662  47.999  -12.478  78.448 0.0000000000
69616  47.790  -13.229  79.578 0.0000000000
69615  48.201  -13.122  79.838 0.0000000000
69614  48.591  -13.205  80.259 0.0000000000
64759  49.071  -16.204  79.775 0.0000000000
65959  49.180  -15.524  80.035 0.0000000000
64771  49.120  -16.247  79.086 0.0000000000
64770  49.277  -16.122  78.745 0.0000000000
64788  49.384  -16.039  78.211 0.0000000000
65996  49.665  -15.525  77.815 0.0000000000
64789  49.204  -16.393  77.924 0.0000000000
46297  29.908  -32.204  87.706 0.0000000000
45257  29.845  -32.607  88.032 0.0000000000
46282  30.308  -32.197  88.027 0.0000000000
45241  30.788  -32.778  88.841 0.0000000000
44185  30.706  -33.412  88.982 0.0000000000
43062  30.448  -33.931  88.864 0.0000000000
40853  30.718  -34.589  88.595 0.0000000000
40854  30.396  -34.729  88.625 0.0000000000
41959  28.594  -34.837  89.179 0.0000000000
75530  46.651  -7.727  74.275 0.0000000000
75510  47.556  -7.596  74.940 0.0000000000
75492  48.287  -7.690  75.613 0.0000000000
75491  49.005  -7.669  76.016 0.0000000000
74378  49.026  -9.049  76.677 0.0000000000
49509  43.139  -27.455  84.886 0.0000000000
50904  34.009  -29.263  87.281 0.0000000000
50945  34.168  -28.642  86.202 0.0000000000
50903  34.693  -28.824  87.468 0.0000000000
50902  35.268  -28.444  87.678 0.0000000000
50901  35.916  -28.182  87.679 0.0000000000
49454  35.785  -28.772  88.425 0.0000000000
50878  36.258  -28.321  88.081 0.0000000000
52294  36.648  -27.849  87.678 0.0000000000
52276  37.797  -27.776  87.916 0.0000000000
52275  38.449  -27.674  87.722 0.0000000000
50874  38.935  -27.978  87.780 0.0000000000
49450  38.623  -28.487  87.982 0.0000000000
48205  38.817  -28.560  87.602 0.0000000000
47263  38.847  -28.742  86.914 0.0000000000
85950  55.236  0.515  66.378 0.0000000000
84729  55.685  0.147  66.869 0.0000000000
85940  54.864  0.495  66.935 0.0000000000
84730  54.929  0.257  67.287 0.0000000000
84720  54.188  0.292  68.173 0.0000000000
82430  53.827  -1.192  68.871 0.0000000000
77832  48.555  -5.699  71.246 0.0000000000
77831  49.332  -5.268  70.925 0.0000000000
78979  50.296  -4.320  71.007 0.0000000000
80107  50.809  -3.795  70.666 0.0000000000
80093  52.554  -3.567  71.507 0.0000000000
78977  52.453  -4.107  71.133 0.0000000000
77845  51.242  -5.077  70.272 0.0000000000
59405  43.918  -21.168  84.113 0.0000000000
59406  43.579  -21.238  84.093 0.0000000000
60690  43.871  -20.547  83.996 0.0000000000
61982  43.568  -19.579  83.835 0.0000000000
61997  43.685  -18.799  83.838 0.0000000000
60705  44.768  -19.206  84.400 0.0000000000
61996  44.268  -18.528  84.256 0.0000000000
63377  43.685  -18.342  83.271 0.0000000000
63393  44.004  -17.971  82.690 0.0000000000
63426  44.477  -17.487  81.084 0.0000000000
63441  44.649  -17.335  80.190 0.0000000000
64745  45.451  -16.406  81.570 0.0000000000
65935  45.973  -16.222  81.904 0.0000000000
65919  45.963  -16.335  82.186 0.0000000000
67179  46.238  -15.803  81.797 0.0000000000
67178  46.581  -15.359  81.934 0.0000000000
67177  47.100  -14.979  81.946 0.0000000000
67201  47.632  -14.445  81.285 0.0000000000
65931  48.068  -15.729  81.027 0.0000000000
64729  48.186  -16.176  80.764 0.0000000000
63391  47.951  -16.746  81.009 0.0000000000
63409  48.589  -16.640  80.129 0.0000000000
63425  48.347  -17.082  79.914 0.0000000000
62083  48.445  -17.181  79.147 0.0000000000
48221  31.134  -30.792  87.426 0.0000000000
49482  32.323  -29.535  86.528 0.0000000000
49481  32.943  -29.261  86.746 0.0000000000
50925  33.514  -29.050  86.680 0.0000000000
49457  33.725  -29.524  87.888 0.0000000000
49456  34.393  -29.487  88.276 0.0000000000
48198  34.409  -29.985  88.621 0.0000000000
46261  33.578  -31.311  88.748 0.0000000000
46260  34.208  -31.197  88.635 0.0000000000
47254  34.820  -30.705  88.555 0.0000000000
77797  48.817  -6.140  73.787 0.0000000000
78934  49.512  -5.356  73.522 0.0000000000
78920  50.391  -4.925  74.164 0.0000000000
80050  51.989  -4.798  74.627 0.0000000000
78906  51.911  -5.194  74.874 0.0000000000
77764  51.598  -6.171  75.107 0.0000000000
76626  51.670  -7.069  75.255 0.0000000000
77751  51.352  -6.163  75.462 0.0000000000
76611  51.504  -6.962  75.489 0.0000000000
75471  49.497  -7.603  76.572 0.0000000000
75470  49.911  -7.564  76.948 0.0000000000
74374  51.276  -8.665  76.774 0.0000000000
73252  51.473  -9.362  76.320 0.0000000000
54788  41.424  -24.577  83.161 0.0000000000
55898  42.733  -23.669  84.367 0.0000000000
54767  42.572  -24.748  84.922 0.0000000000
57081  43.040  -22.808  84.311 0.0000000000
57073  43.410  -22.733  84.578 0.0000000000
57072  43.863  -22.610  84.735 0.0000000000
50964  43.420  -26.726  85.012 0.0000000000
52336  43.897  -25.629  84.884 0.0000000000
52319  44.235  -24.982  84.900 0.0000000000
52335  44.420  -25.021  84.738 0.0000000000
55884  44.308  -23.162  85.072 0.0000000000
57071  44.318  -22.427  84.612 0.0000000000
58230  44.307  -21.637  84.307 0.0000000000
58229  44.630  -21.368  84.086 0.0000000000
58240  45.074  -21.604  84.110 0.0000000000
55910  45.481  -23.119  83.673 0.0000000000
57089  45.464  -22.221  83.907 0.0000000000
58249  45.241  -21.493  83.689 0.0000000000
59450  45.562  -20.632  83.248 0.0000000000
59460  46.125  -20.330  82.245 0.0000000000
58305  45.639  -21.281  80.285 0.0000000000
57150  45.367  -21.834  80.476 0.0000000000
52325  34.522  -28.420  85.591 0.0000000000
54789  40.633  -25.071  83.642 0.0000000000
53601  40.829  -25.532  84.743 0.0000000000
53562  41.096  -26.403  85.800 0.0000000000
54757  41.688  -26.035  85.682 0.0000000000
53561  41.718  -26.384  85.893 0.0000000000
50920  42.041  -26.876  86.080 0.0000000000
49493  42.417  -27.877  85.664 0.0000000000
50873  39.659  -27.732  87.478 0.0000000000
50872  40.034  -27.785  87.433 0.0000000000
49468  40.463  -28.215  87.164 0.0000000000
49480  41.070  -28.255  86.583 0.0000000000
49467  41.067  -27.787  86.841 0.0000000000
49479  41.664  -28.026  86.438 0.0000000000
80199  57.358  -2.863  64.061 0.0000000000
83630  52.781  -0.670  68.606 0.0000000000
83616  53.656  -0.742  69.580 0.0000000000
81245  53.305  -1.725  68.416 0.0000000000
81226  52.849  -2.415  70.641 0.0000000000
81225  53.350  -2.203  70.344 0.0000000000
80113  53.148  -2.849  70.247 0.0000000000
80134  51.984  -2.877  67.751 0.0000000000
69691  45.917  -11.513  74.400 0.0000000000
61984  42.802  -20.202  83.540 0.0000000000
60738  42.004  -20.133  82.865 0.0000000000
68483  45.712  -14.000  76.182 0.0000000000
69685  45.687  -12.936  75.002 0.0000000000
69684  46.196  -11.906  74.754 0.0000000000
70868  47.238  -11.486  76.190 0.0000000000
70856  48.316  -11.583  77.764 0.0000000000
70841  48.480  -11.994  78.455 0.0000000000
72063  48.530  -10.995  77.913 0.0000000000
72062  48.867  -11.217  78.417 0.0000000000
70839  49.559  -11.615  78.733 0.0000000000
70838  49.922  -11.971  78.853 0.0000000000
68407  48.193  -13.654  80.948 0.0000000000
68429  48.496  -13.649  80.606 0.0000000000
68428  48.952  -13.744  80.356 0.0000000000
68452  49.382  -14.016  79.858 0.0000000000
68427  49.529  -13.260  79.872 0.0000000000
69637  49.732  -12.639  79.498 0.0000000000
69661  50.315  -12.673  78.658 0.0000000000
66010  49.909  -14.927  77.447 0.0000000000
67278  49.702  -14.716  76.323 0.0000000000
60765  46.936  -18.882  80.199 0.0000000000
59484  46.118  -20.369  79.475 0.0000000000
60776  46.893  -18.866  79.746 0.0000000000
40855  30.096  -34.900  88.689 0.0000000000
40867  30.796  -34.801  88.498 0.0000000000
40868  30.460  -34.994  88.553 0.0000000000
41971  30.648  -34.367  88.705 0.0000000000
41973  28.852  -35.054  89.020 0.0000000000
41974  27.956  -35.144  89.419 0.0000000000
43046  31.937  -33.625  88.902 0.0000000000
43047  28.887  -34.557  88.957 0.0000000000
43085  29.643  -33.958  88.853 0.0000000000
43086  27.960  -34.265  89.162 0.0000000000
44154  31.989  -33.309  89.097 0.0000000000
44155  29.000  -34.336  88.903 0.0000000000
44156  28.738  -34.515  88.994 0.0000000000
44189  27.194  -34.249  88.863 0.0000000000
45218  32.134  -32.129  88.827 0.0000000000
46248  32.636  -31.846  88.848 0.0000000000
46249  32.303  -31.871  88.761 0.0000000000
46262  33.086  -31.572  88.864 0.0000000000
46263  32.223  -31.639  88.633 0.0000000000
46264  32.021  -31.788  88.640 0.0000000000
47229  33.198  -30.834  88.722 0.0000000000
47230  32.816  -31.187  88.696 0.0000000000
47238  35.246  -30.135  88.568 0.0000000000
47239  34.434  -30.492  88.640 0.0000000000
47240  33.700  -30.578  88.712 0.0000000000
47242  32.334  -31.291  88.518 0.0000000000
47243  31.937  -31.589  88.522 0.0000000000
47255  33.024  -30.095  88.416 0.0000000000
47264  38.102  -29.305  87.441 0.0000000000
47267  32.251  -30.467  87.982 0.0000000000
48194  37.021  -29.201  88.399 0.0000000000
48195  36.544  -29.420  88.464 0.0000000000
48211  31.641  -30.916  87.966 0.0000000000
48212  31.426  -30.989  87.850 0.0000000000
48222  30.704  -30.970  87.227 0.0000000000
48227  40.363  -28.564  86.757 0.0000000000
49433  36.789  -29.070  88.446 0.0000000000
49434  36.106  -29.085  88.568 0.0000000000
49435  35.413  -29.245  88.551 0.0000000000
49437  34.429  -29.748  88.499 0.0000000000
49448  39.999  -28.028  87.458 0.0000000000
49452  37.302  -28.623  88.336 0.0000000000
49470  37.922  -28.633  88.416 0.0000000000
49471  37.703  -28.646  88.410 0.0000000000
49484  30.635  -30.497  86.553 0.0000000000
49495  41.541  -28.333  86.276 0.0000000000
49496  32.079  -29.342  86.121 0.0000000000
49508  43.209  -27.331  84.688 0.0000000000
49524  43.237  -27.221  84.478 0.0000000000
50898  39.924  -27.382  87.387 0.0000000000
50899  38.035  -28.441  88.321 0.0000000000
50900  37.784  -28.426  88.326 0.0000000000
50922  35.641  -28.150  87.271 0.0000000000
50923  35.137  -28.488  86.975 0.0000000000
50924  34.392  -28.830  86.849 0.0000000000
50926  32.850  -29.034  86.404 0.0000000000
50943  42.202  -27.799  86.153 0.0000000000
50963  43.306  -27.104  84.692 0.0000000000
50985  43.827  -26.038  84.631 0.0000000000
52277  37.146  -27.885  87.971 0.0000000000
52278  36.705  -27.981  87.957 0.0000000000
52289  40.044  -26.997  87.291 0.0000000000
52290  39.328  -27.123  87.227 0.0000000000
52291  38.702  -27.351  87.281 0.0000000000
52292  38.046  -27.493  87.371 0.0000000000
52293  37.392  -27.643  87.568 0.0000000000
52318  44.385  -24.785  84.946 0.0000000000
52337  43.457  -25.713  85.285 0.0000000000
52354  43.985  -25.727  84.591 0.0000000000
53544  41.411  -26.718  86.259 0.0000000000
53567  37.498  -27.400  86.946 0.0000000000
53599  44.017  -25.126  84.959 0.0000000000
54779  40.558  -25.512  84.390 0.0000000000
54780  40.064  -25.718  84.556 0.0000000000
54790  39.717  -25.723  83.967 0.0000000000
55899  42.422  -24.308  84.204 0.0000000000
57078  45.517  -22.655  84.061 0.0000000000
57079  45.270  -22.491  84.293 0.0000000000
57088  45.512  -22.662  83.748 0.0000000000
57090  45.416  -22.273  84.127 0.0000000000
57103  45.477  -22.261  83.523 0.0000000000
58231  43.901  -21.841  84.402 0.0000000000
58241  45.189  -22.022  84.294 0.0000000000
58242  42.993  -21.890  84.057 0.0000000000
58250  45.334  -21.967  84.118 0.0000000000
59403  44.533  -21.053  83.859 0.0000000000
59422  44.529  -20.167  84.063 0.0000000000
59424  42.796  -21.098  83.787 0.0000000000
59439  44.905  -20.123  84.064 0.0000000000
59440  42.508  -21.135  83.572 0.0000000000
60691  43.688  -20.852  83.968 0.0000000000
60706  44.335  -19.559  84.272 0.0000000000
60707  43.875  -19.874  84.046 0.0000000000
60708  43.464  -20.464  83.870 0.0000000000
60709  42.959  -20.557  83.729 0.0000000000
60788  46.509  -19.140  78.871 0.0000000000
61980  44.438  -18.953  84.425 0.0000000000
62015  45.486  -18.139  84.005 0.0000000000
62016  43.322  -18.792  83.299 0.0000000000
62017  42.872  -19.125  82.961 0.0000000000
62101  48.420  -17.282  78.935 0.0000000000
62104  46.715  -18.722  78.999 0.0000000000
63359  46.584  -16.876  82.867 0.0000000000
63362  44.123  -18.229  83.840 0.0000000000
63390  48.319  -16.574  80.562 0.0000000000
63411  47.785  -17.227  81.093 0.0000000000
63415  42.575  -19.183  82.036 0.0000000000
63424  48.714  -16.675  79.513 0.0000000000
63428  43.046  -18.626  81.393 0.0000000000
63440  48.474  -17.066  79.368 0.0000000000
63467  48.798  -16.948  77.850 0.0000000000
64706  47.416  -16.122  82.350 0.0000000000
64707  47.027  -16.399  82.543 0.0000000000
64708  46.670  -16.551  82.669 0.0000000000
64716  47.718  -16.125  81.987 0.0000000000
64718  46.336  -16.539  82.934 0.0000000000
64720  44.919  -17.350  83.607 0.0000000000
64760  45.481  -16.184  81.116 0.0000000000
64778  49.331  -16.051  78.513 0.0000000000
65903  47.180  -15.927  82.503 0.0000000000
65917  47.039  -15.524  82.398 0.0000000000
65934  46.875  -15.308  82.240 0.0000000000
65946  48.296  -15.175  81.141 0.0000000000
65947  45.815  -15.937  81.403 0.0000000000
65971  49.383  -15.827  78.773 0.0000000000
65982  49.650  -15.445  78.352 0.0000000000
67152  47.273  -15.247  82.177 0.0000000000
67153  47.044  -15.226  82.272 0.0000000000
67154  46.339  -15.950  82.153 0.0000000000
67155  46.187  -16.089  81.913 0.0000000000
67260  49.445  -14.839  79.027 0.0000000000
68406  48.507  -13.987  80.915 0.0000000000
68454  46.498  -14.326  78.676 0.0000000000
69598  48.293  -13.452  80.553 0.0000000000
69612  49.574  -12.855  79.861 0.0000000000
69613  49.324  -12.788  80.041 0.0000000000
69638  49.457  -12.443  79.743 0.0000000000
69677  50.760  -12.414  76.264 0.0000000000
70812  49.406  -12.123  79.403 0.0000000000
70853  51.392  -10.695  77.027 0.0000000000
70866  51.436  -10.666  76.791 0.0000000000
70873  51.452  -10.626  76.442 0.0000000000
70883  45.802  -11.081  74.102 0.0000000000
72039  48.924  -11.747  78.889 0.0000000000
72074  48.299  -10.843  77.274 0.0000000000
72086  51.516  -9.787  76.522 0.0000000000
72087  51.519  -10.028  76.567 0.0000000000
72098  51.525  -9.731  76.289 0.0000000000
73235  51.452  -9.186  76.505 0.0000000000
73253  51.488  -9.579  76.587 0.0000000000
74372  51.410  -8.904  76.397 0.0000000000
74373  51.409  -8.882  76.580 0.0000000000
74389  51.474  -8.284  76.225 0.0000000000
74390  51.350  -7.986  76.306 0.0000000000
75487  51.987  -7.881  75.856 0.0000000000
75489  51.269  -7.428  76.084 0.0000000000
75508  52.041  -7.625  75.736 0.0000000000
76610  52.279  -7.419  75.628 0.0000000000
76613  50.587  -6.920  76.312 0.0000000000
76640  46.765  -6.947  74.150 0.0000000000
77738  50.204  -6.452  76.327 0.0000000000
77739  49.985  -6.451  76.361 0.0000000000
77769  48.512  -6.334  74.949 0.0000000000
77796  49.335  -5.934  74.195 0.0000000000
78894  51.320  -5.383  75.207 0.0000000000
78907  51.704  -5.174  75.035 0.0000000000
78910  49.241  -5.964  74.905 0.0000000000
78922  49.377  -5.878  74.744 0.0000000000
78932  51.401  -4.231  73.422 0.0000000000
78951  48.288  -5.620  72.746 0.0000000000
80029  51.497  -5.026  75.050 0.0000000000
80030  51.284  -5.129  75.139 0.0000000000
80040  52.256  -4.911  74.976 0.0000000000
80042  51.214  -4.992  74.943 0.0000000000
81201  52.068  -3.236  72.139 0.0000000000
82418  54.177  -0.889  69.641 0.0000000000
82444  51.484  -1.313  67.247 0.0000000000
82452  56.855  -0.624  65.495 0.0000000000
83600  53.220  -1.166  70.239 0.0000000000
83632  51.405  -1.473  67.910 0.0000000000
84739  56.324  0.117  65.651 0.0000000000
84742  55.465  0.316  66.805 0.0000000000
84745  52.269  -0.179  66.020 0.0000000000
84759  56.444  0.167  65.303 0.0000000000
85948  56.118  0.377  65.780 0.0000000000
85964  56.301  0.424  65.283 0.0000000000
85965  56.172  0.485  65.489 0.0000000000
137834  32.639  -32.268  88.984 0.0000000000
