#!ascii label  , from subject 4052 vox2ras=TkReg
1424
47603  8.636  -44.989  74.215 0.0000000000
68808  47.802  -26.377  52.012 0.0000000000
52567  30.131  -40.579  63.998 0.0000000000
58054  36.919  -35.866  69.165 0.0000000000
52575  21.291  -41.183  64.397 0.0000000000
51263  16.787  -42.324  73.232 0.0000000000
81225  57.049  -15.386  46.919 0.0000000000
76733  55.889  -20.215  55.621 0.0000000000
67353  36.497  -27.987  60.611 0.0000000000
83709  62.118  -12.975  39.520 0.0000000000
51365  27.830  -41.835  69.297 0.0000000000
49976  12.735  -42.562  74.787 0.0000000000
78848  56.139  -17.655  51.654 0.0000000000
75741  52.638  -20.788  48.477 0.0000000000
67388  47.389  -27.939  57.130 0.0000000000
70968  51.972  -25.799  58.452 0.0000000000
66199  42.276  -28.592  56.140 0.0000000000
58170  35.313  -35.573  62.442 0.0000000000
54708  33.496  -38.364  66.060 0.0000000000
51369  23.854  -42.156  69.272 0.0000000000
49998  21.438  -42.478  73.723 0.0000000000
51374  18.858  -41.885  69.229 0.0000000000
50052  14.625  -42.650  69.096 0.0000000000
52571  25.538  -41.183  63.998 0.0000000000
82448  61.915  -14.321  48.314 0.0000000000
77795  60.207  -18.478  51.812 0.0000000000
72380  52.198  -23.241  53.729 0.0000000000
68630  40.312  -26.396  62.143 0.0000000000
61523  39.356  -32.557  64.754 0.0000000000
81268  60.285  -15.622  43.718 0.0000000000
83658  64.170  -14.280  43.802 0.0000000000
82558  66.319  -14.686  39.665 0.0000000000
51284  26.748  -42.489  71.844 0.0000000000
48763  10.246  -43.892  74.197 0.0000000000
51218  12.045  -42.179  77.050 0.0000000000
49937  10.364  -42.632  77.447 0.0000000000
78896  52.076  -18.428  47.066 0.0000000000
69812  46.321  -25.975  60.572 0.0000000000
70949  48.676  -25.646  60.873 0.0000000000
46283  3.910  -46.065  78.151 0.0000000000
65097  43.133  -29.629  53.310 0.0000000000
54764  30.531  -38.587  61.762 0.0000000000
55892  32.608  -37.498  63.000 0.0000000000
53579  31.831  -39.525  64.478 0.0000000000
51438  22.802  -41.715  66.430 0.0000000000
51372  20.905  -41.842  69.243 0.0000000000
52525  20.169  -40.952  66.213 0.0000000000
52573  23.420  -41.444  64.288 0.0000000000
51436  24.754  -41.893  66.485 0.0000000000
51236  19.296  -42.276  73.945 0.0000000000
82466  58.849  -14.514  47.512 0.0000000000
79985  60.508  -16.580  50.605 0.0000000000
82428  58.258  -15.085  50.195 0.0000000000
77784  56.252  -18.664  53.570 0.0000000000
77769  58.541  -18.712  54.472 0.0000000000
71144  48.119  -24.908  49.631 0.0000000000
73645  49.806  -23.378  49.929 0.0000000000
71079  49.924  -24.734  52.584 0.0000000000
68722  36.762  -26.935  58.025 0.0000000000
67378  38.643  -27.216  58.312 0.0000000000
68648  37.830  -26.553  61.505 0.0000000000
58102  36.682  -35.884  65.946 0.0000000000
59298  37.573  -34.520  63.014 0.0000000000
59245  38.635  -34.380  67.311 0.0000000000
81259  56.198  -16.645  44.712 0.0000000000
80074  57.720  -16.937  42.861 0.0000000000
81240  57.980  -15.433  45.810 0.0000000000
82476  60.270  -14.257  45.658 0.0000000000
84912  65.535  -12.111  39.142 0.0000000000
84898  64.559  -12.495  40.591 0.0000000000
82540  65.374  -14.526  41.853 0.0000000000
83689  63.127  -13.308  41.274 0.0000000000
52521  28.723  -41.307  66.085 0.0000000000
52501  31.152  -41.224  67.275 0.0000000000
51363  29.819  -41.621  69.519 0.0000000000
51265  14.949  -42.083  73.670 0.0000000000
49948  16.435  -42.303  76.501 0.0000000000
51215  14.590  -41.854  76.516 0.0000000000
81228  53.820  -16.557  46.274 0.0000000000
79997  56.309  -16.226  49.625 0.0000000000
78884  53.926  -17.658  48.651 0.0000000000
75727  54.684  -19.819  49.394 0.0000000000
75689  53.982  -20.592  52.407 0.0000000000
67459  47.784  -27.421  54.451 0.0000000000
69861  50.446  -26.229  56.026 0.0000000000
68692  50.317  -26.798  58.158 0.0000000000
63849  37.001  -30.638  58.774 0.0000000000
59215  38.191  -34.832  70.521 0.0000000000
47593  6.852  -45.964  75.174 0.0000000000
48731  7.749  -43.948  77.790 0.0000000000
47558  5.902  -44.674  78.474 0.0000000000
67521  45.858  -27.901  51.347 0.0000000000
66263  45.848  -28.726  53.940 0.0000000000
67422  44.848  -28.330  56.824 0.0000000000
68676  44.302  -26.713  59.572 0.0000000000
57055  33.035  -36.250  60.689 0.0000000000
56978  34.314  -36.744  64.130 0.0000000000
56911  35.112  -37.287  67.564 0.0000000000
53520  33.259  -40.476  68.161 0.0000000000
54625  34.370  -39.030  69.350 0.0000000000
51286  24.805  -42.180  72.042 0.0000000000
49996  22.998  -42.582  73.546 0.0000000000
51317  22.648  -41.972  71.116 0.0000000000
51320  19.742  -42.293  71.161 0.0000000000
51322  17.648  -42.429  71.175 0.0000000000
52509  17.848  -41.097  66.808 0.0000000000
51376  16.685  -41.947  69.085 0.0000000000
51324  15.078  -42.247  71.178 0.0000000000
50021  13.690  -42.637  72.533 0.0000000000
48791  11.085  -43.964  71.781 0.0000000000
47629  8.877  -44.989  72.026 0.0000000000
53638  28.306  -39.638  60.996 0.0000000000
53620  26.298  -40.418  61.295 0.0000000000
52569  27.840  -40.921  64.061 0.0000000000
51434  26.701  -41.738  66.622 0.0000000000
51367  25.829  -42.181  69.267 0.0000000000
76793  61.014  -19.680  50.502 0.0000000000
79954  57.502  -16.611  52.305 0.0000000000
74749  50.262  -21.616  47.727 0.0000000000
74696  51.968  -22.158  51.315 0.0000000000
74667  54.141  -21.580  55.068 0.0000000000
72314  52.290  -24.118  56.292 0.0000000000
74629  53.907  -21.945  57.199 0.0000000000
66221  39.675  -28.937  55.414 0.0000000000
68679  41.351  -27.312  59.596 0.0000000000
69777  42.813  -25.845  62.498 0.0000000000
60458  38.141  -32.859  60.802 0.0000000000
63808  38.380  -30.162  62.293 0.0000000000
61485  39.418  -32.477  68.613 0.0000000000
63766  39.065  -30.364  66.194 0.0000000000
67326  37.829  -28.149  63.671 0.0000000000
69737  38.760  -26.323  64.468 0.0000000000
69735  40.837  -25.317  64.795 0.0000000000
82542  61.562  -14.935  41.273 0.0000000000
82509  61.967  -14.368  43.634 0.0000000000
83619  63.202  -14.338  46.269 0.0000000000
50017  27.082  -42.813  72.542 0.0000000000
48764  9.538  -44.371  74.525 0.0000000000
49964  10.127  -43.629  75.496 0.0000000000
48742  9.304  -43.805  76.160 0.0000000000
69795  45.808  -25.602  61.262 0.0000000000
69794  46.796  -25.549  61.204 0.0000000000
43950  3.293  -47.594  76.202 0.0000000000
53597  29.831  -39.869  62.762 0.0000000000
53595  31.444  -39.302  63.775 0.0000000000
53580  31.068  -40.006  64.265 0.0000000000
52547  21.780  -41.402  65.129 0.0000000000
51440  21.300  -41.300  66.477 0.0000000000
52548  20.896  -41.068  65.448 0.0000000000
52625  21.973  -40.950  62.402 0.0000000000
52574  22.369  -41.411  64.555 0.0000000000
51472  22.783  -41.541  65.063 0.0000000000
51237  18.308  -42.258  74.071 0.0000000000
51223  17.841  -42.252  74.657 0.0000000000
82480  57.592  -14.983  47.360 0.0000000000
82439  58.485  -14.785  49.471 0.0000000000
82453  57.120  -15.237  48.388 0.0000000000
76749  56.377  -19.421  54.618 0.0000000000
77756  57.096  -19.083  55.205 0.0000000000
69994  47.895  -25.443  50.248 0.0000000000
71126  49.037  -24.760  50.664 0.0000000000
69954  48.917  -25.485  52.066 0.0000000000
66155  35.966  -28.558  59.360 0.0000000000
68685  35.936  -27.528  59.227 0.0000000000
68683  37.359  -26.773  59.801 0.0000000000
68664  36.686  -27.281  60.766 0.0000000000
58074  36.674  -35.954  67.542 0.0000000000
58087  37.306  -35.475  66.878 0.0000000000
58063  37.465  -35.369  68.628 0.0000000000
81241  56.619  -16.000  45.665 0.0000000000
81258  57.406  -16.397  44.586 0.0000000000
81224  57.686  -15.266  46.530 0.0000000000
82495  58.438  -14.920  46.268 0.0000000000
86164  63.694  -11.830  40.057 0.0000000000
84900  62.897  -12.554  40.248 0.0000000000
84892  64.015  -12.759  41.210 0.0000000000
83703  62.387  -13.226  40.217 0.0000000000
51414  28.108  -41.621  67.608 0.0000000000
52487  29.558  -41.433  67.841 0.0000000000
51364  28.841  -41.701  69.381 0.0000000000
51266  14.022  -42.274  73.948 0.0000000000
51227  14.699  -41.855  75.577 0.0000000000
51243  13.292  -42.241  75.262 0.0000000000
51191  11.595  -41.815  78.752 0.0000000000
51189  13.299  -41.843  78.400 0.0000000000
80031  52.976  -16.853  45.946 0.0000000000
80017  54.170  -16.404  47.539 0.0000000000
80019  52.687  -17.570  47.000 0.0000000000
76818  52.073  -20.004  47.751 0.0000000000
76816  53.533  -19.546  48.462 0.0000000000
75728  53.876  -20.400  49.075 0.0000000000
75696  54.244  -20.396  51.197 0.0000000000
75717  53.758  -20.860  50.293 0.0000000000
67419  47.772  -27.997  56.290 0.0000000000
67417  49.364  -27.423  56.696 0.0000000000
68715  48.863  -27.467  57.635 0.0000000000
80043  53.825  -16.848  44.790 0.0000000000
47580  6.671  -45.773  76.088 0.0000000000
47567  5.643  -45.763  77.191 0.0000000000
66331  44.453  -28.644  50.566 0.0000000000
66313  45.482  -28.447  52.199 0.0000000000
66285  44.806  -28.839  52.641 0.0000000000
66218  42.687  -28.949  55.369 0.0000000000
66217  43.663  -29.027  55.316 0.0000000000
67423  43.861  -28.237  56.849 0.0000000000
68698  44.674  -27.211  58.611 0.0000000000
67392  43.440  -27.853  57.569 0.0000000000
57056  32.250  -36.588  60.370 0.0000000000
55849  32.943  -37.989  64.762 0.0000000000
55891  33.172  -37.248  63.532 0.0000000000
55848  33.680  -37.763  65.279 0.0000000000
56938  34.910  -36.964  65.852 0.0000000000
55811  34.502  -37.799  67.237 0.0000000000
51388  31.504  -41.537  68.974 0.0000000000
52500  32.056  -41.090  67.565 0.0000000000
51387  32.409  -41.417  69.171 0.0000000000
53501  34.105  -40.302  70.400 0.0000000000
54606  35.039  -38.676  70.559 0.0000000000
51342  24.201  -42.064  70.189 0.0000000000
51316  23.597  -41.965  71.091 0.0000000000
51343  23.239  -42.001  70.192 0.0000000000
51373  19.888  -41.821  69.254 0.0000000000
51346  20.298  -42.023  70.216 0.0000000000
51347  19.284  -42.114  70.209 0.0000000000
51321  18.722  -42.403  71.167 0.0000000000
51348  18.238  -42.261  70.167 0.0000000000
52551  17.767  -41.073  65.276 0.0000000000
50060  14.977  -42.529  68.234 0.0000000000
51404  15.610  -42.289  67.616 0.0000000000
51377  15.486  -42.252  68.885 0.0000000000
51350  15.983  -42.172  70.063 0.0000000000
51351  15.099  -42.335  69.820 0.0000000000
51325  14.409  -42.411  72.119 0.0000000000
50042  13.678  -43.060  69.861 0.0000000000
48792  10.411  -44.386  72.111 0.0000000000
54798  28.981  -38.834  60.368 0.0000000000
54800  27.845  -39.354  59.707 0.0000000000
52600  24.910  -40.922  62.989 0.0000000000
52599  26.091  -40.840  62.930 0.0000000000
52598  27.381  -40.674  62.804 0.0000000000
52570  26.681  -41.037  64.011 0.0000000000
52542  27.194  -41.339  65.038 0.0000000000
52543  26.030  -41.538  65.105 0.0000000000
51418  24.149  -41.998  67.401 0.0000000000
51417  25.151  -41.978  67.396 0.0000000000
51368  24.836  -42.228  69.271 0.0000000000
51341  25.160  -42.198  70.191 0.0000000000
49997  22.012  -42.527  73.679 0.0000000000
49914  6.851  -43.105  79.602 0.0000000000
49912  8.482  -42.528  79.222 0.0000000000
79994  62.265  -16.545  49.226 0.0000000000
78863  60.417  -17.655  50.706 0.0000000000
77820  60.603  -18.514  50.157 0.0000000000
76775  60.614  -19.080  51.476 0.0000000000
75688  60.925  -19.688  52.640 0.0000000000
79988  56.080  -17.084  50.444 0.0000000000
81159  56.778  -16.162  50.887 0.0000000000
79955  56.888  -16.760  52.127 0.0000000000
76747  59.480  -18.992  54.438 0.0000000000
73618  50.912  -23.204  51.858 0.0000000000
73625  51.277  -22.509  50.954 0.0000000000
73616  52.279  -22.530  52.363 0.0000000000
74685  53.239  -21.663  52.723 0.0000000000
73598  53.103  -22.504  53.918 0.0000000000
69844  51.324  -26.004  56.905 0.0000000000
70993  51.284  -25.211  56.112 0.0000000000
70976  52.268  -24.940  57.105 0.0000000000
67446  38.378  -28.148  55.923 0.0000000000
68660  40.016  -26.933  60.532 0.0000000000
67376  40.096  -27.702  58.474 0.0000000000
68659  41.008  -26.978  60.484 0.0000000000
68658  41.970  -26.820  60.376 0.0000000000
68629  41.302  -26.441  62.114 0.0000000000
58200  34.926  -35.342  60.350 0.0000000000
59345  35.652  -34.917  60.510 0.0000000000
60427  38.862  -33.572  64.239 0.0000000000
60447  37.925  -33.952  62.250 0.0000000000
61541  38.755  -32.444  62.380 0.0000000000
62712  38.651  -31.539  61.878 0.0000000000
62696  39.104  -31.496  64.006 0.0000000000
60373  39.001  -33.398  69.447 0.0000000000
64936  38.915  -29.536  66.476 0.0000000000
64949  38.859  -29.591  65.528 0.0000000000
67312  38.445  -27.926  65.090 0.0000000000
68583  38.215  -27.222  64.150 0.0000000000
68558  38.567  -26.988  65.295 0.0000000000
80073  58.685  -16.917  42.766 0.0000000000
81281  61.129  -15.768  42.188 0.0000000000
82531  61.828  -14.573  42.497 0.0000000000
82523  60.910  -15.271  43.181 0.0000000000
83611  61.115  -13.845  47.034 0.0000000000
83621  61.930  -13.911  46.312 0.0000000000
83610  62.157  -14.016  47.449 0.0000000000
82461  63.405  -15.047  47.199 0.0000000000
83708  66.286  -13.786  39.356 0.0000000000
82529  65.047  -14.771  42.716 0.0000000000
81267  65.111  -16.025  43.576 0.0000000000
81254  64.581  -15.395  44.678 0.0000000000
51339  27.118  -42.084  70.180 0.0000000000
51338  28.100  -41.928  70.208 0.0000000000
51283  27.729  -42.479  71.764 0.0000000000
49977  11.860  -42.973  74.281 0.0000000000
49962  12.072  -42.566  75.642 0.0000000000
49950  11.202  -42.634  76.598 0.0000000000
49936  11.019  -42.414  77.367 0.0000000000
51192  10.790  -41.901  78.814 0.0000000000
77848  50.962  -19.334  46.762 0.0000000000
76830  51.331  -20.018  47.220 0.0000000000
68673  47.176  -26.819  59.221 0.0000000000
68672  48.076  -26.706  59.044 0.0000000000
69811  47.272  -25.986  60.510 0.0000000000
70912  47.749  -24.537  62.323 0.0000000000
46308  4.776  -46.616  76.448 0.0000000000
45065  3.713  -47.121  76.545 0.0000000000
45057  2.870  -47.042  77.698 0.0000000000
66287  43.416  -29.451  51.897 0.0000000000
66244  41.189  -29.436  54.754 0.0000000000
57036  31.791  -37.001  61.188 0.0000000000
54763  31.088  -38.358  62.180 0.0000000000
54730  32.088  -38.709  63.974 0.0000000000
54709  32.848  -38.697  65.435 0.0000000000
51419  23.169  -41.884  67.391 0.0000000000
51371  21.905  -41.907  69.263 0.0000000000
51398  21.551  -41.718  68.290 0.0000000000
51422  20.667  -41.373  67.554 0.0000000000
52490  19.241  -41.277  67.668 0.0000000000
50043  12.889  -43.585  69.265 0.0000000000
48821  12.856  -43.387  68.038 0.0000000000
52601  23.792  -41.102  63.154 0.0000000000
52572  24.481  -41.350  64.007 0.0000000000
52544  24.975  -41.538  64.873 0.0000000000
52545  24.135  -41.585  64.827 0.0000000000
51437  23.770  -41.860  66.447 0.0000000000
51235  20.293  -42.323  73.834 0.0000000000
82450  59.824  -14.011  48.209 0.0000000000
81184  61.580  -15.630  49.759 0.0000000000
82438  59.442  -14.520  49.339 0.0000000000
81174  59.711  -15.676  50.905 0.0000000000
79965  59.291  -16.577  51.677 0.0000000000
77791  55.810  -18.454  52.303 0.0000000000
78832  56.833  -17.886  53.319 0.0000000000
77783  57.169  -18.263  53.946 0.0000000000
76730  58.337  -19.202  55.335 0.0000000000
73668  48.677  -23.107  48.319 0.0000000000
72424  49.203  -24.173  50.043 0.0000000000
72405  50.200  -23.943  51.410 0.0000000000
72382  50.840  -24.084  53.455 0.0000000000
72271  53.037  -24.431  58.985 0.0000000000
68758  37.112  -27.301  56.573 0.0000000000
67429  37.803  -27.467  56.910 0.0000000000
68704  37.584  -26.870  58.902 0.0000000000
68682  38.327  -26.765  59.696 0.0000000000
68647  38.758  -26.442  61.588 0.0000000000
58137  36.324  -35.725  64.372 0.0000000000
59311  36.465  -34.982  62.464 0.0000000000
59286  36.984  -35.418  64.653 0.0000000000
59270  38.323  -34.533  65.044 0.0000000000
60417  39.109  -33.617  65.528 0.0000000000
80077  55.137  -16.827  43.195 0.0000000000
80091  56.210  -16.537  42.044 0.0000000000
80055  56.599  -16.884  43.834 0.0000000000
81270  58.233  -16.576  43.661 0.0000000000
81256  59.702  -15.354  44.464 0.0000000000
82512  60.015  -14.872  44.668 0.0000000000
81239  59.045  -15.201  45.106 0.0000000000
82465  59.595  -14.168  47.051 0.0000000000
86169  64.302  -11.403  39.594 0.0000000000
84904  65.312  -12.490  39.877 0.0000000000
84896  65.699  -13.440  40.337 0.0000000000
82550  66.235  -14.821  40.613 0.0000000000
84890  65.068  -13.284  41.204 0.0000000000
83688  64.120  -13.338  41.801 0.0000000000
83674  63.370  -13.738  42.483 0.0000000000
52540  29.455  -40.998  65.106 0.0000000000
52539  30.709  -40.734  65.186 0.0000000000
52502  30.149  -41.289  67.117 0.0000000000
51389  30.567  -41.519  68.809 0.0000000000
51335  31.027  -41.858  70.429 0.0000000000
51264  15.847  -42.154  73.405 0.0000000000
51212  16.857  -42.173  75.559 0.0000000000
51226  15.541  -41.870  75.305 0.0000000000
51214  15.427  -41.905  76.230 0.0000000000
51216  13.699  -41.870  76.707 0.0000000000
51188  14.257  -41.955  78.374 0.0000000000
81226  55.732  -15.884  46.555 0.0000000000
81199  55.951  -15.877  48.596 0.0000000000
81200  55.279  -16.026  48.161 0.0000000000
79999  54.908  -17.015  49.095 0.0000000000
77821  55.361  -18.246  49.705 0.0000000000
78895  52.820  -17.986  47.508 0.0000000000
77823  54.342  -18.465  49.034 0.0000000000
76795  55.418  -18.865  49.881 0.0000000000
76768  55.417  -19.177  51.682 0.0000000000
76760  55.339  -19.258  52.892 0.0000000000
76751  54.877  -20.453  53.906 0.0000000000
68778  47.981  -26.707  53.602 0.0000000000
69912  48.810  -26.033  53.592 0.0000000000
68756  48.861  -27.046  55.250 0.0000000000
68739  50.364  -26.844  56.684 0.0000000000
69821  51.310  -26.113  58.850 0.0000000000
69823  49.503  -26.453  59.495 0.0000000000
69808  50.067  -25.981  59.977 0.0000000000
70946  51.834  -24.664  60.414 0.0000000000
65004  36.940  -29.844  59.555 0.0000000000
58044  37.595  -35.611  70.590 0.0000000000
80093  54.553  -16.458  42.679 0.0000000000
80057  54.901  -16.940  43.940 0.0000000000
81242  55.375  -16.432  45.461 0.0000000000
86178  61.216  -11.521  38.520 0.0000000000
83715  61.031  -12.858  38.691 0.0000000000
47592  7.610  -45.692  74.961 0.0000000000
47578  8.523  -44.532  76.106 0.0000000000
47579  7.859  -44.829  76.404 0.0000000000
47557  6.654  -44.381  78.257 0.0000000000
48716  6.251  -43.596  79.508 0.0000000000
47559  4.806  -45.617  78.147 0.0000000000
68833  46.574  -26.453  50.018 0.0000000000
68834  45.963  -26.733  49.674 0.0000000000
68810  46.625  -27.202  51.152 0.0000000000
67493  46.926  -27.517  52.834 0.0000000000
67461  46.413  -28.460  54.197 0.0000000000
66214  46.424  -28.614  55.547 0.0000000000
66265  44.024  -29.339  53.201 0.0000000000
66215  45.640  -28.881  55.401 0.0000000000
67389  46.423  -27.971  57.261 0.0000000000
68697  45.724  -27.200  58.671 0.0000000000
69828  45.050  -26.286  59.928 0.0000000000
69796  44.877  -25.724  61.279 0.0000000000
58185  34.294  -35.891  61.869 0.0000000000
57015  32.714  -36.878  62.259 0.0000000000
57013  33.962  -36.315  62.639 0.0000000000
58154  35.052  -36.002  63.496 0.0000000000
56955  35.260  -36.544  65.076 0.0000000000
56925  35.831  -36.537  66.837 0.0000000000
56897  35.810  -36.807  69.054 0.0000000000
52538  31.688  -40.500  65.707 0.0000000000
53545  32.792  -39.928  66.734 0.0000000000
54669  33.292  -39.448  67.092 0.0000000000
52473  33.691  -40.735  69.872 0.0000000000
54626  34.008  -39.565  68.995 0.0000000000
54668  33.876  -38.860  67.491 0.0000000000
55778  34.813  -38.194  69.261 0.0000000000
55777  35.389  -37.525  69.257 0.0000000000
56868  36.694  -36.748  70.934 0.0000000000
50019  25.111  -42.511  72.770 0.0000000000
51255  24.195  -42.254  72.572 0.0000000000
51288  23.045  -42.023  71.980 0.0000000000
51289  22.098  -42.071  72.046 0.0000000000
51344  22.271  -41.990  70.203 0.0000000000
51318  21.688  -42.041  71.142 0.0000000000
51259  20.655  -42.152  72.971 0.0000000000
51292  19.222  -42.369  72.127 0.0000000000
51293  18.205  -42.480  72.165 0.0000000000
51294  17.150  -42.439  72.215 0.0000000000
52526  19.211  -40.888  66.115 0.0000000000
52508  18.641  -41.000  67.095 0.0000000000
51423  17.899  -41.358  67.481 0.0000000000
51425  16.273  -41.955  66.897 0.0000000000
51402  17.402  -41.705  68.166 0.0000000000
51375  17.795  -41.959  69.157 0.0000000000
51349  17.133  -42.202  70.144 0.0000000000
51323  16.500  -42.318  71.189 0.0000000000
51295  16.069  -42.267  72.315 0.0000000000
51296  15.093  -42.128  72.619 0.0000000000
51297  14.316  -42.338  73.034 0.0000000000
50000  12.983  -42.716  73.524 0.0000000000
50033  12.655  -43.552  70.546 0.0000000000
50023  11.896  -43.658  71.437 0.0000000000
50001  11.726  -43.510  72.836 0.0000000000
50002  11.041  -43.793  73.112 0.0000000000
48783  9.742  -44.458  73.617 0.0000000000
47620  9.088  -44.836  73.218 0.0000000000
47604  7.707  -45.613  73.535 0.0000000000
46338  6.929  -45.867  73.853 0.0000000000
55936  29.830  -38.202  60.658 0.0000000000
53616  29.459  -39.508  61.913 0.0000000000
53598  29.040  -40.106  62.583 0.0000000000
53639  27.465  -39.868  60.887 0.0000000000
53599  28.269  -40.271  62.463 0.0000000000
52568  28.966  -40.858  64.113 0.0000000000
52541  28.298  -41.172  65.092 0.0000000000
52522  27.572  -41.508  66.130 0.0000000000
51415  27.246  -41.742  67.335 0.0000000000
51435  25.822  -41.811  66.366 0.0000000000
51416  26.157  -41.899  67.406 0.0000000000
51366  26.816  -41.988  69.280 0.0000000000
51340  26.138  -42.209  70.180 0.0000000000
51285  25.787  -42.292  71.960 0.0000000000
49938  9.184  -43.180  77.315 0.0000000000
51194  9.270  -42.192  79.015 0.0000000000
79995  61.448  -16.644  49.763 0.0000000000
81187  56.779  -15.785  49.711 0.0000000000
81157  58.173  -15.733  51.383 0.0000000000
79952  59.072  -17.232  52.362 0.0000000000
78830  58.266  -17.766  53.360 0.0000000000
78828  59.196  -18.136  53.116 0.0000000000
77789  60.116  -18.679  52.477 0.0000000000
75754  50.325  -20.976  47.220 0.0000000000
74739  51.690  -21.604  48.704 0.0000000000
73653  50.310  -22.539  48.945 0.0000000000
74726  51.010  -22.116  49.289 0.0000000000
74724  52.434  -21.669  49.995 0.0000000000
75697  53.341  -21.096  51.438 0.0000000000
75681  54.296  -20.979  53.519 0.0000000000
75671  55.346  -20.611  55.245 0.0000000000
71039  49.864  -25.252  54.019 0.0000000000
71037  50.985  -24.586  54.972 0.0000000000
72343  51.935  -23.784  55.251 0.0000000000
72270  53.381  -24.041  58.174 0.0000000000
72313  52.727  -23.691  56.504 0.0000000000
73584  52.967  -22.605  54.906 0.0000000000
74652  53.980  -21.622  55.887 0.0000000000
75645  54.978  -21.115  56.690 0.0000000000
66245  40.203  -29.420  54.718 0.0000000000
66200  41.281  -28.594  56.164 0.0000000000
67396  39.445  -27.770  57.665 0.0000000000
67395  40.483  -27.901  57.696 0.0000000000
67393  42.483  -27.852  57.587 0.0000000000
68700  42.743  -27.220  58.928 0.0000000000
69815  43.444  -26.286  60.852 0.0000000000
69776  43.678  -25.621  62.220 0.0000000000
59310  37.253  -34.385  61.863 0.0000000000
62723  38.172  -31.409  60.174 0.0000000000
63831  38.129  -30.573  60.761 0.0000000000
66138  37.262  -29.092  61.270 0.0000000000
59230  38.018  -34.771  68.916 0.0000000000
60392  39.159  -33.693  67.566 0.0000000000
60405  39.537  -33.158  66.911 0.0000000000
62668  39.501  -31.752  67.334 0.0000000000
62688  39.356  -31.452  65.102 0.0000000000
63787  38.926  -30.591  64.395 0.0000000000
66125  38.157  -29.179  63.121 0.0000000000
67338  37.227  -28.200  62.388 0.0000000000
68634  37.333  -27.438  62.463 0.0000000000
69782  38.235  -26.470  62.762 0.0000000000
69755  39.257  -25.932  63.651 0.0000000000
69713  39.338  -26.127  66.231 0.0000000000
69736  39.643  -25.811  64.646 0.0000000000
69779  40.858  -25.977  62.897 0.0000000000
69752  42.065  -25.529  63.386 0.0000000000
83710  61.424  -13.506  39.208 0.0000000000
83704  61.827  -14.157  40.210 0.0000000000
83690  62.097  -14.071  41.136 0.0000000000
83660  62.670  -14.110  43.205 0.0000000000
83659  63.477  -13.914  43.573 0.0000000000
82491  61.045  -14.464  44.637 0.0000000000
83633  62.686  -13.962  45.510 0.0000000000
82508  64.104  -14.568  44.984 0.0000000000
82473  64.098  -15.284  45.856 0.0000000000
50018  26.077  -42.678  72.732 0.0000000000
49993  26.404  -43.283  73.230 0.0000000000
48765  9.065  -44.531  75.131 0.0000000000
48753  9.577  -43.960  75.492 0.0000000000
70935  45.196  -25.226  61.959 0.0000000000
70934  46.204  -24.995  61.842 0.0000000000
52595  30.032  -40.142  63.316 0.0000000000
53596  30.669  -39.626  63.209 0.0000000000
52546  22.184  -41.479  65.059 0.0000000000
51238  17.408  -42.223  74.043 0.0000000000
82468  57.310  -15.037  47.878 0.0000000000
81210  56.679  -15.437  48.049 0.0000000000
76732  56.620  -19.573  55.354 0.0000000000
76719  56.377  -20.152  56.492 0.0000000000
68821  47.669  -26.125  51.218 0.0000000000
69955  48.277  -25.777  51.687 0.0000000000
69930  48.420  -25.962  52.591 0.0000000000
66147  36.110  -28.312  59.829 0.0000000000
67365  35.914  -27.855  59.822 0.0000000000
67364  36.351  -27.521  60.251 0.0000000000
58064  36.869  -35.845  68.335 0.0000000000
58073  37.384  -35.404  67.752 0.0000000000
83702  62.978  -12.850  40.594 0.0000000000
51392  27.521  -41.794  68.367 0.0000000000
51391  28.637  -41.611  68.327 0.0000000000
51267  13.414  -42.391  74.508 0.0000000000
80032  52.271  -17.499  46.322 0.0000000000
75740  53.260  -20.172  48.475 0.0000000000
75729  53.118  -21.231  49.527 0.0000000000
67387  48.346  -27.805  57.038 0.0000000000
68716  47.966  -27.605  57.797 0.0000000000
46306  5.934  -46.158  75.786 0.0000000000
67537  44.064  -28.350  49.775 0.0000000000
66314  44.827  -28.659  51.556 0.0000000000
66315  43.865  -29.071  51.292 0.0000000000
66198  43.262  -28.642  56.122 0.0000000000
67424  42.865  -28.186  56.841 0.0000000000
55827  34.035  -37.907  66.356 0.0000000000
55812  34.016  -38.243  66.953 0.0000000000
51361  31.722  -41.686  69.768 0.0000000000
51360  32.614  -41.554  69.938 0.0000000000
51400  19.490  -41.565  68.371 0.0000000000
50051  15.024  -42.455  68.740 0.0000000000
51378  15.061  -42.388  69.278 0.0000000000
50041  14.476  -42.588  70.356 0.0000000000
52622  25.407  -40.676  61.680 0.0000000000
51396  23.519  -42.024  68.339 0.0000000000
51395  24.501  -42.155  68.335 0.0000000000
49906  6.653  -42.707  80.429 0.0000000000
49905  7.346  -42.485  80.124 0.0000000000
82435  62.258  -15.022  49.091 0.0000000000
81196  62.876  -15.753  48.712 0.0000000000
81183  62.282  -15.727  49.240 0.0000000000
78845  60.125  -17.897  51.338 0.0000000000
77813  60.406  -18.459  51.025 0.0000000000
76767  60.566  -19.108  52.243 0.0000000000
79969  56.164  -17.300  51.051 0.0000000000
79968  56.584  -16.748  51.314 0.0000000000
78847  56.563  -17.204  52.138 0.0000000000
73609  51.814  -23.155  52.770 0.0000000000
73617  51.599  -22.855  52.066 0.0000000000
73608  52.457  -22.799  53.090 0.0000000000
73599  52.550  -22.991  54.180 0.0000000000
69834  52.041  -25.663  57.612 0.0000000000
70967  52.689  -25.019  58.270 0.0000000000
67447  37.544  -27.822  55.642 0.0000000000
68646  39.705  -26.614  61.395 0.0000000000
68645  40.677  -26.707  61.330 0.0000000000
68644  41.653  -26.690  61.245 0.0000000000
58184  35.078  -35.450  61.262 0.0000000000
59328  35.814  -35.086  61.698 0.0000000000
60436  38.539  -33.594  62.948 0.0000000000
61533  38.956  -32.514  63.526 0.0000000000
64921  38.932  -29.563  67.464 0.0000000000
66100  38.738  -28.708  65.796 0.0000000000
66085  38.818  -28.658  66.805 0.0000000000
67295  38.669  -27.792  66.091 0.0000000000
81269  59.461  -16.280  43.506 0.0000000000
81283  59.635  -16.911  42.502 0.0000000000
81282  60.726  -16.153  42.514 0.0000000000
83598  61.451  -13.985  47.839 0.0000000000
82447  62.700  -14.754  48.356 0.0000000000
82563  66.425  -14.611  38.668 0.0000000000
81318  66.488  -15.482  39.014 0.0000000000
82530  64.522  -14.462  43.188 0.0000000000
82519  65.049  -15.364  43.305 0.0000000000
82520  64.665  -14.795  43.584 0.0000000000
82506  64.802  -15.361  44.023 0.0000000000
82507  64.331  -14.697  44.425 0.0000000000
51313  26.440  -42.257  71.054 0.0000000000
51312  27.411  -42.195  71.025 0.0000000000
49978  11.036  -43.612  73.804 0.0000000000
49963  10.847  -43.351  75.180 0.0000000000
49951  9.982  -43.321  76.281 0.0000000000
51206  11.030  -42.010  77.943 0.0000000000
51207  10.387  -42.199  78.269 0.0000000000
77857  50.476  -19.210  46.408 0.0000000000
76831  50.622  -20.099  46.904 0.0000000000
69826  46.771  -26.454  59.943 0.0000000000
45077  4.252  -46.925  75.428 0.0000000000
43945  3.291  -47.343  76.730 0.0000000000
55935  30.424  -37.907  61.002 0.0000000000
55915  30.941  -37.987  61.639 0.0000000000
54710  32.349  -39.045  64.740 0.0000000000
51397  22.541  -41.883  68.328 0.0000000000
51420  22.201  -41.721  67.373 0.0000000000
52524  20.861  -41.097  66.356 0.0000000000
51421  21.216  -41.429  67.294 0.0000000000
52506  20.497  -41.198  67.075 0.0000000000
52489  19.966  -41.325  67.659 0.0000000000
52507  19.635  -41.001  66.999 0.0000000000
52602  22.724  -41.130  63.355 0.0000000000
52624  23.019  -40.921  62.270 0.0000000000
51453  23.343  -41.650  65.373 0.0000000000
51260  19.730  -42.230  73.022 0.0000000000
82437  60.456  -14.383  49.272 0.0000000000
82427  59.102  -14.873  50.251 0.0000000000
81175  58.658  -15.384  50.835 0.0000000000
77755  57.583  -18.912  55.055 0.0000000000
72447  47.942  -24.094  48.474 0.0000000000
72446  48.563  -23.837  48.802 0.0000000000
71143  48.821  -24.486  49.915 0.0000000000
71103  49.303  -25.016  51.742 0.0000000000
71102  49.765  -24.533  51.541 0.0000000000
72395  50.177  -24.248  51.974 0.0000000000
72394  50.767  -23.743  52.398 0.0000000000
71078  50.493  -24.300  52.978 0.0000000000
68743  36.498  -27.072  56.935 0.0000000000
68742  37.291  -27.106  57.329 0.0000000000
68663  37.176  -26.763  60.699 0.0000000000
68662  38.070  -26.600  60.639 0.0000000000
68661  39.043  -26.679  60.559 0.0000000000
59272  37.032  -35.533  65.174 0.0000000000
59246  37.924  -34.894  67.064 0.0000000000
59259  37.764  -34.987  66.112 0.0000000000
59258  38.559  -34.446  66.282 0.0000000000
80056  55.699  -16.896  43.899 0.0000000000
80076  55.964  -16.871  43.045 0.0000000000
81257  58.618  -15.829  44.491 0.0000000000
81238  59.441  -15.058  44.886 0.0000000000
82478  58.897  -14.616  46.611 0.0000000000
86163  64.169  -11.943  40.246 0.0000000000
84903  65.830  -13.231  39.978 0.0000000000
84897  65.337  -13.214  40.703 0.0000000000
83701  65.547  -13.734  40.956 0.0000000000
84891  64.729  -13.036  41.250 0.0000000000
83673  64.384  -13.970  42.713 0.0000000000
52520  29.847  -41.202  66.149 0.0000000000
52503  29.016  -41.393  67.147 0.0000000000
51390  29.625  -41.501  68.643 0.0000000000
51362  30.778  -41.685  69.638 0.0000000000
51240  15.672  -41.992  74.374 0.0000000000
51241  14.800  -41.925  74.628 0.0000000000
51201  15.386  -42.058  77.280 0.0000000000
51187  14.878  -41.974  77.904 0.0000000000
51230  12.370  -42.245  76.409 0.0000000000
51229  12.980  -42.148  76.025 0.0000000000
51217  12.861  -41.929  76.899 0.0000000000
81227  54.680  -16.208  46.355 0.0000000000
81212  54.852  -16.003  47.395 0.0000000000
81213  54.134  -16.334  46.980 0.0000000000
80010  53.673  -17.079  48.197 0.0000000000
80009  54.530  -16.687  48.369 0.0000000000
78883  54.524  -17.302  49.012 0.0000000000
78873  55.112  -17.592  49.329 0.0000000000
78874  54.542  -17.854  49.102 0.0000000000
78909  52.302  -17.911  46.878 0.0000000000
77846  52.434  -18.737  47.525 0.0000000000
76806  54.216  -19.334  48.938 0.0000000000
77832  53.736  -18.647  48.534 0.0000000000
76805  54.928  -19.033  49.362 0.0000000000
76804  55.179  -18.627  49.550 0.0000000000
76796  55.220  -19.603  49.987 0.0000000000
76776  55.525  -19.094  50.668 0.0000000000
76777  55.049  -19.810  50.945 0.0000000000
76769  54.774  -19.857  52.051 0.0000000000
76761  54.762  -20.108  53.209 0.0000000000
67475  47.762  -27.087  54.036 0.0000000000
68769  48.134  -26.930  54.287 0.0000000000
68757  48.308  -27.193  54.784 0.0000000000
68714  49.794  -27.255  57.260 0.0000000000
68691  50.943  -26.519  57.872 0.0000000000
69836  50.924  -26.434  58.393 0.0000000000
69810  48.203  -25.994  60.370 0.0000000000
69824  48.601  -26.431  59.681 0.0000000000
69809  49.115  -26.030  60.228 0.0000000000
70948  49.557  -25.527  60.826 0.0000000000
70947  50.790  -25.380  60.490 0.0000000000
70929  51.562  -24.303  61.055 0.0000000000
65011  36.524  -29.906  58.603 0.0000000000
66154  36.320  -29.253  59.110 0.0000000000
80094  54.056  -16.497  42.840 0.0000000000
80078  54.394  -16.849  43.245 0.0000000000
80058  54.124  -17.071  43.971 0.0000000000
81243  54.319  -16.576  45.524 0.0000000000
84914  61.520  -12.421  38.752 0.0000000000
47566  6.921  -44.776  77.474 0.0000000000
48723  6.670  -43.865  78.839 0.0000000000
47547  5.595  -44.294  79.246 0.0000000000
46294  4.051  -46.500  77.422 0.0000000000
46293  4.723  -46.288  77.234 0.0000000000
47560  4.318  -45.731  78.440 0.0000000000
70007  46.919  -25.547  49.277 0.0000000000
69996  46.434  -26.029  49.517 0.0000000000
67535  45.557  -27.751  50.448 0.0000000000
68835  45.106  -26.994  49.204 0.0000000000
68824  45.576  -27.357  49.896 0.0000000000
68823  46.206  -27.182  50.415 0.0000000000
67520  46.691  -27.414  51.936 0.0000000000
67494  46.153  -27.976  52.488 0.0000000000
66284  45.634  -28.566  53.056 0.0000000000
67477  46.488  -28.139  53.536 0.0000000000
66238  46.736  -28.488  55.104 0.0000000000
66239  46.225  -28.706  54.756 0.0000000000
66266  43.472  -29.500  52.581 0.0000000000
65096  43.642  -29.497  53.779 0.0000000000
66197  44.250  -28.707  56.106 0.0000000000
66216  44.681  -29.066  55.325 0.0000000000
66196  45.200  -28.745  56.098 0.0000000000
67421  45.781  -28.371  56.694 0.0000000000
67390  45.496  -27.936  57.424 0.0000000000
68718  46.108  -27.613  58.016 0.0000000000
69814  44.388  -26.152  60.519 0.0000000000
58221  33.646  -35.830  60.107 0.0000000000
58201  34.348  -35.680  60.736 0.0000000000
58202  33.729  -36.032  61.128 0.0000000000
55913  32.249  -37.429  62.366 0.0000000000
57016  32.167  -37.112  61.855 0.0000000000
56979  33.751  -36.961  63.851 0.0000000000
56996  33.593  -36.743  63.132 0.0000000000
56995  34.208  -36.485  63.396 0.0000000000
58171  34.558  -36.041  62.887 0.0000000000
56994  34.619  -36.379  63.740 0.0000000000
58138  35.552  -36.040  64.289 0.0000000000
56977  34.890  -36.464  64.282 0.0000000000
56926  35.178  -36.998  66.834 0.0000000000
56910  35.790  -36.692  67.879 0.0000000000
52519  30.934  -40.983  66.338 0.0000000000
52499  32.806  -40.783  67.903 0.0000000000
52517  32.633  -40.562  67.264 0.0000000000
53532  33.286  -39.983  67.637 0.0000000000
53500  34.438  -39.664  70.331 0.0000000000
53510  34.007  -39.906  69.580 0.0000000000
54647  33.997  -39.261  68.486 0.0000000000
54646  34.404  -38.527  68.465 0.0000000000
55760  34.764  -38.546  69.805 0.0000000000
55759  35.257  -38.113  70.280 0.0000000000
56883  35.837  -37.109  70.021 0.0000000000
50020  24.571  -42.374  72.700 0.0000000000
51257  22.533  -42.212  72.863 0.0000000000
51319  20.724  -42.162  71.154 0.0000000000
51290  21.149  -42.140  72.082 0.0000000000
51291  20.200  -42.242  72.096 0.0000000000
52528  17.504  -41.310  66.136 0.0000000000
52527  18.257  -40.904  66.089 0.0000000000
51442  16.058  -41.902  65.999 0.0000000000
51426  15.556  -42.268  66.590 0.0000000000
51403  16.417  -41.889  67.968 0.0000000000
50032  13.891  -42.727  71.194 0.0000000000
49999  13.750  -42.504  73.271 0.0000000000
50022  12.801  -43.123  72.016 0.0000000000
48802  11.251  -44.052  70.680 0.0000000000
48781  10.935  -43.934  72.605 0.0000000000
48804  9.596  -44.759  71.421 0.0000000000
48793  9.732  -44.663  72.610 0.0000000000
47621  8.350  -45.304  72.864 0.0000000000
47622  7.491  -45.483  72.427 0.0000000000
46362  6.903  -45.708  72.881 0.0000000000
54782  28.820  -39.172  60.767 0.0000000000
54781  29.398  -38.838  61.021 0.0000000000
53637  28.950  -39.432  61.305 0.0000000000
53617  28.631  -39.831  61.864 0.0000000000
53640  26.653  -40.033  60.694 0.0000000000
53619  26.980  -40.189  61.490 0.0000000000
52597  28.508  -40.598  63.209 0.0000000000
52523  26.674  -41.613  65.854 0.0000000000
51452  24.376  -41.748  65.614 0.0000000000
51451  25.204  -41.743  65.687 0.0000000000
51394  25.498  -42.098  68.339 0.0000000000
51393  26.506  -41.936  68.340 0.0000000000
51315  24.533  -42.031  71.098 0.0000000000
51314  25.470  -42.205  71.096 0.0000000000
49995  24.172  -42.622  73.340 0.0000000000
49960  17.300  -42.310  75.549 0.0000000000
49947  17.104  -42.472  76.234 0.0000000000
48744  8.102  -44.215  77.090 0.0000000000
48730  8.462  -43.767  77.365 0.0000000000
49939  8.433  -43.369  77.890 0.0000000000
51181  8.902  -41.913  79.795 0.0000000000
51180  9.776  -41.855  79.675 0.0000000000
81172  61.181  -15.767  50.126 0.0000000000
79996  60.975  -16.675  50.114 0.0000000000
76803  60.714  -19.225  50.200 0.0000000000
81198  56.837  -15.538  48.872 0.0000000000
81141  57.446  -16.272  51.870 0.0000000000
81158  57.274  -15.965  51.368 0.0000000000
81140  57.865  -16.063  51.987 0.0000000000
79966  58.569  -16.053  51.867 0.0000000000
79953  58.416  -16.669  52.350 0.0000000000
77782  57.994  -18.181  53.938 0.0000000000
78831  57.519  -17.737  53.381 0.0000000000
77780  59.427  -18.526  53.359 0.0000000000
76759  59.947  -18.969  53.810 0.0000000000
77779  59.890  -18.678  52.886 0.0000000000
76758  60.315  -19.137  53.142 0.0000000000
74750  49.579  -21.718  47.500 0.0000000000
75755  49.160  -21.066  46.926 0.0000000000
75743  50.678  -21.365  47.722 0.0000000000
73654  49.535  -23.222  49.235 0.0000000000
73644  50.500  -22.815  50.162 0.0000000000
73643  51.158  -22.368  50.395 0.0000000000
74715  51.714  -22.011  50.451 0.0000000000
74725  51.741  -21.857  49.599 0.0000000000
74714  52.440  -21.728  50.816 0.0000000000
75698  52.865  -21.483  51.079 0.0000000000
74695  52.659  -21.766  51.586 0.0000000000
74678  53.579  -21.857  53.504 0.0000000000
75682  53.676  -21.224  52.920 0.0000000000
74677  54.162  -21.548  54.215 0.0000000000
75672  54.792  -20.920  54.558 0.0000000000
75658  54.702  -21.148  55.731 0.0000000000
69878  49.548  -26.403  55.194 0.0000000000
69894  49.672  -25.695  54.384 0.0000000000
69877  50.102  -25.665  55.079 0.0000000000
72315  51.743  -24.657  56.095 0.0000000000
71016  50.934  -24.906  55.353 0.0000000000
72344  51.506  -24.493  55.494 0.0000000000
72366  51.223  -24.130  54.436 0.0000000000
73558  53.666  -22.884  57.434 0.0000000000
73571  52.870  -23.059  56.156 0.0000000000
74638  53.657  -22.161  56.480 0.0000000000
74653  53.486  -22.121  55.512 0.0000000000
66220  40.717  -28.947  55.417 0.0000000000
66201  40.263  -28.613  56.182 0.0000000000
67397  38.453  -27.418  57.744 0.0000000000
67428  38.660  -27.982  56.638 0.0000000000
67377  39.196  -27.341  58.502 0.0000000000
67361  40.548  -27.612  59.153 0.0000000000
67375  41.169  -27.741  58.598 0.0000000000
67394  41.503  -27.882  57.660 0.0000000000
67374  42.154  -27.606  58.348 0.0000000000
68701  41.948  -27.329  58.999 0.0000000000
69816  42.571  -26.495  61.076 0.0000000000
68657  42.892  -26.682  60.286 0.0000000000
69798  43.130  -26.061  61.664 0.0000000000
69797  43.986  -25.837  61.390 0.0000000000
60446  38.397  -33.221  61.771 0.0000000000
60459  37.620  -33.771  61.107 0.0000000000
60469  38.005  -32.545  60.271 0.0000000000
61561  38.327  -32.142  60.534 0.0000000000
63819  38.560  -30.754  62.160 0.0000000000
63830  38.480  -30.888  61.489 0.0000000000
63820  38.223  -30.238  61.699 0.0000000000
64987  37.601  -29.608  61.208 0.0000000000
64982  38.044  -29.554  62.291 0.0000000000
59222  38.065  -34.803  69.815 0.0000000000
60380  39.187  -33.364  68.512 0.0000000000
60391  39.512  -33.007  67.700 0.0000000000
63758  39.010  -30.365  67.087 0.0000000000
62660  39.290  -31.103  67.607 0.0000000000
62669  39.267  -31.091  66.792 0.0000000000
62678  39.553  -31.777  66.557 0.0000000000
62679  39.328  -31.152  65.971 0.0000000000
63777  38.991  -30.485  65.306 0.0000000000
66111  38.554  -28.818  64.832 0.0000000000
66118  38.285  -28.947  63.725 0.0000000000
66126  37.783  -28.824  62.840 0.0000000000
67332  37.533  -28.096  63.067 0.0000000000
68609  37.767  -27.561  63.411 0.0000000000
69756  38.507  -26.466  63.484 0.0000000000
69781  38.888  -26.188  62.667 0.0000000000
68515  38.987  -26.952  67.379 0.0000000000
68514  39.552  -26.423  67.529 0.0000000000
69723  39.871  -25.707  65.648 0.0000000000
69754  40.315  -25.793  63.785 0.0000000000
69753  41.441  -25.511  63.752 0.0000000000
69734  41.416  -25.197  64.332 0.0000000000
80090  57.109  -16.811  42.110 0.0000000000
80089  57.976  -17.000  42.006 0.0000000000
82551  61.473  -14.812  40.431 0.0000000000
83691  61.724  -14.482  40.764 0.0000000000
82541  61.844  -14.576  41.897 0.0000000000
82522  61.542  -14.725  43.072 0.0000000000
82521  62.111  -14.392  42.939 0.0000000000
83648  62.552  -14.124  44.327 0.0000000000
82492  60.366  -14.565  44.927 0.0000000000
83635  60.871  -14.258  45.291 0.0000000000
83620  62.945  -14.045  46.642 0.0000000000
83634  61.685  -14.126  45.213 0.0000000000
83647  63.643  -14.213  44.719 0.0000000000
83632  63.274  -14.313  45.828 0.0000000000
82490  63.831  -14.662  45.494 0.0000000000
82474  63.463  -14.730  46.360 0.0000000000
80030  64.010  -16.438  46.658 0.0000000000
86175  65.260  -11.343  38.715 0.0000000000
86174  65.940  -12.093  38.548 0.0000000000
82539  65.988  -15.035  41.455 0.0000000000
49952  9.324  -43.600  76.610 0.0000000000
53615  30.231  -39.266  62.289 0.0000000000
54747  30.813  -38.891  62.487 0.0000000000
53563  31.553  -40.153  64.957 0.0000000000
51439  21.921  -41.516  66.488 0.0000000000
51455  21.587  -41.334  65.846 0.0000000000
51471  22.996  -41.518  64.823 0.0000000000
51454  22.360  -41.528  65.494 0.0000000000
51261  18.750  -42.341  73.091 0.0000000000
49975  18.251  -42.332  74.748 0.0000000000
49959  17.998  -42.464  75.406 0.0000000000
82467  58.014  -14.777  47.813 0.0000000000
82451  58.707  -14.565  48.524 0.0000000000
82452  57.661  -14.953  48.760 0.0000000000
82440  57.810  -15.107  49.664 0.0000000000
77772  56.280  -19.214  54.277 0.0000000000
77771  56.857  -18.921  54.589 0.0000000000
76731  57.469  -19.290  55.631 0.0000000000
71127  48.313  -25.153  50.341 0.0000000000
69977  48.210  -25.486  50.867 0.0000000000
69976  48.772  -25.340  51.380 0.0000000000
71080  49.353  -25.177  52.293 0.0000000000
68706  35.934  -27.217  58.552 0.0000000000
68705  36.759  -26.903  59.032 0.0000000000
68684  36.377  -27.085  59.812 0.0000000000
68649  37.132  -26.946  61.591 0.0000000000
58088  36.729  -35.892  66.661 0.0000000000
58101  37.187  -35.548  66.074 0.0000000000
59238  37.982  -34.811  67.998 0.0000000000
82479  58.025  -14.906  46.834 0.0000000000
84906  63.174  -12.110  40.045 0.0000000000
84899  63.585  -12.481  40.523 0.0000000000
52504  28.134  -41.519  66.864 0.0000000000
51242  13.990  -42.012  74.947 0.0000000000
51228  13.860  -41.922  75.831 0.0000000000
51205  11.850  -41.806  77.871 0.0000000000
51204  12.667  -41.838  77.732 0.0000000000
80018  53.343  -16.923  47.280 0.0000000000
78894  53.365  -17.510  48.013 0.0000000000
77834  52.413  -19.293  47.765 0.0000000000
77833  52.955  -18.831  48.096 0.0000000000
76817  52.806  -19.774  48.168 0.0000000000
75716  54.627  -20.322  50.106 0.0000000000
67444  48.072  -27.668  55.349 0.0000000000
67443  48.744  -27.444  55.656 0.0000000000
67418  48.804  -27.599  56.259 0.0000000000
68693  49.373  -27.062  58.216 0.0000000000
81244  53.587  -16.741  45.504 0.0000000000
46324  6.251  -46.274  75.030 0.0000000000
47581  5.846  -45.916  76.305 0.0000000000
67536  44.921  -27.905  49.960 0.0000000000
67522  45.113  -28.172  50.773 0.0000000000
65076  42.598  -29.703  54.024 0.0000000000
65075  43.363  -29.559  54.027 0.0000000000
67391  44.501  -27.815  57.664 0.0000000000
67372  43.871  -27.541  58.211 0.0000000000
68699  43.657  -27.151  58.845 0.0000000000
55871  32.674  -37.902  63.948 0.0000000000
55870  33.377  -37.532  64.306 0.0000000000
56957  33.932  -37.210  64.506 0.0000000000
56956  34.465  -36.994  64.994 0.0000000000
55847  34.363  -37.439  65.770 0.0000000000
55826  34.616  -37.440  66.408 0.0000000000
52485  31.321  -41.420  68.139 0.0000000000
52484  32.228  -41.285  68.369 0.0000000000
52483  33.098  -40.922  68.644 0.0000000000
53492  34.626  -40.012  71.151 0.0000000000
54607  34.729  -38.954  70.272 0.0000000000
51287  23.943  -42.036  71.939 0.0000000000
50072  14.841  -42.609  67.113 0.0000000000
50031  14.483  -42.514  70.915 0.0000000000
54799  28.436  -39.097  60.086 0.0000000000
52621  26.566  -40.541  62.049 0.0000000000
49926  7.321  -43.354  79.016 0.0000000000
49925  7.982  -43.210  78.607 0.0000000000
49913  7.688  -42.809  79.434 0.0000000000
51182  8.075  -42.153  79.926 0.0000000000
78871  60.869  -17.383  49.911 0.0000000000
76794  60.635  -19.117  50.742 0.0000000000
76774  60.936  -19.580  51.161 0.0000000000
76766  61.049  -19.666  51.864 0.0000000000
79998  55.682  -16.699  49.336 0.0000000000
79987  56.499  -16.385  50.245 0.0000000000
76748  58.935  -18.999  54.962 0.0000000000
77768  59.063  -18.581  54.022 0.0000000000
74741  49.932  -22.045  48.070 0.0000000000
72422  50.412  -23.419  50.971 0.0000000000
73626  50.822  -22.972  51.296 0.0000000000
74687  52.251  -22.287  51.944 0.0000000000
74686  52.683  -22.076  52.420 0.0000000000
74679  52.985  -22.125  53.040 0.0000000000
73607  53.039  -22.322  53.390 0.0000000000
74668  53.601  -22.056  54.519 0.0000000000
69860  50.993  -25.779  56.263 0.0000000000
70994  50.856  -25.662  55.990 0.0000000000
70977  51.767  -25.319  56.722 0.0000000000
66222  38.546  -28.617  55.434 0.0000000000
66202  39.249  -28.548  56.159 0.0000000000
68681  39.350  -26.984  59.534 0.0000000000
67363  39.384  -27.206  59.023 0.0000000000
67362  39.795  -27.440  59.111 0.0000000000
68680  40.340  -27.285  59.769 0.0000000000
69799  42.285  -26.400  61.975 0.0000000000
59284  38.253  -34.287  63.743 0.0000000000
60437  38.068  -34.098  62.815 0.0000000000
61551  38.560  -32.300  61.373 0.0000000000
62704  38.807  -31.383  62.876 0.0000000000
63807  38.585  -30.402  62.740 0.0000000000
59221  38.591  -34.162  70.061 0.0000000000
60367  38.960  -33.357  70.323 0.0000000000
61480  39.300  -32.418  69.494 0.0000000000
67325  38.125  -28.124  64.279 0.0000000000
68584  37.908  -27.731  63.922 0.0000000000
81295  61.207  -15.739  41.676 0.0000000000
82532  61.315  -15.270  42.332 0.0000000000
82510  61.247  -14.656  43.840 0.0000000000
82464  60.269  -13.932  46.509 0.0000000000
83622  61.008  -13.952  45.988 0.0000000000
82475  63.203  -14.530  46.953 0.0000000000
82462  62.940  -14.403  47.541 0.0000000000
84911  66.022  -12.844  39.056 0.0000000000
83714  66.388  -13.696  38.333 0.0000000000
81280  65.461  -15.952  42.577 0.0000000000
80072  65.346  -16.688  43.111 0.0000000000
51311  28.383  -42.072  71.035 0.0000000000
49949  11.915  -42.403  76.425 0.0000000000
51219  11.439  -42.249  77.387 0.0000000000
51178  11.201  -41.859  79.542 0.0000000000
78897  51.423  -18.719  46.775 0.0000000000
77847  51.824  -19.199  47.255 0.0000000000
68717  47.026  -27.638  57.913 0.0000000000
68695  47.569  -27.203  58.502 0.0000000000
69825  47.690  -26.407  59.812 0.0000000000
69793  47.823  -25.597  61.133 0.0000000000
70932  48.593  -24.922  61.639 0.0000000000
45063  4.731  -46.777  75.925 0.0000000000
45064  4.304  -46.859  76.335 0.0000000000
45055  4.057  -46.726  76.966 0.0000000000
45056  3.479  -46.889  77.298 0.0000000000
45051  3.273  -46.625  77.990 0.0000000000
46284  3.282  -46.405  78.381 0.0000000000
66243  42.154  -29.408  54.729 0.0000000000
66219  41.712  -28.939  55.403 0.0000000000
55914  31.612  -37.719  62.015 0.0000000000
55893  31.995  -37.826  62.769 0.0000000000
54746  31.476  -38.555  62.984 0.0000000000
55872  32.157  -38.086  63.348 0.0000000000
54729  32.619  -38.494  64.557 0.0000000000
51370  22.887  -41.992  69.271 0.0000000000
51399  20.517  -41.531  68.180 0.0000000000
50061  14.231  -42.851  67.947 0.0000000000
50053  13.526  -43.219  68.630 0.0000000000
50054  12.896  -43.520  68.591 0.0000000000
52623  24.114  -40.811  62.020 0.0000000000
82449  60.982  -14.062  48.492 0.0000000000
82436  61.417  -14.602  49.237 0.0000000000
81185  60.931  -14.893  49.874 0.0000000000
81173  60.755  -15.611  50.276 0.0000000000
82426  60.093  -14.783  50.169 0.0000000000
79986  59.930  -16.464  51.166 0.0000000000
79964  60.008  -17.144  51.260 0.0000000000
77797  55.751  -18.423  51.242 0.0000000000
78841  56.402  -17.819  52.655 0.0000000000
77770  57.703  -18.641  54.472 0.0000000000
77754  58.050  -18.820  54.857 0.0000000000
73655  48.930  -23.560  48.920 0.0000000000
72434  49.457  -23.735  49.804 0.0000000000
71125  49.738  -24.297  51.000 0.0000000000
72404  50.644  -23.470  51.571 0.0000000000
72381  51.625  -23.527  53.347 0.0000000000
70958  52.495  -24.747  59.498 0.0000000000
67398  37.831  -27.232  57.511 0.0000000000
68720  38.366  -27.141  58.223 0.0000000000
68703  38.567  -26.973  58.756 0.0000000000
58153  35.935  -35.583  63.331 0.0000000000
59312  35.877  -35.250  62.314 0.0000000000
59299  36.819  -35.204  63.672 0.0000000000
59285  37.579  -34.884  64.229 0.0000000000
59271  37.439  -35.242  65.263 0.0000000000
80075  56.832  -16.933  42.915 0.0000000000
81271  57.378  -16.820  43.599 0.0000000000
81255  60.161  -15.336  44.150 0.0000000000
82493  59.633  -14.749  45.176 0.0000000000
82494  58.912  -14.853  45.836 0.0000000000
82477  59.580  -14.394  46.135 0.0000000000
83612  60.284  -13.860  47.321 0.0000000000
83599  60.725  -13.903  47.784 0.0000000000
86176  64.465  -10.718  38.924 0.0000000000
86168  65.062  -11.799  39.512 0.0000000000
84905  64.707  -11.941  40.038 0.0000000000
83700  65.978  -13.843  40.382 0.0000000000
83686  65.753  -14.233  41.170 0.0000000000
83687  65.073  -13.678  41.585 0.0000000000
83672  65.003  -14.196  42.246 0.0000000000
52486  30.391  -41.418  67.965 0.0000000000
51337  29.085  -41.826  70.267 0.0000000000
51336  30.062  -41.781  70.352 0.0000000000
51310  29.359  -41.974  71.077 0.0000000000
52576  20.316  -40.925  64.372 0.0000000000
51239  16.543  -42.143  74.180 0.0000000000
51225  16.358  -41.994  75.055 0.0000000000
51213  16.274  -42.021  75.956 0.0000000000
51200  16.005  -42.110  76.650 0.0000000000
49934  16.379  -42.542  77.155 0.0000000000
49961  12.768  -42.386  75.439 0.0000000000
51203  13.530  -41.821  77.590 0.0000000000
51202  14.400  -41.886  77.407 0.0000000000
81211  55.915  -15.728  47.619 0.0000000000
80008  55.376  -16.346  48.598 0.0000000000
78872  55.671  -17.639  49.964 0.0000000000
78864  55.891  -17.738  50.787 0.0000000000
77822  54.928  -18.311  49.321 0.0000000000
76750  55.655  -19.841  54.325 0.0000000000
68787  47.873  -26.560  52.783 0.0000000000
69913  48.263  -26.313  53.137 0.0000000000
68777  48.528  -26.579  54.101 0.0000000000
69895  49.042  -26.365  54.457 0.0000000000
68741  49.121  -27.248  55.815 0.0000000000
68740  49.678  -27.075  56.262 0.0000000000
69845  50.772  -26.488  56.714 0.0000000000
69835  51.482  -26.249  57.950 0.0000000000
68694  48.478  -27.154  58.369 0.0000000000
68671  48.967  -26.764  58.946 0.0000000000
68670  49.733  -26.734  58.804 0.0000000000
69822  50.426  -26.401  59.073 0.0000000000
70960  50.902  -25.892  59.584 0.0000000000
70959  51.812  -25.477  59.432 0.0000000000
66164  35.733  -29.114  58.549 0.0000000000
66146  36.521  -28.742  59.996 0.0000000000
58045  36.975  -35.950  70.017 0.0000000000
58036  37.799  -35.774  71.417 0.0000000000
81260  55.369  -16.765  44.560 0.0000000000
80042  54.655  -16.785  44.719 0.0000000000
84908  62.007  -12.726  39.151 0.0000000000
47591  8.487  -44.875  75.475 0.0000000000
47565  7.681  -44.478  77.220 0.0000000000
48732  7.057  -44.109  78.158 0.0000000000
46292  5.247  -46.177  76.921 0.0000000000
47568  5.063  -45.885  77.526 0.0000000000
48717  5.555  -43.766  79.869 0.0000000000
71145  47.392  -25.320  49.365 0.0000000000
69995  47.233  -25.754  49.906 0.0000000000
69978  47.591  -25.855  50.576 0.0000000000
68822  47.028  -26.504  50.665 0.0000000000
68809  47.209  -26.793  51.534 0.0000000000
68788  47.329  -26.958  52.348 0.0000000000
67476  47.368  -27.458  53.714 0.0000000000
67460  47.022  -28.083  54.586 0.0000000000
67445  47.173  -28.303  55.542 0.0000000000
66286  44.070  -29.164  52.193 0.0000000000
66264  44.931  -29.000  53.615 0.0000000000
66241  44.046  -29.357  54.293 0.0000000000
66240  45.255  -29.067  54.555 0.0000000000
66195  45.963  -28.645  56.042 0.0000000000
67420  46.727  -28.354  56.387 0.0000000000
68696  46.650  -27.249  58.631 0.0000000000
68674  46.257  -26.835  59.316 0.0000000000
68719  45.304  -27.567  58.092 0.0000000000
68675  45.318  -26.745  59.332 0.0000000000
69827  45.855  -26.400  59.966 0.0000000000
69813  45.387  -25.967  60.564 0.0000000000
58220  34.382  -35.495  59.711 0.0000000000
57035  32.520  -36.662  61.356 0.0000000000
57034  33.251  -36.352  61.679 0.0000000000
56997  33.056  -36.924  62.906 0.0000000000
57014  33.385  -36.562  62.453 0.0000000000
58186  33.756  -36.129  61.691 0.0000000000
58121  35.907  -36.061  65.134 0.0000000000
56937  35.686  -36.538  65.972 0.0000000000
58089  36.233  -36.199  66.382 0.0000000000
58075  36.247  -36.246  67.073 0.0000000000
56909  36.440  -36.213  68.130 0.0000000000
56896  36.373  -36.310  68.717 0.0000000000
52518  32.011  -40.754  66.649 0.0000000000
53546  32.336  -40.128  66.052 0.0000000000
53561  32.685  -39.497  66.009 0.0000000000
54688  33.214  -39.017  66.517 0.0000000000
52474  33.170  -41.161  69.456 0.0000000000
52482  33.599  -40.609  69.195 0.0000000000
53519  33.699  -40.079  68.560 0.0000000000
53531  33.743  -39.563  68.029 0.0000000000
54687  33.760  -38.499  66.663 0.0000000000
54667  34.398  -38.181  67.890 0.0000000000
55796  34.959  -37.648  68.287 0.0000000000
55795  35.483  -37.169  68.625 0.0000000000
56882  36.428  -36.457  69.667 0.0000000000
51256  23.483  -42.228  72.737 0.0000000000
51258  21.560  -42.172  73.035 0.0000000000
51345  21.292  -42.003  70.208 0.0000000000
51262  17.763  -42.420  73.153 0.0000000000
52549  19.794  -40.867  65.238 0.0000000000
51401  18.476  -41.554  68.165 0.0000000000
51441  16.789  -41.680  66.127 0.0000000000
51424  17.172  -41.592  67.084 0.0000000000
50034  11.892  -43.780  70.726 0.0000000000
48782  10.468  -44.129  73.164 0.0000000000
47602  9.237  -44.652  73.904 0.0000000000
46363  6.243  -45.792  73.145 0.0000000000
46323  6.783  -45.994  74.605 0.0000000000
46339  6.191  -46.103  73.991 0.0000000000
54780  30.003  -38.464  61.258 0.0000000000
55959  29.325  -38.322  60.006 0.0000000000
54765  29.916  -38.919  61.678 0.0000000000
52596  29.441  -40.409  63.311 0.0000000000
53657  27.882  -39.590  60.311 0.0000000000
52620  27.177  -40.384  62.047 0.0000000000
53618  27.738  -40.082  61.823 0.0000000000
51224  17.199  -42.171  74.935 0.0000000000
48743  8.675  -43.969  76.584 0.0000000000
49924  8.800  -42.756  78.346 0.0000000000
49923  9.676  -42.487  78.221 0.0000000000
51193  10.052  -41.999  78.895 0.0000000000
51179  10.472  -41.868  79.470 0.0000000000
81197  57.323  -15.378  49.388 0.0000000000
81186  57.427  -15.482  50.000 0.0000000000
81177  57.014  -15.780  50.511 0.0000000000
81176  57.804  -15.531  50.634 0.0000000000
81156  58.905  -15.786  51.410 0.0000000000
78846  59.608  -17.783  51.936 0.0000000000
78840  56.985  -17.165  52.833 0.0000000000
78839  57.880  -17.124  52.955 0.0000000000
77781  58.704  -18.281  53.732 0.0000000000
78829  58.931  -17.953  53.240 0.0000000000
78838  58.626  -17.418  52.859 0.0000000000
78837  59.208  -17.922  52.767 0.0000000000
77790  59.659  -18.353  52.575 0.0000000000
76832  49.783  -20.200  46.569 0.0000000000
75753  50.921  -20.511  47.247 0.0000000000
75742  51.327  -20.920  47.786 0.0000000000
74738  52.379  -21.519  49.205 0.0000000000
73667  49.653  -22.587  48.483 0.0000000000
73666  50.166  -22.276  48.427 0.0000000000
74740  50.707  -21.857  48.293 0.0000000000
75718  53.024  -21.373  50.506 0.0000000000
74694  53.056  -21.536  52.106 0.0000000000
69911  49.539  -25.434  53.579 0.0000000000
71061  49.931  -24.988  53.565 0.0000000000
71017  50.693  -25.456  55.504 0.0000000000
71038  50.403  -24.995  54.506 0.0000000000
72367  50.717  -24.445  53.977 0.0000000000
72365  52.000  -23.480  54.341 0.0000000000
70975  52.765  -24.568  57.413 0.0000000000
72289  52.584  -24.379  56.979 0.0000000000
72288  52.953  -23.897  57.078 0.0000000000
73572  52.373  -23.523  55.712 0.0000000000
73585  52.416  -23.197  55.105 0.0000000000
74637  54.320  -21.622  56.579 0.0000000000
75657  55.407  -20.688  56.068 0.0000000000
76720  55.856  -20.445  56.254 0.0000000000
67427  39.821  -28.190  56.888 0.0000000000
67426  40.868  -28.211  56.907 0.0000000000
67425  41.876  -28.162  56.861 0.0000000000
67373  43.062  -27.572  58.271 0.0000000000
68677  43.280  -26.882  59.571 0.0000000000
68678  42.354  -26.963  59.600 0.0000000000
68656  43.675  -26.560  60.172 0.0000000000
70936  44.429  -25.498  61.923 0.0000000000
59327  36.621  -34.593  61.122 0.0000000000
63848  37.467  -30.957  59.152 0.0000000000
62722  38.493  -31.463  60.999 0.0000000000
63839  37.751  -30.712  59.798 0.0000000000
65003  37.394  -30.258  59.740 0.0000000000
64995  37.514  -30.038  60.244 0.0000000000
64996  37.113  -29.358  60.504 0.0000000000
66139  36.967  -28.711  60.993 0.0000000000
58053  37.517  -35.401  69.535 0.0000000000
59229  38.600  -34.136  69.180 0.0000000000
59237  38.646  -34.239  68.263 0.0000000000
60406  39.135  -33.795  66.632 0.0000000000
60416  39.483  -33.232  66.183 0.0000000000
61513  39.528  -32.860  65.629 0.0000000000
61479  39.385  -32.197  68.979 0.0000000000
62649  39.308  -31.212  68.366 0.0000000000
62659  39.459  -31.789  68.085 0.0000000000
61495  39.521  -32.382  67.839 0.0000000000
61504  39.609  -32.435  67.103 0.0000000000
61512  39.628  -32.511  66.250 0.0000000000
61522  39.556  -32.240  65.512 0.0000000000
63796  38.789  -30.557  63.484 0.0000000000
64958  38.722  -29.706  64.606 0.0000000000
64966  38.666  -29.878  63.852 0.0000000000
64973  38.424  -29.691  63.070 0.0000000000
66131  37.298  -28.843  61.811 0.0000000000
67346  36.817  -28.179  61.298 0.0000000000
68650  36.879  -27.653  61.529 0.0000000000
68633  37.727  -26.696  62.296 0.0000000000
68608  37.867  -26.896  63.139 0.0000000000
69801  38.336  -26.384  62.166 0.0000000000
69800  38.728  -26.319  62.147 0.0000000000
68631  39.415  -26.331  62.141 0.0000000000
69780  39.842  -26.073  62.878 0.0000000000
68537  38.834  -26.821  66.377 0.0000000000
69724  39.010  -26.127  65.475 0.0000000000
69712  39.884  -25.812  66.724 0.0000000000
69778  41.904  -25.904  62.826 0.0000000000
70917  42.505  -25.573  63.139 0.0000000000
70891  42.392  -25.086  63.806 0.0000000000
83675  62.451  -14.108  42.210 0.0000000000
82511  60.449  -14.994  44.191 0.0000000000
83649  61.701  -14.336  44.344 0.0000000000
83646  64.071  -14.326  44.328 0.0000000000
82489  64.348  -15.026  45.164 0.0000000000
81223  63.824  -15.765  46.611 0.0000000000
81222  64.192  -15.860  45.962 0.0000000000
46282  4.467  -45.966  77.830 0.0000000000
48722  7.379  -43.726  78.509 0.0000000000
48724  5.944  -43.973  79.138 0.0000000000
48752  10.065  -43.833  74.982 0.0000000000
48754  8.923  -44.254  75.821 0.0000000000
51456  21.187  -41.160  66.038 0.0000000000
52488  20.413  -41.367  67.623 0.0000000000
52505  20.981  -41.229  66.813 0.0000000000
53509  34.378  -39.382  69.885 0.0000000000
53562  32.258  -39.710  65.300 0.0000000000
55960  28.865  -38.698  59.911 0.0000000000
57033  33.728  -36.236  62.073 0.0000000000
58103  36.218  -36.089  65.743 0.0000000000
58119  37.006  -35.609  65.544 0.0000000000
58120  36.611  -35.791  65.225 0.0000000000
58155  34.611  -36.218  63.385 0.0000000000
58169  35.904  -35.354  62.639 0.0000000000
59297  38.138  -34.160  63.116 0.0000000000
59326  37.164  -34.257  61.252 0.0000000000
60379  39.456  -32.819  68.177 0.0000000000
61486  39.322  -32.944  69.038 0.0000000000
62641  39.377  -31.977  69.095 0.0000000000
62648  39.400  -31.850  68.716 0.0000000000
62687  39.560  -31.814  65.874 0.0000000000
63840  37.315  -30.479  59.401 0.0000000000
64974  38.109  -29.300  62.833 0.0000000000
64981  38.381  -29.937  62.594 0.0000000000
64988  37.244  -29.186  61.001 0.0000000000
65074  43.674  -29.484  54.038 0.0000000000
66119  37.851  -28.482  63.336 0.0000000000
66132  36.970  -28.468  61.489 0.0000000000
66203  38.691  -28.351  56.057 0.0000000000
66242  43.083  -29.359  54.638 0.0000000000
67339  36.943  -28.190  61.799 0.0000000000
67354  36.228  -28.192  60.079 0.0000000000
67386  49.066  -27.577  56.989 0.0000000000
68536  39.306  -26.424  66.852 0.0000000000
68632  38.967  -26.287  62.137 0.0000000000
68635  36.998  -27.836  62.087 0.0000000000
68702  39.152  -27.067  58.934 0.0000000000
68712  51.149  -26.383  57.513 0.0000000000
68713  50.724  -26.678  57.303 0.0000000000
68721  37.837  -26.982  58.049 0.0000000000
68755  49.417  -26.910  55.657 0.0000000000
68768  48.670  -26.825  54.607 0.0000000000
68779  47.491  -27.045  53.049 0.0000000000
69843  51.882  -25.497  57.087 0.0000000000
69862  49.799  -26.678  55.777 0.0000000000
69879  49.032  -26.662  54.878 0.0000000000
69893  50.062  -25.447  54.655 0.0000000000
69928  49.658  -25.147  53.134 0.0000000000
69929  49.246  -25.443  52.822 0.0000000000
70966  53.027  -24.424  57.715 0.0000000000
70992  51.883  -24.845  56.469 0.0000000000
71060  50.398  -24.602  53.504 0.0000000000
71160  47.902  -24.574  48.962 0.0000000000
71161  47.220  -24.925  48.811 0.0000000000
72393  51.453  -23.315  52.647 0.0000000000
72423  49.806  -23.825  50.485 0.0000000000
72435  48.887  -24.050  49.395 0.0000000000
72436  48.290  -24.303  49.033 0.0000000000
74716  51.183  -22.170  49.998 0.0000000000
75690  53.445  -21.198  52.327 0.0000000000
77796  59.887  -18.351  52.181 0.0000000000
77814  55.636  -18.351  50.361 0.0000000000
78885  53.351  -18.101  48.172 0.0000000000
79967  57.101  -16.416  51.832 0.0000000000
79984  61.113  -16.137  50.170 0.0000000000
81188  56.262  -15.975  49.253 0.0000000000
82429  57.833  -15.317  50.113 0.0000000000
82463  62.441  -14.337  47.947 0.0000000000
82533  60.976  -15.580  42.670 0.0000000000
83597  61.829  -14.092  47.878 0.0000000000
83609  62.683  -14.133  47.226 0.0000000000
