#!ascii label  , from subject 4052 vox2ras=TkReg
442
74300  28.110  -21.344  -2.195 0.0000000000
83186  34.411  -14.780  -7.544 0.0000000000
90908  29.859  -7.400  -7.625 0.0000000000
85502  26.376  -12.349  -6.504 0.0000000000
70582  29.337  -25.331  -1.069 0.0000000000
74283  32.143  -22.490  -1.932 0.0000000000
77430  30.601  -19.420  -4.868 0.0000000000
81871  28.357  -15.992  -6.078 0.0000000000
86762  32.252  -11.295  -8.222 0.0000000000
91975  35.735  -6.142  -7.522 0.0000000000
96436  28.935  -2.553  -8.587 0.0000000000
71888  28.692  -23.934  -1.844 0.0000000000
71886  30.426  -24.228  -1.870 0.0000000000
73136  30.160  -22.927  -3.333 0.0000000000
79523  26.609  -17.205  -3.717 0.0000000000
80667  25.842  -15.813  -4.047 0.0000000000
87862  28.031  -9.704  -7.777 0.0000000000
85534  29.326  -11.720  -7.917 0.0000000000
88874  31.183  -9.387  -7.705 0.0000000000
89883  34.341  -8.805  -7.962 0.0000000000
91998  32.223  -6.833  -7.480 0.0000000000
97598  26.455  -1.856  -7.330 0.0000000000
95275  26.711  -3.822  -7.385 0.0000000000
98778  28.388  -0.436  -8.613 0.0000000000
79561  32.399  -17.234  -6.331 0.0000000000
77446  33.148  -19.044  -5.089 0.0000000000
80706  35.066  -16.652  -6.577 0.0000000000
89872  27.114  -7.900  -7.538 0.0000000000
85527  36.156  -12.919  -8.846 0.0000000000
76359  27.630  -19.703  -2.340 0.0000000000
76376  29.085  -20.247  -3.439 0.0000000000
77433  28.259  -19.001  -3.625 0.0000000000
79545  29.574  -17.455  -5.454 0.0000000000
81898  31.097  -15.429  -6.526 0.0000000000
83174  27.458  -13.973  -6.245 0.0000000000
84298  30.558  -13.329  -7.289 0.0000000000
84315  32.982  -12.836  -7.840 0.0000000000
87871  35.125  -10.667  -8.792 0.0000000000
91980  27.200  -5.783  -7.782 0.0000000000
94239  29.343  -4.617  -8.075 0.0000000000
99909  31.281  1.306  -8.870 0.0000000000
97610  30.661  -1.928  -8.105 0.0000000000
95274  31.538  -3.985  -7.280 0.0000000000
96432  34.966  -2.883  -7.824 0.0000000000
75330  31.694  -21.344  -4.300 0.0000000000
75294  27.345  -20.993  -1.204 0.0000000000
74286  27.829  -21.807  -1.666 0.0000000000
74285  28.229  -22.502  -1.983 0.0000000000
73128  29.466  -23.051  -2.784 0.0000000000
74298  29.162  -22.018  -2.693 0.0000000000
88877  28.479  -8.946  -7.692 0.0000000000
87860  29.638  -10.027  -7.777 0.0000000000
89887  30.484  -8.410  -7.595 0.0000000000
90906  31.811  -7.737  -7.519 0.0000000000
91999  31.185  -6.722  -7.473 0.0000000000
98750  27.545  0.001  -7.717 0.0000000000
97615  27.077  -1.458  -7.800 0.0000000000
99913  28.649  0.449  -8.572 0.0000000000
81895  33.258  -16.023  -6.859 0.0000000000
79560  33.308  -17.429  -6.424 0.0000000000
80726  34.416  -16.287  -7.254 0.0000000000
88849  26.463  -9.288  -6.909 0.0000000000
89859  26.041  -7.854  -6.760 0.0000000000
70584  27.850  -24.678  -1.094 0.0000000000
69410  27.491  -26.261  -0.327 0.0000000000
69408  29.314  -26.425  0.081 0.0000000000
69428  29.969  -25.884  -0.195 0.0000000000
73115  31.311  -23.353  -1.926 0.0000000000
71884  31.761  -23.866  -0.844 0.0000000000
76378  27.916  -19.481  -2.853 0.0000000000
78405  26.975  -18.337  -2.862 0.0000000000
79547  27.787  -16.903  -4.993 0.0000000000
79546  28.610  -17.457  -5.061 0.0000000000
80687  29.161  -16.802  -5.778 0.0000000000
80711  30.487  -16.076  -6.194 0.0000000000
81899  30.081  -15.425  -6.734 0.0000000000
83155  26.052  -14.218  -5.213 0.0000000000
84285  26.881  -13.180  -6.465 0.0000000000
85533  30.292  -11.821  -7.658 0.0000000000
85515  29.519  -12.577  -7.641 0.0000000000
85532  31.320  -11.941  -7.661 0.0000000000
85512  31.858  -12.790  -7.302 0.0000000000
86761  32.996  -11.711  -8.508 0.0000000000
85549  34.491  -11.826  -8.882 0.0000000000
86778  33.285  -11.019  -8.649 0.0000000000
90903  34.869  -7.961  -7.705 0.0000000000
89882  35.387  -8.728  -8.185 0.0000000000
95292  27.820  -3.457  -8.270 0.0000000000
94229  26.956  -4.386  -7.625 0.0000000000
94241  28.004  -4.390  -8.278 0.0000000000
93132  28.249  -5.328  -8.146 0.0000000000
95290  29.104  -3.631  -8.338 0.0000000000
97596  31.555  -2.439  -7.644 0.0000000000
96433  33.862  -2.172  -7.429 0.0000000000
96419  33.450  -3.080  -7.133 0.0000000000
76392  30.123  -20.036  -4.265 0.0000000000
75332  30.419  -20.698  -4.161 0.0000000000
76391  30.879  -20.369  -4.699 0.0000000000
78457  34.298  -18.446  -4.781 0.0000000000
77409  33.575  -20.052  -3.927 0.0000000000
71870  27.466  -23.948  -0.756 0.0000000000
70600  28.716  -24.480  -1.579 0.0000000000
70598  30.006  -24.806  -1.270 0.0000000000
71887  29.463  -24.010  -2.205 0.0000000000
73116  30.693  -23.579  -2.316 0.0000000000
74296  31.247  -22.678  -2.885 0.0000000000
79503  26.015  -17.070  -3.028 0.0000000000
80666  26.391  -16.396  -4.190 0.0000000000
80690  26.693  -16.035  -4.858 0.0000000000
86754  27.136  -11.414  -7.919 0.0000000000
85517  27.557  -12.199  -8.001 0.0000000000
86765  29.077  -10.798  -7.986 0.0000000000
86764  30.021  -10.955  -7.726 0.0000000000
87858  31.991  -10.314  -8.065 0.0000000000
87856  33.347  -10.009  -8.424 0.0000000000
88873  32.175  -9.442  -7.910 0.0000000000
90904  33.771  -7.809  -7.587 0.0000000000
91977  33.788  -6.615  -7.306 0.0000000000
96423  25.866  -2.715  -6.663 0.0000000000
96422  26.577  -3.002  -7.385 0.0000000000
96438  27.675  -2.497  -8.225 0.0000000000
96447  28.449  -1.678  -8.627 0.0000000000
79543  31.653  -17.856  -5.810 0.0000000000
77448  31.962  -19.429  -5.261 0.0000000000
79542  32.618  -18.038  -5.967 0.0000000000
79541  33.493  -18.027  -5.768 0.0000000000
86747  26.288  -11.457  -6.603 0.0000000000
86768  27.172  -10.196  -7.598 0.0000000000
88859  27.970  -8.752  -7.669 0.0000000000
89890  28.240  -7.778  -7.725 0.0000000000
70580  31.161  -24.910  -0.173 0.0000000000
84293  35.013  -14.184  -7.758 0.0000000000
81922  35.730  -15.447  -8.049 0.0000000000
75306  27.793  -20.706  -2.076 0.0000000000
75305  28.498  -21.006  -2.572 0.0000000000
76358  28.169  -20.164  -2.693 0.0000000000
76394  28.928  -19.755  -3.586 0.0000000000
77431  29.662  -19.305  -4.360 0.0000000000
78446  27.213  -17.889  -3.640 0.0000000000
78444  29.047  -18.440  -4.596 0.0000000000
78462  29.887  -18.139  -5.159 0.0000000000
79544  30.610  -17.498  -5.639 0.0000000000
80710  31.369  -16.162  -6.208 0.0000000000
81925  32.729  -15.079  -6.896 0.0000000000
81874  26.217  -15.240  -4.870 0.0000000000
81901  28.056  -15.018  -6.238 0.0000000000
84284  27.902  -13.592  -6.752 0.0000000000
83192  29.284  -13.805  -7.221 0.0000000000
83171  29.525  -14.879  -6.981 0.0000000000
81928  30.202  -14.639  -7.074 0.0000000000
83188  32.529  -14.134  -7.064 0.0000000000
84294  34.258  -13.821  -7.536 0.0000000000
85529  34.679  -12.588  -8.644 0.0000000000
85548  35.505  -12.139  -9.089 0.0000000000
88885  34.650  -10.148  -8.453 0.0000000000
90888  27.358  -6.874  -7.700 0.0000000000
92003  27.854  -6.185  -7.960 0.0000000000
92001  29.341  -6.409  -7.803 0.0000000000
98776  29.295  -0.098  -8.831 0.0000000000
98775  29.657  -0.435  -8.761 0.0000000000
99893  31.341  0.238  -8.283 0.0000000000
96435  29.685  -2.740  -8.256 0.0000000000
96434  30.425  -3.026  -7.884 0.0000000000
94238  30.143  -4.747  -7.775 0.0000000000
93129  30.613  -5.720  -7.586 0.0000000000
94228  31.972  -4.869  -6.991 0.0000000000
94226  34.068  -4.853  -6.900 0.0000000000
95270  35.393  -4.528  -7.476 0.0000000000
74311  29.707  -22.125  -3.281 0.0000000000
75315  31.120  -21.817  -4.044 0.0000000000
74308  31.789  -22.178  -3.174 0.0000000000
76389  32.638  -20.186  -4.499 0.0000000000
76373  32.893  -20.621  -3.864 0.0000000000
74299  28.489  -21.819  -2.315 0.0000000000
73129  28.774  -22.539  -2.375 0.0000000000
89888  29.533  -8.228  -7.674 0.0000000000
90907  30.813  -7.580  -7.514 0.0000000000
92000  30.209  -6.566  -7.620 0.0000000000
99895  28.115  0.729  -8.052 0.0000000000
81924  33.658  -15.681  -7.137 0.0000000000
80727  33.816  -16.361  -7.028 0.0000000000
81923  34.765  -15.569  -7.674 0.0000000000
70583  28.548  -25.157  -1.236 0.0000000000
69431  27.694  -25.503  -0.738 0.0000000000
69430  28.443  -25.879  -0.815 0.0000000000
69409  28.403  -26.452  -0.180 0.0000000000
69429  29.311  -25.944  -0.552 0.0000000000
73114  32.059  -23.233  -1.231 0.0000000000
77392  26.976  -18.858  -2.298 0.0000000000
78406  26.666  -18.332  -2.478 0.0000000000
80688  28.357  -16.430  -5.744 0.0000000000
80712  29.581  -16.184  -6.201 0.0000000000
81900  28.827  -15.638  -6.396 0.0000000000
84266  26.437  -13.737  -5.684 0.0000000000
86763  31.119  -11.092  -7.856 0.0000000000
85531  32.362  -12.341  -7.809 0.0000000000
90884  35.398  -7.058  -7.577 0.0000000000
90902  35.977  -7.823  -7.961 0.0000000000
96437  28.256  -2.502  -8.531 0.0000000000
95291  28.422  -3.518  -8.439 0.0000000000
97608  33.294  -1.233  -7.332 0.0000000000
97607  34.889  -1.469  -7.920 0.0000000000
78440  34.772  -18.714  -4.152 0.0000000000
77426  34.167  -19.277  -4.275 0.0000000000
73119  27.752  -23.002  -1.297 0.0000000000
71889  28.087  -23.867  -1.436 0.0000000000
70601  28.339  -24.258  -1.482 0.0000000000
70599  29.415  -24.708  -1.571 0.0000000000
71897  29.887  -23.623  -2.666 0.0000000000
73127  30.460  -23.290  -2.856 0.0000000000
73126  31.037  -23.127  -2.452 0.0000000000
74297  30.715  -22.720  -3.248 0.0000000000
80648  25.665  -16.160  -3.397 0.0000000000
79524  26.081  -16.545  -3.642 0.0000000000
86767  27.485  -10.558  -7.899 0.0000000000
85536  27.707  -11.275  -8.281 0.0000000000
86766  28.252  -10.612  -8.105 0.0000000000
88875  30.114  -9.222  -7.710 0.0000000000
87859  30.694  -10.180  -7.799 0.0000000000
90905  32.777  -7.859  -7.605 0.0000000000
91997  33.152  -7.109  -7.555 0.0000000000
91996  33.617  -7.201  -7.494 0.0000000000
91978  32.871  -6.326  -7.376 0.0000000000
98752  26.159  -1.002  -6.990 0.0000000000
97599  25.888  -1.662  -6.646 0.0000000000
97627  28.051  -0.975  -8.506 0.0000000000
97614  27.621  -1.470  -8.202 0.0000000000
97613  28.032  -1.698  -8.501 0.0000000000
97626  28.435  -1.016  -8.635 0.0000000000
78460  31.984  -18.744  -5.509 0.0000000000
79559  34.178  -17.431  -6.186 0.0000000000
79540  34.285  -17.887  -5.335 0.0000000000
86748  25.709  -11.010  -5.891 0.0000000000
86755  26.822  -10.837  -7.359 0.0000000000
87840  26.228  -10.204  -6.608 0.0000000000
88861  26.885  -8.814  -7.321 0.0000000000
88860  27.477  -8.638  -7.571 0.0000000000
89870  28.241  -8.243  -7.696 0.0000000000
89871  27.816  -7.780  -7.695 0.0000000000
70581  30.265  -25.176  -0.655 0.0000000000
71869  30.569  -24.460  -1.115 0.0000000000
71867  32.083  -24.244  -0.355 0.0000000000
84312  36.166  -13.401  -8.742 0.0000000000
76345  27.315  -19.872  -1.640 0.0000000000
77411  27.935  -19.036  -3.304 0.0000000000
76377  28.478  -19.699  -3.278 0.0000000000
77410  28.351  -19.246  -3.505 0.0000000000
77432  28.756  -19.230  -3.831 0.0000000000
78425  26.613  -17.827  -3.134 0.0000000000
79521  28.287  -18.008  -4.479 0.0000000000
78463  29.271  -17.880  -5.050 0.0000000000
81897  32.029  -15.585  -6.517 0.0000000000
81926  31.795  -14.801  -6.817 0.0000000000
83154  26.823  -14.339  -5.708 0.0000000000
81902  27.523  -14.592  -6.033 0.0000000000
81873  27.194  -15.369  -5.616 0.0000000000
85516  28.561  -12.466  -7.856 0.0000000000
84301  27.820  -12.896  -7.265 0.0000000000
84299  29.730  -13.325  -7.432 0.0000000000
83172  28.823  -14.387  -6.881 0.0000000000
83191  29.825  -14.083  -7.246 0.0000000000
83190  30.727  -14.008  -7.154 0.0000000000
84316  32.560  -12.732  -7.654 0.0000000000
84296  32.330  -13.141  -7.320 0.0000000000
84295  33.263  -13.529  -7.458 0.0000000000
84314  33.943  -13.073  -8.076 0.0000000000
86777  34.329  -11.146  -8.713 0.0000000000
86776  35.390  -11.309  -9.168 0.0000000000
86788  36.350  -11.005  -9.771 0.0000000000
86789  35.726  -10.807  -9.298 0.0000000000
88871  33.913  -9.656  -8.233 0.0000000000
87872  33.957  -10.466  -8.507 0.0000000000
95276  26.177  -3.725  -6.930 0.0000000000
94230  26.387  -4.477  -7.205 0.0000000000
93119  27.167  -4.976  -7.837 0.0000000000
93120  26.606  -5.266  -7.464 0.0000000000
91981  26.622  -6.300  -7.405 0.0000000000
93131  28.940  -5.454  -8.061 0.0000000000
92002  28.575  -6.279  -7.945 0.0000000000
99930  29.731  0.950  -9.233 0.0000000000
99911  29.888  0.034  -8.933 0.0000000000
99910  30.315  0.346  -8.794 0.0000000000
98761  32.317  -0.301  -7.627 0.0000000000
99892  32.538  0.969  -8.148 0.0000000000
98762  31.152  -0.734  -8.042 0.0000000000
98763  30.280  -0.752  -8.474 0.0000000000
96420  32.125  -3.140  -7.284 0.0000000000
96421  31.181  -3.202  -7.650 0.0000000000
94237  31.049  -4.853  -7.445 0.0000000000
93128  31.651  -5.838  -7.333 0.0000000000
96418  34.265  -3.470  -7.259 0.0000000000
95272  33.719  -4.003  -6.884 0.0000000000
95271  34.920  -4.039  -7.395 0.0000000000
94225  34.952  -4.910  -7.176 0.0000000000
75317  29.269  -21.159  -3.138 0.0000000000
75331  31.008  -21.129  -4.421 0.0000000000
74309  31.255  -22.287  -3.491 0.0000000000
75314  32.082  -21.669  -3.767 0.0000000000
77447  32.620  -19.223  -5.144 0.0000000000
77428  32.341  -19.844  -4.889 0.0000000000
76372  33.629  -20.210  -3.574 0.0000000000
76357  33.070  -20.926  -3.201 0.0000000000
73118  28.536  -23.245  -2.045 0.0000000000
73117  29.033  -23.593  -2.245 0.0000000000
73137  29.886  -22.648  -3.348 0.0000000000
87861  28.768  -9.875  -7.789 0.0000000000
88876  29.189  -9.062  -7.693 0.0000000000
89886  31.494  -8.578  -7.583 0.0000000000
98751  26.848  -0.705  -7.420 0.0000000000
98765  27.400  -0.829  -7.947 0.0000000000
98764  27.924  -0.377  -8.355 0.0000000000
80708  33.196  -16.498  -6.742 0.0000000000
80707  33.996  -16.872  -6.832 0.0000000000
88862  26.367  -8.602  -6.946 0.0000000000
89873  26.584  -8.085  -7.239 0.0000000000
70585  27.026  -24.751  -0.400 0.0000000000
69432  27.311  -25.170  -0.580 0.0000000000
68204  29.427  -26.930  0.711 0.0000000000
69407  30.348  -26.234  0.311 0.0000000000
71885  31.212  -23.926  -1.277 0.0000000000
77379  27.199  -19.249  -2.163 0.0000000000
77391  27.362  -18.869  -2.651 0.0000000000
78424  27.344  -18.389  -3.228 0.0000000000
79522  27.613  -17.550  -4.331 0.0000000000
80686  30.033  -16.761  -5.821 0.0000000000
85514  30.445  -12.605  -7.455 0.0000000000
84297  31.377  -13.284  -7.132 0.0000000000
85513  31.315  -12.661  -7.333 0.0000000000
85530  33.556  -12.290  -8.462 0.0000000000
85550  33.722  -11.574  -8.683 0.0000000000
95293  27.232  -3.416  -7.807 0.0000000000
94242  27.490  -4.302  -7.969 0.0000000000
93133  27.649  -5.156  -8.030 0.0000000000
94240  28.639  -4.497  -8.277 0.0000000000
97609  31.902  -1.472  -7.599 0.0000000000
97595  32.671  -2.242  -7.306 0.0000000000
95273  32.564  -3.945  -6.828 0.0000000000
76375  29.756  -20.568  -3.763 0.0000000000
76390  31.940  -20.658  -4.658 0.0000000000
78458  33.656  -18.660  -5.096 0.0000000000
77427  33.358  -19.578  -4.531 0.0000000000
77408  34.287  -19.660  -3.606 0.0000000000
71896  30.198  -23.806  -2.428 0.0000000000
74284  31.518  -22.776  -2.348 0.0000000000
79502  26.357  -17.385  -3.277 0.0000000000
80665  27.047  -16.751  -4.558 0.0000000000
80689  27.459  -16.257  -5.313 0.0000000000
81872  28.004  -15.808  -5.932 0.0000000000
85518  26.814  -12.057  -7.251 0.0000000000
84302  27.253  -12.605  -7.278 0.0000000000
85535  28.434  -11.553  -8.252 0.0000000000
87874  32.676  -10.346  -8.384 0.0000000000
86779  32.686  -10.664  -8.444 0.0000000000
87857  32.738  -10.001  -8.321 0.0000000000
88872  32.992  -9.445  -8.170 0.0000000000
89885  32.443  -8.689  -7.742 0.0000000000
89884  33.356  -8.761  -7.889 0.0000000000
90885  34.401  -7.196  -7.456 0.0000000000
91976  34.821  -6.393  -7.279 0.0000000000
96439  27.123  -2.310  -7.821 0.0000000000
96446  28.719  -1.989  -8.674 0.0000000000
78461  30.822  -18.602  -5.285 0.0000000000
77449  31.351  -19.249  -5.273 0.0000000000
78459  32.922  -18.642  -5.463 0.0000000000
87850  26.883  -9.809  -7.280 0.0000000000
87864  27.224  -9.825  -7.537 0.0000000000
89889  28.687  -8.071  -7.721 0.0000000000
90909  29.006  -7.237  -7.759 0.0000000000
71868  31.145  -24.390  -0.693 0.0000000000
83185  35.212  -14.860  -8.023 0.0000000000
75318  28.718  -20.439  -3.005 0.0000000000
76393  29.383  -19.858  -3.860 0.0000000000
78445  28.019  -18.471  -3.892 0.0000000000
78443  30.101  -18.797  -4.821 0.0000000000
79562  31.496  -16.987  -6.111 0.0000000000
79563  30.804  -16.682  -5.951 0.0000000000
80709  32.237  -16.386  -6.416 0.0000000000
81896  32.873  -15.867  -6.717 0.0000000000
83187  33.502  -14.474  -7.173 0.0000000000
80691  26.268  -15.892  -4.465 0.0000000000
84300  28.756  -13.376  -7.247 0.0000000000
83173  28.051  -14.234  -6.465 0.0000000000
81927  30.895  -14.705  -6.901 0.0000000000
83189  31.586  -13.993  -7.054 0.0000000000
84313  35.059  -13.409  -8.237 0.0000000000
85528  35.691  -12.814  -8.759 0.0000000000
87873  33.126  -10.406  -8.552 0.0000000000
88870  34.914  -9.539  -8.332 0.0000000000
87870  35.736  -10.378  -9.105 0.0000000000
90889  26.599  -7.289  -7.331 0.0000000000
90887  27.810  -7.122  -7.783 0.0000000000
90910  28.220  -7.134  -7.823 0.0000000000
99932  28.791  0.898  -8.602 0.0000000000
99912  28.977  0.373  -8.722 0.0000000000
98785  29.421  0.401  -8.831 0.0000000000
98777  28.870  -0.147  -8.773 0.0000000000
97625  28.915  -1.142  -8.766 0.0000000000
97612  29.025  -1.821  -8.724 0.0000000000
97611  29.520  -1.531  -8.626 0.0000000000
95289  29.801  -3.769  -7.930 0.0000000000
97597  30.930  -2.652  -7.855 0.0000000000
93130  29.717  -5.584  -7.842 0.0000000000
91979  32.284  -6.165  -7.342 0.0000000000
94227  33.000  -4.853  -6.759 0.0000000000
93117  33.406  -5.679  -7.019 0.0000000000
93116  34.376  -5.682  -7.046 0.0000000000
94224  35.649  -4.937  -7.474 0.0000000000
95301  35.935  -3.314  -9.294 0.0000000000
95287  35.772  -3.658  -8.277 0.0000000000
95286  36.058  -4.356  -7.945 0.0000000000
94236  36.236  -5.012  -7.823 0.0000000000
75304  28.887  -21.485  -2.642 0.0000000000
75316  30.249  -21.407  -3.769 0.0000000000
74310  30.431  -22.308  -3.563 0.0000000000
74295  31.911  -22.301  -2.628 0.0000000000
77429  31.496  -19.895  -5.082 0.0000000000
76374  32.194  -21.124  -4.209 0.0000000000
75313  32.661  -21.256  -3.314 0.0000000000
75303  32.302  -21.763  -3.005 0.0000000000
75293  32.418  -21.879  -2.430 0.0000000000
80725  35.303  -16.040  -7.507 0.0000000000
78441  34.075  -18.961  -4.606 0.0000000000
78442  30.514  -18.943  -4.967 0.0000000000
80713  28.953  -16.303  -6.097 0.0000000000
84283  28.411  -13.883  -6.806 0.0000000000
85547  36.564  -12.630  -9.208 0.0000000000
87848  27.675  -9.266  -7.644 0.0000000000
87849  27.293  -9.375  -7.514 0.0000000000
87863  27.498  -9.839  -7.676 0.0000000000
87882  35.677  -10.608  -9.175 0.0000000000
90886  33.868  -7.221  -7.458 0.0000000000
90911  27.815  -6.806  -7.839 0.0000000000
93114  35.868  -5.452  -7.556 0.0000000000
93115  35.239  -5.575  -7.283 0.0000000000
93118  32.498  -5.638  -7.109 0.0000000000
94235  36.614  -5.162  -8.394 0.0000000000
95285  36.375  -4.767  -8.186 0.0000000000
95288  30.641  -3.931  -7.665 0.0000000000
97624  29.284  -0.799  -8.790 0.0000000000
98786  29.178  0.183  -8.791 0.0000000000
99894  30.723  -0.228  -8.411 0.0000000000
99931  29.290  0.655  -8.828 0.0000000000
