#!ascii label  , from subject 3501 vox2ras=TkReg
754
90172  42.060  -13.374  54.868 0.0000000000
96602  44.867  -7.524  41.900 0.0000000000
99755  48.384  -4.351  44.310 0.0000000000
98847  43.474  -5.383  32.369 0.0000000000
92273  40.034  -11.818  47.644 0.0000000000
96543  51.861  -6.396  49.552 0.0000000000
100865  45.562  -2.684  35.596 0.0000000000
100782  39.449  -3.663  43.084 0.0000000000
94415  47.736  -9.176  49.691 0.0000000000
93337  43.644  -10.425  49.303 0.0000000000
93415  42.674  -10.426  41.011 0.0000000000
97643  44.872  -6.315  46.161 0.0000000000
101771  42.409  -2.565  40.222 0.0000000000
97671  48.686  -6.335  42.400 0.0000000000
102722  46.306  -1.032  37.485 0.0000000000
98742  40.655  -5.216  44.674 0.0000000000
93318  44.448  -10.424  52.534 0.0000000000
92255  42.465  -11.127  51.730 0.0000000000
92289  41.413  -11.617  44.520 0.0000000000
98705  49.430  -4.940  46.884 0.0000000000
97576  47.482  -6.404  48.516 0.0000000000
99749  46.851  -4.648  45.125 0.0000000000
100777  44.265  -3.536  43.266 0.0000000000
100808  45.180  -3.580  41.624 0.0000000000
94447  46.165  -9.183  45.489 0.0000000000
95519  48.617  -8.144  45.212 0.0000000000
96593  46.947  -6.909  42.146 0.0000000000
102798  44.909  -1.054  32.261 0.0000000000
102737  47.256  -0.628  36.082 0.0000000000
102772  43.715  -0.597  34.124 0.0000000000
101818  42.766  -2.582  35.735 0.0000000000
97762  42.645  -6.393  33.716 0.0000000000
93488  42.895  -9.995  35.211 0.0000000000
88030  39.792  -14.906  53.328 0.0000000000
91236  40.437  -12.393  51.568 0.0000000000
99738  50.863  -4.797  46.409 0.0000000000
96634  44.253  -7.275  38.431 0.0000000000
97704  45.519  -5.546  38.866 0.0000000000
99853  44.785  -4.536  34.988 0.0000000000
100889  46.165  -3.022  32.221 0.0000000000
95464  47.932  -8.608  53.186 0.0000000000
94392  46.553  -9.462  53.437 0.0000000000
94417  45.597  -9.899  49.219 0.0000000000
94449  44.292  -9.586  45.460 0.0000000000
93345  41.512  -10.778  48.305 0.0000000000
94462  42.952  -10.006  45.101 0.0000000000
94489  42.970  -9.008  41.696 0.0000000000
94521  43.811  -9.264  38.877 0.0000000000
88033  37.983  -15.485  54.149 0.0000000000
97558  44.925  -6.590  49.472 0.0000000000
97628  42.380  -6.518  46.796 0.0000000000
99761  42.210  -4.616  44.198 0.0000000000
101753  40.603  -2.479  41.628 0.0000000000
99822  41.128  -5.046  39.469 0.0000000000
95489  49.600  -8.180  49.923 0.0000000000
96569  49.877  -6.801  45.917 0.0000000000
98759  49.050  -5.299  42.783 0.0000000000
99820  47.644  -4.336  39.235 0.0000000000
100817  48.860  -3.346  39.853 0.0000000000
100819  47.660  -3.326  40.290 0.0000000000
101795  44.344  -2.351  38.468 0.0000000000
100843  42.313  -3.782  38.035 0.0000000000
97649  39.558  -5.944  45.863 0.0000000000
97630  40.411  -6.448  46.691 0.0000000000
91221  43.114  -11.878  53.719 0.0000000000
91222  42.424  -12.297  53.454 0.0000000000
99740  49.307  -4.565  46.182 0.0000000000
98706  48.636  -5.199  46.649 0.0000000000
99756  47.224  -4.194  44.547 0.0000000000
100765  46.498  -3.912  44.016 0.0000000000
100775  46.644  -4.006  43.250 0.0000000000
95531  45.590  -8.709  44.440 0.0000000000
95530  46.800  -8.136  44.107 0.0000000000
96594  45.740  -7.489  42.379 0.0000000000
100899  44.129  -3.161  31.719 0.0000000000
103695  44.174  -0.372  32.779 0.0000000000
100891  42.998  -3.884  32.821 0.0000000000
99854  42.615  -4.416  33.707 0.0000000000
97761  43.092  -6.454  33.140 0.0000000000
95649  42.897  -8.308  33.522 0.0000000000
96707  43.338  -7.593  32.710 0.0000000000
89186  38.944  -13.997  51.942 0.0000000000
99725  51.496  -4.863  47.835 0.0000000000
97598  51.752  -5.546  47.961 0.0000000000
96645  44.269  -7.522  37.393 0.0000000000
97712  44.654  -6.351  37.567 0.0000000000
97732  44.760  -6.699  35.527 0.0000000000
100879  46.872  -3.945  32.590 0.0000000000
99879  47.206  -4.202  31.966 0.0000000000
100897  45.862  -3.199  31.707 0.0000000000
93326  43.686  -10.457  51.301 0.0000000000
93329  45.137  -9.982  50.918 0.0000000000
93336  44.604  -10.217  49.535 0.0000000000
94429  45.129  -9.881  47.100 0.0000000000
93348  44.174  -10.151  47.335 0.0000000000
92265  40.042  -11.630  49.640 0.0000000000
92264  40.877  -11.117  49.242 0.0000000000
92268  40.750  -11.227  48.100 0.0000000000
93389  41.924  -11.025  43.482 0.0000000000
93366  42.396  -10.427  44.656 0.0000000000
93376  42.346  -10.444  43.785 0.0000000000
94480  42.732  -9.735  43.310 0.0000000000
94499  42.594  -9.792  41.462 0.0000000000
95587  43.704  -8.713  39.150 0.0000000000
93414  43.212  -10.405  40.293 0.0000000000
94533  45.604  -10.081  37.026 0.0000000000
97624  46.339  -6.319  46.954 0.0000000000
97557  45.870  -6.574  49.454 0.0000000000
97604  44.524  -6.717  47.716 0.0000000000
97580  43.760  -6.724  48.601 0.0000000000
97644  44.105  -6.378  46.043 0.0000000000
98723  42.882  -5.994  45.199 0.0000000000
98739  43.557  -5.315  44.648 0.0000000000
101758  43.270  -2.755  41.744 0.0000000000
100794  42.794  -3.136  42.568 0.0000000000
101760  41.425  -2.292  40.914 0.0000000000
101773  40.659  -3.121  40.284 0.0000000000
101772  41.386  -2.852  39.954 0.0000000000
95483  48.024  -8.730  51.129 0.0000000000
95482  48.736  -8.303  51.495 0.0000000000
95490  48.561  -8.727  49.546 0.0000000000
96577  48.466  -7.487  44.055 0.0000000000
96570  49.365  -7.412  45.577 0.0000000000
96583  49.022  -6.799  43.635 0.0000000000
97662  49.468  -5.892  44.113 0.0000000000
97677  49.037  -5.751  42.318 0.0000000000
99841  45.657  -3.891  37.065 0.0000000000
98791  46.123  -4.979  38.842 0.0000000000
100850  46.828  -2.948  37.379 0.0000000000
103667  46.460  -0.033  36.026 0.0000000000
101803  48.795  -1.742  37.982 0.0000000000
102706  48.597  -1.369  38.331 0.0000000000
100818  48.564  -3.185  40.036 0.0000000000
101781  47.474  -2.290  39.280 0.0000000000
101782  46.108  -2.709  39.575 0.0000000000
101806  45.030  -1.854  37.806 0.0000000000
99843  42.522  -4.464  35.522 0.0000000000
100852  42.548  -3.669  37.158 0.0000000000
98799  42.322  -5.536  36.808 0.0000000000
98794  42.183  -5.628  37.812 0.0000000000
96526  51.109  -6.933  51.667 0.0000000000
98743  39.716  -5.199  44.668 0.0000000000
99763  40.303  -4.625  44.144 0.0000000000
93301  44.863  -10.783  54.460 0.0000000000
92238  43.955  -11.765  54.702 0.0000000000
92249  43.373  -11.154  53.056 0.0000000000
93327  42.960  -10.649  51.061 0.0000000000
92282  41.084  -11.618  45.401 0.0000000000
97600  48.042  -6.123  47.819 0.0000000000
97623  46.886  -6.262  47.161 0.0000000000
98720  46.057  -5.293  45.344 0.0000000000
99759  44.142  -4.543  44.274 0.0000000000
99758  45.195  -4.377  44.293 0.0000000000
100792  44.805  -3.429  42.533 0.0000000000
100809  44.212  -3.087  41.696 0.0000000000
94427  47.633  -9.256  47.373 0.0000000000
94426  48.267  -9.127  48.207 0.0000000000
95520  47.382  -8.692  45.168 0.0000000000
96578  47.716  -7.666  43.844 0.0000000000
96592  47.980  -6.890  42.642 0.0000000000
102784  45.753  -0.921  33.707 0.0000000000
101824  46.773  -1.251  35.926 0.0000000000
103692  46.339  0.109  34.159 0.0000000000
104655  45.865  0.608  34.826 0.0000000000
102754  45.007  -0.245  35.492 0.0000000000
102740  44.078  -1.465  36.512 0.0000000000
102756  43.170  -1.583  34.911 0.0000000000
99848  42.560  -4.430  34.597 0.0000000000
97748  42.300  -6.438  34.478 0.0000000000
93500  43.775  -10.469  34.193 0.0000000000
89138  40.890  -14.232  53.611 0.0000000000
90209  41.006  -13.032  52.576 0.0000000000
90210  40.362  -13.432  52.401 0.0000000000
91240  39.435  -12.545  50.797 0.0000000000
91246  39.022  -12.398  48.730 0.0000000000
98683  50.149  -5.245  48.350 0.0000000000
99739  50.219  -4.619  46.720 0.0000000000
99754  49.148  -4.606  44.905 0.0000000000
96622  44.322  -7.273  39.601 0.0000000000
97698  45.112  -6.425  39.904 0.0000000000
97705  44.976  -6.128  38.735 0.0000000000
98804  44.885  -5.442  36.689 0.0000000000
100866  45.167  -3.454  35.403 0.0000000000
98836  45.427  -5.190  33.782 0.0000000000
100881  45.463  -3.446  33.509 0.0000000000
101846  45.194  -2.752  33.930 0.0000000000
101854  45.399  -2.111  32.051 0.0000000000
100898  45.016  -3.299  31.535 0.0000000000
98856  44.122  -5.361  31.727 0.0000000000
96713  44.299  -7.690  31.863 0.0000000000
94399  47.255  -9.060  52.786 0.0000000000
94407  46.635  -9.460  51.441 0.0000000000
93317  45.173  -10.126  52.811 0.0000000000
94408  45.876  -9.707  51.157 0.0000000000
94416  46.669  -9.591  49.429 0.0000000000
94428  46.227  -9.629  47.222 0.0000000000
94448  45.277  -9.293  45.226 0.0000000000
95540  44.702  -8.610  43.788 0.0000000000
91235  41.121  -11.913  51.734 0.0000000000
92260  41.640  -11.040  50.309 0.0000000000
93344  42.424  -10.539  48.271 0.0000000000
93360  41.602  -10.864  45.945 0.0000000000
93355  42.254  -10.514  46.560 0.0000000000
93353  43.577  -10.120  46.700 0.0000000000
94461  43.603  -9.595  44.811 0.0000000000
94469  43.618  -9.157  43.833 0.0000000000
95556  43.864  -8.261  42.108 0.0000000000
95574  43.597  -8.397  39.915 0.0000000000
95586  43.943  -8.458  38.317 0.0000000000
95600  44.417  -8.758  37.310 0.0000000000
93425  44.233  -10.659  39.000 0.0000000000
95612  45.124  -9.012  36.346 0.0000000000
89129  40.428  -14.523  54.667 0.0000000000
88031  39.418  -15.268  53.604 0.0000000000
88052  36.883  -15.881  53.682 0.0000000000
98645  45.542  -5.886  50.911 0.0000000000
97549  43.333  -6.192  50.170 0.0000000000
97646  42.132  -6.470  45.900 0.0000000000
98741  41.603  -5.250  44.678 0.0000000000
99779  40.841  -4.107  43.544 0.0000000000
99777  42.765  -4.059  43.660 0.0000000000
100780  41.363  -3.455  43.080 0.0000000000
100797  39.646  -2.927  42.296 0.0000000000
96537  51.280  -7.052  49.836 0.0000000000
95499  49.566  -8.051  48.039 0.0000000000
96554  50.210  -7.339  47.611 0.0000000000
97599  51.366  -6.101  47.563 0.0000000000
97641  50.677  -5.637  46.186 0.0000000000
98735  49.500  -5.226  44.755 0.0000000000
99773  48.469  -4.737  43.237 0.0000000000
97687  46.007  -6.074  40.419 0.0000000000
97686  46.956  -5.775  40.761 0.0000000000
98766  48.252  -5.407  40.925 0.0000000000
100849  47.693  -2.499  37.563 0.0000000000
99826  48.680  -3.531  39.333 0.0000000000
98772  48.633  -4.882  40.651 0.0000000000
99799  48.621  -4.406  41.271 0.0000000000
99789  48.622  -4.818  42.326 0.0000000000
100789  47.433  -4.364  42.471 0.0000000000
100807  46.218  -3.859  41.352 0.0000000000
101769  45.025  -3.016  40.270 0.0000000000
101784  43.415  -2.586  39.361 0.0000000000
101808  43.416  -2.206  37.185 0.0000000000
101797  42.516  -2.889  37.988 0.0000000000
101786  41.859  -3.090  38.914 0.0000000000
100844  41.835  -3.790  38.672 0.0000000000
93489  42.386  -9.813  35.689 0.0000000000
97608  40.624  -6.528  47.578 0.0000000000
91212  42.716  -12.767  54.600 0.0000000000
90185  42.052  -13.192  53.927 0.0000000000
99747  48.880  -4.469  45.378 0.0000000000
99748  47.756  -4.553  45.391 0.0000000000
100764  47.428  -4.015  43.805 0.0000000000
95547  45.316  -7.814  42.706 0.0000000000
95539  45.722  -8.045  43.286 0.0000000000
96595  45.140  -7.696  42.435 0.0000000000
99873  43.720  -4.305  32.024 0.0000000000
100890  43.389  -3.289  32.508 0.0000000000
99874  43.178  -4.391  32.583 0.0000000000
98848  43.006  -5.063  32.794 0.0000000000
98837  43.208  -5.729  32.887 0.0000000000
97774  43.463  -6.453  32.595 0.0000000000
97542  52.273  -6.143  50.716 0.0000000000
97553  52.287  -5.972  49.965 0.0000000000
97573  51.994  -5.864  48.903 0.0000000000
96657  44.596  -7.748  36.390 0.0000000000
97777  47.389  -5.513  31.963 0.0000000000
98853  47.018  -4.965  31.753 0.0000000000
100812  38.609  -3.369  41.987 0.0000000000
93331  43.687  -10.438  50.324 0.0000000000
93342  44.586  -10.244  48.422 0.0000000000
92269  40.076  -11.542  48.675 0.0000000000
92272  40.781  -11.329  47.193 0.0000000000
93402  42.327  -10.562  41.827 0.0000000000
93388  42.187  -10.616  42.829 0.0000000000
94490  42.618  -9.764  42.304 0.0000000000
94498  42.937  -9.353  40.642 0.0000000000
97625  45.363  -6.437  46.745 0.0000000000
97603  45.489  -6.624  47.735 0.0000000000
97626  44.301  -6.594  46.859 0.0000000000
98722  43.887  -5.918  45.273 0.0000000000
101759  42.464  -2.445  41.236 0.0000000000
95487  48.085  -8.840  50.222 0.0000000000
94414  48.175  -9.013  49.399 0.0000000000
96591  48.725  -6.733  42.942 0.0000000000
97670  49.353  -6.132  42.960 0.0000000000
100858  45.808  -3.067  36.420 0.0000000000
100851  46.016  -3.501  37.154 0.0000000000
103660  46.860  -0.384  36.741 0.0000000000
103658  48.296  -0.586  37.476 0.0000000000
102721  47.407  -0.783  37.722 0.0000000000
102707  47.639  -1.359  38.411 0.0000000000
102708  46.574  -1.611  38.293 0.0000000000
97733  42.162  -6.218  35.266 0.0000000000
98805  42.326  -5.402  35.826 0.0000000000
97723  42.025  -6.197  35.989 0.0000000000
97713  41.973  -6.268  36.568 0.0000000000
98726  40.045  -5.634  45.313 0.0000000000
99764  39.384  -4.578  44.148 0.0000000000
92226  44.263  -11.905  55.412 0.0000000000
92250  42.752  -11.364  52.630 0.0000000000
92243  43.029  -11.584  53.372 0.0000000000
93320  43.069  -10.791  51.832 0.0000000000
98684  49.237  -5.629  48.344 0.0000000000
97575  48.364  -6.106  48.430 0.0000000000
98699  48.832  -5.548  47.526 0.0000000000
98719  46.925  -5.202  45.649 0.0000000000
98707  47.446  -5.611  46.474 0.0000000000
98708  46.313  -5.860  46.133 0.0000000000
98737  45.426  -5.063  44.795 0.0000000000
99757  46.191  -4.472  44.579 0.0000000000
100776  45.490  -3.782  43.518 0.0000000000
100822  44.678  -3.223  41.002 0.0000000000
94435  46.874  -9.226  46.138 0.0000000000
94446  46.721  -9.016  45.426 0.0000000000
96586  46.435  -7.610  42.837 0.0000000000
96585  47.235  -7.515  43.157 0.0000000000
102797  45.462  -1.018  32.797 0.0000000000
103686  46.260  -0.229  34.080 0.0000000000
103700  45.212  -0.355  32.684 0.0000000000
102785  43.577  -1.016  33.249 0.0000000000
103687  44.827  0.349  34.010 0.0000000000
103678  44.325  -0.113  34.373 0.0000000000
103677  45.093  0.332  34.964 0.0000000000
102755  43.916  -0.827  35.278 0.0000000000
102773  43.199  -1.485  34.214 0.0000000000
100873  42.603  -3.403  34.200 0.0000000000
98823  42.571  -5.421  34.118 0.0000000000
98812  42.398  -5.401  34.957 0.0000000000
96694  42.334  -7.428  33.939 0.0000000000
94592  43.778  -9.615  33.438 0.0000000000
89159  40.184  -14.370  53.033 0.0000000000
90201  40.659  -13.822  52.978 0.0000000000
90223  39.041  -13.131  51.061 0.0000000000
91241  38.903  -13.019  50.764 0.0000000000
91243  39.098  -12.395  49.690 0.0000000000
99724  51.569  -4.909  47.591 0.0000000000
99731  51.067  -4.734  47.337 0.0000000000
99746  49.899  -4.603  45.654 0.0000000000
98811  44.716  -5.580  35.710 0.0000000000
99847  44.935  -4.553  35.946 0.0000000000
100880  46.323  -3.530  32.774 0.0000000000
101845  45.567  -2.247  33.063 0.0000000000
99881  45.521  -4.187  31.532 0.0000000000
98855  45.092  -5.276  31.520 0.0000000000
99882  44.545  -4.258  31.606 0.0000000000
97780  44.741  -6.440  31.715 0.0000000000
94380  46.529  -9.702  54.574 0.0000000000
94391  47.274  -9.147  53.849 0.0000000000
94406  47.332  -9.132  51.770 0.0000000000
94400  46.573  -9.420  52.429 0.0000000000
93310  44.480  -10.667  53.556 0.0000000000
93309  45.310  -10.243  53.767 0.0000000000
93335  45.122  -9.991  50.098 0.0000000000
94412  45.846  -9.751  50.207 0.0000000000
94411  46.704  -9.490  50.443 0.0000000000
94422  46.526  -9.692  48.348 0.0000000000
94437  44.857  -9.673  46.186 0.0000000000
94436  45.765  -9.508  46.222 0.0000000000
94459  45.069  -9.013  44.640 0.0000000000
94460  44.467  -9.145  44.511 0.0000000000
91232  40.818  -12.809  52.270 0.0000000000
91231  41.445  -12.332  52.496 0.0000000000
93339  41.885  -10.702  49.165 0.0000000000
93333  42.241  -10.683  49.688 0.0000000000
92276  40.920  -11.376  46.326 0.0000000000
93367  41.737  -10.896  45.029 0.0000000000
93359  42.497  -10.383  45.605 0.0000000000
93349  43.003  -10.376  47.267 0.0000000000
93358  42.973  -10.095  45.792 0.0000000000
94439  43.534  -9.998  46.263 0.0000000000
94450  43.426  -9.891  45.706 0.0000000000
94479  43.214  -9.005  42.759 0.0000000000
95549  43.987  -8.568  43.181 0.0000000000
95564  43.533  -8.395  41.020 0.0000000000
93442  44.899  -10.717  38.354 0.0000000000
94550  45.451  -9.707  36.815 0.0000000000
90174  40.478  -14.004  55.541 0.0000000000
89141  38.834  -14.962  54.565 0.0000000000
89140  39.621  -15.041  54.277 0.0000000000
88032  38.785  -15.591  53.937 0.0000000000
97547  45.196  -6.312  50.256 0.0000000000
97548  44.242  -6.273  50.243 0.0000000000
97559  43.988  -6.587  49.462 0.0000000000
97605  43.546  -6.719  47.719 0.0000000000
97629  41.390  -6.507  46.749 0.0000000000
98740  42.571  -5.312  44.651 0.0000000000
99762  41.251  -4.634  44.151 0.0000000000
99778  41.805  -4.096  43.579 0.0000000000
99776  43.711  -4.012  43.752 0.0000000000
101752  41.625  -2.462  41.831 0.0000000000
100795  41.923  -2.972  42.539 0.0000000000
100796  40.904  -2.838  42.471 0.0000000000
101754  39.867  -2.651  41.430 0.0000000000
101762  39.759  -2.794  41.112 0.0000000000
100823  40.874  -3.669  39.930 0.0000000000
95463  48.708  -8.268  53.626 0.0000000000
95485  49.547  -7.952  50.879 0.0000000000
96534  50.440  -7.593  50.321 0.0000000000
96538  50.459  -7.593  49.382 0.0000000000
95501  48.429  -8.724  46.848 0.0000000000
95500  48.816  -8.613  47.499 0.0000000000
95510  49.141  -8.098  46.380 0.0000000000
96564  49.616  -7.366  46.129 0.0000000000
96563  50.104  -7.090  46.671 0.0000000000
96562  50.728  -6.643  47.317 0.0000000000
97621  50.976  -5.927  46.797 0.0000000000
97622  50.375  -6.274  46.228 0.0000000000
98758  49.254  -5.573  43.347 0.0000000000
98751  49.203  -5.471  43.964 0.0000000000
98736  49.024  -4.917  44.333 0.0000000000
98752  48.890  -5.064  43.664 0.0000000000
97688  45.323  -6.530  40.451 0.0000000000
97697  45.652  -5.728  39.415 0.0000000000
98790  46.955  -4.714  39.241 0.0000000000
98784  46.503  -5.315  39.669 0.0000000000
98783  47.482  -4.852  39.846 0.0000000000
98773  47.766  -5.310  40.562 0.0000000000
101815  47.284  -1.670  36.607 0.0000000000
101814  48.046  -1.515  36.998 0.0000000000
101791  48.900  -2.227  38.657 0.0000000000
100840  48.715  -3.008  38.754 0.0000000000
100831  48.905  -3.049  39.330 0.0000000000
99809  48.667  -4.322  40.176 0.0000000000
99808  48.777  -4.156  40.457 0.0000000000
98771  48.894  -4.786  41.064 0.0000000000
100805  48.206  -3.750  40.762 0.0000000000
99800  47.761  -4.158  41.481 0.0000000000
99790  47.965  -4.465  42.203 0.0000000000
100806  47.233  -3.796  40.968 0.0000000000
99801  46.927  -4.126  41.632 0.0000000000
100820  46.514  -3.361  40.407 0.0000000000
101783  44.672  -2.658  39.439 0.0000000000
101768  45.757  -3.171  40.234 0.0000000000
101817  43.249  -1.871  36.160 0.0000000000
102724  44.057  -1.817  37.102 0.0000000000
101809  42.788  -2.733  36.742 0.0000000000
101798  42.097  -3.310  38.429 0.0000000000
99831  42.188  -4.529  38.286 0.0000000000
96646  41.073  -7.267  37.145 0.0000000000
97706  41.458  -6.614  37.968 0.0000000000
94579  42.353  -8.907  34.803 0.0000000000
97648  40.252  -6.115  45.922 0.0000000000
98725  40.949  -5.716  45.317 0.0000000000
91211  43.311  -12.166  54.246 0.0000000000
91230  42.132  -11.855  52.767 0.0000000000
99741  48.435  -4.742  46.000 0.0000000000
100791  45.994  -4.001  42.363 0.0000000000
95522  45.868  -9.025  45.022 0.0000000000
95521  46.426  -8.826  44.932 0.0000000000
101866  44.293  -2.400  31.744 0.0000000000
103701  44.578  -0.471  32.552 0.0000000000
101856  43.885  -2.264  32.048 0.0000000000
101847  43.396  -2.100  32.766 0.0000000000
101848  43.087  -2.542  33.260 0.0000000000
101838  42.813  -2.480  33.829 0.0000000000
100883  42.883  -3.407  33.266 0.0000000000
98838  42.812  -5.407  33.316 0.0000000000
96693  42.807  -7.227  33.363 0.0000000000
95662  43.714  -8.877  32.830 0.0000000000
89160  39.656  -14.702  52.902 0.0000000000
89178  39.317  -14.367  52.450 0.0000000000
98661  51.285  -5.265  49.340 0.0000000000
98681  51.752  -5.152  48.328 0.0000000000
99730  51.408  -4.875  47.057 0.0000000000
97722  44.616  -6.569  36.542 0.0000000000
99862  47.022  -4.407  33.030 0.0000000000
99872  47.261  -4.279  32.454 0.0000000000
100888  46.801  -3.700  32.256 0.0000000000
100896  46.596  -3.554  31.903 0.0000000000
99880  46.456  -4.130  31.660 0.0000000000
98854  46.126  -5.136  31.587 0.0000000000
94381  45.941  -9.854  53.930 0.0000000000
93325  44.406  -10.265  51.593 0.0000000000
93330  44.448  -10.232  50.625 0.0000000000
94418  45.049  -10.142  48.760 0.0000000000
94423  45.357  -10.062  48.162 0.0000000000
93341  44.957  -10.189  48.136 0.0000000000
94430  44.563  -9.880  46.751 0.0000000000
92262  39.887  -11.924  50.351 0.0000000000
92261  40.521  -11.602  50.474 0.0000000000
93351  41.285  -10.937  47.578 0.0000000000
93377  41.884  -10.993  44.182 0.0000000000
94470  42.886  -9.825  44.266 0.0000000000
94509  43.444  -9.505  39.609 0.0000000000
94508  43.847  -9.941  39.063 0.0000000000
93459  45.324  -10.615  37.845 0.0000000000
93475  46.512  -10.502  36.981 0.0000000000
97602  46.365  -6.491  47.769 0.0000000000
97577  46.571  -6.574  48.567 0.0000000000
97578  45.644  -6.675  48.615 0.0000000000
97579  44.712  -6.730  48.615 0.0000000000
97627  43.352  -6.585  46.838 0.0000000000
97645  43.145  -6.435  45.952 0.0000000000
99760  43.172  -4.607  44.224 0.0000000000
100793  43.670  -3.143  42.477 0.0000000000
101751  42.530  -2.663  42.060 0.0000000000
101761  40.383  -2.713  40.801 0.0000000000
99810  41.156  -4.215  39.625 0.0000000000
95474  47.955  -8.624  52.129 0.0000000000
95473  48.700  -8.220  52.534 0.0000000000
95486  48.762  -8.483  50.516 0.0000000000
95528  48.591  -7.777  44.555 0.0000000000
96576  49.185  -7.177  44.615 0.0000000000
96575  49.667  -6.694  45.298 0.0000000000
97656  49.732  -6.095  44.795 0.0000000000
97657  49.382  -6.443  44.137 0.0000000000
97669  49.420  -5.862  43.557 0.0000000000
98797  45.752  -4.758  38.196 0.0000000000
99835  45.952  -4.105  37.636 0.0000000000
99834  46.646  -3.820  37.972 0.0000000000
100842  47.123  -3.506  37.993 0.0000000000
103666  47.368  -0.442  36.463 0.0000000000
102736  48.140  -0.829  36.733 0.0000000000
103665  48.215  -0.481  36.984 0.0000000000
102705  48.796  -1.407  38.084 0.0000000000
101779  48.883  -2.561  39.287 0.0000000000
101766  48.889  -2.963  39.721 0.0000000000
101780  48.410  -2.379  39.435 0.0000000000
100833  48.024  -2.793  39.801 0.0000000000
100834  47.168  -2.966  39.810 0.0000000000
101793  46.706  -2.063  38.761 0.0000000000
101794  45.678  -2.113  38.484 0.0000000000
100860  42.615  -3.550  36.141 0.0000000000
99837  42.501  -4.549  36.485 0.0000000000
99830  42.447  -4.707  37.446 0.0000000000
98793  42.375  -5.294  37.363 0.0000000000
98800  42.128  -6.061  37.041 0.0000000000
97714  41.659  -6.586  36.987 0.0000000000
96536  51.867  -6.507  50.298 0.0000000000
98727  39.078  -5.622  45.403 0.0000000000
99781  39.072  -4.111  43.592 0.0000000000
92241  44.287  -11.197  54.312 0.0000000000
93311  43.886  -10.822  53.074 0.0000000000
92242  43.660  -11.391  53.775 0.0000000000
92277  40.327  -11.872  46.703 0.0000000000
92283  40.518  -11.956  45.958 0.0000000000
91266  41.124  -12.278  44.807 0.0000000000
92295  41.619  -11.670  43.716 0.0000000000
92305  41.897  -11.568  42.994 0.0000000000
92304  42.206  -11.490  42.249 0.0000000000
92331  43.150  -11.073  40.819 0.0000000000
98700  48.071  -5.785  47.180 0.0000000000
97601  47.290  -6.277  47.606 0.0000000000
98709  45.545  -6.013  45.907 0.0000000000
98738  44.558  -5.220  44.699 0.0000000000
99775  44.573  -3.987  43.849 0.0000000000
100766  45.866  -4.047  44.111 0.0000000000
101770  43.708  -2.813  40.628 0.0000000000
94421  47.549  -9.428  48.674 0.0000000000
95511  48.042  -8.755  46.170 0.0000000000
95529  47.982  -8.108  44.425 0.0000000000
96584  48.215  -7.234  43.349 0.0000000000
97672  47.999  -6.434  42.027 0.0000000000
101825  46.005  -1.675  35.452 0.0000000000
102753  46.368  -0.977  35.104 0.0000000000
102770  46.704  -0.360  34.832 0.0000000000
104653  46.791  0.383  34.861 0.0000000000
103694  44.961  0.236  33.146 0.0000000000
104662  46.030  0.499  34.447 0.0000000000
103675  46.926  0.179  35.413 0.0000000000
103676  46.140  0.466  35.296 0.0000000000
103668  45.659  0.029  35.565 0.0000000000
102739  45.288  -0.614  36.283 0.0000000000
101827  43.073  -1.796  35.381 0.0000000000
101828  42.727  -2.340  34.772 0.0000000000
100867  42.626  -3.450  35.157 0.0000000000
96683  41.960  -7.282  34.493 0.0000000000
94578  42.920  -9.091  34.388 0.0000000000
90186  41.533  -13.891  54.128 0.0000000000
90200  41.261  -13.398  53.202 0.0000000000
90211  39.735  -13.796  52.320 0.0000000000
91237  39.819  -12.851  51.464 0.0000000000
91239  40.033  -12.057  50.829 0.0000000000
92266  39.564  -12.037  49.934 0.0000000000
92270  39.510  -11.933  49.160 0.0000000000
92274  39.534  -12.021  48.350 0.0000000000
98682  51.081  -4.947  48.272 0.0000000000
98697  50.609  -4.852  47.727 0.0000000000
98698  49.902  -5.027  47.524 0.0000000000
96611  44.204  -7.778  41.361 0.0000000000
96610  44.836  -7.039  40.741 0.0000000000
98798  45.249  -5.112  37.666 0.0000000000
99842  45.278  -4.351  36.746 0.0000000000
100859  45.243  -3.872  36.136 0.0000000000
98821  45.413  -5.995  33.933 0.0000000000
98822  44.852  -5.633  34.573 0.0000000000
99864  45.054  -4.457  33.983 0.0000000000
99863  45.902  -4.372  33.340 0.0000000000
100872  45.026  -3.567  34.377 0.0000000000
101837  45.198  -2.826  34.614 0.0000000000
101826  45.412  -2.492  35.091 0.0000000000
101836  45.526  -1.879  34.351 0.0000000000
101864  45.300  -2.722  31.652 0.0000000000
101865  44.783  -2.517  31.632 0.0000000000
97781  43.899  -6.425  32.043 0.0000000000
95667  45.007  -8.655  31.730 0.0000000000
94410  47.432  -9.177  50.773 0.0000000000
93300  45.649  -10.378  54.758 0.0000000000
94393  45.865  -9.746  53.081 0.0000000000
93324  45.141  -10.016  51.850 0.0000000000
94401  45.857  -9.711  52.121 0.0000000000
95532  44.944  -8.847  44.368 0.0000000000
95548  44.731  -8.039  42.702 0.0000000000
91223  41.725  -12.728  53.200 0.0000000000
92251  42.063  -11.593  52.277 0.0000000000
92257  41.025  -11.600  51.178 0.0000000000
92256  41.684  -11.453  51.566 0.0000000000
92259  42.275  -10.923  50.971 0.0000000000
93332  42.736  -10.641  50.118 0.0000000000
93338  42.736  -10.561  49.139 0.0000000000
93343  43.444  -10.405  48.287 0.0000000000
93356  41.448  -10.890  46.839 0.0000000000
93350  41.969  -10.600  47.466 0.0000000000
94438  44.066  -9.879  46.350 0.0000000000
95541  44.100  -8.768  43.717 0.0000000000
96603  44.306  -7.834  41.890 0.0000000000
96623  44.022  -7.747  40.510 0.0000000000
95573  43.886  -8.002  39.063 0.0000000000
93426  43.722  -10.546  39.622 0.0000000000
94520  44.233  -9.705  38.289 0.0000000000
94534  45.069  -9.944  37.412 0.0000000000
90173  41.283  -13.925  55.064 0.0000000000
89128  40.969  -14.408  54.255 0.0000000000
89139  40.266  -14.810  53.826 0.0000000000
89130  39.676  -14.512  55.036 0.0000000000
88051  37.878  -16.039  53.507 0.0000000000
86948  37.858  -16.273  52.938 0.0000000000
97560  43.054  -6.501  49.435 0.0000000000
97647  41.158  -6.333  45.911 0.0000000000
98724  41.897  -5.831  45.295 0.0000000000
99780  39.909  -4.103  43.578 0.0000000000
100781  40.351  -3.480  43.033 0.0000000000
100779  42.328  -3.510  43.115 0.0000000000
100811  39.220  -2.988  41.358 0.0000000000
100824  40.106  -3.612  40.443 0.0000000000
95481  49.491  -7.800  51.893 0.0000000000
96533  51.218  -7.078  50.738 0.0000000000
95494  48.841  -8.657  48.533 0.0000000000
95493  49.589  -8.181  48.969 0.0000000000
95509  49.613  -7.915  47.215 0.0000000000
96545  50.353  -7.480  48.470 0.0000000000
96544  51.300  -6.784  48.882 0.0000000000
97574  51.598  -6.192  48.225 0.0000000000
98703  51.418  -5.157  46.937 0.0000000000
98704  51.088  -5.179  46.429 0.0000000000
97642  50.180  -5.953  45.645 0.0000000000
98718  50.127  -5.237  45.397 0.0000000000
99745  50.482  -4.837  45.798 0.0000000000
100763  48.013  -4.336  43.523 0.0000000000
96609  45.472  -6.592  40.753 0.0000000000
96601  45.868  -6.762  41.378 0.0000000000
97680  46.628  -6.226  41.070 0.0000000000
96600  46.760  -6.487  41.473 0.0000000000
97679  47.633  -5.976  41.333 0.0000000000
100857  46.584  -2.420  36.673 0.0000000000
100841  47.836  -2.991  38.153 0.0000000000
101804  48.305  -1.919  37.547 0.0000000000
99827  48.173  -3.760  38.900 0.0000000000
98782  48.233  -4.691  40.204 0.0000000000
98765  48.661  -5.352  41.239 0.0000000000
98764  48.920  -5.150  41.822 0.0000000000
100804  48.695  -3.791  40.432 0.0000000000
99774  48.172  -4.608  42.793 0.0000000000
100773  48.069  -4.528  43.156 0.0000000000
100774  47.553  -4.414  43.001 0.0000000000
100790  46.920  -4.231  42.560 0.0000000000
99802  46.417  -4.143  41.853 0.0000000000
100821  45.525  -3.410  40.801 0.0000000000
102723  44.782  -1.477  37.130 0.0000000000
101807  44.128  -2.075  37.635 0.0000000000
101796  43.318  -2.471  38.287 0.0000000000
101785  42.417  -2.693  39.131 0.0000000000
100835  41.447  -3.695  39.399 0.0000000000
99821  41.560  -4.788  39.090 0.0000000000
98785  41.611  -5.838  38.669 0.0000000000
96706  43.731  -7.746  32.199 0.0000000000
95661  43.920  -8.447  32.245 0.0000000000
88048  39.746  -14.807  53.099 0.0000000000
88049  39.284  -15.116  52.947 0.0000000000
89158  40.754  -13.974  53.234 0.0000000000
89177  39.902  -13.993  52.587 0.0000000000
90199  41.843  -12.900  53.494 0.0000000000
90216  40.030  -13.057  51.760 0.0000000000
90217  39.403  -13.462  51.678 0.0000000000
93319  43.635  -10.700  52.310 0.0000000000
93347  44.864  -10.155  47.825 0.0000000000
93354  43.043  -10.181  46.274 0.0000000000
93441  45.481  -10.987  38.144 0.0000000000
94420  48.232  -9.114  49.006 0.0000000000
94424  45.016  -10.176  48.450 0.0000000000
94451  42.955  -10.062  45.545 0.0000000000
94468  44.191  -8.872  43.996 0.0000000000
94565  42.548  -9.262  34.953 0.0000000000
95491  48.119  -8.906  49.803 0.0000000000
95538  46.530  -7.818  43.358 0.0000000000
95555  44.411  -7.888  42.161 0.0000000000
96553  50.918  -6.735  48.012 0.0000000000
96714  43.693  -7.186  32.252 0.0000000000
97620  51.493  -5.478  47.353 0.0000000000
97663  49.389  -6.233  43.637 0.0000000000
97678  48.596  -5.847  41.821 0.0000000000
97724  41.612  -6.798  36.121 0.0000000000
98696  51.724  -5.074  47.500 0.0000000000
98717  50.691  -5.166  45.887 0.0000000000
98721  44.940  -5.756  45.439 0.0000000000
98774  46.913  -5.447  40.270 0.0000000000
98792  45.477  -5.310  38.467 0.0000000000
99732  50.512  -4.716  47.300 0.0000000000
99737  51.273  -4.927  46.688 0.0000000000
99791  47.281  -4.312  42.074 0.0000000000
99792  46.685  -4.223  42.102 0.0000000000
99818  48.847  -3.750  39.830 0.0000000000
99819  48.365  -4.216  39.626 0.0000000000
99828  47.122  -4.105  38.547 0.0000000000
99829  46.299  -4.372  38.240 0.0000000000
99836  45.496  -4.385  37.282 0.0000000000
99865  42.791  -4.428  33.014 0.0000000000
100778  43.266  -3.498  43.179 0.0000000000
100832  48.517  -2.787  39.733 0.0000000000
100882  43.213  -2.840  32.975 0.0000000000
101750  43.067  -2.881  42.222 0.0000000000
101767  48.753  -2.798  39.644 0.0000000000
101792  48.600  -2.335  38.251 0.0000000000
101805  47.657  -2.091  37.222 0.0000000000
101816  46.434  -1.972  36.271 0.0000000000
101855  44.545  -1.817  31.857 0.0000000000
102694  48.856  -1.866  38.639 0.0000000000
102695  48.554  -1.800  38.948 0.0000000000
102696  48.076  -1.895  39.069 0.0000000000
102719  48.620  -1.079  37.383 0.0000000000
102720  48.390  -1.274  37.102 0.0000000000
102735  48.466  -0.658  37.029 0.0000000000
102738  46.265  -0.474  36.611 0.0000000000
102752  46.698  -0.565  35.261 0.0000000000
102771  46.275  -0.746  34.670 0.0000000000
102786  43.121  -1.892  33.420 0.0000000000
102799  44.080  -1.121  32.363 0.0000000000
103650  48.779  -1.035  38.069 0.0000000000
103651  48.422  -0.873  38.065 0.0000000000
103652  47.923  -0.651  37.809 0.0000000000
103657  48.637  -0.890  37.711 0.0000000000
103659  47.573  -0.442  37.225 0.0000000000
103664  48.507  -0.681  37.264 0.0000000000
103685  46.830  -0.003  34.639 0.0000000000
103688  44.152  -0.078  33.547 0.0000000000
103693  45.867  -0.050  33.389 0.0000000000
103702  44.245  -0.613  32.533 0.0000000000
104654  46.450  0.518  34.904 0.0000000000
104661  46.473  0.324  34.564 0.0000000000
104663  45.446  0.480  34.335 0.0000000000
104667  46.100  0.263  34.086 0.0000000000
104668  45.616  0.327  33.857 0.0000000000
104669  45.208  0.397  33.816 0.0000000000
