#!ascii label  , from subject 3501 vox2ras=TkReg
354
34590  36.336  -61.484  1.943 0.0000000000
33393  41.015  -62.202  -8.326 0.0000000000
29367  40.654  -65.158  -3.679 0.0000000000
34671  36.554  -61.412  -4.744 0.0000000000
25252  37.283  -68.640  -7.645 0.0000000000
28106  39.698  -66.918  -5.906 0.0000000000
25266  40.980  -68.813  -8.563 0.0000000000
34708  38.590  -61.482  -6.460 0.0000000000
37534  42.674  -59.507  -2.768 0.0000000000
31939  38.058  -63.160  -0.842 0.0000000000
30714  37.208  -64.947  -3.941 0.0000000000
28085  35.662  -65.665  -5.909 0.0000000000
29468  36.236  -64.852  -8.718 0.0000000000
22420  35.182  -69.707  -10.073 0.0000000000
34535  36.861  -61.841  5.210 0.0000000000
30633  39.061  -64.223  1.766 0.0000000000
31934  42.498  -64.020  -0.929 0.0000000000
39055  40.414  -58.504  -1.118 0.0000000000
26667  42.069  -68.024  -7.339 0.0000000000
33366  39.190  -62.143  -7.581 0.0000000000
36144  41.066  -60.646  -5.843 0.0000000000
31974  39.794  -63.850  -1.923 0.0000000000
29368  39.733  -65.186  -3.770 0.0000000000
26670  38.743  -67.953  -7.046 0.0000000000
28108  37.523  -66.851  -6.014 0.0000000000
26650  35.959  -67.198  -6.730 0.0000000000
28121  35.205  -66.506  -7.624 0.0000000000
25254  35.363  -68.015  -8.167 0.0000000000
26711  36.305  -66.968  -10.846 0.0000000000
30615  40.993  -64.867  1.733 0.0000000000
30645  41.109  -64.147  0.573 0.0000000000
30629  42.257  -64.720  0.814 0.0000000000
34654  36.033  -61.590  -3.443 0.0000000000
37565  37.745  -59.578  -3.046 0.0000000000
39075  45.632  -58.936  -2.394 0.0000000000
39051  44.508  -58.698  -1.535 0.0000000000
28056  41.934  -66.037  -4.771 0.0000000000
28058  40.330  -65.966  -4.727 0.0000000000
28104  42.027  -67.051  -5.991 0.0000000000
26668  40.941  -68.009  -7.198 0.0000000000
25267  39.851  -68.855  -8.323 0.0000000000
34688  36.917  -61.744  -5.874 0.0000000000
36105  38.836  -59.887  -4.241 0.0000000000
36127  40.104  -60.389  -5.294 0.0000000000
36076  43.340  -60.211  -4.040 0.0000000000
34748  42.784  -62.182  -8.479 0.0000000000
33241  36.852  -62.218  0.704 0.0000000000
33268  36.188  -62.829  -2.559 0.0000000000
31990  35.838  -63.570  -3.760 0.0000000000
29420  38.373  -65.927  -4.858 0.0000000000
29422  36.511  -65.644  -5.074 0.0000000000
32019  35.531  -63.441  -5.723 0.0000000000
32030  36.190  -63.005  -6.732 0.0000000000
32067  37.093  -63.443  -7.956 0.0000000000
30767  37.964  -64.033  -9.069 0.0000000000
23783  35.689  -69.187  -8.806 0.0000000000
26692  35.197  -67.626  -9.452 0.0000000000
29486  37.686  -65.167  -9.932 0.0000000000
32088  39.270  -63.712  -9.330 0.0000000000
35936  38.026  -60.124  4.313 0.0000000000
34578  36.271  -61.690  3.169 0.0000000000
31891  36.885  -63.694  3.360 0.0000000000
31908  36.960  -63.102  1.869 0.0000000000
31921  38.567  -63.351  0.560 0.0000000000
31955  40.259  -63.539  -1.235 0.0000000000
30675  42.098  -64.303  -2.087 0.0000000000
30673  43.711  -64.613  -1.906 0.0000000000
29391  43.530  -65.579  -3.967 0.0000000000
37513  41.504  -58.968  -1.971 0.0000000000
35993  36.229  -60.747  2.213 0.0000000000
38979  36.868  -59.128  2.281 0.0000000000
37459  36.443  -59.686  2.049 0.0000000000
33364  40.918  -61.692  -7.636 0.0000000000
34705  42.159  -61.206  -6.730 0.0000000000
30691  40.958  -64.636  -3.070 0.0000000000
30692  40.021  -64.690  -3.179 0.0000000000
25251  38.299  -68.464  -7.529 0.0000000000
26671  37.666  -67.956  -7.084 0.0000000000
26672  36.524  -67.924  -7.203 0.0000000000
25253  36.041  -68.594  -7.950 0.0000000000
26733  35.907  -67.895  -11.884 0.0000000000
30630  41.525  -64.641  1.141 0.0000000000
36080  36.885  -60.349  -3.524 0.0000000000
36079  38.005  -59.792  -3.818 0.0000000000
39049  46.472  -58.369  -1.924 0.0000000000
28079  41.410  -66.490  -5.334 0.0000000000
25248  41.524  -68.466  -7.971 0.0000000000
25249  40.407  -68.435  -7.784 0.0000000000
34709  37.609  -61.705  -6.285 0.0000000000
34686  38.902  -60.752  -5.654 0.0000000000
34685  39.547  -60.578  -5.559 0.0000000000
36101  42.634  -60.365  -4.686 0.0000000000
36075  44.340  -60.275  -4.054 0.0000000000
37558  44.959  -59.821  -3.513 0.0000000000
33246  37.732  -62.884  -0.416 0.0000000000
33247  36.957  -62.317  -0.272 0.0000000000
33256  37.656  -63.066  -1.175 0.0000000000
33269  35.890  -62.950  -3.267 0.0000000000
30696  36.177  -64.235  -3.753 0.0000000000
28080  40.175  -66.328  -5.179 0.0000000000
29419  39.277  -65.947  -4.791 0.0000000000
28081  39.019  -66.397  -5.359 0.0000000000
28109  36.485  -66.681  -6.145 0.0000000000
28083  36.966  -66.291  -5.495 0.0000000000
29423  35.737  -65.232  -5.301 0.0000000000
30728  35.488  -64.340  -5.478 0.0000000000
33322  35.854  -62.734  -6.028 0.0000000000
30742  35.503  -64.318  -6.529 0.0000000000
29469  35.591  -65.577  -8.472 0.0000000000
30756  36.082  -64.039  -7.742 0.0000000000
30769  36.541  -64.169  -8.322 0.0000000000
32066  38.040  -63.424  -8.507 0.0000000000
30786  36.807  -64.595  -8.938 0.0000000000
21142  36.194  -71.796  -12.200 0.0000000000
22438  34.966  -70.153  -10.684 0.0000000000
22437  35.832  -70.690  -10.442 0.0000000000
22419  35.560  -70.067  -9.856 0.0000000000
23797  35.306  -69.303  -9.510 0.0000000000
25271  35.291  -68.457  -8.797 0.0000000000
25281  35.041  -68.406  -9.944 0.0000000000
28178  36.971  -66.660  -11.186 0.0000000000
28156  36.527  -66.480  -10.501 0.0000000000
29510  37.188  -65.741  -10.295 0.0000000000
30784  38.493  -64.432  -9.624 0.0000000000
30783  39.532  -64.265  -9.883 0.0000000000
35909  38.152  -60.352  4.900 0.0000000000
34549  37.193  -61.229  4.802 0.0000000000
35962  36.856  -60.604  3.931 0.0000000000
33203  36.478  -62.103  4.297 0.0000000000
30604  38.947  -64.900  3.031 0.0000000000
30594  37.779  -64.695  4.002 0.0000000000
30619  37.888  -64.217  2.716 0.0000000000
31895  37.324  -63.661  2.493 0.0000000000
31906  38.419  -63.711  1.501 0.0000000000
31922  37.991  -63.252  0.906 0.0000000000
31905  39.208  -63.758  1.145 0.0000000000
31918  41.198  -63.808  0.027 0.0000000000
31936  40.778  -63.563  -0.529 0.0000000000
31935  41.727  -63.800  -0.587 0.0000000000
31972  41.439  -63.946  -1.804 0.0000000000
31953  42.006  -63.901  -1.378 0.0000000000
29362  45.824  -65.511  -3.218 0.0000000000
29363  44.873  -65.254  -2.904 0.0000000000
29364  43.792  -65.113  -2.954 0.0000000000
37562  40.701  -59.565  -3.394 0.0000000000
37563  39.794  -59.485  -3.261 0.0000000000
37535  41.621  -59.363  -2.748 0.0000000000
39024  44.384  -58.235  -0.505 0.0000000000
34731  39.535  -61.585  -7.032 0.0000000000
34707  39.971  -60.863  -6.171 0.0000000000
31956  39.265  -63.517  -1.245 0.0000000000
31957  38.250  -63.412  -1.374 0.0000000000
31975  38.823  -63.900  -1.983 0.0000000000
30694  38.020  -64.827  -3.536 0.0000000000
26647  39.221  -67.436  -6.508 0.0000000000
28107  38.597  -66.902  -5.956 0.0000000000
26648  38.128  -67.413  -6.527 0.0000000000
26649  37.023  -67.368  -6.581 0.0000000000
28110  35.554  -66.233  -6.495 0.0000000000
26651  35.398  -66.893  -7.060 0.0000000000
28122  35.125  -67.019  -7.746 0.0000000000
28128  35.231  -66.607  -8.435 0.0000000000
23814  34.931  -69.280  -10.336 0.0000000000
25299  35.137  -68.571  -11.139 0.0000000000
26732  36.752  -67.051  -11.510 0.0000000000
30616  40.316  -64.785  1.992 0.0000000000
30632  39.744  -64.311  1.545 0.0000000000
30631  40.571  -64.326  1.176 0.0000000000
30644  41.859  -64.263  0.258 0.0000000000
30656  42.421  -64.187  -0.336 0.0000000000
37538  38.528  -59.143  -2.367 0.0000000000
37537  39.601  -59.194  -2.538 0.0000000000
37533  43.696  -59.546  -2.759 0.0000000000
37511  43.519  -59.185  -2.076 0.0000000000
39050  45.526  -58.535  -1.665 0.0000000000
39022  46.166  -58.115  -1.233 0.0000000000
29393  41.296  -65.577  -4.212 0.0000000000
28057  40.909  -66.028  -4.738 0.0000000000
28105  40.849  -66.976  -5.910 0.0000000000
26645  41.476  -67.524  -6.604 0.0000000000
26646  40.332  -67.473  -6.530 0.0000000000
26669  39.827  -67.971  -7.094 0.0000000000
25250  39.315  -68.445  -7.615 0.0000000000
33321  36.288  -62.160  -5.542 0.0000000000
36106  37.688  -60.410  -4.489 0.0000000000
36129  38.459  -60.452  -5.009 0.0000000000
36104  39.891  -60.030  -4.564 0.0000000000
37586  41.179  -59.944  -4.279 0.0000000000
36145  40.506  -60.558  -5.648 0.0000000000
36102  41.634  -60.179  -4.559 0.0000000000
37560  42.977  -59.837  -3.451 0.0000000000
37532  44.735  -59.447  -2.751 0.0000000000
39074  46.573  -58.860  -2.837 0.0000000000
34749  42.175  -61.879  -8.175 0.0000000000
34596  36.562  -61.473  0.968 0.0000000000
34606  36.551  -61.575  -0.067 0.0000000000
34655  35.950  -62.007  -4.389 0.0000000000
29397  37.843  -65.391  -4.295 0.0000000000
28082  37.981  -66.376  -5.431 0.0000000000
29421  37.419  -65.838  -4.926 0.0000000000
29398  36.902  -65.311  -4.466 0.0000000000
30716  35.770  -64.415  -4.489 0.0000000000
32007  35.597  -63.484  -4.727 0.0000000000
33307  35.810  -62.541  -5.020 0.0000000000
33339  36.615  -62.538  -6.556 0.0000000000
33369  36.792  -62.856  -7.166 0.0000000000
29456  35.363  -65.396  -7.138 0.0000000000
32047  36.398  -63.309  -7.258 0.0000000000
33397  37.286  -63.023  -7.613 0.0000000000
33395  38.637  -62.699  -8.079 0.0000000000
33394  39.719  -62.555  -8.366 0.0000000000
23780  39.202  -69.356  -8.823 0.0000000000
21120  36.032  -71.290  -11.187 0.0000000000
23795  37.150  -69.859  -9.160 0.0000000000
23782  36.425  -69.233  -8.460 0.0000000000
25270  35.795  -68.906  -8.446 0.0000000000
28139  35.599  -66.626  -9.471 0.0000000000
26712  35.710  -67.350  -10.558 0.0000000000
28138  36.113  -66.108  -9.696 0.0000000000
29487  36.573  -65.423  -9.491 0.0000000000
30785  37.460  -64.593  -9.324 0.0000000000
32064  39.744  -63.157  -8.990 0.0000000000
33418  40.395  -62.809  -8.921 0.0000000000
33417  41.217  -62.804  -9.177 0.0000000000
37406  38.772  -59.877  4.485 0.0000000000
37430  37.125  -59.910  3.611 0.0000000000
35978  36.343  -60.565  2.984 0.0000000000
34577  36.217  -61.442  2.800 0.0000000000
30579  37.799  -64.748  4.935 0.0000000000
31880  36.496  -62.742  4.252 0.0000000000
31892  36.434  -62.965  3.422 0.0000000000
33228  36.301  -62.230  2.687 0.0000000000
33236  36.638  -62.353  1.706 0.0000000000
33235  37.079  -62.758  1.279 0.0000000000
33239  37.975  -63.096  0.326 0.0000000000
31938  38.668  -63.271  -0.425 0.0000000000
31919  40.419  -63.722  0.322 0.0000000000
31937  39.814  -63.435  -0.456 0.0000000000
31973  40.704  -63.847  -1.876 0.0000000000
30676  41.231  -64.253  -2.381 0.0000000000
30690  41.891  -64.631  -2.883 0.0000000000
30674  42.922  -64.438  -1.999 0.0000000000
29365  42.655  -65.121  -3.350 0.0000000000
29366  41.627  -65.109  -3.563 0.0000000000
36078  38.521  -59.719  -3.825 0.0000000000
37514  40.493  -58.876  -1.879 0.0000000000
37512  42.522  -59.116  -2.003 0.0000000000
39053  42.385  -58.669  -1.248 0.0000000000
23767  36.754  -69.001  -8.045 0.0000000000
23768  36.392  -68.939  -8.143 0.0000000000
23796  36.063  -69.739  -9.184 0.0000000000
25316  35.444  -68.404  -11.953 0.0000000000
26673  35.382  -67.478  -7.616 0.0000000000
26674  35.155  -67.237  -7.864 0.0000000000
26682  35.145  -67.386  -8.510 0.0000000000
26683  35.130  -67.308  -8.085 0.0000000000
26753  36.151  -68.009  -12.463 0.0000000000
28084  36.080  -66.006  -5.690 0.0000000000
28129  35.064  -67.004  -8.047 0.0000000000
28155  37.329  -66.093  -10.759 0.0000000000
28157  35.859  -66.783  -10.199 0.0000000000
29297  40.890  -65.290  2.399 0.0000000000
29351  44.367  -64.917  -2.341 0.0000000000
29352  43.823  -64.826  -2.386 0.0000000000
29369  38.885  -65.209  -3.874 0.0000000000
29370  38.353  -65.265  -4.009 0.0000000000
29399  36.199  -65.105  -4.645 0.0000000000
29442  35.460  -65.192  -6.140 0.0000000000
29485  38.393  -65.034  -10.277 0.0000000000
29488  35.878  -65.897  -9.317 0.0000000000
30605  38.264  -64.689  3.346 0.0000000000
30606  37.515  -64.260  3.331 0.0000000000
30617  39.499  -64.727  2.410 0.0000000000
30618  38.560  -64.357  2.401 0.0000000000
30643  42.834  -64.565  0.245 0.0000000000
30665  42.500  -64.197  -1.617 0.0000000000
30677  40.343  -64.262  -2.506 0.0000000000
30678  39.406  -64.313  -2.591 0.0000000000
30688  43.406  -64.726  -2.369 0.0000000000
30689  42.788  -64.707  -2.613 0.0000000000
30695  36.885  -64.411  -3.365 0.0000000000
30715  36.483  -64.739  -4.101 0.0000000000
30757  35.646  -64.637  -7.538 0.0000000000
30768  37.325  -64.054  -8.682 0.0000000000
30770  35.948  -64.626  -8.189 0.0000000000
30801  38.992  -64.715  -10.265 0.0000000000
31864  36.582  -62.544  4.706 0.0000000000
31894  37.939  -63.871  2.118 0.0000000000
31896  36.625  -63.081  2.550 0.0000000000
31904  39.890  -63.870  0.931 0.0000000000
31907  37.581  -63.314  1.535 0.0000000000
31920  39.444  -63.487  0.369 0.0000000000
31952  42.496  -64.092  -1.307 0.0000000000
31954  41.171  -63.620  -1.261 0.0000000000
31978  36.173  -63.371  -3.061 0.0000000000
32031  35.808  -63.350  -6.569 0.0000000000
32046  36.967  -63.051  -7.463 0.0000000000
32048  35.786  -63.904  -7.148 0.0000000000
32065  39.000  -63.225  -8.720 0.0000000000
32068  36.504  -63.719  -7.845 0.0000000000
32089  38.546  -63.747  -9.076 0.0000000000
33191  36.690  -62.221  4.984 0.0000000000
33218  36.301  -62.150  3.484 0.0000000000
33219  36.284  -61.924  3.207 0.0000000000
33229  36.214  -61.885  2.961 0.0000000000
33240  37.482  -62.767  0.604 0.0000000000
33245  38.232  -63.125  0.009 0.0000000000
33287  35.775  -62.636  -3.944 0.0000000000
33306  36.131  -62.003  -5.032 0.0000000000
33337  37.961  -61.876  -6.696 0.0000000000
33338  37.478  -62.187  -6.721 0.0000000000
33340  36.070  -62.885  -6.487 0.0000000000
33363  43.419  -62.336  -8.578 0.0000000000
33365  40.137  -61.898  -7.695 0.0000000000
33367  38.217  -62.212  -7.225 0.0000000000
33368  37.289  -62.657  -7.246 0.0000000000
33392  42.045  -62.414  -8.749 0.0000000000
33396  37.752  -62.888  -7.799 0.0000000000
34534  37.169  -61.405  5.458 0.0000000000
34550  36.837  -61.506  4.603 0.0000000000
34563  36.367  -61.465  3.609 0.0000000000
34564  36.333  -61.791  3.383 0.0000000000
34670  37.182  -60.858  -4.808 0.0000000000
34672  36.065  -61.977  -4.791 0.0000000000
34687  37.702  -61.067  -5.443 0.0000000000
34710  37.135  -62.024  -6.376 0.0000000000
34729  41.425  -61.402  -7.215 0.0000000000
34732  38.867  -61.817  -7.112 0.0000000000
34750  41.556  -61.691  -7.791 0.0000000000
35937  37.520  -60.769  4.683 0.0000000000
35938  37.085  -61.036  4.515 0.0000000000
35960  37.859  -59.906  3.933 0.0000000000
35961  37.497  -60.179  4.005 0.0000000000
36006  36.321  -60.625  1.335 0.0000000000
36077  42.456  -60.086  -4.075 0.0000000000
36103  40.720  -60.143  -4.671 0.0000000000
36107  37.025  -60.728  -4.409 0.0000000000
36125  41.855  -60.494  -5.303 0.0000000000
36126  40.962  -60.397  -5.225 0.0000000000
36128  39.273  -60.337  -5.068 0.0000000000
37458  36.825  -59.036  1.906 0.0000000000
37510  44.275  -59.196  -2.237 0.0000000000
37531  45.652  -59.397  -3.069 0.0000000000
37536  40.611  -59.263  -2.632 0.0000000000
37539  37.480  -59.336  -2.194 0.0000000000
37559  44.000  -59.860  -3.420 0.0000000000
37561  41.733  -59.765  -3.685 0.0000000000
37564  38.778  -59.530  -3.366 0.0000000000
37566  37.124  -59.739  -2.788 0.0000000000
37587  40.668  -59.806  -4.113 0.0000000000
37588  39.849  -59.702  -3.901 0.0000000000
37589  39.298  -59.629  -3.709 0.0000000000
39052  43.429  -58.697  -1.315 0.0000000000
39076  44.926  -58.964  -2.124 0.0000000000
