#!ascii label  , from subject 3501 vox2ras=TkReg
259
92862  28.874  -11.669  -4.737 0.0000000000
86570  27.890  -17.813  -5.379 0.0000000000
97101  27.377  -7.786  -0.990 0.0000000000
105999  25.695  1.411  -1.783 0.0000000000
83400  25.460  -19.898  -5.277 0.0000000000
100257  29.368  -4.683  -3.677 0.0000000000
103163  29.723  -1.833  -3.092 0.0000000000
91848  26.729  -13.625  -4.105 0.0000000000
89855  27.065  -14.849  -7.255 0.0000000000
91875  28.727  -12.610  -7.892 0.0000000000
95102  28.786  -9.718  -7.227 0.0000000000
93961  29.936  -10.356  -8.034 0.0000000000
95042  28.266  -9.866  -2.282 0.0000000000
97141  29.303  -7.688  -4.464 0.0000000000
104057  27.000  -0.311  -0.828 0.0000000000
106024  29.196  0.877  -2.937 0.0000000000
88796  29.060  -15.897  -5.664 0.0000000000
101265  28.790  -3.517  -0.779 0.0000000000
102192  28.528  -2.487  -0.746 0.0000000000
91831  27.802  -12.757  -3.956 0.0000000000
90833  27.826  -13.547  -5.972 0.0000000000
92898  28.781  -12.166  -7.185 0.0000000000
85513  26.557  -18.855  -5.558 0.0000000000
96078  27.784  -8.856  -1.648 0.0000000000
96095  29.352  -8.839  -3.576 0.0000000000
97110  29.162  -7.655  -2.377 0.0000000000
101289  29.185  -3.928  -4.921 0.0000000000
99229  28.752  -5.516  -5.108 0.0000000000
105060  24.216  0.705  -2.201 0.0000000000
103150  25.528  -0.867  -1.186 0.0000000000
105058  26.047  0.607  -1.439 0.0000000000
108833  27.169  4.165  -4.825 0.0000000000
107938  28.156  2.751  -5.059 0.0000000000
106025  28.746  1.651  -2.812 0.0000000000
106045  28.638  1.418  -5.090 0.0000000000
105080  29.093  0.659  -4.807 0.0000000000
88835  28.205  -14.659  -8.299 0.0000000000
88825  27.852  -15.882  -7.659 0.0000000000
83387  24.698  -20.529  -4.916 0.0000000000
98162  29.107  -6.662  -1.762 0.0000000000
99197  28.727  -5.501  -0.882 0.0000000000
101280  29.606  -3.750  -3.152 0.0000000000
102233  29.478  -2.394  -4.724 0.0000000000
89843  26.632  -14.939  -5.503 0.0000000000
90851  27.090  -14.406  -5.626 0.0000000000
90873  27.745  -14.079  -8.224 0.0000000000
90871  29.458  -13.492  -8.217 0.0000000000
93911  29.275  -10.548  -4.916 0.0000000000
92897  29.038  -11.461  -6.779 0.0000000000
93962  29.370  -10.233  -7.978 0.0000000000
92864  27.476  -11.919  -2.959 0.0000000000
93897  26.267  -10.585  -2.505 0.0000000000
93913  28.368  -11.090  -2.927 0.0000000000
95059  29.398  -9.936  -4.456 0.0000000000
96115  29.152  -8.904  -5.417 0.0000000000
97156  28.337  -7.522  -6.475 0.0000000000
98184  29.306  -6.640  -3.818 0.0000000000
98195  28.266  -6.383  -6.032 0.0000000000
103141  26.637  -1.520  -0.599 0.0000000000
106958  26.325  2.089  -1.906 0.0000000000
106012  27.585  1.784  -1.791 0.0000000000
105056  28.320  0.080  -1.042 0.0000000000
104056  28.804  -0.742  -1.060 0.0000000000
104064  29.649  -0.864  -2.566 0.0000000000
104077  29.602  -0.902  -4.553 0.0000000000
86587  26.658  -17.471  -6.264 0.0000000000
88827  26.748  -16.167  -6.809 0.0000000000
92911  29.207  -11.904  -7.628 0.0000000000
91881  30.216  -12.283  -7.694 0.0000000000
101250  28.267  -2.984  -0.530 0.0000000000
102193  27.916  -2.478  -0.459 0.0000000000
92882  28.478  -12.473  -4.766 0.0000000000
92881  28.689  -12.042  -5.682 0.0000000000
81151  24.127  -22.424  -4.281 0.0000000000
82280  24.158  -21.589  -4.424 0.0000000000
85512  27.218  -18.645  -5.298 0.0000000000
97112  27.805  -8.231  -1.329 0.0000000000
97111  28.460  -7.794  -1.472 0.0000000000
101297  28.833  -3.526  -5.528 0.0000000000
100274  28.256  -4.492  -5.994 0.0000000000
105059  25.065  0.622  -1.872 0.0000000000
104060  24.526  -0.005  -1.625 0.0000000000
104059  25.387  -0.140  -1.514 0.0000000000
106995  28.229  2.243  -5.522 0.0000000000
106059  28.396  1.346  -6.058 0.0000000000
89840  30.141  -14.066  -6.894 0.0000000000
89854  29.510  -14.452  -7.647 0.0000000000
85528  25.260  -18.221  -5.445 0.0000000000
99198  28.065  -5.525  -0.390 0.0000000000
102201  29.466  -2.913  -1.625 0.0000000000
101264  29.394  -3.940  -1.453 0.0000000000
102208  29.708  -2.822  -2.613 0.0000000000
102215  29.612  -2.776  -3.564 0.0000000000
106001  24.125  1.132  -2.509 0.0000000000
90835  26.885  -14.190  -4.687 0.0000000000
91862  28.250  -12.734  -7.025 0.0000000000
90849  27.711  -13.438  -6.907 0.0000000000
90863  27.980  -13.438  -7.792 0.0000000000
90872  28.459  -13.643  -8.299 0.0000000000
91883  28.991  -13.014  -8.255 0.0000000000
83386  25.660  -20.696  -4.993 0.0000000000
95093  29.055  -9.853  -6.482 0.0000000000
93944  29.138  -10.728  -6.335 0.0000000000
92865  26.119  -11.722  -2.929 0.0000000000
95043  27.006  -9.649  -1.964 0.0000000000
93895  28.140  -10.514  -2.557 0.0000000000
93896  27.474  -10.687  -2.484 0.0000000000
95061  28.458  -10.386  -2.678 0.0000000000
95060  29.003  -10.050  -3.109 0.0000000000
97142  28.774  -7.561  -5.607 0.0000000000
96116  28.669  -8.274  -6.262 0.0000000000
99208  29.386  -5.694  -2.264 0.0000000000
98176  29.309  -6.666  -2.767 0.0000000000
99220  29.311  -5.669  -3.237 0.0000000000
98206  28.057  -6.979  -6.703 0.0000000000
103142  25.668  -1.575  -0.803 0.0000000000
103149  26.161  -1.026  -0.954 0.0000000000
104050  26.679  -0.785  -0.796 0.0000000000
107930  27.459  3.631  -4.429 0.0000000000
107931  26.812  3.980  -3.845 0.0000000000
106967  27.292  2.479  -2.372 0.0000000000
106010  28.815  1.091  -2.289 0.0000000000
105064  29.123  0.139  -2.042 0.0000000000
104055  29.312  -1.009  -1.592 0.0000000000
105071  29.564  0.070  -3.119 0.0000000000
104096  28.696  -0.321  -6.454 0.0000000000
105091  29.304  -0.202  -5.088 0.0000000000
104086  29.095  -0.679  -5.872 0.0000000000
103180  29.110  -1.643  -5.692 0.0000000000
86588  25.837  -17.440  -5.771 0.0000000000
88813  26.862  -15.458  -6.621 0.0000000000
88812  28.411  -16.266  -6.523 0.0000000000
87678  27.280  -16.304  -7.364 0.0000000000
87666  27.110  -17.045  -6.600 0.0000000000
92920  29.535  -11.153  -8.082 0.0000000000
100241  28.485  -4.648  -0.623 0.0000000000
101266  28.244  -4.058  -0.420 0.0000000000
102202  29.012  -2.496  -1.108 0.0000000000
91832  26.584  -12.927  -3.552 0.0000000000
91847  27.320  -13.459  -4.360 0.0000000000
91846  28.147  -13.067  -5.024 0.0000000000
91845  28.189  -13.011  -6.140 0.0000000000
84463  26.656  -19.450  -5.117 0.0000000000
83399  26.103  -19.985  -5.153 0.0000000000
84461  27.973  -19.082  -4.079 0.0000000000
96139  28.546  -9.072  -7.221 0.0000000000
95103  28.751  -9.489  -7.627 0.0000000000
95031  26.877  -9.147  -1.700 0.0000000000
96079  27.150  -9.092  -1.665 0.0000000000
96096  29.070  -9.312  -2.880 0.0000000000
96077  28.890  -8.802  -2.368 0.0000000000
96076  29.328  -8.255  -2.853 0.0000000000
97126  29.413  -7.633  -3.285 0.0000000000
100266  29.138  -4.668  -4.574 0.0000000000
100267  28.746  -4.567  -5.294 0.0000000000
104058  26.282  -0.318  -1.161 0.0000000000
107939  27.869  3.130  -5.477 0.0000000000
106989  27.934  3.053  -4.327 0.0000000000
106978  28.372  2.302  -3.272 0.0000000000
106035  29.023  1.345  -3.884 0.0000000000
106034  29.328  0.629  -3.516 0.0000000000
105092  28.813  0.410  -5.748 0.0000000000
89862  27.437  -14.837  -8.075 0.0000000000
88837  27.481  -15.460  -8.079 0.0000000000
88824  28.449  -14.930  -7.891 0.0000000000
88811  28.890  -15.483  -7.044 0.0000000000
83401  24.894  -19.624  -5.185 0.0000000000
84480  25.420  -19.082  -5.424 0.0000000000
85526  26.731  -18.278  -5.779 0.0000000000
97100  28.123  -7.099  -0.872 0.0000000000
98163  28.629  -6.829  -1.184 0.0000000000
98150  28.858  -6.195  -1.180 0.0000000000
99196  29.154  -5.588  -1.480 0.0000000000
100251  29.463  -4.726  -2.713 0.0000000000
100240  29.093  -4.667  -1.116 0.0000000000
100239  29.458  -4.751  -1.822 0.0000000000
101288  29.422  -3.670  -4.151 0.0000000000
101296  29.318  -3.131  -4.842 0.0000000000
102234  29.214  -2.495  -5.325 0.0000000000
106000  24.636  1.429  -2.318 0.0000000000
89827  26.282  -14.586  -4.620 0.0000000000
89842  26.984  -14.768  -6.318 0.0000000000
90834  27.488  -13.852  -5.314 0.0000000000
90850  27.290  -14.116  -6.473 0.0000000000
90864  27.355  -14.074  -7.623 0.0000000000
89861  28.012  -14.433  -8.370 0.0000000000
90862  30.047  -13.927  -8.026 0.0000000000
89853  30.138  -14.014  -7.670 0.0000000000
93930  29.125  -11.048  -5.417 0.0000000000
92880  29.045  -11.323  -6.088 0.0000000000
93953  29.157  -10.629  -7.390 0.0000000000
95111  29.151  -9.799  -8.078 0.0000000000
93970  29.580  -9.897  -8.033 0.0000000000
95110  30.026  -9.388  -7.940 0.0000000000
92863  28.529  -12.039  -4.110 0.0000000000
92848  26.904  -11.255  -2.627 0.0000000000
93914  27.656  -11.243  -2.723 0.0000000000
93912  29.097  -11.038  -4.270 0.0000000000
95079  29.290  -10.160  -5.534 0.0000000000
96130  28.769  -9.022  -6.650 0.0000000000
96131  28.345  -8.373  -6.913 0.0000000000
99228  29.194  -5.623  -4.234 0.0000000000
98185  29.040  -6.561  -4.926 0.0000000000
103140  27.578  -1.673  -0.526 0.0000000000
106959  25.436  2.005  -2.107 0.0000000000
106968  25.898  2.644  -2.297 0.0000000000
105998  26.857  1.578  -1.588 0.0000000000
105057  27.138  0.421  -1.081 0.0000000000
106011  28.217  1.678  -2.068 0.0000000000
105997  27.823  1.141  -1.447 0.0000000000
105051  27.563  -0.183  -0.797 0.0000000000
105050  27.893  -0.437  -0.698 0.0000000000
104048  28.199  -0.977  -0.690 0.0000000000
103139  28.230  -1.840  -0.660 0.0000000000
103148  28.804  -1.631  -1.026 0.0000000000
103147  29.271  -1.974  -1.493 0.0000000000
103155  29.651  -1.881  -2.118 0.0000000000
105079  29.450  0.140  -4.099 0.0000000000
104069  29.713  -0.855  -3.599 0.0000000000
103179  29.503  -1.718  -4.984 0.0000000000
86571  27.199  -17.930  -5.802 0.0000000000
87680  26.503  -16.631  -6.471 0.0000000000
88826  27.071  -15.800  -7.601 0.0000000000
86586  27.450  -17.326  -6.137 0.0000000000
91874  29.096  -12.299  -7.884 0.0000000000
92919  30.097  -11.369  -7.956 0.0000000000
91882  29.482  -12.346  -7.959 0.0000000000
90870  29.894  -12.876  -7.957 0.0000000000
84462  27.329  -19.407  -4.506 0.0000000000
84479  26.047  -19.322  -5.491 0.0000000000
86601  26.576  -16.958  -6.566 0.0000000000
88836  27.856  -15.063  -8.198 0.0000000000
89860  28.680  -14.287  -8.344 0.0000000000
91830  28.269  -12.595  -4.428 0.0000000000
92847  27.349  -11.271  -2.673 0.0000000000
92912  28.888  -12.239  -7.649 0.0000000000
93931  28.980  -11.459  -5.015 0.0000000000
93954  29.050  -10.016  -7.670 0.0000000000
93963  29.081  -9.837  -7.908 0.0000000000
93971  29.323  -9.800  -8.056 0.0000000000
95032  26.476  -9.154  -1.762 0.0000000000
95041  28.826  -9.514  -2.627 0.0000000000
95112  28.886  -9.334  -8.040 0.0000000000
96068  27.475  -8.384  -1.369 0.0000000000
98151  28.377  -6.311  -0.738 0.0000000000
100227  27.784  -4.591  -0.280 0.0000000000
101251  27.705  -3.474  -0.306 0.0000000000
101276  29.647  -3.824  -2.200 0.0000000000
102223  29.482  -2.759  -4.275 0.0000000000
103170  29.645  -1.881  -4.122 0.0000000000
104049  27.370  -0.821  -0.647 0.0000000000
104061  24.032  0.402  -1.754 0.0000000000
104085  29.408  -1.014  -5.277 0.0000000000
105055  28.963  -0.347  -1.372 0.0000000000
105065  28.511  0.879  -1.714 0.0000000000
106014  23.873  1.614  -2.685 0.0000000000
106966  28.240  2.125  -2.580 0.0000000000
107929  28.021  3.060  -4.751 0.0000000000
108844  27.420  3.867  -5.357 0.0000000000
