#!ascii label  , from subject 4054 vox2ras=TkReg
738
42226  -14.168  -38.448  68.207 0.0000000000
58387  -33.097  -23.845  61.275 0.0000000000
54283  -38.046  -27.930  55.828 0.0000000000
57408  -41.513  -24.556  54.418 0.0000000000
54225  -30.682  -27.664  61.840 0.0000000000
53228  -40.987  -28.916  54.337 0.0000000000
63797  -42.283  -18.877  48.774 0.0000000000
67591  -44.569  -14.862  46.841 0.0000000000
54250  -34.020  -27.759  58.636 0.0000000000
51080  -37.827  -30.155  57.873 0.0000000000
57359  -36.286  -24.932  58.442 0.0000000000
44410  -16.391  -36.985  68.876 0.0000000000
42218  -19.318  -38.734  67.765 0.0000000000
40168  -22.267  -39.974  66.776 0.0000000000
42255  -24.930  -37.623  65.283 0.0000000000
45581  -28.417  -35.485  65.041 0.0000000000
48961  -31.421  -32.151  63.895 0.0000000000
52072  -33.564  -29.423  61.987 0.0000000000
49130  -41.562  -31.995  55.039 0.0000000000
69631  -45.543  -13.290  45.335 0.0000000000
56288  -34.650  -25.443  60.304 0.0000000000
55286  -35.912  -26.478  59.561 0.0000000000
58420  -34.283  -23.761  59.376 0.0000000000
45529  -16.794  -36.573  67.634 0.0000000000
43301  -17.330  -37.670  68.265 0.0000000000
48944  -28.620  -32.652  65.279 0.0000000000
47732  -30.142  -33.419  64.904 0.0000000000
51023  -29.955  -30.816  64.758 0.0000000000
56281  -31.371  -25.647  61.923 0.0000000000
54208  -32.368  -27.949  62.826 0.0000000000
55269  -33.606  -26.685  62.473 0.0000000000
53159  -33.599  -28.480  60.346 0.0000000000
53182  -38.247  -28.823  58.089 0.0000000000
49080  -39.557  -31.702  56.304 0.0000000000
52120  -39.692  -30.312  56.158 0.0000000000
54284  -40.803  -26.917  55.232 0.0000000000
53231  -42.560  -28.855  53.985 0.0000000000
54327  -42.226  -27.004  52.943 0.0000000000
57491  -43.040  -25.124  51.068 0.0000000000
65712  -44.064  -16.677  50.092 0.0000000000
63772  -42.869  -18.767  51.918 0.0000000000
52063  -30.016  -29.505  62.969 0.0000000000
56358  -39.029  -25.364  54.282 0.0000000000
64779  -43.422  -16.820  47.869 0.0000000000
66631  -45.272  -16.063  48.042 0.0000000000
67606  -47.131  -14.472  45.123 0.0000000000
51106  -34.594  -30.029  57.302 0.0000000000
53181  -36.045  -28.769  59.003 0.0000000000
55288  -37.562  -27.302  58.898 0.0000000000
41169  -15.452  -37.991  68.931 0.0000000000
38007  -19.624  -41.139  66.966 0.0000000000
41191  -20.356  -39.810  67.080 0.0000000000
39103  -21.015  -41.440  66.670 0.0000000000
39119  -22.334  -40.819  65.546 0.0000000000
40199  -23.633  -40.112  64.698 0.0000000000
42302  -25.990  -38.726  63.375 0.0000000000
43366  -26.428  -36.967  65.250 0.0000000000
44507  -29.611  -36.593  63.053 0.0000000000
52057  -31.262  -29.735  64.143 0.0000000000
51047  -32.478  -30.522  63.207 0.0000000000
48988  -33.402  -32.415  61.717 0.0000000000
51077  -33.861  -31.101  60.035 0.0000000000
52105  -32.743  -29.209  58.280 0.0000000000
52133  -42.039  -30.204  55.932 0.0000000000
61680  -41.620  -20.590  53.368 0.0000000000
59540  -42.249  -22.469  53.557 0.0000000000
42203  -14.288  -37.822  69.700 0.0000000000
57330  -34.254  -24.592  60.770 0.0000000000
57331  -34.995  -24.467  60.125 0.0000000000
58402  -33.267  -23.600  60.404 0.0000000000
50027  -28.103  -32.077  64.592 0.0000000000
50014  -29.243  -31.674  64.934 0.0000000000
50029  -29.279  -31.253  64.564 0.0000000000
58385  -31.772  -24.420  61.438 0.0000000000
56274  -32.380  -25.732  62.571 0.0000000000
57306  -33.169  -25.123  62.076 0.0000000000
56282  -34.046  -25.487  61.242 0.0000000000
52118  -38.992  -29.591  57.273 0.0000000000
52129  -39.133  -29.401  56.767 0.0000000000
55338  -41.530  -25.916  54.950 0.0000000000
55358  -41.774  -26.377  54.421 0.0000000000
56360  -41.884  -25.635  54.019 0.0000000000
55405  -42.492  -26.139  51.800 0.0000000000
57435  -42.010  -24.460  53.110 0.0000000000
65714  -45.157  -17.227  49.534 0.0000000000
64755  -44.430  -18.099  51.097 0.0000000000
63799  -45.434  -18.750  49.673 0.0000000000
65757  -43.485  -16.396  46.557 0.0000000000
66653  -44.237  -15.375  47.253 0.0000000000
66629  -44.151  -16.050  48.424 0.0000000000
67570  -45.154  -15.249  47.656 0.0000000000
66632  -45.873  -15.674  47.553 0.0000000000
67581  -45.382  -14.653  47.314 0.0000000000
68595  -46.813  -13.928  45.614 0.0000000000
53190  -34.197  -28.854  57.760 0.0000000000
52106  -35.702  -29.805  58.240 0.0000000000
53180  -35.333  -28.787  58.542 0.0000000000
57344  -35.856  -24.874  59.229 0.0000000000
55287  -36.947  -26.696  59.371 0.0000000000
57360  -36.995  -25.278  58.676 0.0000000000
56307  -37.394  -25.837  58.381 0.0000000000
57375  -36.388  -25.106  57.691 0.0000000000
41170  -15.936  -38.154  68.775 0.0000000000
42206  -16.234  -37.868  68.860 0.0000000000
42217  -18.558  -38.369  68.216 0.0000000000
43323  -21.609  -38.842  66.345 0.0000000000
41192  -21.053  -39.767  66.995 0.0000000000
40166  -20.875  -40.332  67.049 0.0000000000
40167  -21.591  -40.236  66.825 0.0000000000
38022  -21.570  -41.674  66.027 0.0000000000
39105  -22.085  -40.405  66.088 0.0000000000
42269  -24.366  -38.644  64.884 0.0000000000
41241  -24.453  -39.789  63.551 0.0000000000
42283  -24.670  -38.555  64.357 0.0000000000
46631  -28.106  -34.674  65.283 0.0000000000
45562  -26.541  -35.469  65.635 0.0000000000
44477  -27.776  -36.423  65.142 0.0000000000
43367  -27.482  -36.971  65.023 0.0000000000
44478  -28.328  -36.234  64.718 0.0000000000
43395  -28.785  -37.209  63.153 0.0000000000
44479  -28.826  -35.945  64.259 0.0000000000
47749  -30.960  -33.180  64.119 0.0000000000
46654  -30.754  -34.342  63.736 0.0000000000
46655  -31.310  -33.707  63.544 0.0000000000
47750  -31.773  -32.898  63.142 0.0000000000
52064  -30.469  -29.356  63.333 0.0000000000
53129  -30.839  -28.697  63.183 0.0000000000
53131  -33.059  -28.617  62.583 0.0000000000
52065  -32.244  -29.315  62.903 0.0000000000
52067  -33.153  -29.508  62.448 0.0000000000
50045  -33.027  -31.288  62.476 0.0000000000
51064  -33.677  -30.414  61.671 0.0000000000
52078  -33.807  -29.337  61.362 0.0000000000
54239  -33.567  -27.711  59.240 0.0000000000
53158  -33.413  -28.311  59.655 0.0000000000
54249  -33.523  -28.022  58.666 0.0000000000
52115  -33.128  -29.210  57.402 0.0000000000
45514  -16.143  -35.921  68.932 0.0000000000
45500  -15.832  -36.252  69.521 0.0000000000
43289  -15.128  -37.042  69.740 0.0000000000
51093  -37.390  -30.720  57.853 0.0000000000
49079  -38.255  -32.313  57.076 0.0000000000
49081  -40.364  -31.838  55.772 0.0000000000
52155  -40.525  -29.662  54.745 0.0000000000
52140  -40.022  -29.826  55.528 0.0000000000
53210  -41.711  -29.168  55.248 0.0000000000
52178  -42.671  -29.546  53.286 0.0000000000
51143  -42.767  -30.168  53.806 0.0000000000
63763  -43.534  -19.479  52.465 0.0000000000
63761  -42.271  -19.517  52.597 0.0000000000
62698  -42.848  -20.085  52.778 0.0000000000
61667  -42.090  -21.155  53.732 0.0000000000
60594  -42.900  -21.189  52.661 0.0000000000
58522  -44.017  -22.947  51.490 0.0000000000
67604  -44.177  -14.412  45.199 0.0000000000
68583  -45.348  -14.096  46.422 0.0000000000
69640  -44.823  -13.140  44.804 0.0000000000
69641  -45.418  -12.668  44.759 0.0000000000
55284  -34.360  -26.334  59.983 0.0000000000
55285  -35.015  -26.375  59.602 0.0000000000
56297  -34.826  -25.903  59.906 0.0000000000
57332  -35.502  -24.736  59.687 0.0000000000
58440  -34.988  -24.089  59.029 0.0000000000
45501  -16.367  -36.523  68.897 0.0000000000
44411  -16.885  -37.388  68.327 0.0000000000
43311  -19.031  -37.881  68.382 0.0000000000
47717  -28.462  -33.843  65.342 0.0000000000
46652  -29.241  -35.025  64.603 0.0000000000
47731  -29.169  -33.732  65.262 0.0000000000
48946  -30.375  -32.331  64.927 0.0000000000
50016  -30.844  -31.458  64.729 0.0000000000
55273  -30.854  -26.652  61.722 0.0000000000
55258  -31.354  -27.551  62.744 0.0000000000
56265  -32.036  -26.376  62.807 0.0000000000
56267  -32.953  -26.475  62.781 0.0000000000
54217  -33.921  -27.505  62.157 0.0000000000
53140  -33.853  -28.397  61.756 0.0000000000
54226  -34.010  -27.392  61.332 0.0000000000
55279  -34.069  -26.358  60.823 0.0000000000
45528  -16.231  -35.872  68.087 0.0000000000
52095  -37.897  -29.525  57.899 0.0000000000
50116  -38.938  -31.027  57.644 0.0000000000
51094  -38.756  -30.325  57.681 0.0000000000
51096  -39.462  -30.885  56.795 0.0000000000
50136  -41.094  -30.982  55.910 0.0000000000
54306  -40.771  -27.711  54.408 0.0000000000
53230  -42.061  -28.725  54.786 0.0000000000
54307  -41.433  -27.330  54.647 0.0000000000
54309  -42.616  -28.284  53.577 0.0000000000
65711  -43.447  -17.112  50.152 0.0000000000
64752  -42.553  -18.089  50.890 0.0000000000
64754  -43.853  -17.795  51.254 0.0000000000
64747  -44.243  -18.489  51.711 0.0000000000
58400  -31.583  -24.128  60.728 0.0000000000
57328  -30.940  -25.064  61.046 0.0000000000
52138  -38.903  -29.126  56.159 0.0000000000
53251  -40.692  -28.560  53.633 0.0000000000
54305  -39.903  -27.156  54.217 0.0000000000
55335  -39.625  -25.942  55.311 0.0000000000
57406  -40.390  -24.640  54.709 0.0000000000
64778  -43.065  -17.379  48.252 0.0000000000
65722  -43.721  -16.437  49.358 0.0000000000
66614  -44.526  -16.567  49.566 0.0000000000
65723  -45.581  -17.034  48.828 0.0000000000
68584  -45.836  -14.288  46.272 0.0000000000
66655  -46.879  -14.605  45.959 0.0000000000
50131  -35.929  -31.513  57.095 0.0000000000
51092  -36.582  -30.254  58.105 0.0000000000
52093  -36.938  -29.636  58.490 0.0000000000
54242  -36.399  -27.484  59.368 0.0000000000
53169  -36.777  -28.694  58.980 0.0000000000
53170  -37.587  -28.752  58.512 0.0000000000
54244  -37.809  -28.081  58.520 0.0000000000
55305  -38.229  -27.519  57.824 0.0000000000
58437  -32.671  -23.736  58.697 0.0000000000
58454  -33.451  -24.041  58.088 0.0000000000
57388  -34.757  -25.087  56.967 0.0000000000
41176  -14.930  -38.510  68.913 0.0000000000
41189  -15.658  -38.824  67.819 0.0000000000
38019  -19.911  -41.900  66.625 0.0000000000
44441  -19.158  -37.404  67.272 0.0000000000
43312  -19.518  -38.210  67.985 0.0000000000
42227  -19.905  -39.289  67.167 0.0000000000
38008  -20.266  -41.501  66.948 0.0000000000
36980  -22.654  -42.349  64.875 0.0000000000
38062  -23.454  -42.183  64.369 0.0000000000
43355  -25.177  -37.074  65.547 0.0000000000
44460  -25.786  -36.220  65.774 0.0000000000
43365  -25.467  -37.423  65.011 0.0000000000
43379  -25.980  -37.479  64.444 0.0000000000
42303  -26.840  -38.791  63.463 0.0000000000
45598  -30.088  -35.329  63.561 0.0000000000
51035  -30.168  -30.214  64.261 0.0000000000
52049  -30.602  -30.175  64.460 0.0000000000
51037  -31.631  -30.462  64.309 0.0000000000
53121  -31.639  -29.062  63.325 0.0000000000
52058  -31.963  -29.754  63.467 0.0000000000
50032  -32.265  -31.205  63.433 0.0000000000
48976  -32.731  -32.031  62.691 0.0000000000
47769  -32.800  -33.178  61.880 0.0000000000
50097  -33.592  -31.263  59.283 0.0000000000
52083  -33.501  -29.360  60.101 0.0000000000
51090  -32.784  -30.362  58.672 0.0000000000
50111  -32.624  -30.974  57.863 0.0000000000
51118  -32.701  -30.453  56.620 0.0000000000
43288  -14.684  -37.151  70.174 0.0000000000
52130  -39.672  -29.847  56.110 0.0000000000
51122  -41.041  -30.483  55.958 0.0000000000
50156  -41.791  -30.904  55.789 0.0000000000
52157  -42.214  -29.452  55.277 0.0000000000
51132  -42.428  -30.594  55.062 0.0000000000
49147  -42.093  -31.452  54.359 0.0000000000
58502  -39.541  -24.331  53.958 0.0000000000
58478  -40.916  -23.746  54.407 0.0000000000
62719  -41.802  -19.612  51.391 0.0000000000
62718  -41.393  -20.272  51.754 0.0000000000
60593  -40.790  -21.832  53.658 0.0000000000
60567  -41.496  -22.110  54.440 0.0000000000
58492  -41.773  -23.569  53.928 0.0000000000
58520  -42.713  -23.116  52.250 0.0000000000
58388  -33.787  -23.977  60.944 0.0000000000
48960  -27.973  -31.948  64.054 0.0000000000
50028  -28.771  -31.501  64.253 0.0000000000
50042  -29.002  -31.114  63.340 0.0000000000
58386  -32.280  -23.977  61.444 0.0000000000
57318  -32.885  -24.397  61.927 0.0000000000
57319  -33.590  -24.672  61.522 0.0000000000
54269  -38.308  -27.991  56.542 0.0000000000
53201  -39.060  -29.056  56.968 0.0000000000
53200  -38.768  -28.778  56.783 0.0000000000
56347  -41.233  -25.342  54.893 0.0000000000
56348  -41.653  -25.417  54.498 0.0000000000
56372  -41.941  -25.375  53.373 0.0000000000
57422  -41.853  -24.653  53.877 0.0000000000
64772  -45.498  -17.884  49.304 0.0000000000
67590  -44.213  -14.951  46.352 0.0000000000
66640  -44.426  -15.383  47.667 0.0000000000
67580  -44.952  -14.774  47.400 0.0000000000
68572  -44.724  -14.204  47.376 0.0000000000
53179  -34.447  -28.323  58.250 0.0000000000
53191  -34.692  -28.825  58.085 0.0000000000
54251  -34.893  -27.781  58.824 0.0000000000
57345  -36.564  -25.207  59.079 0.0000000000
56306  -37.022  -25.227  57.998 0.0000000000
43299  -15.801  -37.356  69.240 0.0000000000
41193  -21.899  -39.681  66.805 0.0000000000
42229  -21.191  -39.328  66.665 0.0000000000
40178  -22.009  -40.225  66.478 0.0000000000
42254  -24.349  -38.210  65.619 0.0000000000
42270  -24.902  -38.026  64.831 0.0000000000
46640  -28.355  -35.072  65.184 0.0000000000
45564  -27.948  -35.432  65.284 0.0000000000
44463  -28.024  -35.941  65.187 0.0000000000
43368  -27.992  -36.772  64.878 0.0000000000
44492  -28.600  -36.466  64.132 0.0000000000
45582  -28.841  -35.464  64.653 0.0000000000
48947  -30.902  -32.234  64.447 0.0000000000
54216  -30.983  -27.865  62.707 0.0000000000
53132  -33.493  -28.485  62.244 0.0000000000
51056  -33.297  -30.426  62.233 0.0000000000
53178  -33.587  -28.540  58.144 0.0000000000
44409  -15.508  -36.737  69.617 0.0000000000
50099  -37.796  -30.771  57.870 0.0000000000
50114  -37.681  -31.398  57.701 0.0000000000
50115  -38.253  -31.295  57.758 0.0000000000
47895  -40.974  -32.468  55.226 0.0000000000
47914  -41.366  -32.248  55.019 0.0000000000
47931  -41.494  -32.102  54.631 0.0000000000
52156  -41.233  -29.214  54.974 0.0000000000
63788  -42.363  -18.579  49.843 0.0000000000
62709  -43.859  -19.820  52.409 0.0000000000
62699  -43.406  -19.871  52.565 0.0000000000
61669  -42.879  -20.966  52.771 0.0000000000
58403  -34.222  -23.813  60.214 0.0000000000
58404  -34.790  -23.934  59.746 0.0000000000
57343  -35.248  -24.265  59.425 0.0000000000
58421  -34.808  -23.945  59.297 0.0000000000
45515  -16.636  -36.672  68.290 0.0000000000
44430  -18.940  -37.496  68.087 0.0000000000
50012  -27.951  -32.447  64.863 0.0000000000
48929  -28.198  -33.355  65.403 0.0000000000
48930  -28.789  -33.217  65.432 0.0000000000
48945  -29.485  -32.630  65.192 0.0000000000
50015  -30.098  -31.562  64.999 0.0000000000
56272  -31.274  -26.181  62.090 0.0000000000
55267  -31.597  -26.481  62.520 0.0000000000
56273  -31.752  -25.709  62.304 0.0000000000
56275  -33.058  -25.941  62.524 0.0000000000
55268  -33.187  -26.635  62.729 0.0000000000
55262  -33.281  -27.147  62.751 0.0000000000
55274  -34.003  -26.472  61.770 0.0000000000
53171  -37.927  -28.973  58.103 0.0000000000
52096  -38.261  -30.017  57.792 0.0000000000
53172  -38.455  -29.428  57.611 0.0000000000
51109  -39.388  -30.377  56.669 0.0000000000
52109  -39.134  -30.042  57.160 0.0000000000
50135  -40.367  -31.099  55.885 0.0000000000
51110  -40.079  -30.548  55.874 0.0000000000
54308  -42.198  -27.622  53.888 0.0000000000
54328  -42.757  -27.924  52.996 0.0000000000
53253  -42.798  -28.749  52.986 0.0000000000
54348  -43.059  -27.767  52.055 0.0000000000
65703  -43.729  -17.343  50.651 0.0000000000
63775  -44.480  -19.382  51.716 0.0000000000
58399  -31.050  -24.588  60.573 0.0000000000
54326  -40.392  -27.742  53.542 0.0000000000
55354  -38.919  -25.889  54.276 0.0000000000
56359  -39.307  -25.462  54.840 0.0000000000
56345  -39.752  -25.359  55.160 0.0000000000
56344  -39.515  -25.026  54.644 0.0000000000
65744  -43.633  -16.350  47.434 0.0000000000
64790  -43.294  -16.950  47.316 0.0000000000
64789  -42.927  -17.647  47.252 0.0000000000
65731  -43.081  -17.023  48.850 0.0000000000
65732  -43.515  -16.563  48.437 0.0000000000
66630  -44.685  -15.782  48.108 0.0000000000
66622  -44.313  -16.195  49.151 0.0000000000
66623  -44.784  -16.352  48.857 0.0000000000
66615  -44.958  -16.735  49.404 0.0000000000
66624  -45.236  -16.599  48.826 0.0000000000
65724  -45.839  -17.173  48.325 0.0000000000
65733  -45.477  -16.575  48.451 0.0000000000
67572  -45.972  -15.122  47.367 0.0000000000
69620  -45.450  -13.793  45.765 0.0000000000
69621  -45.625  -13.830  45.672 0.0000000000
67599  -47.032  -14.267  45.684 0.0000000000
67593  -46.694  -14.395  45.955 0.0000000000
51120  -34.352  -30.562  56.520 0.0000000000
51121  -35.220  -31.224  56.698 0.0000000000
51091  -35.892  -30.253  58.101 0.0000000000
52107  -36.255  -29.345  58.677 0.0000000000
51078  -37.003  -29.937  58.261 0.0000000000
54241  -35.399  -27.177  59.349 0.0000000000
54243  -37.243  -27.831  59.035 0.0000000000
56315  -37.262  -25.886  57.570 0.0000000000
55304  -37.894  -26.584  57.871 0.0000000000
41188  -14.915  -38.655  68.459 0.0000000000
41177  -15.528  -38.404  68.618 0.0000000000
41178  -16.309  -38.498  68.342 0.0000000000
38018  -19.137  -40.980  66.827 0.0000000000
38030  -19.159  -41.600  66.361 0.0000000000
44442  -19.413  -37.692  67.755 0.0000000000
44431  -19.395  -37.689  68.075 0.0000000000
41190  -20.022  -39.821  67.188 0.0000000000
39091  -20.701  -41.033  66.924 0.0000000000
38009  -20.732  -41.592  66.746 0.0000000000
38020  -20.617  -41.894  66.641 0.0000000000
36950  -20.596  -42.241  66.241 0.0000000000
39118  -21.774  -41.371  65.803 0.0000000000
36964  -21.783  -42.177  65.647 0.0000000000
38033  -22.048  -41.862  65.595 0.0000000000
38047  -22.498  -42.151  65.179 0.0000000000
38034  -22.531  -41.749  65.245 0.0000000000
40191  -23.423  -39.885  65.630 0.0000000000
39146  -23.253  -41.854  64.641 0.0000000000
39147  -23.653  -41.390  64.218 0.0000000000
40211  -24.119  -40.377  63.771 0.0000000000
41242  -25.128  -39.340  63.368 0.0000000000
40222  -24.783  -40.268  63.242 0.0000000000
40223  -25.700  -40.445  63.238 0.0000000000
41243  -26.310  -39.619  63.320 0.0000000000
44461  -26.742  -36.190  65.694 0.0000000000
43356  -26.052  -36.564  65.591 0.0000000000
42286  -27.288  -37.920  63.671 0.0000000000
41244  -27.245  -39.669  63.417 0.0000000000
43396  -29.742  -37.235  62.642 0.0000000000
46642  -29.550  -34.104  64.983 0.0000000000
46653  -29.808  -34.508  64.423 0.0000000000
51046  -29.692  -30.292  63.406 0.0000000000
52056  -30.655  -29.532  63.869 0.0000000000
52050  -30.923  -30.188  64.605 0.0000000000
51036  -31.151  -30.339  64.602 0.0000000000
54207  -31.880  -27.866  62.881 0.0000000000
54200  -31.584  -28.485  63.117 0.0000000000
54201  -31.875  -28.456  62.927 0.0000000000
52066  -32.569  -29.653  62.895 0.0000000000
52059  -32.289  -30.126  63.366 0.0000000000
51038  -32.182  -30.533  63.771 0.0000000000
48963  -32.299  -31.912  63.002 0.0000000000
50044  -32.667  -31.229  62.936 0.0000000000
50058  -33.446  -31.384  61.999 0.0000000000
48977  -33.014  -32.207  62.229 0.0000000000
50085  -34.054  -31.757  60.601 0.0000000000
53149  -33.839  -28.343  60.984 0.0000000000
52084  -33.739  -29.153  60.727 0.0000000000
52092  -33.023  -29.266  59.272 0.0000000000
51089  -32.445  -30.390  58.013 0.0000000000
51105  -32.482  -30.327  57.440 0.0000000000
52114  -32.574  -29.626  57.610 0.0000000000
52116  -33.977  -29.493  57.087 0.0000000000
52127  -33.708  -30.025  56.547 0.0000000000
43298  -15.155  -37.410  69.521 0.0000000000
42204  -14.897  -37.709  69.468 0.0000000000
42215  -14.831  -38.165  69.130 0.0000000000
49055  -39.147  -31.646  56.965 0.0000000000
47851  -38.973  -32.078  56.897 0.0000000000
47852  -39.211  -32.075  56.568 0.0000000000
52139  -39.381  -29.653  55.831 0.0000000000
52132  -41.481  -30.131  56.007 0.0000000000
52131  -40.569  -30.265  55.911 0.0000000000
51123  -41.622  -30.667  55.925 0.0000000000
51124  -42.158  -30.667  55.628 0.0000000000
53211  -42.050  -29.196  55.360 0.0000000000
52158  -42.480  -29.727  54.720 0.0000000000
51142  -42.628  -30.561  54.297 0.0000000000
50187  -42.442  -31.120  54.193 0.0000000000
50175  -42.308  -31.145  54.697 0.0000000000
49163  -42.093  -31.461  53.900 0.0000000000
58477  -40.333  -23.955  54.339 0.0000000000
58491  -40.401  -23.351  54.174 0.0000000000
63780  -42.525  -18.403  51.413 0.0000000000
63779  -42.233  -18.721  50.958 0.0000000000
63771  -42.106  -19.020  51.902 0.0000000000
62696  -41.936  -20.023  53.006 0.0000000000
62708  -41.630  -20.014  52.443 0.0000000000
62707  -41.376  -20.323  52.207 0.0000000000
61691  -41.098  -20.761  52.313 0.0000000000
60605  -40.599  -21.837  52.731 0.0000000000
61679  -40.952  -20.999  53.248 0.0000000000
60580  -42.465  -21.548  53.567 0.0000000000
61654  -42.037  -21.664  54.448 0.0000000000
60579  -42.109  -21.893  54.156 0.0000000000
59526  -42.059  -22.840  53.938 0.0000000000
58504  -42.088  -23.499  53.323 0.0000000000
58505  -42.449  -23.074  52.853 0.0000000000
50013  -28.370  -32.178  64.957 0.0000000000
51022  -29.527  -31.136  64.654 0.0000000000
57316  -31.512  -25.100  61.746 0.0000000000
57303  -31.778  -25.289  62.135 0.0000000000
57317  -32.171  -24.571  61.978 0.0000000000
57305  -32.643  -25.098  62.276 0.0000000000
56276  -33.631  -25.681  62.011 0.0000000000
54260  -38.528  -28.768  57.519 0.0000000000
53183  -38.543  -29.147  57.550 0.0000000000
53193  -39.039  -28.839  57.270 0.0000000000
52119  -39.337  -29.985  56.693 0.0000000000
55337  -41.127  -26.097  55.441 0.0000000000
55357  -41.496  -26.465  54.994 0.0000000000
55373  -41.963  -26.356  53.570 0.0000000000
54347  -42.567  -27.002  52.164 0.0000000000
55388  -42.072  -26.027  52.607 0.0000000000
55404  -42.310  -25.662  52.101 0.0000000000
56398  -42.285  -25.162  52.290 0.0000000000
65713  -44.580  -17.211  50.060 0.0000000000
65704  -44.163  -17.447  50.614 0.0000000000
64763  -44.557  -17.735  50.466 0.0000000000
63790  -45.029  -18.875  50.419 0.0000000000
66639  -43.992  -15.843  47.678 0.0000000000
67571  -45.601  -15.203  47.489 0.0000000000
67582  -46.199  -14.744  47.057 0.0000000000
69632  -45.964  -13.252  45.170 0.0000000000
69622  -46.091  -13.824  45.543 0.0000000000
69633  -46.496  -13.374  45.101 0.0000000000
67605  -47.119  -14.645  44.783 0.0000000000
52117  -34.818  -29.476  57.839 0.0000000000
56299  -36.134  -25.612  59.461 0.0000000000
56300  -37.066  -25.791  59.102 0.0000000000
55295  -37.586  -26.560  58.778 0.0000000000
56314  -36.735  -25.530  57.343 0.0000000000
42205  -15.529  -37.768  69.073 0.0000000000
41171  -16.590  -38.265  68.532 0.0000000000
39089  -19.172  -40.513  67.313 0.0000000000
39092  -21.178  -40.647  66.820 0.0000000000
38021  -21.169  -41.802  66.399 0.0000000000
39104  -21.488  -40.976  66.334 0.0000000000
41231  -24.206  -39.287  64.168 0.0000000000
41232  -24.744  -38.789  63.891 0.0000000000
42284  -25.331  -38.222  63.974 0.0000000000
46630  -27.254  -34.742  65.249 0.0000000000
45563  -27.325  -35.433  65.413 0.0000000000
44462  -27.512  -35.996  65.409 0.0000000000
44476  -27.200  -36.498  65.336 0.0000000000
43381  -28.083  -37.183  64.169 0.0000000000
43382  -28.628  -36.748  63.780 0.0000000000
44493  -29.198  -36.200  63.642 0.0000000000
47748  -30.476  -33.886  64.370 0.0000000000
47767  -31.971  -33.663  62.656 0.0000000000
47768  -32.461  -33.065  62.458 0.0000000000
53120  -31.271  -28.866  63.467 0.0000000000
54209  -32.986  -27.823  62.768 0.0000000000
53130  -32.568  -28.701  62.738 0.0000000000
51048  -32.923  -30.447  62.750 0.0000000000
50072  -33.888  -31.515  61.391 0.0000000000
51071  -33.795  -30.307  60.680 0.0000000000
54234  -33.781  -27.455  60.166 0.0000000000
54233  -33.549  -27.783  59.653 0.0000000000
53167  -33.195  -28.425  58.854 0.0000000000
53189  -33.699  -28.976  57.565 0.0000000000
45513  -15.528  -35.606  69.474 0.0000000000
45488  -15.237  -36.293  70.097 0.0000000000
47875  -39.558  -32.269  55.968 0.0000000000
47876  -40.188  -32.444  55.574 0.0000000000
52154  -39.624  -29.790  54.962 0.0000000000
52141  -41.145  -29.673  55.597 0.0000000000
52142  -41.959  -29.594  55.748 0.0000000000
53232  -42.715  -29.128  53.510 0.0000000000
52159  -42.734  -29.722  53.914 0.0000000000
63773  -43.550  -18.845  52.173 0.0000000000
63762  -42.926  -19.527  52.488 0.0000000000
62697  -42.171  -20.242  53.177 0.0000000000
61681  -41.922  -20.799  53.615 0.0000000000
62685  -42.000  -20.627  53.489 0.0000000000
60581  -42.645  -21.301  53.052 0.0000000000
59541  -42.639  -21.791  53.122 0.0000000000
59557  -42.698  -22.404  52.674 0.0000000000
67598  -44.422  -14.503  45.993 0.0000000000
68593  -44.906  -14.159  46.275 0.0000000000
68599  -44.668  -13.776  45.418 0.0000000000
68600  -45.140  -13.237  45.283 0.0000000000
70567  -45.839  -12.717  44.883 0.0000000000
54240  -34.372  -27.113  59.346 0.0000000000
56298  -35.339  -25.767  59.776 0.0000000000
56289  -35.415  -25.149  59.830 0.0000000000
56290  -35.742  -25.090  59.575 0.0000000000
57358  -35.161  -24.491  58.592 0.0000000000
44419  -16.628  -36.940  68.494 0.0000000000
43310  -18.217  -37.722  68.192 0.0000000000
44421  -18.543  -37.565  68.137 0.0000000000
47716  -27.857  -33.995  65.260 0.0000000000
46632  -28.675  -34.227  65.268 0.0000000000
46641  -28.956  -34.721  65.067 0.0000000000
47733  -30.615  -32.784  64.649 0.0000000000
50030  -31.259  -31.620  64.325 0.0000000000
55266  -31.161  -27.042  62.423 0.0000000000
55259  -31.692  -27.200  62.809 0.0000000000
55260  -32.251  -27.098  62.977 0.0000000000
56266  -32.613  -26.408  62.819 0.0000000000
55261  -32.850  -27.041  62.906 0.0000000000
54210  -33.433  -27.677  62.534 0.0000000000
50100  -38.324  -30.695  57.847 0.0000000000
50101  -38.643  -30.562  57.774 0.0000000000
52108  -38.777  -29.888  57.530 0.0000000000
51095  -39.161  -30.467  57.259 0.0000000000
50117  -39.506  -31.078  56.645 0.0000000000
50134  -39.869  -31.373  56.018 0.0000000000
49082  -40.902  -31.487  55.687 0.0000000000
49106  -41.350  -31.824  55.391 0.0000000000
53229  -41.424  -28.524  54.729 0.0000000000
63789  -42.662  -17.951  49.568 0.0000000000
64762  -42.784  -17.704  50.134 0.0000000000
64753  -43.116  -17.818  51.106 0.0000000000
64745  -43.507  -18.262  51.719 0.0000000000
64746  -44.019  -18.340  51.793 0.0000000000
63774  -44.191  -19.041  52.132 0.0000000000
62710  -44.309  -19.839  51.908 0.0000000000
58401  -32.366  -23.709  60.585 0.0000000000
58417  -31.560  -23.853  59.783 0.0000000000
56280  -30.971  -25.702  61.491 0.0000000000
57315  -31.122  -25.259  61.439 0.0000000000
57329  -31.356  -24.619  61.120 0.0000000000
53208  -37.923  -28.269  55.383 0.0000000000
53209  -38.382  -28.569  55.826 0.0000000000
52153  -38.431  -29.325  54.854 0.0000000000
51141  -40.257  -29.739  54.186 0.0000000000
52177  -40.383  -29.474  53.729 0.0000000000
55356  -40.077  -26.962  55.024 0.0000000000
55336  -40.100  -26.192  55.534 0.0000000000
56346  -40.614  -25.351  55.205 0.0000000000
57407  -41.264  -24.709  54.669 0.0000000000
63810  -42.608  -18.439  47.983 0.0000000000
63798  -42.685  -18.133  48.966 0.0000000000
64771  -42.880  -17.488  49.220 0.0000000000
65721  -43.182  -16.962  49.405 0.0000000000
65734  -45.784  -16.561  48.053 0.0000000000
68574  -45.524  -14.308  46.947 0.0000000000
67592  -46.288  -14.607  46.435 0.0000000000
68585  -46.283  -13.870  45.831 0.0000000000
51107  -35.442  -30.526  57.604 0.0000000000
51108  -36.367  -31.078  57.583 0.0000000000
50113  -37.077  -31.165  57.604 0.0000000000
51079  -37.307  -30.098  58.067 0.0000000000
53168  -35.809  -28.119  59.147 0.0000000000
52094  -37.417  -29.468  58.336 0.0000000000
55296  -38.026  -27.362  58.440 0.0000000000
54252  -38.114  -28.203  58.125 0.0000000000
54268  -37.775  -27.365  56.217 0.0000000000
58418  -32.484  -23.619  59.635 0.0000000000
58419  -33.455  -23.586  59.494 0.0000000000
58438  -33.668  -23.858  58.599 0.0000000000
57357  -34.178  -24.251  58.267 0.0000000000
57373  -34.494  -24.677  57.687 0.0000000000
57374  -35.550  -24.917  57.615 0.0000000000
56313  -36.103  -25.314  57.078 0.0000000000
54282  -37.442  -27.762  55.404 0.0000000000
42214  -14.400  -38.277  68.986 0.0000000000
43300  -16.593  -37.517  68.677 0.0000000000
43320  -19.357  -37.845  68.272 0.0000000000
39090  -19.922  -40.914  67.184 0.0000000000
40165  -20.161  -40.374  67.204 0.0000000000
38032  -21.583  -41.998  65.947 0.0000000000
40179  -22.687  -39.996  66.319 0.0000000000
39120  -22.959  -40.287  65.560 0.0000000000
39132  -22.931  -41.484  64.943 0.0000000000
39156  -24.804  -41.207  63.253 0.0000000000
44459  -24.389  -36.589  65.797 0.0000000000
43380  -26.970  -37.391  64.432 0.0000000000
42285  -26.390  -37.964  63.759 0.0000000000
45597  -29.332  -35.409  64.194 0.0000000000
44494  -29.948  -36.087  63.267 0.0000000000
51045  -29.375  -30.767  63.607 0.0000000000
51034  -29.576  -30.774  64.162 0.0000000000
52055  -30.042  -29.882  63.744 0.0000000000
51024  -30.672  -30.732  64.740 0.0000000000
51025  -31.153  -30.790  64.676 0.0000000000
50017  -31.373  -31.109  64.499 0.0000000000
54206  -31.414  -28.140  62.994 0.0000000000
54199  -31.412  -28.495  63.224 0.0000000000
53122  -32.039  -28.909  62.891 0.0000000000
50031  -31.783  -31.277  64.028 0.0000000000
48962  -31.856  -31.832  63.411 0.0000000000
47751  -32.366  -32.454  62.786 0.0000000000
51070  -33.633  -29.942  60.176 0.0000000000
51076  -33.464  -30.210  59.749 0.0000000000
50151  -32.870  -31.367  55.950 0.0000000000
52125  -32.653  -29.767  57.050 0.0000000000
51119  -33.374  -30.549  56.216 0.0000000000
42197  -14.547  -37.373  70.176 0.0000000000
49054  -38.639  -31.852  57.269 0.0000000000
51111  -41.030  -30.750  55.976 0.0000000000
49107  -41.794  -31.416  55.262 0.0000000000
52143  -42.326  -30.030  55.484 0.0000000000
50157  -42.117  -31.145  55.233 0.0000000000
49131  -41.814  -31.584  54.929 0.0000000000
47915  -41.866  -32.000  54.872 0.0000000000
57434  -39.099  -24.703  53.763 0.0000000000
57421  -39.776  -24.575  54.304 0.0000000000
62730  -41.847  -19.553  50.263 0.0000000000
62729  -41.347  -20.233  50.715 0.0000000000
59555  -40.404  -22.570  53.416 0.0000000000
61665  -41.254  -21.275  53.899 0.0000000000
60577  -41.134  -22.008  54.237 0.0000000000
59539  -40.637  -22.608  54.008 0.0000000000
59525  -41.456  -22.802  54.369 0.0000000000
58479  -41.435  -23.666  54.320 0.0000000000
57450  -42.246  -24.452  52.505 0.0000000000
57468  -42.497  -24.475  51.900 0.0000000000
58521  -43.355  -23.005  51.792 0.0000000000
58537  -42.851  -23.685  51.659 0.0000000000
57470  -43.625  -24.622  50.661 0.0000000000
38048  -22.983  -42.021  64.954 0.0000000000
40146  -16.202  -38.651  68.125 0.0000000000
43378  -25.397  -37.739  64.556 0.0000000000
47894  -40.575  -32.621  55.341 0.0000000000
47932  -41.742  -31.732  54.659 0.0000000000
49053  -38.053  -31.899  57.496 0.0000000000
49105  -40.759  -32.297  55.453 0.0000000000
49148  -42.345  -31.225  53.938 0.0000000000
50118  -39.788  -31.021  56.187 0.0000000000
51033  -29.139  -30.990  63.880 0.0000000000
51081  -38.363  -30.194  57.733 0.0000000000
51151  -40.131  -29.816  53.933 0.0000000000
52104  -32.401  -29.931  58.026 0.0000000000
52126  -33.206  -29.809  56.716 0.0000000000
52128  -38.985  -29.088  56.633 0.0000000000
53192  -38.914  -28.795  57.113 0.0000000000
53252  -42.726  -28.617  53.409 0.0000000000
54253  -38.312  -28.667  57.803 0.0000000000
54285  -41.283  -26.707  55.182 0.0000000000
54346  -42.292  -26.683  52.499 0.0000000000
54366  -42.729  -26.600  51.607 0.0000000000
55389  -42.342  -26.510  52.263 0.0000000000
56385  -42.094  -25.097  52.803 0.0000000000
56416  -42.827  -25.452  51.311 0.0000000000
57304  -32.024  -25.162  62.284 0.0000000000
57356  -33.698  -24.114  58.151 0.0000000000
57404  -39.692  -24.786  54.417 0.0000000000
57405  -39.889  -24.608  54.512 0.0000000000
57420  -39.558  -24.661  54.235 0.0000000000
57469  -42.952  -24.612  51.221 0.0000000000
57492  -43.192  -24.951  50.920 0.0000000000
58439  -34.545  -23.996  58.843 0.0000000000
58476  -39.733  -24.152  54.301 0.0000000000
58489  -39.699  -24.401  54.134 0.0000000000
58490  -39.879  -24.118  54.206 0.0000000000
58519  -42.268  -23.705  52.698 0.0000000000
58536  -42.469  -23.844  52.174 0.0000000000
59524  -40.953  -22.810  54.358 0.0000000000
59542  -42.719  -21.500  52.871 0.0000000000
59556  -42.387  -22.822  53.143 0.0000000000
59558  -42.903  -21.691  52.527 0.0000000000
59570  -43.023  -22.595  52.062 0.0000000000
60566  -41.017  -22.154  54.485 0.0000000000
60568  -41.913  -22.097  54.620 0.0000000000
60578  -41.508  -21.566  54.341 0.0000000000
61653  -41.839  -21.561  54.485 0.0000000000
61666  -41.719  -21.187  53.965 0.0000000000
61668  -42.616  -20.832  53.000 0.0000000000
61692  -41.299  -20.538  52.907 0.0000000000
62686  -42.332  -20.611  53.201 0.0000000000
63764  -43.803  -19.504  52.491 0.0000000000
64761  -42.469  -18.227  50.519 0.0000000000
64764  -44.894  -17.997  50.179 0.0000000000
65705  -44.408  -17.634  50.541 0.0000000000
66616  -45.264  -16.858  49.191 0.0000000000
67614  -47.144  -14.347  44.674 0.0000000000
68573  -45.193  -14.280  47.174 0.0000000000
68582  -44.987  -14.275  47.019 0.0000000000
68594  -45.227  -13.699  45.770 0.0000000000
