#!ascii label  , from subject 4054 vox2ras=TkReg
783
51897  -21.154  -30.933  -3.747 0.4285714328
52947  -21.463  -29.457  -4.878 0.2857142985
51916  -21.152  -30.149  -4.483 0.4285714328
52948  -22.151  -29.180  -4.744 0.4285714328
53993  -22.606  -28.669  -4.417 0.4285714328
54014  -21.907  -28.974  -5.522 0.2857142985
54015  -22.470  -28.391  -5.190 0.4285714328
54016  -23.052  -28.087  -4.503 0.4285714328
55094  -22.391  -27.794  -5.816 0.4285714328
55095  -23.245  -27.175  -5.623 0.4285714328
56113  -22.903  -27.010  -6.526 0.4285714328
56132  -23.382  -26.201  -6.740 0.4285714328
58202  -22.487  -24.565  -6.350 0.5714285970
57161  -22.979  -25.443  -6.716 0.5714285970
57162  -23.894  -25.429  -6.854 0.4285714328
57163  -24.771  -25.461  -7.183 0.2857142985
58203  -23.463  -24.552  -6.677 0.7142857313
59256  -24.879  -23.475  -7.508 0.7142857313
58204  -24.401  -24.538  -7.036 0.7142857313
60287  -24.918  -22.485  -7.696 0.5714285970
60275  -24.376  -22.558  -6.967 0.5714285970
61356  -24.890  -21.529  -7.298 0.5714285970
61364  -25.233  -21.992  -7.785 0.5714285970
61365  -25.793  -21.529  -7.837 0.4285714328
62377  -25.294  -20.539  -7.091 0.5714285970
63460  -26.317  -19.720  -7.696 0.5714285970
62376  -24.549  -20.611  -6.482 0.7142857313
63450  -25.788  -19.720  -7.180 0.7142857313
62375  -23.595  -20.585  -5.791 0.5714285970
63449  -25.165  -19.696  -6.528 0.8571428657
64475  -26.234  -19.207  -7.330 0.7142857313
64476  -26.754  -18.669  -7.832 0.5714285970
63448  -24.227  -19.641  -5.971 0.7142857313
65428  -26.524  -17.679  -6.971 0.7142857313
64461  -24.958  -18.872  -5.988 0.7142857313
64462  -25.991  -18.624  -6.694 0.7142857313
66348  -26.836  -17.217  -7.277 0.5714285970
65443  -27.148  -17.637  -8.317 0.5714285970
64438  -25.388  -18.205  -5.982 0.5714285970
64439  -25.784  -18.015  -6.223 0.7142857313
66332  -27.163  -16.199  -7.326 0.7142857313
66349  -27.194  -16.744  -7.826 0.7142857313
66330  -25.738  -16.762  -5.891 0.7142857313
66331  -26.733  -16.708  -6.800 0.7142857313
68176  -27.431  -14.761  -7.505 0.7142857313
67239  -27.348  -15.675  -7.793 0.5714285970
67224  -26.528  -15.673  -6.205 0.7142857313
66309  -24.919  -17.163  -5.624 0.5714285970
68185  -27.492  -14.864  -8.445 0.5714285970
69177  -27.488  -14.098  -8.996 0.5714285970
67223  -25.479  -15.567  -5.769 0.8571428657
69164  -27.527  -13.895  -8.152 0.7142857313
69151  -27.366  -13.791  -7.203 0.7142857313
68161  -27.081  -14.690  -6.614 0.8571428657
71115  -27.449  -11.905  -7.254 0.8571428657
70183  -27.529  -12.874  -7.788 0.5714285970
69136  -26.858  -13.693  -6.397 0.8571428657
68160  -26.239  -14.588  -5.988 0.8571428657
72066  -27.372  -11.081  -6.617 0.8571428657
72072  -27.629  -10.775  -7.523 0.8571428657
72995  -27.518  -9.609  -6.535 0.8571428657
70172  -27.234  -12.854  -6.876 0.8571428657
72979  -27.295  -10.693  -5.995 0.8571428657
72977  -26.429  -9.778  -5.360 1.0000000000
72978  -27.172  -10.164  -5.696 1.0000000000
72052  -27.153  -11.480  -5.987 0.8571428657
72994  -26.723  -9.200  -5.624 1.0000000000
73876  -26.185  -7.805  -5.645 1.0000000000
75666  -24.026  -6.803  -5.330 0.7142857313
73892  -26.085  -8.441  -5.584 1.0000000000
73891  -25.160  -8.447  -5.752 1.0000000000
74738  -25.607  -7.365  -5.443 1.0000000000
78506  -24.893  -3.215  -5.208 1.0000000000
78517  -24.389  -3.706  -5.573 0.8571428657
80339  -24.151  -1.961  -5.834 0.8571428657
79424  -24.482  -2.402  -5.584 1.0000000000
83750  -24.645  1.605  -5.737 0.8571428657
82133  -24.629  0.336  -5.684 0.8571428657
81268  -24.309  -0.744  -5.783 1.0000000000
84534  -24.107  3.355  -6.384 0.8571428657
83760  -24.611  2.440  -5.943 0.8571428657
85273  -23.677  4.140  -6.577 0.7142857313
84548  -22.787  2.777  -7.262 0.5714285970
85272  -22.824  4.348  -6.721 0.7142857313
85973  -23.558  5.190  -6.393 0.5714285970
85270  -21.645  4.173  -8.050 0.5714285970
84547  -22.089  3.065  -7.733 0.5714285970
85285  -21.211  4.244  -8.740 0.4285714328
86669  -21.283  6.198  -8.314 0.4285714328
86659  -21.645  6.292  -7.700 0.4285714328
85996  -19.445  5.682  -9.952 0.2857142985
85995  -18.839  5.472  -9.509 0.2857142985
86006  -19.722  5.272  -10.294 0.2857142985
85982  -19.175  5.381  -8.338 0.2857142985
64463  -26.531  -18.180  -7.249 0.5714285970
76660  -25.249  -5.988  -5.274 0.8571428657
85965  -19.756  5.520  -6.449 0.1428571492
54013  -21.023  -28.706  -5.290 0.2857142985
54034  -21.713  -28.352  -5.768 0.2857142985
54035  -22.168  -28.457  -5.710 0.2857142985
55075  -22.873  -27.755  -5.142 0.4285714328
55096  -23.950  -26.701  -5.474 0.4285714328
56112  -21.895  -26.824  -6.274 0.2857142985
56131  -22.543  -26.226  -6.621 0.4285714328
56114  -23.699  -26.604  -6.239 0.4285714328
59254  -22.960  -23.596  -6.303 0.2857142985
59255  -23.967  -23.574  -6.747 0.7142857313
60274  -23.493  -22.610  -6.268 0.5714285970
61366  -26.847  -21.508  -7.884 0.4285714328
61355  -24.055  -21.612  -6.320 0.7142857313
61357  -25.421  -21.028  -7.518 0.7142857313
62386  -25.832  -20.514  -7.608 0.5714285970
62387  -26.563  -20.538  -8.002 0.4285714328
63447  -23.086  -19.467  -5.676 0.5714285970
66358  -27.283  -16.776  -9.024 0.5714285970
64460  -23.957  -18.558  -5.717 0.5714285970
65427  -26.078  -17.572  -6.398 0.7142857313
67250  -27.376  -15.821  -8.741 0.5714285970
65403  -25.074  -17.719  -5.699 0.8571428657
67225  -27.174  -15.632  -6.974 0.7142857313
71127  -27.561  -11.822  -8.272 0.5714285970
70164  -26.781  -12.831  -6.187 1.0000000000
73893  -26.966  -8.208  -5.870 1.0000000000
72050  -25.939  -11.103  -5.379 1.0000000000
74737  -24.785  -7.640  -5.535 0.8571428657
76676  -23.546  -5.554  -5.841 0.7142857313
76677  -24.668  -5.271  -5.551 1.0000000000
76678  -25.592  -5.211  -5.380 1.0000000000
77582  -24.131  -4.449  -5.784 0.7142857313
82957  -23.840  0.833  -5.932 0.8571428657
81257  -24.963  -0.520  -5.654 1.0000000000
80341  -25.505  -1.365  -5.413 1.0000000000
84533  -23.225  3.419  -6.763 0.7142857313
85983  -21.062  5.248  -9.110 0.7142857313
85271  -21.981  4.485  -7.391 0.7142857313
85972  -22.385  5.333  -6.977 0.7142857313
84556  -20.794  3.255  -8.794 0.4285714328
86679  -19.825  6.092  -9.498 0.2857142985
86668  -20.561  6.423  -8.659 0.4285714328
86658  -21.194  6.661  -8.091 0.4285714328
86666  -19.211  6.430  -8.684 0.2857142985
86680  -20.171  6.023  -9.403 0.4285714328
60273  -22.416  -22.605  -5.866 0.4285714328
85286  -21.605  4.879  -8.282 0.7142857313
86678  -19.366  6.009  -9.366 0.2857142985
51915  -20.568  -30.465  -4.374 0.4285714328
52924  -21.702  -29.861  -4.216 0.4285714328
52946  -20.756  -29.645  -4.716 0.2857142985
52925  -22.449  -29.290  -3.826 0.4285714328
56130  -21.995  -26.112  -6.389 0.4285714328
57160  -22.158  -25.484  -6.363 0.4285714328
65442  -26.835  -17.700  -7.565 0.5714285970
64437  -24.754  -18.231  -5.745 0.7142857313
66310  -25.334  -17.311  -5.744 0.8571428657
71107  -27.153  -12.056  -6.408 0.8571428657
72051  -27.053  -11.104  -5.639 1.0000000000
73875  -25.583  -7.942  -5.664 1.0000000000
76658  -23.920  -5.991  -5.464 0.8571428657
82967  -24.039  1.704  -5.921 0.8571428657
83759  -23.429  2.270  -6.513 0.8571428657
84532  -22.436  3.622  -7.180 0.5714285970
84531  -21.883  3.753  -7.649 0.5714285970
85984  -21.409  5.755  -8.361 0.4285714328
85295  -18.596  4.613  -8.993 0.2857142985
85303  -20.071  5.023  -10.284 0.2857142985
85969  -19.702  5.186  -7.053 0.1428571492
55093  -21.490  -27.647  -5.862 0.2857142985
85971  -21.808  5.350  -7.714 0.5714285970
88704  -21.292  9.944  -7.119 0.2857142985
89387  -19.847  11.107  -8.308 0.1428571492
88069  -20.674  8.742  -8.021 0.2857142985
88712  -19.986  10.215  -8.633 0.1428571492
90053  -19.346  11.294  -8.776 0.1428571492
87376  -19.632  7.922  -8.958 0.1428571492
87377  -20.526  7.950  -8.189 0.2857142985
87387  -19.420  8.948  -9.192 0.1428571492
88061  -22.759  8.463  -6.760 0.2857142985
88060  -21.415  8.578  -7.358 0.2857142985
87378  -25.964  7.464  -7.547 0.2857142985
87370  -24.563  7.474  -6.601 0.2857142985
89395  -18.371  10.733  -8.968 0.1428571492
87367  -21.217  7.196  -7.776 0.2857142985
85974  -24.813  5.428  -6.197 0.2857142985
85287  -27.273  4.734  -6.732 0.1428571492
86662  -25.247  6.501  -6.590 0.2857142985
87369  -23.372  7.425  -6.555 0.2857142985
88076  -19.143  9.432  -9.543 0.1428571492
87368  -22.174  7.373  -7.042 0.2857142985
84557  -28.588  3.530  -8.282 0.1428571492
84550  -28.151  3.600  -7.192 0.1428571492
85975  -25.869  5.478  -6.609 0.4285714328
82968  -27.489  1.301  -5.811 0.2857142985
84536  -26.144  3.618  -6.093 0.4285714328
81269  -27.980  -0.455  -6.510 0.1428571492
83763  -27.608  2.365  -6.165 0.2857142985
85275  -25.497  4.497  -6.278 0.4285714328
83752  -26.224  1.929  -5.585 0.5714285970
84535  -25.103  3.500  -6.118 0.7142857313
79436  -27.912  -2.223  -6.490 0.1428571492
81260  -27.505  -0.467  -5.848 0.1428571492
82961  -26.718  1.188  -5.456 0.4285714328
78519  -28.174  -3.204  -6.694 0.2857142985
78518  -27.733  -2.976  -6.025 0.7142857313
83751  -25.345  1.813  -5.633 0.7142857313
79425  -25.191  -2.257  -5.316 0.8571428657
80342  -26.376  -1.328  -5.413 0.8571428657
82960  -25.851  1.117  -5.385 0.5714285970
76697  -28.458  -5.345  -7.567 0.2857142985
77587  -28.321  -4.287  -7.080 0.2857142985
82135  -26.342  0.338  -5.411 0.7142857313
82143  -23.371  0.278  -6.737 0.5714285970
82134  -25.467  0.301  -5.556 0.8571428657
77573  -27.476  -3.372  -5.769 0.7142857313
75726  -28.345  -6.204  -8.002 0.1428571492
71104  -23.302  -11.316  -6.458 0.5714285970
72992  -24.758  -9.281  -5.821 0.8571428657
73890  -24.340  -8.591  -5.917 0.8571428657
72991  -23.773  -9.351  -6.204 0.4285714328
74750  -24.593  -8.143  -5.770 0.5714285970
77583  -25.021  -4.311  -5.358 0.8571428657
76662  -26.714  -5.953  -5.559 0.8571428657
77570  -25.599  -3.745  -5.204 0.8571428657
74772  -28.225  -7.273  -7.888 0.2857142985
77585  -26.910  -4.433  -5.382 0.8571428657
77571  -26.326  -3.688  -5.298 0.8571428657
81258  -25.914  -0.507  -5.447 0.8571428657
74771  -27.808  -7.673  -8.605 0.4285714328
76681  -27.990  -5.321  -6.684 0.7142857313
77586  -27.735  -4.090  -6.030 0.7142857313
72049  -24.941  -10.560  -5.432 0.5714285970
72063  -23.595  -10.413  -6.241 0.5714285970
72993  -25.875  -8.820  -5.656 0.8571428657
75669  -26.490  -6.600  -5.523 0.8571428657
76661  -26.095  -5.951  -5.208 0.8571428657
76679  -26.466  -5.248  -5.388 0.8571428657
74763  -27.981  -7.353  -6.930 0.4285714328
75689  -27.651  -6.380  -6.494 0.8571428657
76680  -27.286  -5.432  -5.862 0.8571428657
73913  -27.937  -8.176  -8.148 0.4285714328
66328  -23.591  -16.524  -5.743 0.7142857313
67221  -23.192  -15.394  -5.699 0.4285714328
66329  -24.719  -16.423  -5.663 0.7142857313
68159  -25.135  -14.508  -5.721 0.8571428657
69133  -23.772  -13.398  -5.758 0.5714285970
70162  -23.692  -12.279  -6.032 0.5714285970
69132  -23.062  -13.241  -6.569 0.4285714328
69135  -25.943  -13.425  -5.838 0.8571428657
69120  -24.514  -12.676  -5.519 0.5714285970
71105  -24.053  -11.243  -5.894 0.5714285970
71106  -26.842  -12.302  -5.977 0.8571428657
71095  -26.037  -11.910  -5.323 0.7142857313
70153  -24.460  -11.906  -5.581 0.5714285970
73003  -27.916  -9.130  -7.147 0.7142857313
73894  -27.689  -8.309  -6.621 0.7142857313
74752  -27.434  -7.342  -6.234 0.8571428657
72094  -26.451  -10.481  -9.933 0.2857142985
73011  -27.452  -9.841  -8.812 0.4285714328
73904  -27.852  -8.718  -8.047 0.5714285970
65426  -23.591  -17.594  -5.746 0.4285714328
66327  -22.509  -16.336  -6.139 0.4285714328
69122  -25.913  -12.798  -5.657 0.8571428657
72095  -27.039  -10.582  -9.292 0.2857142985
72083  -27.528  -10.705  -8.556 0.5714285970
64459  -22.777  -18.359  -5.876 0.5714285970
66308  -24.236  -17.083  -5.651 0.5714285970
70195  -27.483  -12.994  -8.953 0.4285714328
71139  -27.186  -11.693  -9.453 0.4285714328
71138  -26.734  -11.089  -9.735 0.4285714328
61354  -22.987  -21.601  -5.771 0.5714285970
64477  -27.142  -18.161  -8.543 0.4285714328
68193  -27.419  -14.904  -9.456 0.4285714328
69189  -27.175  -13.840  -9.888 0.4285714328
56134  -25.137  -26.062  -6.661 0.1428571492
67259  -27.272  -15.894  -9.856 0.4285714328
58205  -25.286  -24.576  -7.319 0.1428571492
60289  -26.344  -22.585  -7.495 0.2857142985
63470  -28.081  -19.291  -8.714 0.2857142985
65473  -28.074  -17.991  -10.762 0.2857142985
65453  -27.922  -18.085  -9.158 0.2857142985
62396  -27.169  -20.067  -8.167 0.4285714328
65462  -27.649  -17.490  -10.390 0.2857142985
65452  -27.493  -17.676  -9.248 0.2857142985
64486  -27.490  -18.618  -8.674 0.2857142985
66366  -27.312  -16.837  -10.132 0.2857142985
57145  -26.010  -25.949  -6.381 0.1428571492
57164  -25.689  -25.404  -7.002 0.1428571492
56133  -24.244  -26.118  -6.754 0.1428571492
58206  -26.173  -24.544  -7.018 0.2857142985
59274  -26.068  -23.247  -7.443 0.2857142985
61367  -27.757  -21.328  -7.742 0.2857142985
62398  -28.598  -19.932  -8.465 0.2857142985
62397  -27.788  -19.985  -8.241 0.2857142985
57165  -26.474  -25.272  -6.529 0.1428571492
60278  -27.770  -22.535  -6.677 0.2857142985
58207  -27.139  -24.539  -6.364 0.2857142985
60277  -26.915  -22.797  -6.931 0.2857142985
59258  -26.526  -23.481  -7.025 0.2857142985
59257  -25.756  -23.748  -7.351 0.2857142985
60290  -27.269  -22.061  -7.278 0.2857142985
56116  -25.408  -26.247  -5.815 0.1428571492
50901  -20.733  -31.467  -3.317 0.2857142985
51896  -20.183  -31.088  -3.875 0.2857142985
55076  -23.826  -27.273  -4.406 0.2857142985
51879  -22.018  -30.890  -3.009 0.1428571492
50900  -20.279  -31.790  -3.498 0.2857142985
49891  -19.904  -32.328  -3.380 0.1428571492
59259  -27.405  -23.406  -6.452 0.2857142985
60291  -28.234  -21.867  -7.234 0.2857142985
62388  -27.368  -20.689  -8.073 0.2857142985
64487  -28.319  -18.520  -9.228 0.2857142985
64485  -27.068  -19.101  -8.268 0.4285714328
66372  -27.352  -17.034  -11.166 0.2857142985
68158  -24.009  -14.439  -5.633 0.7142857313
70154  -25.216  -12.121  -5.381 0.5714285970
71152  -26.844  -12.138  -10.119 0.2857142985
80349  -24.064  -1.048  -5.902 0.7142857313
78507  -25.765  -2.997  -5.216 0.8571428657
82959  -25.019  1.034  -5.560 0.7142857313
73912  -27.493  -8.732  -8.746 0.2857142985
78508  -26.517  -2.904  -5.464 0.8571428657
86660  -22.808  6.339  -6.675 0.2857142985
82144  -27.844  0.438  -6.092 0.4285714328
83753  -26.976  1.922  -5.725 0.4285714328
88710  -18.428  9.745  -8.296 0.1428571492
85976  -26.678  5.288  -6.773 0.2857142985
84549  -27.678  4.189  -6.866 0.1428571492
88062  -23.960  8.467  -6.619 0.2857142985
51898  -21.991  -30.181  -3.569 0.1428571492
53994  -23.121  -28.495  -3.881 0.1428571492
57146  -26.735  -25.709  -5.978 0.1428571492
59273  -25.625  -23.082  -7.625 0.2857142985
60276  -26.568  -22.953  -7.152 0.2857142985
63471  -29.039  -19.251  -9.298 0.2857142985
110241  -27.288  -16.595  -12.209 0.2857142985
67222  -24.350  -15.476  -5.685 0.7142857313
68157  -22.983  -14.296  -6.053 0.4285714328
67267  -27.258  -16.092  -11.012 0.4285714328
71103  -22.593  -11.289  -7.018 0.2857142985
69134  -24.782  -13.552  -5.561 0.7142857313
68213  -26.736  -14.201  -11.483 0.1428571492
69188  -26.849  -13.286  -10.473 0.4285714328
70203  -27.010  -12.761  -9.908 0.4285714328
70202  -26.689  -12.564  -10.643 0.1428571492
73877  -26.573  -7.627  -5.709 0.8571428657
71151  -26.498  -11.508  -10.486 0.1428571492
73002  -27.828  -9.513  -7.868 0.5714285970
73023  -26.864  -9.644  -9.389 0.2857142985
79426  -26.046  -2.155  -5.246 0.8571428657
75725  -27.853  -6.556  -8.774 0.2857142985
86667  -19.491  6.770  -9.056 0.2857142985
77598  -28.587  -4.381  -8.090 0.1428571492
80343  -27.125  -1.320  -5.695 0.5714285970
80351  -28.138  -1.363  -6.880 0.1428571492
87396  -18.810  8.995  -9.384 0.1428571492
82136  -27.229  0.390  -5.495 0.5714285970
82145  -28.263  0.476  -6.859 0.1428571492
85276  -26.483  4.567  -6.419 0.2857142985
83764  -28.264  2.401  -6.830 0.1428571492
83775  -28.520  2.491  -7.739 0.1428571492
86663  -25.954  6.249  -6.990 0.2857142985
86671  -26.460  6.594  -7.556 0.2857142985
86672  -27.184  6.395  -7.900 0.1428571492
85987  -27.831  5.292  -7.814 0.1428571492
52926  -23.354  -29.064  -3.288 0.1428571492
64494  -28.804  -18.519  -10.195 0.2857142985
85304  -28.589  4.512  -8.879 0.1428571492
86681  -26.897  6.937  -8.160 0.2857142985
51914  -19.939  -30.486  -4.175 0.2857142985
54017  -23.489  -27.958  -4.035 0.1428571492
59272  -25.223  -22.895  -7.770 0.4285714328
60288  -25.517  -22.445  -7.794 0.2857142985
63461  -26.835  -19.605  -8.100 0.4285714328
65402  -24.409  -17.724  -5.656 0.4285714328
72996  -27.875  -8.875  -6.880 0.7142857313
72065  -25.004  -9.926  -5.430 0.8571428657
71096  -26.745  -12.090  -5.791 0.8571428657
75668  -25.798  -6.672  -5.265 0.8571428657
82966  -23.645  1.099  -6.290 0.5714285970
85274  -24.486  4.356  -6.353 0.5714285970
56115  -24.514  -26.342  -6.035 0.1428571492
71094  -24.972  -11.228  -5.406 0.5714285970
77584  -25.996  -4.452  -5.290 0.8571428657
88713  -20.656  9.523  -7.858 0.2857142985
89388  -20.688  10.724  -7.567 0.1428571492
89397  -19.523  10.859  -9.167 0.1428571492
88068  -20.143  8.996  -8.719 0.2857142985
88705  -22.266  9.599  -6.682 0.2857142985
88077  -19.560  9.721  -9.219 0.1428571492
86670  -25.783  6.836  -7.172 0.2857142985
88718  -18.400  9.743  -9.199 0.1428571492
86661  -24.057  6.408  -6.355 0.2857142985
85986  -27.194  5.635  -7.350 0.1428571492
85288  -27.816  4.715  -7.261 0.1428571492
85298  -28.250  4.553  -7.972 0.1428571492
84538  -27.955  3.041  -6.550 0.1428571492
85985  -26.420  5.841  -7.068 0.1428571492
82969  -28.056  1.409  -6.467 0.1428571492
83761  -25.694  2.686  -5.829 0.5714285970
83762  -26.681  2.715  -5.906 0.4285714328
82156  -28.472  0.491  -7.734 0.1428571492
80350  -27.635  -1.326  -6.258 0.1428571492
84537  -27.293  3.631  -6.421 0.2857142985
79435  -27.420  -2.138  -5.933 0.4285714328
78509  -27.170  -2.852  -5.725 0.7142857313
79427  -26.768  -2.122  -5.602 0.7142857313
81259  -26.797  -0.491  -5.434 0.7142857313
75709  -28.136  -6.318  -7.254 0.4285714328
72064  -24.418  -10.304  -5.804 0.5714285970
75688  -27.099  -6.500  -5.897 0.8571428657
69121  -25.392  -12.827  -5.501 0.7142857313
70155  -25.965  -12.362  -5.465 0.8571428657
73905  -28.037  -8.431  -7.419 0.7142857313
65425  -22.697  -17.338  -6.105 0.5714285970
68203  -27.187  -14.872  -10.656 0.4285714328
65463  -28.164  -17.881  -9.785 0.2857142985
63469  -27.382  -19.452  -8.352 0.2857142985
56117  -26.299  -26.209  -5.624 0.1428571492
62389  -28.179  -20.586  -8.032 0.2857142985
57166  -26.988  -25.249  -6.145 0.1428571492
51878  -21.418  -31.080  -3.228 0.1428571492
50880  -20.589  -31.774  -3.153 0.1428571492
88066  -18.518  8.846  -8.837 0.1428571492
52911  -22.784  -29.973  -3.071 0.1428571492
52927  -24.099  -28.927  -2.953 0.1428571492
87375  -18.737  7.870  -8.887 0.1428571492
81266  -23.160  -0.647  -6.659 0.5714285970
79434  -23.246  -2.489  -6.359 0.4285714328
79433  -22.546  -2.492  -6.908 0.4285714328
80348  -23.657  -1.506  -6.082 0.5714285970
78515  -23.050  -3.444  -6.662 0.4285714328
81267  -23.755  -0.488  -6.069 0.4285714328
76696  -23.049  -6.192  -6.248 0.4285714328
77581  -23.426  -4.385  -6.320 0.4285714328
76675  -23.094  -4.977  -6.433 0.4285714328
78516  -23.745  -3.436  -6.017 0.5714285970
79423  -23.886  -2.470  -5.879 0.5714285970
74749  -24.204  -7.829  -5.799 0.5714285970
64517  -28.145  -18.698  -12.108 0.1428571492
65472  -27.613  -17.622  -11.192 0.1428571492
65484  -27.507  -17.439  -11.883 0.1428571492
58201  -21.460  -24.623  -5.947 0.2857142985
62439  -28.698  -20.150  -12.810 0.1428571492
63491  -28.581  -19.323  -11.715 0.1428571492
63515  -28.846  -19.219  -13.452 0.1428571492
63472  -29.375  -19.853  -9.532 0.1428571492
63492  -29.051  -19.886  -11.344 0.1428571492
63481  -29.132  -19.045  -10.010 0.1428571492
63505  -28.706  -19.934  -11.947 0.1428571492
62444  -29.493  -20.368  -13.356 0.1428571492
62431  -28.711  -20.186  -12.528 0.1428571492
64519  -30.789  -18.846  -11.629 0.1428571492
63517  -30.053  -19.553  -13.359 0.1428571492
63506  -30.614  -19.042  -12.450 0.1428571492
57144  -21.418  -25.786  -5.953 0.2857142985
58185  -20.817  -25.010  -5.785 0.2857142985
60292  -29.199  -21.697  -7.276 0.1428571492
61369  -29.630  -21.072  -8.128 0.1428571492
62390  -28.928  -20.537  -8.144 0.1428571492
61368  -28.662  -21.123  -7.672 0.1428571492
62399  -29.408  -20.278  -8.873 0.1428571492
62418  -29.506  -20.698  -10.772 0.1428571492
62409  -29.981  -21.027  -9.949 0.1428571492
62432  -29.063  -20.686  -12.119 0.1428571492
61417  -29.699  -21.215  -13.005 0.1428571492
62442  -31.062  -20.554  -12.577 0.1428571492
63507  -31.180  -19.683  -12.025 0.1428571492
63514  -30.846  -19.733  -12.586 0.1428571492
56111  -20.831  -26.722  -5.550 0.2857142985
59260  -28.317  -23.119  -6.138 0.1428571492
60280  -29.705  -22.302  -6.813 0.1428571492
61370  -30.186  -21.515  -8.274 0.1428571492
62419  -29.844  -21.452  -10.566 0.1428571492
61378  -29.799  -20.851  -8.798 0.1428571492
61414  -29.598  -21.539  -12.537 0.1428571492
61419  -30.510  -21.111  -12.956 0.1428571492
63493  -31.344  -19.553  -10.943 0.1428571492
60279  -28.750  -22.352  -6.637 0.1428571492
59239  -28.850  -23.708  -5.544 0.1428571492
60281  -30.456  -22.437  -7.157 0.1428571492
59262  -30.311  -22.838  -6.386 0.1428571492
60307  -30.605  -22.440  -9.468 0.1428571492
60293  -30.105  -21.858  -7.653 0.1428571492
60316  -30.206  -22.401  -10.775 0.1428571492
60300  -30.478  -21.999  -8.476 0.1428571492
60323  -29.924  -22.376  -11.495 0.1428571492
61415  -30.233  -22.006  -12.607 0.1428571492
62433  -31.582  -20.544  -11.327 0.1428571492
59241  -30.920  -23.492  -5.947 0.1428571492
59261  -29.307  -22.924  -6.120 0.1428571492
60294  -30.731  -22.409  -7.895 0.1428571492
59294  -30.910  -23.449  -10.236 0.1428571492
59284  -31.009  -23.069  -9.391 0.1428571492
60324  -30.529  -23.056  -11.303 0.1428571492
62446  -30.710  -20.981  -12.871 0.1428571492
60333  -30.048  -22.510  -12.089 0.1428571492
59242  -31.799  -23.838  -6.367 0.1428571492
59240  -29.893  -23.533  -5.649 0.1428571492
110214  -31.612  -23.414  -8.850 0.1428571492
59264  -32.152  -23.895  -7.449 0.1428571492
61416  -30.917  -21.827  -12.303 0.1428571492
110222  -31.078  -24.006  -11.003 0.1428571492
59263  -31.258  -23.013  -7.250 0.1428571492
60301  -30.811  -22.489  -8.622 0.1428571492
61387  -30.194  -21.758  -10.118 0.1428571492
63483  -31.634  -19.275  -9.677 0.1428571492
62440  -29.152  -20.741  -12.956 0.1428571492
62445  -30.310  -20.356  -13.166 0.1428571492
64516  -27.753  -17.918  -12.435 0.1428571492
62410  -31.967  -19.879  -9.655 0.1428571492
75665  -23.679  -5.881  -5.776 0.4285714328
64506  -30.907  -18.689  -10.640 0.1428571492
64531  -29.790  -18.764  -13.367 0.1428571492
87389  -27.284  7.280  -9.247 0.1428571492
87379  -26.429  7.485  -8.067 0.1428571492
64502  -27.836  -18.068  -11.641 0.1428571492
59238  -27.992  -24.057  -5.939 0.1428571492
110248  -27.034  -15.268  -11.817 0.1428571492
64495  -29.068  -19.042  -10.344 0.1428571492
64503  -28.427  -18.568  -11.272 0.1428571492
63504  -28.467  -19.652  -12.452 0.1428571492
63512  -28.365  -19.314  -13.095 0.1428571492
62443  -28.837  -20.022  -13.252 0.1428571492
64504  -28.929  -19.117  -10.898 0.1428571492
63516  -29.585  -19.422  -13.474 0.1428571492
64526  -28.023  -18.615  -12.745 0.1428571492
64530  -28.960  -18.095  -13.464 0.1428571492
62400  -29.826  -20.767  -9.272 0.1428571492
62408  -29.626  -20.349  -9.770 0.1428571492
63482  -29.318  -19.611  -10.262 0.1428571492
61394  -29.696  -21.751  -11.237 0.1428571492
61379  -30.208  -21.371  -9.044 0.1428571492
61405  -29.562  -21.864  -11.975 0.1428571492
61418  -30.192  -21.189  -13.046 0.1428571492
60315  -29.908  -22.224  -11.215 0.1428571492
61395  -29.958  -21.878  -10.696 0.1428571492
110212  -31.160  -22.772  -8.318 0.1428571492
60334  -31.229  -23.379  -11.712 0.1428571492
60308  -31.051  -22.834  -8.946 0.1428571492
49874  -18.426  -32.046  -2.456 0.1428571492
50899  -19.627  -31.692  -3.494 0.1428571492
51876  -18.489  -30.275  -1.966 0.1428571492
51877  -18.931  -30.529  -2.623 0.1428571492
51895  -19.531  -30.720  -3.452 0.1428571492
52923  -19.567  -29.789  -4.004 0.1428571492
54012  -20.129  -28.921  -4.423 0.1428571492
55073  -20.295  -27.857  -4.927 0.1428571492
55092  -20.865  -27.756  -5.491 0.1428571492
55054  -19.044  -27.517  -3.608 0.1428571492
56068  -19.366  -27.049  -4.056 0.1428571492
56091  -20.410  -27.259  -5.223 0.1428571492
57124  -19.078  -25.418  -4.860 0.1428571492
58184  -20.066  -24.633  -5.596 0.1428571492
57143  -20.504  -25.638  -5.585 0.1428571492
58200  -20.637  -24.350  -5.790 0.2857142985
59253  -21.888  -23.594  -5.915 0.2857142985
63446  -21.815  -19.281  -6.136 0.4285714328
73889  -23.672  -8.431  -6.131 0.2857142985
75708  -22.795  -6.764  -6.508 0.2857142985
75686  -23.341  -6.848  -6.142 0.2857142985
78525  -21.454  -3.373  -7.420 0.2857142985
80347  -22.842  -1.550  -6.721 0.2857142985
80359  -22.075  -1.537  -7.186 0.4285714328
59237  -20.207  -23.994  -5.764 0.1428571492
59252  -20.632  -23.506  -5.925 0.2857142985
55072  -19.603  -27.784  -4.247 0.1428571492
56089  -19.014  -25.922  -4.472 0.1428571492
57142  -19.718  -25.505  -5.312 0.1428571492
58183  -19.090  -24.455  -5.251 0.1428571492
59251  -19.898  -23.019  -6.171 0.2857142985
60271  -20.259  -22.463  -6.328 0.2857142985
60272  -21.255  -22.534  -5.937 0.2857142985
62374  -22.373  -20.486  -5.740 0.4285714328
73001  -23.148  -9.304  -6.543 0.2857142985
73903  -23.023  -8.620  -6.576 0.2857142985
74748  -23.200  -7.699  -6.264 0.2857142985
74761  -21.969  -7.502  -7.446 0.2857142985
77596  -21.948  -4.479  -7.319 0.2857142985
77608  -21.299  -4.840  -7.690 0.2857142985
78526  -22.236  -3.440  -7.012 0.2857142985
74762  -22.574  -7.611  -6.860 0.2857142985
73902  -22.310  -8.426  -7.241 0.2857142985
75707  -22.170  -6.622  -7.103 0.2857142985
76694  -21.756  -5.617  -7.438 0.2857142985
76695  -22.638  -5.577  -6.714 0.2857142985
77597  -22.767  -4.389  -6.801 0.2857142985
74760  -21.358  -7.556  -7.703 0.2857142985
75706  -21.373  -6.629  -7.701 0.2857142985
52945  -20.152  -29.913  -4.472 0.1428571492
56110  -20.137  -26.154  -5.399 0.1428571492
50879  -18.997  -31.530  -2.937 0.1428571492
52910  -19.035  -29.741  -3.232 0.1428571492
53992  -19.103  -28.681  -3.618 0.1428571492
56090  -19.649  -26.649  -4.872 0.1428571492
56067  -18.804  -26.385  -3.834 0.1428571492
61353  -21.807  -21.544  -5.904 0.4285714328
75724  -20.741  -6.269  -8.240 0.2857142985
64458  -21.939  -18.091  -6.720 0.2857142985
90055  -24.951  11.705  -8.218 0.1428571492
89399  -25.343  10.574  -8.205 0.1428571492
89392  -25.128  10.052  -7.663 0.1428571492
88070  -25.494  9.008  -7.552 0.1428571492
88071  -26.026  8.469  -7.984 0.1428571492
90744  -24.967  12.312  -8.812 0.1428571492
88714  -25.057  9.520  -7.367 0.1428571492
88706  -23.400  9.405  -6.712 0.1428571492
90729  -22.058  11.796  -7.165 0.1428571492
65424  -21.996  -17.092  -6.596 0.2857142985
88072  -26.406  7.949  -8.431 0.1428571492
89405  -25.912  10.605  -9.222 0.1428571492
88715  -25.556  9.508  -7.922 0.1428571492
87371  -25.402  7.453  -7.058 0.1428571492
88064  -25.665  7.973  -7.396 0.1428571492
89390  -23.666  11.129  -6.901 0.1428571492
90038  -22.460  11.351  -6.949 0.1428571492
89380  -23.168  10.567  -6.668 0.1428571492
89379  -21.909  10.742  -7.030 0.1428571492
89389  -21.331  10.924  -7.271 0.1428571492
88063  -25.161  8.505  -7.061 0.1428571492
88707  -24.313  9.403  -6.997 0.1428571492
89391  -24.428  10.601  -7.234 0.1428571492
90743  -24.296  12.779  -8.216 0.1428571492
89381  -23.848  9.984  -6.875 0.1428571492
88721  -26.055  9.405  -8.891 0.1428571492
73901  -21.684  -8.182  -7.570 0.1428571492
76708  -20.996  -5.545  -7.930 0.1428571492
76706  -19.692  -5.558  -9.196 0.1428571492
77606  -19.884  -4.485  -8.913 0.1428571492
73000  -22.660  -9.450  -6.971 0.1428571492
76707  -20.353  -5.454  -8.542 0.1428571492
78532  -20.124  -3.448  -8.587 0.1428571492
79441  -20.338  -2.461  -8.244 0.2857142985
68156  -22.126  -14.185  -7.028 0.1428571492
72062  -22.899  -10.439  -6.717 0.1428571492
72999  -21.593  -9.209  -7.539 0.1428571492
73922  -26.683  -8.660  -9.643 0.1428571492
77595  -21.116  -4.117  -7.541 0.1428571492
79442  -20.998  -2.430  -7.683 0.1428571492
81279  -21.672  -0.568  -7.668 0.2857142985
83780  -21.244  2.192  -8.887 0.2857142985
82984  -19.965  1.342  -9.088 0.2857142985
85284  -18.995  4.464  -7.880 0.1428571492
81280  -22.467  -0.649  -7.117 0.2857142985
80357  -20.694  -1.539  -8.078 0.2857142985
82154  -22.364  0.274  -7.607 0.2857142985
83774  -22.870  2.098  -7.245 0.2857142985
82978  -21.853  1.215  -8.212 0.2857142985
82985  -20.977  1.278  -8.797 0.2857142985
83773  -22.343  2.150  -7.885 0.2857142985
82986  -21.483  1.651  -8.682 0.2857142985
84546  -21.510  3.511  -8.192 0.2857142985
85296  -19.768  4.144  -9.849 0.1428571492
83771  -19.678  2.382  -9.057 0.2857142985
86657  -19.403  6.193  -7.441 0.1428571492
82159  -19.835  0.490  -8.562 0.1428571492
82160  -20.373  0.411  -8.653 0.1428571492
79450  -19.665  -2.546  -8.745 0.2857142985
84555  -19.786  3.472  -9.277 0.1428571492
84554  -18.896  4.072  -9.524 0.1428571492
84545  -19.653  2.982  -8.721 0.1428571492
78538  -18.747  -3.668  -9.603 0.2857142985
82975  -19.175  1.532  -7.989 0.1428571492
84520  -19.373  3.284  -6.805 0.1428571492
83770  -19.339  2.462  -8.440 0.1428571492
77605  -17.246  -4.565  -9.513 0.1428571492
74782  -27.178  -7.570  -9.385 0.1428571492
72110  -25.777  -10.418  -10.910 0.1428571492
70160  -22.343  -12.032  -7.328 0.1428571492
72070  -21.192  -10.456  -7.832 0.1428571492
74781  -26.489  -7.900  -10.041 0.1428571492
72998  -20.851  -9.612  -7.839 0.1428571492
73910  -20.371  -8.273  -8.216 0.1428571492
74769  -20.092  -7.507  -9.018 0.1428571492
74770  -20.745  -7.275  -8.201 0.1428571492
77607  -20.618  -4.458  -8.146 0.1428571492
78524  -20.706  -3.368  -7.875 0.1428571492
81278  -21.028  -0.840  -7.964 0.1428571492
81285  -20.609  -0.564  -8.453 0.1428571492
82153  -21.544  0.329  -8.127 0.2857142985
82977  -21.331  0.809  -8.441 0.1428571492
82983  -19.542  1.152  -8.564 0.2857142985
84544  -19.160  3.548  -8.479 0.1428571492
85301  -18.804  4.740  -10.276 0.1428571492
84529  -19.174  3.696  -7.442 0.1428571492
73022  -26.219  -9.532  -10.169 0.1428571492
73921  -26.110  -8.581  -10.478 0.1428571492
83772  -21.580  2.659  -8.298 0.2857142985
85994  -18.470  4.893  -9.674 0.1428571492
85297  -20.343  4.436  -9.622 0.2857142985
82142  -22.900  -0.057  -7.132 0.2857142985
70161  -22.971  -12.192  -6.854 0.1428571492
69131  -22.354  -12.936  -7.244 0.1428571492
82979  -22.926  1.227  -7.302 0.2857142985
72990  -23.192  -9.791  -6.501 0.1428571492
71160  -25.900  -11.349  -11.409 0.1428571492
82155  -22.928  0.430  -7.247 0.2857142985
79443  -21.805  -2.465  -7.352 0.1428571492
73010  -20.701  -8.938  -7.728 0.1428571492
72071  -22.163  -10.366  -7.295 0.1428571492
78531  -19.427  -3.521  -9.222 0.1428571492
80358  -21.342  -1.542  -7.621 0.2857142985
81286  -21.182  -0.251  -8.227 0.2857142985
83779  -20.435  2.307  -9.179 0.2857142985
85268  -19.411  4.344  -7.200 0.1428571492
83781  -21.769  1.974  -8.505 0.2857142985
84562  -19.367  4.122  -9.863 0.1428571492
87366  -18.852  7.214  -7.641 0.1428571492
80365  -20.085  -1.556  -8.530 0.1428571492
83758  -19.225  2.640  -7.439 0.1428571492
60262  -18.769  -22.743  -5.740 0.1428571492
61341  -18.285  -21.819  -5.888 0.1428571492
61350  -18.702  -21.422  -6.324 0.1428571492
62371  -19.356  -20.652  -6.960 0.1428571492
61351  -19.764  -21.540  -6.614 0.1428571492
62384  -19.730  -20.012  -7.648 0.1428571492
61352  -20.764  -21.539  -6.391 0.1428571492
62372  -20.326  -20.559  -7.021 0.1428571492
62373  -21.285  -20.504  -6.316 0.1428571492
63445  -20.976  -19.656  -7.006 0.1428571492
62385  -20.385  -19.723  -7.621 0.1428571492
63459  -21.388  -18.872  -7.064 0.1428571492
64474  -21.271  -18.265  -7.440 0.1428571492
66326  -21.651  -16.283  -6.721 0.1428571492
60269  -18.616  -22.132  -5.911 0.1428571492
67220  -22.223  -15.285  -6.334 0.1428571492
60270  -19.321  -22.421  -6.178 0.1428571492
61349  -18.176  -20.959  -6.372 0.1428571492
63457  -20.007  -19.178  -8.206 0.1428571492
63444  -18.680  -19.571  -7.481 0.1428571492
59234  -17.885  -22.775  -5.177 0.1428571492
49890  -19.714  -32.141  -3.520 0.1428571492
54033  -21.276  -28.158  -5.678 0.2857142985
55074  -22.552  -27.989  -5.397 0.4285714328
62441  -30.603  -20.186  -12.972 0.1428571492
63513  -30.432  -19.581  -13.001 0.1428571492
65404  -25.587  -17.606  -5.949 0.7142857313
70163  -26.371  -12.617  -5.780 0.8571428657
71097  -27.007  -11.968  -5.976 0.8571428657
73911  -21.007  -8.214  -7.671 0.1428571492
74736  -24.048  -7.454  -5.508 0.5714285970
74739  -26.261  -7.227  -5.547 0.8571428657
74751  -26.837  -7.256  -5.776 0.8571428657
75667  -24.965  -6.797  -5.120 0.8571428657
75687  -23.876  -6.935  -5.853 0.2857142985
75723  -20.196  -6.456  -8.759 0.1428571492
76659  -24.388  -6.055  -5.374 0.8571428657
77572  -27.078  -3.558  -5.518 0.7142857313
78505  -24.218  -3.050  -5.562 0.5714285970
80340  -24.541  -1.470  -5.689 0.8571428657
81256  -24.275  -0.202  -5.754 1.0000000000
82132  -23.860  0.399  -5.928 0.8571428657
82161  -21.033  0.336  -8.569 0.1428571492
82958  -24.198  1.005  -5.772 0.8571428657
82976  -19.327  1.743  -8.809 0.2857142985
84553  -18.647  4.421  -9.910 0.1428571492
84560  -18.679  4.552  -10.118 0.1428571492
84561  -18.941  4.359  -10.089 0.1428571492
85294  -18.538  4.529  -9.649 0.1428571492
85300  -18.501  4.691  -10.002 0.1428571492
85302  -19.521  4.619  -10.253 0.1428571492
85997  -20.182  5.540  -9.821 0.2857142985
85998  -27.624  5.934  -8.015 0.1428571492
86004  -18.569  5.068  -10.053 0.1428571492
86005  -19.066  5.208  -10.234 0.2857142985
86007  -20.004  5.326  -10.260 0.2857142985
87374  -18.603  8.452  -9.021 0.1428571492
87385  -18.684  8.633  -9.171 0.1428571492
87386  -18.990  8.641  -9.509 0.1428571492
87397  -18.897  9.245  -9.555 0.1428571492
88067  -18.471  8.453  -8.440 0.1428571492
88075  -18.634  9.113  -9.228 0.1428571492
88085  -18.691  9.467  -9.495 0.1428571492
88086  -18.869  9.770  -9.743 0.1428571492
88719  -19.180  10.314  -9.661 0.1428571492
88720  -19.558  10.328  -9.246 0.1428571492
88726  -18.580  10.007  -9.647 0.1428571492
88727  -18.800  10.189  -9.815 0.1428571492
89378  -21.300  10.589  -7.203 0.1428571492
89396  -18.950  11.115  -9.396 0.1428571492
89403  -18.440  10.290  -9.437 0.1428571492
89404  -18.669  10.511  -9.610 0.1428571492
90046  -23.116  11.591  -6.899 0.1428571492
90730  -22.509  11.997  -7.109 0.1428571492
110233  -27.650  -17.409  -12.640 0.1428571492
