#!ascii label  , from subject 4054 vox2ras=TkReg
818
56705  11.212  -28.339  73.565 0.0000000000
53769  6.060  -32.096  57.350 0.0000000000
55705  3.578  -29.516  72.961 0.0000000000
60916  4.786  -24.149  69.749 0.0000000000
64159  3.247  -22.522  61.821 0.0000000000
55689  7.723  -29.092  74.569 0.0000000000
59877  7.054  -25.084  74.450 0.0000000000
53592  15.039  -30.250  71.803 0.0000000000
52408  10.640  -32.199  72.256 0.0000000000
52412  6.698  -32.216  71.724 0.0000000000
66138  3.802  -20.013  70.332 0.0000000000
59951  3.018  -24.293  65.442 0.0000000000
65124  5.692  -20.736  66.482 0.0000000000
56744  2.494  -29.336  68.491 0.0000000000
57819  5.258  -28.266  66.701 0.0000000000
58817  5.338  -26.314  71.938 0.0000000000
64012  3.886  -22.132  74.606 0.0000000000
57846  8.683  -27.491  63.368 0.0000000000
57865  4.887  -27.113  60.049 0.0000000000
60026  4.338  -25.769  57.288 0.0000000000
64199  6.593  -21.598  58.447 0.0000000000
55686  10.339  -28.965  74.363 0.0000000000
58802  9.574  -26.773  75.514 0.0000000000
54719  13.058  -29.993  72.566 0.0000000000
53595  13.136  -31.176  72.372 0.0000000000
53574  11.477  -30.369  73.000 0.0000000000
53577  9.067  -31.036  74.226 0.0000000000
65092  4.868  -20.733  68.625 0.0000000000
56731  2.746  -28.845  70.423 0.0000000000
57758  3.514  -27.665  69.954 0.0000000000
57734  3.641  -27.435  72.799 0.0000000000
62937  7.533  -22.974  74.736 0.0000000000
61901  6.152  -23.366  74.261 0.0000000000
53590  5.184  -31.005  72.583 0.0000000000
52426  4.929  -32.216  70.316 0.0000000000
54747  3.449  -30.673  71.585 0.0000000000
54759  2.399  -30.176  69.384 0.0000000000
58831  7.130  -26.041  69.500 0.0000000000
56777  7.735  -28.502  65.425 0.0000000000
59925  7.636  -25.606  67.171 0.0000000000
61984  2.710  -23.478  63.447 0.0000000000
59974  3.995  -25.452  63.039 0.0000000000
59994  2.975  -25.566  60.881 0.0000000000
57891  3.718  -27.003  58.567 0.0000000000
62022  3.551  -23.659  59.377 0.0000000000
54728  5.578  -29.945  73.984 0.0000000000
57728  5.399  -27.019  74.600 0.0000000000
57726  6.834  -27.197  75.190 0.0000000000
59874  8.783  -24.996  75.652 0.0000000000
52428  15.701  -30.634  70.034 0.0000000000
52485  15.341  -31.870  67.514 0.0000000000
52430  14.209  -31.988  70.523 0.0000000000
52449  11.955  -32.975  69.975 0.0000000000
52410  8.617  -32.377  72.272 0.0000000000
53588  6.860  -31.250  73.205 0.0000000000
62962  3.653  -22.559  70.338 0.0000000000
59928  4.341  -24.642  67.737 0.0000000000
62979  3.288  -22.720  67.858 0.0000000000
64084  4.415  -21.863  66.134 0.0000000000
64105  5.217  -21.354  64.386 0.0000000000
56720  12.077  -28.082  71.877 0.0000000000
52464  19.430  -31.289  68.159 0.0000000000
54751  19.022  -29.742  69.057 0.0000000000
55707  16.401  -29.048  70.756 0.0000000000
57736  14.633  -28.241  71.723 0.0000000000
56782  2.771  -29.477  66.013 0.0000000000
56798  3.465  -29.337  64.735 0.0000000000
57804  3.428  -28.480  67.902 0.0000000000
58833  5.716  -27.012  70.275 0.0000000000
59898  6.316  -25.440  71.241 0.0000000000
59886  5.900  -25.503  73.486 0.0000000000
61909  5.882  -23.510  73.264 0.0000000000
61916  4.624  -23.124  72.259 0.0000000000
65063  3.536  -21.050  72.292 0.0000000000
56808  5.469  -28.945  63.822 0.0000000000
55770  6.619  -29.238  62.159 0.0000000000
55791  8.772  -29.040  60.384 0.0000000000
59948  5.919  -25.594  65.299 0.0000000000
58961  7.123  -26.632  61.553 0.0000000000
56854  7.716  -28.902  57.685 0.0000000000
55840  5.685  -29.261  56.185 0.0000000000
56882  5.471  -28.772  55.545 0.0000000000
65169  7.601  -21.122  64.534 0.0000000000
64141  5.741  -21.538  62.413 0.0000000000
64153  8.310  -21.524  61.221 0.0000000000
64187  4.979  -21.966  59.839 0.0000000000
63108  4.236  -23.255  57.445 0.0000000000
55685  10.763  -28.681  74.025 0.0000000000
56696  10.464  -28.107  74.475 0.0000000000
57730  11.297  -27.381  73.889 0.0000000000
55693  11.707  -29.416  72.649 0.0000000000
53573  12.045  -30.381  72.688 0.0000000000
54721  11.465  -29.926  72.850 0.0000000000
54722  10.725  -29.675  73.820 0.0000000000
52654  4.655  -32.630  56.789 0.0000000000
53785  5.861  -32.059  56.514 0.0000000000
55711  3.000  -29.495  71.867 0.0000000000
57741  2.912  -28.255  71.549 0.0000000000
56713  3.608  -28.347  73.209 0.0000000000
52484  16.616  -31.584  67.382 0.0000000000
54737  4.112  -30.338  73.079 0.0000000000
53601  3.821  -31.239  71.662 0.0000000000
55710  3.359  -29.970  72.290 0.0000000000
55715  2.634  -29.499  70.709 0.0000000000
59905  6.681  -25.170  69.861 0.0000000000
58867  7.918  -26.345  67.960 0.0000000000
59915  6.331  -24.847  68.756 0.0000000000
64145  3.169  -22.747  62.646 0.0000000000
61001  2.667  -24.547  62.013 0.0000000000
62000  2.605  -23.747  61.416 0.0000000000
61021  3.330  -24.660  59.759 0.0000000000
62011  2.825  -23.672  60.276 0.0000000000
55697  6.925  -29.386  74.243 0.0000000000
55691  6.178  -28.484  74.724 0.0000000000
56700  7.187  -28.086  74.960 0.0000000000
58795  9.353  -25.908  75.635 0.0000000000
61892  9.095  -23.693  74.500 0.0000000000
53605  15.093  -30.713  71.324 0.0000000000
52429  15.052  -31.442  70.337 0.0000000000
53606  14.802  -31.110  71.522 0.0000000000
52407  11.623  -32.042  72.348 0.0000000000
52418  12.467  -32.235  71.532 0.0000000000
52419  11.464  -32.426  71.513 0.0000000000
52409  9.685  -32.338  72.211 0.0000000000
54725  8.156  -30.178  74.269 0.0000000000
53578  8.265  -31.074  74.043 0.0000000000
54726  7.280  -30.085  74.091 0.0000000000
54735  6.155  -30.521  73.510 0.0000000000
64025  3.879  -21.670  70.636 0.0000000000
62972  3.335  -22.668  68.784 0.0000000000
64044  3.957  -21.539  68.995 0.0000000000
65106  5.601  -20.693  67.290 0.0000000000
65126  4.642  -21.263  66.906 0.0000000000
65149  4.795  -21.305  66.017 0.0000000000
64106  4.465  -21.695  64.916 0.0000000000
65172  5.165  -21.156  65.274 0.0000000000
54745  16.895  -29.337  70.282 0.0000000000
56767  2.540  -29.252  66.749 0.0000000000
56766  2.950  -28.806  67.218 0.0000000000
56751  2.960  -28.993  68.115 0.0000000000
58818  3.975  -26.647  71.309 0.0000000000
58834  4.648  -27.122  70.007 0.0000000000
58823  4.984  -26.759  70.889 0.0000000000
58822  6.103  -26.202  71.112 0.0000000000
59894  5.765  -25.736  72.212 0.0000000000
57727  6.222  -26.823  74.784 0.0000000000
58807  5.223  -26.187  74.145 0.0000000000
59882  6.658  -25.197  74.076 0.0000000000
62946  5.171  -22.751  74.472 0.0000000000
61904  5.829  -23.378  73.817 0.0000000000
61905  5.195  -23.225  73.621 0.0000000000
61910  4.963  -23.168  73.157 0.0000000000
62955  3.806  -22.963  73.035 0.0000000000
62958  3.823  -22.703  71.930 0.0000000000
65060  3.431  -21.075  73.384 0.0000000000
52486  14.221  -32.369  67.559 0.0000000000
52500  14.763  -31.887  66.509 0.0000000000
52437  7.538  -32.708  70.296 0.0000000000
52454  7.487  -32.985  69.494 0.0000000000
52438  6.580  -32.643  70.113 0.0000000000
53616  3.803  -31.551  69.900 0.0000000000
52440  4.671  -32.312  69.614 0.0000000000
55725  2.298  -29.725  68.967 0.0000000000
55732  2.117  -29.699  68.138 0.0000000000
57831  4.164  -28.345  66.281 0.0000000000
56797  3.957  -28.987  64.778 0.0000000000
56779  5.405  -28.558  65.611 0.0000000000
56775  8.758  -27.651  65.017 0.0000000000
56806  7.850  -28.675  63.597 0.0000000000
56815  7.947  -28.883  62.683 0.0000000000
55779  8.068  -29.268  61.445 0.0000000000
56821  8.684  -28.427  61.287 0.0000000000
60967  3.366  -24.180  66.563 0.0000000000
59939  4.577  -24.906  66.725 0.0000000000
59949  4.725  -25.144  65.647 0.0000000000
58963  4.872  -26.291  61.574 0.0000000000
58946  5.729  -26.130  62.696 0.0000000000
58975  6.401  -26.842  60.841 0.0000000000
57873  8.010  -27.789  59.712 0.0000000000
57887  6.734  -28.032  58.858 0.0000000000
55822  6.487  -29.227  56.869 0.0000000000
56844  5.329  -28.337  57.989 0.0000000000
59003  3.834  -26.798  57.720 0.0000000000
57907  4.142  -27.679  56.904 0.0000000000
57914  4.848  -27.868  55.854 0.0000000000
65168  8.329  -21.085  64.087 0.0000000000
64103  6.961  -21.436  64.020 0.0000000000
64123  7.294  -21.475  63.260 0.0000000000
64183  8.447  -21.323  58.897 0.0000000000
64185  6.483  -21.525  59.481 0.0000000000
64170  6.304  -21.523  60.497 0.0000000000
64201  5.164  -22.003  58.941 0.0000000000
63091  4.351  -22.564  58.515 0.0000000000
64227  4.824  -22.138  57.670 0.0000000000
55688  8.707  -28.977  74.852 0.0000000000
56698  8.952  -28.217  74.966 0.0000000000
56697  9.760  -28.180  74.735 0.0000000000
54730  14.448  -29.894  72.530 0.0000000000
52404  14.029  -31.215  72.002 0.0000000000
54732  13.177  -30.472  72.646 0.0000000000
52399  12.142  -31.133  72.769 0.0000000000
52400  11.605  -31.398  72.847 0.0000000000
52402  9.830  -32.049  72.989 0.0000000000
53576  10.050  -30.800  74.114 0.0000000000
54723  10.171  -30.095  74.415 0.0000000000
66137  4.512  -19.759  70.283 0.0000000000
65077  4.424  -20.473  69.248 0.0000000000
66147  5.710  -20.000  69.453 0.0000000000
66165  6.040  -20.196  68.712 0.0000000000
65105  6.370  -20.531  67.010 0.0000000000
56736  2.641  -29.354  69.301 0.0000000000
57772  3.286  -28.364  69.453 0.0000000000
57759  3.091  -28.205  70.183 0.0000000000
57740  3.309  -27.608  71.798 0.0000000000
58814  4.018  -26.584  72.326 0.0000000000
60870  7.241  -24.260  74.870 0.0000000000
59881  6.817  -24.623  74.363 0.0000000000
61899  6.985  -23.444  74.905 0.0000000000
62944  6.626  -22.641  74.874 0.0000000000
64008  5.341  -21.869  74.727 0.0000000000
65055  4.857  -20.648  74.396 0.0000000000
53599  5.790  -31.564  72.070 0.0000000000
52425  5.621  -32.244  70.751 0.0000000000
53607  5.251  -31.873  71.502 0.0000000000
53608  4.344  -31.950  71.024 0.0000000000
53617  2.989  -30.895  70.193 0.0000000000
53624  2.869  -30.916  69.206 0.0000000000
54753  2.792  -30.332  70.386 0.0000000000
55721  2.365  -29.623  69.892 0.0000000000
57784  6.685  -27.630  68.659 0.0000000000
57818  6.647  -28.283  66.960 0.0000000000
57799  8.139  -27.371  67.485 0.0000000000
57816  8.463  -27.509  66.229 0.0000000000
58897  8.362  -26.477  65.291 0.0000000000
60985  2.782  -24.134  64.127 0.0000000000
59966  4.129  -25.215  64.010 0.0000000000
60993  2.746  -24.346  63.084 0.0000000000
59984  3.506  -25.519  62.236 0.0000000000
58977  4.099  -26.709  60.433 0.0000000000
57877  4.312  -27.199  59.364 0.0000000000
58984  3.632  -26.459  59.492 0.0000000000
60008  3.688  -25.764  58.955 0.0000000000
60017  4.128  -25.219  58.194 0.0000000000
64212  6.655  -21.735  57.477 0.0000000000
64225  5.871  -22.143  57.095 0.0000000000
64224  6.753  -21.954  56.483 0.0000000000
55699  4.635  -29.311  73.871 0.0000000000
56708  4.192  -28.256  73.984 0.0000000000
56707  5.059  -28.168  74.613 0.0000000000
56702  5.734  -27.630  74.779 0.0000000000
57719  6.824  -26.471  74.808 0.0000000000
57724  8.434  -27.472  75.310 0.0000000000
58797  7.582  -25.831  75.427 0.0000000000
59876  7.393  -25.065  75.064 0.0000000000
61894  7.856  -23.662  74.682 0.0000000000
52444  16.929  -30.750  69.098 0.0000000000
52467  15.759  -31.785  68.452 0.0000000000
52445  15.748  -31.146  69.185 0.0000000000
52417  13.459  -31.922  71.475 0.0000000000
52431  13.220  -32.385  70.577 0.0000000000
51264  13.084  -33.147  68.679 0.0000000000
52436  8.478  -32.730  70.457 0.0000000000
52411  7.607  -32.357  72.011 0.0000000000
52403  9.064  -32.173  72.856 0.0000000000
53597  7.648  -31.869  72.777 0.0000000000
53598  6.746  -31.751  72.475 0.0000000000
53589  5.959  -31.082  72.867 0.0000000000
54736  5.060  -30.331  73.213 0.0000000000
60903  4.255  -23.804  70.114 0.0000000000
60932  4.504  -24.382  68.893 0.0000000000
60918  3.655  -23.822  69.070 0.0000000000
60946  3.076  -23.873  67.715 0.0000000000
61958  2.985  -23.375  66.408 0.0000000000
64056  4.105  -21.649  68.092 0.0000000000
64057  3.786  -22.291  67.479 0.0000000000
63002  3.297  -22.892  65.908 0.0000000000
63013  2.983  -22.752  64.942 0.0000000000
64128  3.391  -22.548  63.425 0.0000000000
64144  3.719  -22.413  62.634 0.0000000000
56712  12.040  -28.440  72.226 0.0000000000
52465  18.192  -31.388  68.109 0.0000000000
53618  20.699  -30.570  67.961 0.0000000000
55723  19.496  -29.514  68.309 0.0000000000
53619  19.980  -30.538  68.200 0.0000000000
53620  19.238  -30.511  68.392 0.0000000000
53621  18.321  -30.148  68.802 0.0000000000
53604  15.730  -30.085  70.555 0.0000000000
54740  15.312  -29.650  71.776 0.0000000000
57735  15.656  -28.216  71.558 0.0000000000
55701  14.820  -29.413  72.373 0.0000000000
55702  14.109  -29.514  72.873 0.0000000000
56711  13.289  -29.066  72.600 0.0000000000
57832  3.689  -28.332  66.562 0.0000000000
57820  4.182  -28.198  67.013 0.0000000000
57771  3.623  -27.827  69.276 0.0000000000
57786  4.603  -27.769  68.603 0.0000000000
57785  5.630  -27.784  68.683 0.0000000000
57768  6.245  -27.338  69.505 0.0000000000
59897  6.490  -25.394  70.686 0.0000000000
60914  6.338  -24.766  70.395 0.0000000000
57732  3.988  -27.423  73.623 0.0000000000
58808  4.559  -26.745  73.761 0.0000000000
58813  4.912  -26.107  72.780 0.0000000000
60876  6.352  -24.277  73.964 0.0000000000
60879  6.182  -24.403  73.559 0.0000000000
59891  5.609  -25.648  72.551 0.0000000000
60886  6.033  -24.523  72.304 0.0000000000
61921  5.285  -23.464  71.532 0.0000000000
60893  4.706  -23.430  70.978 0.0000000000
61923  3.738  -22.963  70.614 0.0000000000
64021  3.778  -21.903  71.446 0.0000000000
65066  3.747  -21.034  71.331 0.0000000000
66116  3.698  -20.171  73.098 0.0000000000
66115  4.283  -19.508  72.757 0.0000000000
66129  4.214  -19.545  71.007 0.0000000000
51261  7.410  -33.249  68.612 0.0000000000
52439  5.630  -32.556  69.857 0.0000000000
56795  6.028  -28.666  64.643 0.0000000000
56817  6.050  -28.991  62.951 0.0000000000
54844  7.942  -30.872  58.490 0.0000000000
59927  5.447  -24.873  67.604 0.0000000000
59937  6.855  -25.455  66.336 0.0000000000
58913  7.826  -26.100  64.169 0.0000000000
59964  5.482  -25.771  63.776 0.0000000000
58930  6.904  -26.207  63.410 0.0000000000
58928  8.453  -26.895  62.895 0.0000000000
57860  8.596  -27.882  60.835 0.0000000000
55811  8.439  -29.429  58.889 0.0000000000
54856  7.956  -30.519  57.518 0.0000000000
54868  6.716  -30.876  56.155 0.0000000000
56845  4.440  -28.174  57.918 0.0000000000
56871  5.099  -28.496  56.354 0.0000000000
66191  7.027  -20.384  66.689 0.0000000000
65121  8.068  -20.333  65.804 0.0000000000
65146  6.566  -20.778  65.520 0.0000000000
65171  5.876  -21.071  64.990 0.0000000000
64125  5.447  -21.494  63.386 0.0000000000
64157  4.525  -21.787  61.624 0.0000000000
64154  7.111  -21.563  61.386 0.0000000000
64156  5.197  -21.482  61.521 0.0000000000
64173  4.050  -22.006  60.876 0.0000000000
63071  3.916  -22.388  59.801 0.0000000000
62031  4.063  -23.686  58.557 0.0000000000
61032  4.272  -24.075  57.377 0.0000000000
62048  4.668  -24.069  56.475 0.0000000000
56695  10.890  -28.135  74.214 0.0000000000
55694  10.951  -29.204  73.380 0.0000000000
52634  5.464  -32.299  57.779 0.0000000000
52653  5.355  -32.436  57.055 0.0000000000
52672  5.171  -32.330  56.369 0.0000000000
55706  3.165  -29.092  72.394 0.0000000000
56714  3.280  -28.749  72.640 0.0000000000
52466  16.950  -31.469  68.270 0.0000000000
52498  17.220  -31.727  66.199 0.0000000000
54742  3.748  -30.589  72.354 0.0000000000
60930  6.145  -24.664  69.703 0.0000000000
60931  5.412  -24.508  69.293 0.0000000000
63049  2.770  -23.040  62.016 0.0000000000
63062  2.732  -22.813  61.004 0.0000000000
55690  6.702  -28.660  74.623 0.0000000000
52433  11.276  -32.785  70.740 0.0000000000
52420  10.485  -32.507  71.467 0.0000000000
55696  7.513  -29.671  74.258 0.0000000000
65069  3.759  -20.904  70.479 0.0000000000
64035  3.880  -21.550  69.847 0.0000000000
65078  3.961  -20.761  69.593 0.0000000000
65125  5.077  -20.925  66.691 0.0000000000
65148  5.170  -20.986  65.954 0.0000000000
65173  4.874  -21.268  65.549 0.0000000000
65147  5.773  -20.864  65.757 0.0000000000
56752  2.363  -29.212  67.657 0.0000000000
58816  5.884  -26.106  71.677 0.0000000000
58803  6.568  -26.122  74.220 0.0000000000
58804  6.070  -26.208  74.185 0.0000000000
59878  6.852  -25.627  74.140 0.0000000000
62947  4.420  -22.466  74.566 0.0000000000
62950  5.047  -23.191  74.051 0.0000000000
62951  4.286  -23.009  74.067 0.0000000000
64016  3.490  -22.069  73.777 0.0000000000
52424  6.659  -32.439  70.922 0.0000000000
52441  4.119  -31.997  69.096 0.0000000000
57830  4.727  -28.395  66.021 0.0000000000
57839  8.742  -27.460  64.202 0.0000000000
56805  8.577  -28.081  63.863 0.0000000000
56814  8.530  -28.324  62.549 0.0000000000
59950  3.639  -24.579  65.862 0.0000000000
58976  5.327  -26.724  60.764 0.0000000000
57864  5.787  -27.173  60.125 0.0000000000
57863  6.767  -27.280  60.183 0.0000000000
57875  6.240  -27.542  59.448 0.0000000000
57888  5.735  -27.952  58.748 0.0000000000
57876  5.256  -27.404  59.359 0.0000000000
59015  4.239  -26.813  56.488 0.0000000000
65167  9.041  -20.546  63.868 0.0000000000
64122  8.023  -21.336  63.471 0.0000000000
65188  8.582  -21.039  63.188 0.0000000000
64184  7.478  -21.496  59.200 0.0000000000
64200  5.756  -21.736  58.729 0.0000000000
64214  5.144  -21.897  58.055 0.0000000000
55687  9.561  -28.908  74.747 0.0000000000
57721  11.082  -27.311  74.623 0.0000000000
54731  13.584  -30.049  72.677 0.0000000000
53581  13.694  -30.664  72.589 0.0000000000
53582  12.662  -30.811  72.752 0.0000000000
53583  11.602  -30.860  73.094 0.0000000000
53584  10.838  -31.151  73.494 0.0000000000
53575  10.822  -30.462  73.659 0.0000000000
54715  10.398  -29.381  74.217 0.0000000000
54716  10.138  -29.455  74.460 0.0000000000
54717  9.405  -29.574  74.665 0.0000000000
66148  4.851  -20.176  69.516 0.0000000000
66164  6.924  -19.942  68.466 0.0000000000
65090  6.286  -20.472  67.890 0.0000000000
66179  7.251  -20.188  67.504 0.0000000000
56732  2.670  -29.245  69.920 0.0000000000
56735  3.002  -28.914  69.704 0.0000000000
61895  7.416  -23.556  74.876 0.0000000000
62938  7.060  -22.820  75.000 0.0000000000
64006  6.926  -21.903  74.922 0.0000000000
64007  6.143  -21.835  74.668 0.0000000000
65049  6.456  -21.062  74.433 0.0000000000
65050  5.539  -21.042  74.404 0.0000000000
53600  4.621  -31.353  72.051 0.0000000000
53609  3.395  -31.101  70.918 0.0000000000
53610  3.023  -30.647  70.657 0.0000000000
55716  2.441  -29.792  70.314 0.0000000000
55720  2.567  -29.298  70.231 0.0000000000
58850  7.036  -27.022  69.255 0.0000000000
57800  7.247  -27.965  67.826 0.0000000000
57783  7.558  -27.186  68.491 0.0000000000
58882  8.258  -26.434  66.739 0.0000000000
59936  7.847  -25.751  66.082 0.0000000000
61976  2.674  -23.416  64.505 0.0000000000
59985  3.035  -25.368  61.634 0.0000000000
58964  3.679  -26.044  61.604 0.0000000000
58965  3.170  -25.795  61.188 0.0000000000
58978  3.300  -26.107  60.626 0.0000000000
61024  3.918  -24.549  58.873 0.0000000000
64198  7.546  -21.445  58.134 0.0000000000
64211  7.539  -21.446  57.102 0.0000000000
55698  5.896  -29.054  74.427 0.0000000000
56701  6.351  -27.885  74.897 0.0000000000
57723  9.254  -27.497  75.215 0.0000000000
58796  8.383  -25.893  75.685 0.0000000000
59875  7.948  -25.021  75.557 0.0000000000
60869  7.719  -24.318  75.014 0.0000000000
60868  8.295  -24.305  75.122 0.0000000000
52427  16.297  -30.408  69.645 0.0000000000
52446  14.954  -31.954  69.503 0.0000000000
52405  13.556  -31.368  72.010 0.0000000000
52432  12.228  -32.671  70.673 0.0000000000
52448  12.889  -32.914  69.595 0.0000000000
51255  12.323  -33.113  69.454 0.0000000000
51257  11.012  -33.243  69.237 0.0000000000
52421  9.511  -32.570  71.428 0.0000000000
52422  8.533  -32.593  71.326 0.0000000000
53585  9.910  -31.459  73.621 0.0000000000
53586  8.882  -31.643  73.519 0.0000000000
53587  7.793  -31.333  73.504 0.0000000000
55704  4.286  -29.917  73.359 0.0000000000
61929  3.564  -23.082  69.976 0.0000000000
61937  3.800  -23.586  69.666 0.0000000000
61945  3.109  -23.313  68.235 0.0000000000
61951  2.983  -23.307  67.342 0.0000000000
65093  4.333  -21.004  68.730 0.0000000000
65108  4.501  -21.169  67.841 0.0000000000
64068  4.236  -21.769  67.158 0.0000000000
64069  3.900  -22.448  66.491 0.0000000000
64085  3.762  -22.354  65.408 0.0000000000
64107  3.495  -22.294  64.374 0.0000000000
64127  3.998  -22.112  63.604 0.0000000000
57733  11.365  -27.489  72.165 0.0000000000
57739  11.673  -27.437  71.537 0.0000000000
52482  19.347  -32.269  67.592 0.0000000000
52483  18.098  -32.181  67.130 0.0000000000
55724  19.134  -29.406  69.015 0.0000000000
56734  19.153  -28.931  68.961 0.0000000000
55717  19.157  -29.703  68.847 0.0000000000
54756  19.617  -30.028  68.229 0.0000000000
54757  19.273  -30.044  68.543 0.0000000000
53622  17.517  -30.244  69.115 0.0000000000
54738  16.364  -29.331  70.554 0.0000000000
54746  16.284  -29.610  70.369 0.0000000000
54739  15.919  -29.485  70.852 0.0000000000
53591  15.434  -29.864  71.247 0.0000000000
55708  15.745  -29.226  71.571 0.0000000000
56717  15.116  -28.904  72.088 0.0000000000
55709  15.261  -29.313  72.000 0.0000000000
56709  14.818  -29.122  72.439 0.0000000000
56710  14.460  -29.095  72.647 0.0000000000
56719  12.971  -28.522  72.010 0.0000000000
55750  2.675  -30.098  65.564 0.0000000000
57821  3.486  -28.325  67.050 0.0000000000
56781  3.295  -28.738  65.968 0.0000000000
57803  4.014  -28.099  67.819 0.0000000000
57788  3.376  -28.466  68.711 0.0000000000
57770  4.249  -27.474  69.255 0.0000000000
57769  5.189  -27.461  69.438 0.0000000000
58821  6.470  -25.971  70.635 0.0000000000
60900  6.380  -24.873  70.746 0.0000000000
60901  6.221  -24.520  71.072 0.0000000000
57731  4.661  -27.299  74.203 0.0000000000
58810  4.944  -26.036  73.486 0.0000000000
60875  6.615  -24.135  74.324 0.0000000000
60882  6.078  -24.553  73.105 0.0000000000
60887  6.003  -24.764  72.650 0.0000000000
61914  6.018  -24.174  72.418 0.0000000000
60894  4.397  -23.506  70.656 0.0000000000
61922  4.201  -23.204  71.220 0.0000000000
66111  4.779  -19.909  73.848 0.0000000000
52455  6.501  -33.022  69.292 0.0000000000
55746  2.362  -29.895  66.406 0.0000000000
56809  4.444  -29.064  63.876 0.0000000000
56819  4.166  -29.353  63.235 0.0000000000
56818  4.991  -29.277  63.109 0.0000000000
56764  7.229  -28.470  66.198 0.0000000000
56778  6.643  -28.548  65.448 0.0000000000
56816  7.145  -28.927  62.872 0.0000000000
56807  6.636  -28.797  63.747 0.0000000000
55771  5.565  -29.492  62.287 0.0000000000
55780  7.198  -29.462  61.410 0.0000000000
55792  8.619  -29.148  60.569 0.0000000000
55793  7.784  -29.695  60.682 0.0000000000
54812  8.185  -29.893  59.900 0.0000000000
54829  7.830  -30.579  59.315 0.0000000000
54828  8.369  -30.104  59.102 0.0000000000
60944  4.133  -24.450  68.330 0.0000000000
59916  5.072  -24.639  68.441 0.0000000000
59938  5.702  -25.159  66.505 0.0000000000
58899  6.735  -25.781  64.857 0.0000000000
58898  7.550  -25.867  64.899 0.0000000000
59973  5.021  -25.699  63.148 0.0000000000
58945  6.950  -26.380  62.449 0.0000000000
58929  7.888  -26.332  63.186 0.0000000000
58944  7.877  -26.606  62.231 0.0000000000
58943  8.380  -27.129  62.011 0.0000000000
58960  7.930  -26.902  61.424 0.0000000000
57886  7.668  -28.123  59.011 0.0000000000
57885  8.244  -28.313  59.377 0.0000000000
56841  8.194  -28.749  58.523 0.0000000000
54855  8.288  -29.899  57.781 0.0000000000
55820  8.038  -29.552  57.440 0.0000000000
54867  7.300  -30.745  56.710 0.0000000000
55821  7.292  -29.344  57.056 0.0000000000
55823  5.850  -29.114  56.765 0.0000000000
57878  3.830  -27.003  59.075 0.0000000000
57890  4.007  -27.543  58.458 0.0000000000
56846  3.897  -28.003  57.926 0.0000000000
55861  5.679  -29.500  55.055 0.0000000000
66200  8.749  -20.136  65.382 0.0000000000
65145  7.425  -20.758  65.287 0.0000000000
65170  6.744  -21.080  64.764 0.0000000000
64124  6.350  -21.488  63.272 0.0000000000
64142  4.948  -21.606  62.504 0.0000000000
64168  8.381  -21.507  59.992 0.0000000000
64139  7.883  -21.458  62.462 0.0000000000
63069  5.314  -21.436  60.243 0.0000000000
64171  5.406  -21.478  60.607 0.0000000000
64172  4.803  -21.662  60.618 0.0000000000
64189  3.700  -22.171  60.410 0.0000000000
64188  4.203  -22.175  60.020 0.0000000000
63092  4.196  -23.082  58.083 0.0000000000
62039  4.181  -23.640  57.801 0.0000000000
62050  4.238  -23.601  57.361 0.0000000000
63106  5.192  -22.424  56.755 0.0000000000
55692  12.873  -29.595  72.525 0.0000000000
54720  12.593  -30.150  72.559 0.0000000000
55695  10.673  -29.151  73.908 0.0000000000
53799  5.426  -31.785  55.711 0.0000000000
56727  2.776  -28.787  71.282 0.0000000000
56722  2.965  -28.573  72.054 0.0000000000
56721  3.286  -28.140  72.520 0.0000000000
54741  4.509  -30.765  72.707 0.0000000000
54743  3.286  -30.198  71.855 0.0000000000
54748  2.945  -30.256  71.099 0.0000000000
59904  7.096  -25.607  69.327 0.0000000000
58849  7.366  -26.276  69.046 0.0000000000
59914  7.334  -25.494  68.336 0.0000000000
59926  6.634  -25.090  67.447 0.0000000000
63028  2.970  -22.903  63.247 0.0000000000
61992  2.565  -23.702  62.452 0.0000000000
61011  2.831  -24.753  60.855 0.0000000000
57716  8.802  -26.726  75.496 0.0000000000
59873  9.805  -24.978  75.576 0.0000000000
60867  9.001  -24.224  75.109 0.0000000000
60866  9.666  -23.974  74.938 0.0000000000
52414  15.344  -30.575  70.714 0.0000000000
52415  15.031  -30.990  70.921 0.0000000000
52406  12.607  -31.519  72.299 0.0000000000
54733  7.672  -30.681  73.973 0.0000000000
54734  7.026  -30.633  73.723 0.0000000000
54727  6.449  -29.993  74.103 0.0000000000
64026  3.738  -22.130  70.079 0.0000000000
62964  3.469  -22.614  69.620 0.0000000000
64036  3.664  -22.097  69.298 0.0000000000
64045  3.713  -22.167  68.407 0.0000000000
65107  4.977  -20.904  67.580 0.0000000000
55718  18.870  -29.394  69.663 0.0000000000
53602  17.568  -29.490  70.064 0.0000000000
55714  17.061  -29.079  70.383 0.0000000000
56715  16.484  -28.746  70.855 0.0000000000
56718  14.068  -28.671  72.226 0.0000000000
58824  3.908  -26.852  70.353 0.0000000000
58835  3.904  -27.271  69.725 0.0000000000
59893  6.056  -25.570  71.776 0.0000000000
59883  6.231  -25.403  73.788 0.0000000000
61915  5.820  -23.621  72.523 0.0000000000
64018  3.428  -21.997  72.622 0.0000000000
52468  14.627  -32.197  68.565 0.0000000000
54766  2.232  -30.155  68.596 0.0000000000
55739  2.115  -29.745  67.255 0.0000000000
56780  4.327  -28.626  65.558 0.0000000000
56796  4.879  -28.903  64.718 0.0000000000
56776  8.534  -27.892  65.407 0.0000000000
56793  8.198  -28.371  64.626 0.0000000000
55769  7.576  -29.122  62.117 0.0000000000
55768  8.176  -28.906  62.091 0.0000000000
55778  8.469  -28.824  61.597 0.0000000000
59940  3.868  -24.457  66.925 0.0000000000
59957  4.802  -25.325  64.653 0.0000000000
58947  4.498  -25.907  62.403 0.0000000000
58962  6.075  -26.393  61.609 0.0000000000
58974  7.328  -27.045  60.849 0.0000000000
57874  7.203  -27.652  59.550 0.0000000000
56842  7.267  -28.487  58.270 0.0000000000
56855  6.828  -28.835  57.543 0.0000000000
56843  6.282  -28.429  58.143 0.0000000000
56856  5.944  -28.789  57.401 0.0000000000
57899  3.642  -27.006  58.198 0.0000000000
57898  3.773  -27.518  57.878 0.0000000000
66212  8.773  -20.516  64.624 0.0000000000
64102  7.742  -21.347  63.890 0.0000000000
64140  6.730  -21.545  62.379 0.0000000000
64169  7.357  -21.562  60.294 0.0000000000
64186  5.529  -21.621  59.809 0.0000000000
64202  4.675  -22.307  59.173 0.0000000000
64215  4.751  -22.200  58.204 0.0000000000
63107  4.452  -22.596  57.271 0.0000000000
54718  8.626  -29.623  74.582 0.0000000000
53580  14.359  -30.358  72.392 0.0000000000
53593  14.477  -30.966  72.075 0.0000000000
53594  13.619  -31.038  72.342 0.0000000000
52401  10.756  -31.764  72.984 0.0000000000
54724  9.231  -30.249  74.474 0.0000000000
66149  4.173  -20.049  69.722 0.0000000000
66166  5.347  -20.354  68.918 0.0000000000
65091  5.485  -20.610  68.184 0.0000000000
56743  3.028  -28.999  68.932 0.0000000000
57749  2.866  -28.105  70.987 0.0000000000
57748  3.386  -27.468  70.759 0.0000000000
60874  6.869  -24.143  74.630 0.0000000000
61900  6.556  -23.371  74.637 0.0000000000
62945  6.000  -22.612  74.606 0.0000000000
64009  4.539  -21.887  74.801 0.0000000000
65056  3.877  -20.979  74.543 0.0000000000
52413  5.995  -32.082  71.416 0.0000000000
54758  2.668  -30.440  69.854 0.0000000000
54749  2.592  -29.975  70.522 0.0000000000
54754  2.395  -30.068  70.103 0.0000000000
57801  6.070  -28.044  67.798 0.0000000000
57817  7.828  -28.261  66.925 0.0000000000
56763  8.168  -28.279  66.088 0.0000000000
57829  8.678  -27.247  65.493 0.0000000000
58896  8.665  -26.779  64.769 0.0000000000
60977  2.651  -24.035  65.074 0.0000000000
59959  3.139  -24.514  64.852 0.0000000000
59967  3.287  -24.901  63.800 0.0000000000
59975  3.053  -25.140  62.661 0.0000000000
58948  3.876  -25.739  62.327 0.0000000000
58983  3.865  -26.871  59.596 0.0000000000
60003  3.140  -25.593  60.085 0.0000000000
58993  3.673  -26.623  58.623 0.0000000000
58992  3.755  -26.424  58.441 0.0000000000
60016  3.992  -26.073  58.259 0.0000000000
64213  5.799  -21.849  57.821 0.0000000000
53751  5.915  -31.945  58.310 0.0000000000
55700  3.936  -28.876  73.567 0.0000000000
56706  5.817  -28.256  74.729 0.0000000000
57720  6.603  -26.368  74.551 0.0000000000
58799  6.955  -26.009  74.320 0.0000000000
56699  8.072  -28.265  75.160 0.0000000000
57725  7.593  -27.389  75.315 0.0000000000
57717  7.978  -26.663  75.543 0.0000000000
57718  7.273  -26.537  75.261 0.0000000000
58798  7.184  -25.833  74.829 0.0000000000
61893  8.459  -23.713  74.561 0.0000000000
52469  13.574  -32.921  68.605 0.0000000000
52416  14.366  -31.417  71.420 0.0000000000
52447  13.958  -32.479  69.590 0.0000000000
51282  13.021  -33.101  68.333 0.0000000000
51256  11.801  -33.183  69.358 0.0000000000
52423  7.578  -32.544  71.136 0.0000000000
53596  8.373  -31.946  73.032 0.0000000000
60917  4.048  -24.066  69.395 0.0000000000
60933  3.854  -24.168  68.688 0.0000000000
60945  3.664  -24.274  67.961 0.0000000000
61938  3.378  -23.308  69.141 0.0000000000
60934  3.355  -23.850  68.481 0.0000000000
60957  3.480  -24.130  67.245 0.0000000000
60958  3.081  -23.824  66.870 0.0000000000
60968  2.853  -24.041  65.987 0.0000000000
62990  3.302  -22.810  66.911 0.0000000000
61967  2.811  -23.404  65.462 0.0000000000
63022  2.982  -22.852  63.987 0.0000000000
56704  12.044  -28.874  72.491 0.0000000000
57729  11.260  -27.499  73.053 0.0000000000
55722  20.069  -29.907  67.836 0.0000000000
52442  18.792  -30.595  68.422 0.0000000000
53611  18.654  -29.902  69.084 0.0000000000
52443  18.171  -30.663  68.540 0.0000000000
53603  16.777  -29.678  69.999 0.0000000000
53614  16.072  -30.265  69.972 0.0000000000
57742  16.811  -28.037  70.636 0.0000000000
56716  16.126  -28.719  71.269 0.0000000000
54729  14.849  -29.862  72.164 0.0000000000
55703  13.531  -29.553  72.751 0.0000000000
56703  12.790  -29.216  72.515 0.0000000000
57802  4.927  -27.950  67.760 0.0000000000
57787  3.809  -27.958  68.594 0.0000000000
58832  6.701  -26.233  69.979 0.0000000000
60915  5.694  -24.310  70.143 0.0000000000
58811  4.215  -26.664  73.179 0.0000000000
59888  5.676  -25.542  73.053 0.0000000000
59890  5.936  -25.166  72.297 0.0000000000
60892  6.066  -24.602  71.902 0.0000000000
61920  5.969  -23.957  72.048 0.0000000000
61926  5.935  -23.946  71.562 0.0000000000
61927  5.668  -23.817  71.173 0.0000000000
60902  5.110  -23.775  70.643 0.0000000000
61928  3.956  -23.368  70.372 0.0000000000
62961  3.824  -22.591  71.030 0.0000000000
64022  3.799  -22.202  70.699 0.0000000000
66112  3.759  -20.378  73.839 0.0000000000
66122  3.631  -20.121  72.095 0.0000000000
66130  3.662  -20.085  71.174 0.0000000000
66128  5.066  -19.675  70.955 0.0000000000
52499  15.942  -31.312  66.472 0.0000000000
52456  5.453  -33.028  68.986 0.0000000000
56810  3.824  -29.285  63.976 0.0000000000
56765  6.228  -28.438  66.189 0.0000000000
56794  7.211  -28.591  64.590 0.0000000000
55782  5.173  -30.155  61.642 0.0000000000
55794  6.795  -29.903  60.689 0.0000000000
53749  7.543  -31.126  58.310 0.0000000000
59946  7.852  -25.823  65.431 0.0000000000
58912  8.567  -26.766  64.098 0.0000000000
59958  3.907  -24.971  64.803 0.0000000000
59956  5.411  -25.602  64.378 0.0000000000
59972  5.554  -25.945  63.322 0.0000000000
58931  6.085  -26.053  63.647 0.0000000000
58914  6.881  -25.972  64.230 0.0000000000
57852  8.626  -27.493  62.520 0.0000000000
57855  8.646  -27.749  61.745 0.0000000000
56828  8.725  -28.558  60.405 0.0000000000
57861  8.233  -27.636  60.398 0.0000000000
57872  8.537  -28.029  59.988 0.0000000000
55803  8.557  -29.338  59.741 0.0000000000
53767  7.515  -31.187  57.950 0.0000000000
53783  7.328  -31.213  57.281 0.0000000000
53784  6.711  -31.582  56.761 0.0000000000
53798  6.222  -31.531  56.105 0.0000000000
54882  6.147  -30.953  55.703 0.0000000000
57889  4.778  -27.780  58.627 0.0000000000
56857  5.177  -28.646  57.045 0.0000000000
56858  4.273  -28.158  57.350 0.0000000000
56870  5.337  -28.906  56.401 0.0000000000
55841  5.499  -29.142  55.939 0.0000000000
65123  6.428  -20.597  66.248 0.0000000000
65122  7.231  -20.439  66.021 0.0000000000
64104  6.061  -21.337  64.152 0.0000000000
64126  4.688  -21.671  63.570 0.0000000000
64143  4.312  -21.989  62.604 0.0000000000
64158  3.879  -22.187  61.722 0.0000000000
64155  6.042  -21.568  61.458 0.0000000000
64174  3.367  -22.238  60.925 0.0000000000
63072  3.382  -22.557  59.889 0.0000000000
63080  4.136  -22.509  59.439 0.0000000000
63081  4.017  -23.001  59.014 0.0000000000
61027  4.149  -24.314  58.058 0.0000000000
60027  4.354  -24.802  57.541 0.0000000000
64226  5.131  -22.095  57.382 0.0000000000
62049  4.345  -23.589  56.906 0.0000000000
61031  4.555  -24.667  56.698 0.0000000000
60040  4.512  -25.694  55.990 0.0000000000
52470  13.063  -33.143  68.942 0.0000000000
53579  14.662  -30.080  72.235 0.0000000000
53768  6.837  -31.673  57.686 0.0000000000
54750  19.174  -30.022  68.854 0.0000000000
54843  8.365  -30.080  58.284 0.0000000000
54845  7.526  -30.978  58.930 0.0000000000
55802  8.743  -29.102  60.142 0.0000000000
55819  8.313  -29.456  58.101 0.0000000000
55837  7.610  -29.999  56.869 0.0000000000
56762  8.452  -27.949  65.944 0.0000000000
56792  8.666  -27.788  64.688 0.0000000000
56827  8.800  -28.956  60.149 0.0000000000
56835  8.760  -29.050  59.941 0.0000000000
56836  8.610  -28.816  59.636 0.0000000000
56853  8.157  -29.111  57.875 0.0000000000
57828  8.854  -27.211  64.900 0.0000000000
57862  7.632  -27.413  60.239 0.0000000000
58915  6.075  -25.850  64.374 0.0000000000
58959  8.354  -27.383  61.271 0.0000000000
58972  8.323  -27.527  60.824 0.0000000000
58973  8.028  -27.254  60.811 0.0000000000
59004  3.650  -26.783  58.260 0.0000000000
59917  4.486  -24.539  68.348 0.0000000000
59929  3.819  -24.384  67.469 0.0000000000
59947  7.167  -25.716  65.496 0.0000000000
59965  4.803  -25.472  63.816 0.0000000000
60007  3.784  -26.114  58.613 0.0000000000
62057  4.569  -23.589  56.509 0.0000000000
63038  2.786  -23.123  62.756 0.0000000000
63060  5.237  -21.344  60.479 0.0000000000
63061  5.125  -21.425  60.409 0.0000000000
63070  5.138  -21.588  60.219 0.0000000000
64101  8.060  -21.285  63.832 0.0000000000
65051  4.822  -21.227  74.692 0.0000000000
