#!ascii label  , from subject 3454 vox2ras=TkReg
976
62659  -36.533  -17.286  66.842 0.0000000000
59086  -21.573  -21.023  69.629 0.0000000000
62652  -27.622  -17.093  66.479 0.0000000000
81833  -43.546  -0.988  45.101 0.0000000000
85421  -48.519  1.764  40.210 0.0000000000
56752  -16.057  -22.855  75.632 0.0000000000
81784  -40.668  -0.939  49.323 0.0000000000
66489  -38.087  -15.025  63.955 0.0000000000
60256  -31.729  -19.520  67.511 0.0000000000
57924  -18.072  -21.618  71.990 0.0000000000
53272  -19.814  -26.352  76.399 0.0000000000
61478  -32.583  -18.620  64.221 0.0000000000
63901  -33.472  -16.463  62.402 0.0000000000
63817  -24.173  -17.123  68.129 0.0000000000
65175  -29.877  -16.082  66.564 0.0000000000
72638  -36.604  -9.112  51.267 0.0000000000
77158  -39.682  -5.820  49.671 0.0000000000
78250  -44.452  -5.266  47.036 0.0000000000
53197  -12.062  -25.472  81.202 0.0000000000
53162  -8.118  -25.318  84.853 0.0000000000
67822  -31.869  -14.060  59.692 0.0000000000
70310  -32.232  -11.540  56.378 0.0000000000
70368  -34.603  -11.633  53.571 0.0000000000
52137  -15.597  -26.129  78.155 0.0000000000
56795  -22.183  -22.475  72.421 0.0000000000
59057  -23.900  -20.852  71.563 0.0000000000
61440  -34.781  -18.526  68.080 0.0000000000
61386  -20.533  -18.036  70.856 0.0000000000
57938  -19.769  -21.604  70.642 0.0000000000
56778  -20.882  -23.665  73.027 0.0000000000
63855  -32.827  -16.346  66.765 0.0000000000
62656  -31.326  -17.414  65.820 0.0000000000
76089  -35.626  -6.080  51.522 0.0000000000
74980  -37.652  -7.044  50.298 0.0000000000
79346  -36.905  -3.652  49.959 0.0000000000
79380  -41.001  -2.932  46.427 0.0000000000
79389  -43.175  -3.284  44.826 0.0000000000
78279  -46.076  -4.911  45.389 0.0000000000
79414  -45.409  -2.942  43.887 0.0000000000
81846  -46.940  -1.676  42.973 0.0000000000
67792  -31.593  -13.211  63.340 0.0000000000
65249  -32.832  -15.323  60.714 0.0000000000
69017  -30.485  -12.716  62.367 0.0000000000
72517  -29.124  -9.437  58.003 0.0000000000
73725  -30.683  -8.822  55.152 0.0000000000
70351  -33.516  -12.072  54.808 0.0000000000
73745  -32.569  -8.794  53.581 0.0000000000
73761  -33.972  -9.030  52.695 0.0000000000
65152  -24.926  -15.932  66.862 0.0000000000
55579  -13.816  -24.093  77.936 0.0000000000
54452  -15.625  -24.910  76.228 0.0000000000
52032  -8.035  -27.060  87.330 0.0000000000
52024  -6.045  -27.206  88.185 0.0000000000
80518  -39.188  -1.938  51.690 0.0000000000
67780  -37.583  -13.228  63.332 0.0000000000
60260  -29.600  -18.949  67.368 0.0000000000
57905  -16.836  -21.607  74.048 0.0000000000
54488  -17.441  -25.146  74.371 0.0000000000
54508  -19.048  -24.970  73.589 0.0000000000
86622  -50.053  2.512  38.952 0.0000000000
62669  -34.849  -18.241  64.908 0.0000000000
63877  -35.409  -17.238  63.817 0.0000000000
62692  -33.387  -17.477  63.177 0.0000000000
62613  -21.341  -17.678  69.002 0.0000000000
60245  -23.147  -19.130  68.556 0.0000000000
66433  -22.252  -15.218  68.005 0.0000000000
67731  -23.673  -13.511  66.298 0.0000000000
66465  -25.797  -14.768  65.228 0.0000000000
67733  -28.711  -13.355  66.808 0.0000000000
63863  -27.965  -16.755  65.228 0.0000000000
60280  -30.420  -19.227  65.767 0.0000000000
61456  -32.554  -19.384  65.332 0.0000000000
71469  -38.618  -10.517  53.022 0.0000000000
80561  -38.738  -2.905  48.333 0.0000000000
77198  -41.896  -5.433  48.173 0.0000000000
81858  -48.247  -1.057  42.241 0.0000000000
53171  -9.775  -25.392  83.372 0.0000000000
50954  -9.453  -27.280  85.114 0.0000000000
65223  -35.306  -16.001  62.211 0.0000000000
66519  -35.377  -14.522  61.344 0.0000000000
69045  -34.467  -12.730  60.038 0.0000000000
70239  -29.201  -11.457  60.128 0.0000000000
70258  -32.048  -12.292  58.605 0.0000000000
70261  -34.611  -12.118  59.161 0.0000000000
69077  -35.826  -12.546  57.655 0.0000000000
69108  -36.197  -12.677  55.825 0.0000000000
69127  -37.881  -11.989  54.715 0.0000000000
71484  -35.946  -10.244  52.290 0.0000000000
73763  -35.115  -8.084  52.266 0.0000000000
61388  -25.128  -18.837  70.692 0.0000000000
55546  -12.921  -23.671  79.975 0.0000000000
53216  -13.643  -25.707  79.348 0.0000000000
52174  -18.071  -26.604  76.819 0.0000000000
52029  -3.977  -26.785  88.296 0.0000000000
57933  -21.505  -22.289  71.115 0.0000000000
57919  -23.241  -21.710  72.613 0.0000000000
59070  -22.870  -21.212  70.391 0.0000000000
62645  -35.359  -18.082  67.218 0.0000000000
60236  -20.173  -19.877  69.933 0.0000000000
60222  -19.577  -20.218  70.568 0.0000000000
57939  -20.563  -21.738  70.402 0.0000000000
56808  -21.486  -22.625  71.700 0.0000000000
78174  -36.208  -4.569  51.975 0.0000000000
77155  -36.438  -5.187  50.372 0.0000000000
79323  -36.790  -3.234  51.456 0.0000000000
80580  -42.617  -0.874  45.877 0.0000000000
80585  -42.190  -2.183  45.454 0.0000000000
79399  -43.066  -2.537  44.656 0.0000000000
79400  -43.830  -3.011  44.339 0.0000000000
80593  -44.526  -2.088  43.998 0.0000000000
80606  -44.990  -1.658  43.766 0.0000000000
69018  -31.119  -12.585  63.041 0.0000000000
74900  -30.838  -7.342  56.627 0.0000000000
72592  -31.391  -9.597  54.148 0.0000000000
73727  -32.315  -8.056  54.437 0.0000000000
73728  -33.310  -8.115  54.174 0.0000000000
63836  -26.702  -16.243  67.092 0.0000000000
65128  -26.366  -16.450  68.437 0.0000000000
63819  -27.806  -16.721  68.158 0.0000000000
55608  -15.385  -23.193  76.481 0.0000000000
55621  -15.711  -23.563  75.821 0.0000000000
84185  -48.486  0.547  40.643 0.0000000000
52025  -6.719  -27.035  88.052 0.0000000000
66480  -38.993  -15.483  65.008 0.0000000000
67770  -38.257  -13.863  63.852 0.0000000000
60255  -31.090  -19.421  67.747 0.0000000000
61421  -32.315  -19.289  69.034 0.0000000000
59049  -18.076  -19.772  72.771 0.0000000000
59041  -17.627  -20.254  73.287 0.0000000000
57906  -17.233  -20.852  73.749 0.0000000000
56790  -17.457  -22.455  72.643 0.0000000000
55660  -17.698  -23.316  72.667 0.0000000000
55661  -18.785  -23.684  72.428 0.0000000000
55636  -22.027  -23.617  74.645 0.0000000000
55635  -21.303  -24.178  74.424 0.0000000000
61479  -33.419  -18.655  64.052 0.0000000000
62677  -33.816  -18.097  63.537 0.0000000000
62676  -32.789  -17.910  63.679 0.0000000000
65078  -21.679  -16.000  70.035 0.0000000000
65124  -21.644  -16.577  68.838 0.0000000000
66419  -22.039  -14.909  68.980 0.0000000000
67718  -23.457  -12.700  67.635 0.0000000000
68934  -24.403  -12.333  66.878 0.0000000000
68965  -24.972  -13.351  65.537 0.0000000000
68967  -26.405  -12.674  65.758 0.0000000000
65131  -29.806  -15.098  67.675 0.0000000000
66468  -29.175  -14.717  66.430 0.0000000000
66477  -28.249  -14.892  65.282 0.0000000000
65187  -28.955  -15.916  65.299 0.0000000000
62665  -28.828  -17.709  65.487 0.0000000000
63865  -29.690  -17.055  65.514 0.0000000000
61477  -31.932  -18.505  64.524 0.0000000000
61467  -31.353  -18.761  64.907 0.0000000000
61469  -33.051  -19.097  64.706 0.0000000000
61457  -33.421  -19.200  65.614 0.0000000000
71486  -37.925  -10.135  52.390 0.0000000000
71487  -38.856  -9.990  52.518 0.0000000000
72640  -38.563  -9.023  51.528 0.0000000000
76106  -39.128  -6.399  50.128 0.0000000000
74982  -39.549  -7.092  50.611 0.0000000000
81763  -39.759  -1.424  50.432 0.0000000000
80536  -38.391  -2.062  50.131 0.0000000000
80562  -39.237  -2.373  48.118 0.0000000000
78248  -42.225  -4.697  46.746 0.0000000000
78247  -41.068  -4.079  46.852 0.0000000000
77212  -42.385  -5.237  47.468 0.0000000000
77199  -42.980  -5.480  48.172 0.0000000000
81857  -47.301  -0.996  42.469 0.0000000000
82997  -46.711  -0.247  42.336 0.0000000000
82998  -47.590  -0.225  41.766 0.0000000000
55527  -11.569  -24.398  81.576 0.0000000000
55510  -10.810  -24.233  82.556 0.0000000000
53178  -10.924  -25.641  82.414 0.0000000000
50955  -10.322  -27.600  84.874 0.0000000000
50942  -9.439  -27.714  86.905 0.0000000000
63888  -34.969  -17.021  63.006 0.0000000000
65209  -35.612  -16.453  63.041 0.0000000000
65222  -34.005  -16.135  61.847 0.0000000000
66528  -32.393  -14.739  60.194 0.0000000000
66517  -33.945  -15.182  60.894 0.0000000000
66530  -34.264  -14.269  60.444 0.0000000000
67809  -35.237  -13.757  61.060 0.0000000000
69044  -33.457  -13.223  59.588 0.0000000000
72481  -29.176  -9.442  60.264 0.0000000000
71398  -30.457  -10.837  56.787 0.0000000000
70278  -30.297  -11.391  57.823 0.0000000000
70279  -31.561  -11.780  57.946 0.0000000000
70259  -33.077  -12.224  58.832 0.0000000000
70298  -33.300  -11.852  57.672 0.0000000000
69065  -35.180  -12.170  58.228 0.0000000000
69089  -34.174  -12.136  57.074 0.0000000000
70367  -33.613  -11.660  53.855 0.0000000000
69124  -35.372  -12.470  55.116 0.0000000000
70353  -35.467  -12.063  54.256 0.0000000000
69126  -37.203  -12.207  54.817 0.0000000000
70354  -36.411  -11.886  54.191 0.0000000000
71467  -36.727  -10.765  52.908 0.0000000000
71466  -35.762  -10.841  52.926 0.0000000000
73748  -35.103  -8.157  53.180 0.0000000000
73762  -34.527  -8.696  52.367 0.0000000000
74938  -35.626  -7.634  52.801 0.0000000000
62631  -23.600  -17.891  68.207 0.0000000000
61402  -24.132  -18.911  69.552 0.0000000000
62615  -24.598  -17.871  69.025 0.0000000000
53249  -14.362  -25.264  77.737 0.0000000000
54427  -13.549  -25.127  78.725 0.0000000000
53217  -14.264  -25.985  79.090 0.0000000000
53289  -18.308  -26.066  75.375 0.0000000000
53270  -17.726  -26.238  76.107 0.0000000000
52175  -19.030  -26.716  76.922 0.0000000000
56766  -22.360  -22.976  74.135 0.0000000000
56767  -23.027  -22.402  74.209 0.0000000000
59043  -23.848  -21.251  73.150 0.0000000000
59044  -24.459  -20.657  73.563 0.0000000000
61439  -33.871  -18.939  67.915 0.0000000000
61422  -33.271  -19.161  68.920 0.0000000000
60206  -19.214  -18.897  71.887 0.0000000000
60205  -19.079  -19.807  71.393 0.0000000000
57930  -18.599  -21.589  71.497 0.0000000000
56792  -19.338  -23.189  71.943 0.0000000000
56806  -19.857  -22.750  71.413 0.0000000000
56779  -21.513  -23.260  73.203 0.0000000000
63866  -32.257  -17.326  64.893 0.0000000000
63876  -32.559  -16.786  64.179 0.0000000000
65156  -30.188  -16.020  67.352 0.0000000000
63852  -30.119  -16.706  65.932 0.0000000000
63854  -31.931  -17.073  66.162 0.0000000000
73794  -36.371  -7.787  50.698 0.0000000000
73795  -37.297  -7.809  50.565 0.0000000000
74979  -36.640  -7.030  50.422 0.0000000000
77156  -37.505  -5.233  49.836 0.0000000000
77174  -38.158  -4.877  49.337 0.0000000000
80572  -40.881  -1.814  47.016 0.0000000000
80578  -41.238  -2.255  46.327 0.0000000000
78275  -42.377  -3.256  45.587 0.0000000000
78262  -43.044  -4.481  45.982 0.0000000000
78264  -45.249  -5.176  46.160 0.0000000000
78278  -44.991  -4.720  45.187 0.0000000000
79402  -45.594  -3.589  44.110 0.0000000000
79403  -46.538  -3.764  44.152 0.0000000000
80608  -46.506  -2.360  43.377 0.0000000000
81844  -45.272  -1.174  43.503 0.0000000000
52087  -12.707  -26.395  81.446 0.0000000000
52077  -11.696  -26.394  82.298 0.0000000000
51006  -13.058  -27.230  82.612 0.0000000000
65220  -32.062  -15.066  62.479 0.0000000000
65233  -32.388  -15.500  61.531 0.0000000000
66505  -31.495  -14.596  62.264 0.0000000000
66516  -30.996  -14.400  61.577 0.0000000000
67820  -30.143  -13.655  60.863 0.0000000000
73637  -29.275  -8.300  59.033 0.0000000000
74860  -29.575  -7.860  57.736 0.0000000000
72556  -29.726  -9.472  56.614 0.0000000000
71432  -30.996  -10.625  55.485 0.0000000000
70331  -32.990  -11.917  55.742 0.0000000000
71448  -31.311  -10.462  54.700 0.0000000000
71463  -32.582  -10.939  53.685 0.0000000000
71464  -33.719  -10.800  53.074 0.0000000000
71482  -34.269  -10.308  52.603 0.0000000000
73746  -33.447  -8.765  53.207 0.0000000000
65126  -24.680  -16.487  67.782 0.0000000000
63799  -24.951  -17.230  69.182 0.0000000000
65127  -25.509  -16.490  68.219 0.0000000000
54450  -14.548  -24.454  76.916 0.0000000000
53251  -15.748  -25.771  77.213 0.0000000000
52041  -7.545  -26.514  85.964 0.0000000000
54328  -7.024  -24.733  86.262 0.0000000000
52035  -6.754  -26.186  86.854 0.0000000000
53143  -6.268  -25.730  87.178 0.0000000000
53141  -5.198  -26.041  87.416 0.0000000000
70193  -37.208  -11.735  63.075 0.0000000000
62643  -28.371  -17.857  67.209 0.0000000000
62633  -28.716  -17.536  67.907 0.0000000000
57895  -17.004  -20.614  75.020 0.0000000000
56764  -16.533  -22.595  74.278 0.0000000000
55632  -16.116  -23.668  75.071 0.0000000000
54506  -17.129  -24.383  74.100 0.0000000000
54507  -17.927  -24.772  73.737 0.0000000000
54471  -19.654  -25.777  75.334 0.0000000000
55648  -19.442  -24.386  72.971 0.0000000000
54491  -20.768  -24.803  74.785 0.0000000000
53273  -20.665  -26.068  76.539 0.0000000000
86621  -49.425  2.544  39.418 0.0000000000
62658  -35.983  -17.546  66.369 0.0000000000
63868  -36.380  -17.057  65.442 0.0000000000
62679  -35.383  -17.583  64.430 0.0000000000
62693  -34.186  -17.560  63.181 0.0000000000
63887  -33.872  -17.071  62.717 0.0000000000
65198  -32.760  -15.659  64.129 0.0000000000
63886  -32.855  -16.616  63.083 0.0000000000
65208  -32.467  -15.360  63.230 0.0000000000
66497  -32.640  -14.129  63.885 0.0000000000
61415  -20.996  -19.172  69.188 0.0000000000
59103  -22.463  -20.054  68.961 0.0000000000
61431  -21.658  -18.317  68.649 0.0000000000
62630  -22.650  -17.766  68.014 0.0000000000
65150  -22.920  -15.928  67.495 0.0000000000
67705  -22.834  -13.297  68.520 0.0000000000
66447  -22.852  -15.040  67.192 0.0000000000
65151  -23.792  -16.114  67.206 0.0000000000
66449  -24.582  -15.544  66.068 0.0000000000
65171  -25.896  -15.837  65.961 0.0000000000
65172  -26.686  -16.212  65.729 0.0000000000
68951  -27.695  -12.287  66.714 0.0000000000
67748  -27.521  -13.445  65.705 0.0000000000
65185  -26.982  -15.741  65.218 0.0000000000
62664  -28.011  -17.473  65.894 0.0000000000
61464  -28.824  -18.522  66.048 0.0000000000
60279  -29.700  -19.173  66.117 0.0000000000
60263  -31.152  -19.584  66.980 0.0000000000
62667  -30.711  -18.051  65.337 0.0000000000
60281  -31.186  -19.285  65.433 0.0000000000
61447  -32.736  -19.487  66.314 0.0000000000
61448  -33.633  -19.101  66.741 0.0000000000
61449  -34.519  -18.555  66.998 0.0000000000
61401  -20.603  -18.375  69.989 0.0000000000
73781  -39.073  -8.333  51.228 0.0000000000
80516  -37.583  -2.516  50.747 0.0000000000
79348  -37.978  -3.485  49.005 0.0000000000
78215  -39.061  -4.595  48.564 0.0000000000
79372  -39.788  -3.302  47.263 0.0000000000
78234  -40.153  -4.252  47.560 0.0000000000
77176  -40.254  -5.452  48.956 0.0000000000
77178  -42.329  -5.654  49.111 0.0000000000
82999  -48.653  -0.543  41.564 0.0000000000
83008  -48.219  0.107  41.122 0.0000000000
85414  -47.989  1.771  40.877 0.0000000000
54363  -9.665  -24.857  83.592 0.0000000000
52057  -8.837  -26.051  84.217 0.0000000000
52067  -10.670  -26.402  83.118 0.0000000000
50970  -9.858  -26.940  84.318 0.0000000000
52047  -8.600  -26.661  84.921 0.0000000000
50946  -8.795  -27.288  86.356 0.0000000000
63879  -36.770  -16.642  64.839 0.0000000000
65210  -36.433  -16.073  63.391 0.0000000000
65211  -37.370  -15.342  63.550 0.0000000000
65235  -34.442  -15.491  61.396 0.0000000000
66507  -35.785  -14.938  61.841 0.0000000000
66508  -36.414  -14.410  62.234 0.0000000000
67794  -36.305  -13.422  62.168 0.0000000000
69021  -36.008  -12.512  61.985 0.0000000000
69036  -35.929  -11.898  61.486 0.0000000000
69032  -29.463  -12.030  61.092 0.0000000000
69051  -30.209  -12.809  59.297 0.0000000000
71385  -29.236  -10.452  58.448 0.0000000000
70256  -29.599  -11.597  58.938 0.0000000000
69052  -31.461  -12.859  58.965 0.0000000000
69054  -33.706  -12.647  59.250 0.0000000000
70240  -34.840  -12.067  59.817 0.0000000000
69106  -34.416  -12.433  56.243 0.0000000000
69091  -36.042  -12.702  56.746 0.0000000000
70372  -38.449  -11.034  53.582 0.0000000000
71468  -37.693  -10.661  52.947 0.0000000000
72620  -36.234  -9.662  51.732 0.0000000000
72618  -34.362  -9.592  52.346 0.0000000000
72636  -35.214  -8.774  51.578 0.0000000000
73778  -36.061  -8.394  51.045 0.0000000000
76088  -35.498  -6.721  51.700 0.0000000000
77125  -36.034  -5.574  52.149 0.0000000000
59071  -23.591  -20.681  70.394 0.0000000000
60207  -24.310  -20.104  71.016 0.0000000000
62600  -25.300  -17.818  70.077 0.0000000000
54400  -12.057  -24.903  80.892 0.0000000000
55563  -13.170  -24.361  79.094 0.0000000000
55562  -12.718  -24.692  79.580 0.0000000000
53198  -12.535  -25.696  80.674 0.0000000000
52102  -13.843  -26.356  80.324 0.0000000000
53300  -16.274  -24.944  75.322 0.0000000000
52172  -16.543  -26.002  76.689 0.0000000000
52157  -16.322  -26.164  77.310 0.0000000000
50925  -5.194  -27.944  88.623 0.0000000000
52023  -5.302  -27.218  88.356 0.0000000000
53146  -4.750  -25.222  87.299 0.0000000000
63857  -37.156  -16.889  66.619 0.0000000000
57940  -21.509  -21.648  70.231 0.0000000000
57934  -22.491  -21.703  70.903 0.0000000000
57941  -22.240  -21.362  70.108 0.0000000000
62646  -36.097  -17.684  67.441 0.0000000000
59101  -20.885  -20.448  69.405 0.0000000000
59085  -20.563  -20.993  69.836 0.0000000000
78175  -36.874  -3.884  52.544 0.0000000000
78186  -36.389  -3.874  51.780 0.0000000000
81823  -43.362  -0.573  45.862 0.0000000000
80586  -42.720  -1.625  45.201 0.0000000000
80592  -43.573  -1.851  44.529 0.0000000000
81834  -44.199  -0.906  44.591 0.0000000000
63850  -26.871  -16.487  66.340 0.0000000000
63837  -27.384  -16.673  67.353 0.0000000000
56741  -15.821  -22.703  76.387 0.0000000000
84193  -49.026  0.867  40.116 0.0000000000
85422  -49.142  1.757  39.695 0.0000000000
66490  -38.884  -14.632  64.433 0.0000000000
66499  -37.616  -14.373  63.294 0.0000000000
61437  -31.702  -19.400  68.325 0.0000000000
59048  -18.013  -20.677  72.392 0.0000000000
57917  -17.562  -21.138  72.780 0.0000000000
57923  -17.595  -21.913  72.432 0.0000000000
56791  -18.169  -22.691  72.102 0.0000000000
65101  -21.802  -15.563  69.636 0.0000000000
68935  -25.363  -11.718  67.326 0.0000000000
68949  -25.436  -12.267  66.256 0.0000000000
68950  -26.438  -11.982  66.578 0.0000000000
65155  -29.574  -15.332  66.862 0.0000000000
66451  -29.348  -14.360  67.125 0.0000000000
65174  -29.338  -15.553  65.917 0.0000000000
63851  -29.398  -16.414  65.557 0.0000000000
62675  -32.201  -17.983  64.336 0.0000000000
72621  -37.247  -9.698  51.759 0.0000000000
72622  -38.204  -9.585  51.921 0.0000000000
72639  -37.587  -9.112  51.334 0.0000000000
77157  -38.616  -5.630  49.652 0.0000000000
77159  -40.739  -5.911  49.862 0.0000000000
81764  -40.312  -1.116  50.080 0.0000000000
80549  -40.117  -1.095  49.265 0.0000000000
78249  -43.277  -5.215  46.974 0.0000000000
78236  -43.846  -5.365  47.772 0.0000000000
84174  -46.342  0.680  42.553 0.0000000000
54387  -11.426  -24.966  81.628 0.0000000000
54386  -11.089  -25.209  82.063 0.0000000000
53185  -11.282  -25.473  81.998 0.0000000000
63902  -34.358  -16.589  62.377 0.0000000000
67823  -33.038  -14.014  59.781 0.0000000000
67824  -34.073  -13.731  60.126 0.0000000000
69043  -32.631  -13.529  59.382 0.0000000000
70296  -31.181  -11.303  56.945 0.0000000000
70297  -32.373  -11.693  57.343 0.0000000000
70280  -32.650  -11.913  58.191 0.0000000000
70312  -33.743  -11.921  57.349 0.0000000000
70311  -33.300  -11.883  56.831 0.0000000000
70352  -34.497  -12.159  54.436 0.0000000000
70369  -35.600  -11.492  53.524 0.0000000000
71465  -34.812  -10.913  52.982 0.0000000000
62632  -24.144  -17.764  68.473 0.0000000000
62614  -24.094  -18.135  68.695 0.0000000000
53234  -14.983  -25.802  78.121 0.0000000000
53233  -14.313  -25.632  78.449 0.0000000000
52136  -14.952  -25.967  78.441 0.0000000000
52119  -14.976  -26.267  79.105 0.0000000000
52120  -16.130  -26.642  79.119 0.0000000000
53290  -19.097  -26.107  75.682 0.0000000000
53271  -18.686  -26.370  76.196 0.0000000000
52176  -19.670  -26.750  77.049 0.0000000000
54346  -8.082  -24.751  85.273 0.0000000000
65191  -38.327  -16.177  65.520 0.0000000000
56780  -22.181  -22.689  73.099 0.0000000000
57907  -22.747  -22.454  73.590 0.0000000000
57927  -23.211  -21.496  71.730 0.0000000000
59050  -23.734  -21.225  72.330 0.0000000000
59051  -24.299  -20.715  72.550 0.0000000000
61423  -34.199  -18.856  68.976 0.0000000000
61373  -20.362  -17.636  71.924 0.0000000000
61372  -19.912  -18.469  71.461 0.0000000000
59069  -19.224  -20.841  71.011 0.0000000000
59068  -18.737  -21.115  71.379 0.0000000000
57931  -19.272  -21.824  71.097 0.0000000000
57932  -20.304  -22.275  70.921 0.0000000000
57925  -21.875  -22.490  71.882 0.0000000000
56794  -21.568  -22.844  72.292 0.0000000000
63867  -32.683  -16.480  65.543 0.0000000000
63839  -30.449  -16.525  66.664 0.0000000000
74978  -35.851  -7.099  50.777 0.0000000000
76103  -36.026  -6.175  50.724 0.0000000000
78185  -36.184  -4.113  50.987 0.0000000000
78200  -36.864  -4.329  49.975 0.0000000000
78201  -37.395  -4.634  49.703 0.0000000000
80573  -41.775  -0.912  47.393 0.0000000000
79388  -42.509  -2.812  45.126 0.0000000000
79387  -42.006  -2.758  45.667 0.0000000000
78276  -42.840  -3.646  45.419 0.0000000000
78277  -43.861  -4.081  44.989 0.0000000000
79401  -44.788  -3.172  44.081 0.0000000000
78291  -44.884  -4.017  44.469 0.0000000000
79415  -46.096  -3.028  43.765 0.0000000000
80607  -45.481  -2.199  43.642 0.0000000000
81843  -44.690  -1.136  43.886 0.0000000000
66506  -31.765  -14.147  62.894 0.0000000000
65219  -31.778  -14.899  62.168 0.0000000000
67807  -30.777  -13.925  61.974 0.0000000000
67806  -30.487  -13.549  61.800 0.0000000000
66515  -30.587  -13.952  61.286 0.0000000000
74913  -30.557  -8.059  55.876 0.0000000000
74899  -30.177  -7.970  56.337 0.0000000000
72557  -30.129  -9.463  56.030 0.0000000000
71431  -30.467  -10.137  55.760 0.0000000000
71447  -30.746  -10.081  55.176 0.0000000000
70329  -31.500  -10.979  55.270 0.0000000000
72591  -30.854  -9.507  54.775 0.0000000000
73744  -31.821  -8.862  53.925 0.0000000000
71462  -31.793  -10.388  54.011 0.0000000000
72605  -32.082  -9.748  53.597 0.0000000000
72606  -32.896  -9.813  53.104 0.0000000000
73729  -34.120  -8.219  54.020 0.0000000000
65129  -27.172  -16.533  68.533 0.0000000000
65103  -26.707  -16.598  69.380 0.0000000000
54468  -15.222  -24.158  76.280 0.0000000000
55607  -14.945  -23.746  76.592 0.0000000000
54451  -15.059  -24.665  76.590 0.0000000000
53267  -15.206  -25.229  76.865 0.0000000000
53268  -15.880  -25.496  76.587 0.0000000000
52036  -7.423  -26.622  86.741 0.0000000000
52040  -6.933  -26.100  86.185 0.0000000000
52031  -7.343  -26.765  87.450 0.0000000000
53142  -6.067  -26.127  87.169 0.0000000000
68988  -38.139  -12.545  64.106 0.0000000000
69003  -37.473  -12.304  63.452 0.0000000000
69002  -36.837  -12.633  62.756 0.0000000000
61444  -28.743  -18.451  67.160 0.0000000000
62644  -28.871  -18.156  67.599 0.0000000000
61434  -29.751  -18.476  68.034 0.0000000000
57894  -16.590  -21.533  75.099 0.0000000000
55646  -17.182  -23.726  73.502 0.0000000000
55647  -18.308  -24.250  73.019 0.0000000000
54489  -18.639  -25.623  74.469 0.0000000000
55663  -20.491  -23.767  72.775 0.0000000000
55662  -19.886  -23.821  72.548 0.0000000000
55649  -20.528  -24.202  73.315 0.0000000000
55622  -21.353  -24.701  75.617 0.0000000000
54472  -20.572  -25.285  75.402 0.0000000000
62657  -35.162  -18.165  66.109 0.0000000000
62670  -35.656  -17.583  65.277 0.0000000000
62678  -34.730  -17.785  63.830 0.0000000000
65188  -33.156  -15.611  65.158 0.0000000000
66487  -33.055  -14.516  64.406 0.0000000000
66496  -32.220  -14.589  63.189 0.0000000000
61416  -21.089  -18.526  69.198 0.0000000000
60250  -21.544  -18.779  68.756 0.0000000000
65125  -21.881  -15.895  68.581 0.0000000000
63815  -22.145  -16.847  68.191 0.0000000000
63833  -22.263  -16.241  68.104 0.0000000000
63834  -22.683  -16.425  67.816 0.0000000000
65149  -22.417  -15.858  67.914 0.0000000000
67717  -22.882  -13.755  67.313 0.0000000000
67730  -23.221  -14.329  66.657 0.0000000000
66448  -23.846  -15.085  66.246 0.0000000000
67746  -25.266  -13.900  65.288 0.0000000000
66464  -24.840  -14.909  65.655 0.0000000000
65184  -26.282  -15.275  65.315 0.0000000000
67719  -29.099  -12.935  67.841 0.0000000000
68952  -28.554  -12.328  67.439 0.0000000000
67732  -28.079  -13.100  66.317 0.0000000000
68968  -27.079  -12.461  66.090 0.0000000000
65186  -28.186  -15.686  65.067 0.0000000000
66476  -27.603  -14.511  65.293 0.0000000000
63862  -27.232  -16.676  65.640 0.0000000000
61465  -29.664  -18.565  65.651 0.0000000000
60271  -30.458  -19.473  66.482 0.0000000000
62655  -30.814  -17.514  65.723 0.0000000000
62654  -30.213  -17.473  65.596 0.0000000000
60282  -31.840  -19.315  65.149 0.0000000000
60273  -31.917  -19.565  65.806 0.0000000000
61470  -33.918  -18.787  64.860 0.0000000000
61458  -34.305  -18.734  65.868 0.0000000000
63785  -21.513  -16.496  70.481 0.0000000000
62599  -21.020  -17.586  70.011 0.0000000000
61400  -20.566  -19.064  69.608 0.0000000000
70373  -39.146  -10.811  53.556 0.0000000000
72623  -39.075  -9.445  52.100 0.0000000000
71489  -40.137  -9.901  52.956 0.0000000000
73796  -38.291  -7.764  50.653 0.0000000000
80501  -38.398  -2.314  52.238 0.0000000000
79324  -37.678  -2.548  51.655 0.0000000000
80517  -38.411  -2.131  51.206 0.0000000000
80547  -38.373  -2.584  48.983 0.0000000000
79362  -38.501  -3.408  48.473 0.0000000000
78214  -38.507  -4.266  48.692 0.0000000000
78232  -38.797  -3.842  48.288 0.0000000000
80571  -39.913  -2.316  47.383 0.0000000000
79373  -40.357  -3.032  46.798 0.0000000000
77210  -41.062  -4.717  47.407 0.0000000000
78235  -40.779  -4.571  47.445 0.0000000000
77197  -40.826  -5.106  47.978 0.0000000000
77196  -39.825  -4.851  48.329 0.0000000000
77177  -41.298  -5.662  48.999 0.0000000000
77179  -43.296  -5.556  49.221 0.0000000000
80609  -47.444  -2.413  43.260 0.0000000000
84183  -47.250  0.706  41.581 0.0000000000
83007  -47.704  0.340  41.340 0.0000000000
84184  -47.842  0.881  41.029 0.0000000000
53172  -10.315  -25.469  82.845 0.0000000000
54364  -10.287  -24.499  83.145 0.0000000000
53164  -9.239  -25.326  83.811 0.0000000000
52069  -11.944  -26.948  82.803 0.0000000000
52068  -11.382  -26.738  82.932 0.0000000000
50989  -11.153  -27.066  83.481 0.0000000000
52048  -9.219  -26.661  84.451 0.0000000000
50953  -8.879  -27.162  85.635 0.0000000000
50936  -9.437  -27.802  87.701 0.0000000000
63878  -36.079  -16.929  64.373 0.0000000000
65224  -36.244  -15.314  62.450 0.0000000000
65234  -33.433  -15.655  61.245 0.0000000000
66518  -34.605  -14.633  60.929 0.0000000000
65236  -35.146  -15.149  61.496 0.0000000000
67793  -35.865  -14.041  61.662 0.0000000000
69034  -34.793  -13.336  60.526 0.0000000000
69020  -35.745  -13.249  61.595 0.0000000000
69035  -35.321  -12.629  61.040 0.0000000000
71368  -29.222  -10.586  60.596 0.0000000000
71353  -29.485  -10.670  61.200 0.0000000000
69041  -29.434  -12.112  60.670 0.0000000000
69050  -29.523  -12.219  59.857 0.0000000000
73653  -29.224  -8.518  58.315 0.0000000000
72498  -29.072  -9.314  59.049 0.0000000000
70257  -30.826  -12.200  58.532 0.0000000000
70277  -29.607  -11.109  58.240 0.0000000000
69053  -32.642  -12.855  59.100 0.0000000000
70260  -33.920  -12.188  58.989 0.0000000000
69055  -34.362  -12.400  59.429 0.0000000000
70241  -35.510  -11.870  60.051 0.0000000000
69066  -35.559  -12.284  58.300 0.0000000000
69122  -33.803  -12.289  55.699 0.0000000000
69107  -35.269  -12.620  56.026 0.0000000000
69092  -36.992  -12.772  56.558 0.0000000000
69110  -38.079  -12.349  55.408 0.0000000000
70332  -38.440  -11.969  54.954 0.0000000000
70356  -38.303  -11.588  54.294 0.0000000000
71485  -36.954  -10.242  52.288 0.0000000000
73776  -34.931  -8.605  51.814 0.0000000000
72637  -35.702  -8.940  51.407 0.0000000000
73777  -35.346  -8.117  51.489 0.0000000000
74963  -35.498  -7.242  51.337 0.0000000000
74953  -35.399  -7.219  52.054 0.0000000000
76076  -35.745  -6.491  52.154 0.0000000000
60244  -22.465  -19.373  68.614 0.0000000000
59088  -23.334  -20.149  69.433 0.0000000000
59104  -23.064  -19.692  68.862 0.0000000000
61387  -24.536  -19.067  70.152 0.0000000000
60224  -24.021  -19.657  70.085 0.0000000000
60225  -24.635  -19.476  70.669 0.0000000000
59058  -24.577  -20.292  71.868 0.0000000000
60208  -24.929  -19.611  71.486 0.0000000000
63787  -25.444  -17.244  69.764 0.0000000000
62601  -25.824  -17.798  70.675 0.0000000000
63820  -28.440  -16.868  68.362 0.0000000000
55528  -12.071  -24.021  81.034 0.0000000000
55545  -12.490  -24.403  80.048 0.0000000000
55564  -13.727  -23.503  79.035 0.0000000000
53232  -13.809  -25.481  78.818 0.0000000000
54415  -12.986  -25.077  79.361 0.0000000000
54414  -12.474  -25.052  79.989 0.0000000000
53199  -13.163  -25.938  80.157 0.0000000000
52101  -13.137  -26.258  80.769 0.0000000000
54487  -16.535  -24.557  74.683 0.0000000000
53301  -16.898  -25.387  74.974 0.0000000000
53269  -16.848  -25.930  76.196 0.0000000000
52173  -17.134  -26.339  76.734 0.0000000000
52158  -17.402  -26.697  77.499 0.0000000000
52022  -4.776  -27.373  88.481 0.0000000000
53140  -4.754  -26.596  88.208 0.0000000000
53145  -4.475  -25.635  87.921 0.0000000000
57918  -22.709  -22.223  72.885 0.0000000000
57926  -22.483  -22.076  71.938 0.0000000000
57935  -23.233  -21.214  71.007 0.0000000000
62636  -35.557  -18.102  68.244 0.0000000000
61385  -20.178  -18.832  70.440 0.0000000000
60223  -19.607  -19.310  70.907 0.0000000000
60235  -19.998  -20.526  70.126 0.0000000000
59084  -19.842  -21.026  70.311 0.0000000000
77138  -35.825  -5.203  51.252 0.0000000000
79337  -36.599  -3.627  50.569 0.0000000000
80579  -41.822  -1.479  46.135 0.0000000000
80594  -45.051  -2.622  43.884 0.0000000000
70207  -30.748  -11.705  62.940 0.0000000000
73708  -30.857  -8.079  55.445 0.0000000000
73726  -31.259  -8.494  54.640 0.0000000000
65153  -26.081  -16.061  67.336 0.0000000000
65154  -26.734  -16.333  67.765 0.0000000000
55620  -15.361  -23.806  76.179 0.0000000000
54469  -15.632  -24.393  75.985 0.0000000000
83009  -49.225  0.004  40.775 0.0000000000
83017  -49.500  0.326  40.184 0.0000000000
52027  -7.961  -27.211  87.919 0.0000000000
52026  -7.426  -27.112  88.060 0.0000000000
50928  -7.647  -27.638  88.605 0.0000000000
50927  -7.178  -27.706  88.721 0.0000000000
52020  -6.510  -27.849  88.637 0.0000000000
60254  -30.494  -19.164  67.865 0.0000000000
60253  -30.244  -18.996  67.883 0.0000000000
61436  -30.938  -19.151  68.445 0.0000000000
61420  -31.432  -18.957  69.231 0.0000000000
61404  -32.009  -18.945  69.821 0.0000000000
60188  -18.615  -19.353  72.281 0.0000000000
59042  -17.736  -19.348  73.771 0.0000000000
56777  -17.042  -22.578  73.298 0.0000000000
55650  -21.209  -23.776  73.586 0.0000000000
55623  -21.972  -23.950  75.470 0.0000000000
61480  -34.204  -18.406  64.178 0.0000000000
62691  -32.792  -17.266  63.385 0.0000000000
63798  -21.430  -16.939  69.420 0.0000000000
65100  -21.622  -16.231  69.489 0.0000000000
67706  -23.489  -12.421  68.928 0.0000000000
68922  -24.326  -11.952  68.123 0.0000000000
66463  -24.110  -14.342  65.768 0.0000000000
68948  -24.662  -12.887  65.886 0.0000000000
68966  -25.496  -13.031  65.553 0.0000000000
67747  -26.324  -13.715  65.248 0.0000000000
66435  -29.734  -14.263  67.959 0.0000000000
66450  -28.931  -14.172  66.551 0.0000000000
66467  -28.469  -14.304  65.850 0.0000000000
65173  -28.674  -15.236  65.374 0.0000000000
63864  -28.954  -16.783  65.303 0.0000000000
62666  -29.784  -17.798  65.455 0.0000000000
62668  -31.547  -17.829  65.130 0.0000000000
61468  -32.207  -19.072  64.683 0.0000000000
76105  -38.090  -6.259  50.074 0.0000000000
74981  -38.643  -7.062  50.373 0.0000000000
81744  -39.739  -1.538  50.756 0.0000000000
80537  -39.336  -1.720  50.761 0.0000000000
80548  -39.382  -1.536  49.469 0.0000000000
78260  -41.449  -3.403  46.372 0.0000000000
77211  -41.568  -4.959  47.401 0.0000000000
77200  -43.809  -5.398  48.526 0.0000000000
81856  -46.448  -0.923  42.801 0.0000000000
84175  -46.920  0.344  42.024 0.0000000000
54376  -10.851  -24.797  82.271 0.0000000000
50947  -9.423  -27.644  86.049 0.0000000000
63889  -35.715  -16.746  63.525 0.0000000000
65248  -31.807  -15.144  60.974 0.0000000000
65250  -33.469  -15.241  60.774 0.0000000000
66529  -33.612  -14.695  60.374 0.0000000000
67808  -34.654  -13.955  60.549 0.0000000000
71411  -29.642  -10.030  56.988 0.0000000000
71386  -29.612  -10.815  57.829 0.0000000000
70295  -30.456  -11.065  57.188 0.0000000000
70281  -33.563  -11.968  58.388 0.0000000000
70282  -34.302  -12.023  58.552 0.0000000000
70283  -35.036  -12.083  58.576 0.0000000000
70300  -34.604  -12.027  58.199 0.0000000000
69075  -34.421  -12.067  57.566 0.0000000000
70366  -33.010  -11.635  54.195 0.0000000000
69125  -36.308  -12.395  54.944 0.0000000000
69109  -37.138  -12.595  55.635 0.0000000000
70355  -37.317  -11.729  54.164 0.0000000000
70370  -36.554  -11.347  53.516 0.0000000000
73747  -34.268  -8.432  53.210 0.0000000000
61433  -23.043  -18.490  68.205 0.0000000000
60237  -23.628  -19.381  69.188 0.0000000000
61417  -23.740  -18.633  68.764 0.0000000000
61418  -24.278  -18.427  69.155 0.0000000000
61403  -24.696  -18.494  69.769 0.0000000000
54428  -13.879  -24.954  77.995 0.0000000000
55578  -13.583  -24.611  78.418 0.0000000000
52118  -14.274  -26.194  79.587 0.0000000000
53302  -17.691  -25.756  74.829 0.0000000000
53288  -17.313  -25.876  75.489 0.0000000000
65201  -38.426  -15.562  64.608 0.0000000000
56754  -22.586  -23.327  75.242 0.0000000000
56755  -23.061  -22.641  75.002 0.0000000000
57897  -23.521  -21.987  74.676 0.0000000000
57908  -23.336  -21.932  73.613 0.0000000000
61438  -32.692  -19.420  67.708 0.0000000000
61358  -19.449  -17.996  72.597 0.0000000000
59056  -18.495  -20.333  71.796 0.0000000000
59055  -18.328  -21.047  71.766 0.0000000000
56805  -18.801  -22.343  71.520 0.0000000000
56793  -20.599  -23.343  72.277 0.0000000000
56807  -20.915  -22.771  71.561 0.0000000000
56765  -21.693  -23.549  74.004 0.0000000000
63875  -32.385  -17.526  64.180 0.0000000000
63853  -30.945  -17.112  66.323 0.0000000000
73779  -36.957  -8.517  50.856 0.0000000000
76104  -37.005  -6.165  50.180 0.0000000000
80563  -40.282  -1.301  48.357 0.0000000000
80564  -41.379  -0.867  48.055 0.0000000000
79381  -41.556  -2.798  46.087 0.0000000000
78261  -42.100  -3.669  46.108 0.0000000000
78263  -44.114  -5.008  45.972 0.0000000000
78290  -44.328  -3.620  44.419 0.0000000000
78292  -45.832  -4.346  44.595 0.0000000000
81845  -46.061  -1.539  43.217 0.0000000000
81855  -45.786  -0.795  43.155 0.0000000000
53187  -12.195  -25.915  81.343 0.0000000000
53186  -11.702  -25.711  81.699 0.0000000000
52086  -12.120  -26.259  81.797 0.0000000000
52078  -12.444  -26.790  82.305 0.0000000000
65221  -32.869  -15.905  62.129 0.0000000000
65232  -31.719  -14.998  61.830 0.0000000000
67791  -30.987  -13.654  62.443 0.0000000000
66527  -31.342  -14.555  60.517 0.0000000000
67821  -30.827  -14.012  60.184 0.0000000000
73654  -29.623  -7.702  58.567 0.0000000000
73669  -29.339  -8.681  57.506 0.0000000000
74881  -30.162  -7.467  57.139 0.0000000000
74880  -29.646  -8.127  56.978 0.0000000000
72535  -29.401  -9.440  57.237 0.0000000000
71412  -30.102  -10.229  56.479 0.0000000000
71413  -30.745  -10.739  56.213 0.0000000000
70309  -31.459  -11.088  55.956 0.0000000000
70330  -32.073  -11.385  55.469 0.0000000000
70350  -32.499  -11.537  54.680 0.0000000000
71449  -31.966  -10.931  54.345 0.0000000000
72607  -33.678  -9.732  52.692 0.0000000000
73731  -35.702  -8.364  54.005 0.0000000000
63818  -24.942  -16.796  68.544 0.0000000000
63800  -25.484  -16.918  69.266 0.0000000000
65102  -26.081  -16.700  69.301 0.0000000000
55594  -14.428  -23.632  77.247 0.0000000000
55595  -15.056  -22.923  77.295 0.0000000000
55606  -14.587  -24.124  76.812 0.0000000000
55593  -14.284  -24.209  77.176 0.0000000000
54438  -14.375  -24.829  77.244 0.0000000000
53250  -15.086  -25.532  77.463 0.0000000000
52156  -15.691  -25.893  77.529 0.0000000000
53252  -20.537  -26.375  76.869 0.0000000000
52045  -7.218  -25.947  85.594 0.0000000000
53155  -7.526  -25.319  85.315 0.0000000000
53152  -6.676  -25.380  86.439 0.0000000000
53149  -6.447  -25.324  86.915 0.0000000000
52030  -6.602  -26.325  87.386 0.0000000000
53147  -6.269  -25.218  87.106 0.0000000000
80502  -39.302  -2.118  52.636 0.0000000000
81745  -40.108  -1.485  51.090 0.0000000000
81746  -41.022  -1.102  50.952 0.0000000000
81765  -41.265  -0.824  50.022 0.0000000000
62642  -27.939  -17.285  67.005 0.0000000000
63838  -28.132  -17.122  67.627 0.0000000000
62634  -29.337  -18.006  68.164 0.0000000000
57884  -16.944  -20.989  76.040 0.0000000000
56753  -16.335  -22.230  75.351 0.0000000000
56763  -16.237  -22.991  74.886 0.0000000000
55633  -16.543  -23.671  74.341 0.0000000000
54470  -18.948  -25.942  75.177 0.0000000000
54509  -19.945  -24.767  73.614 0.0000000000
54490  -19.904  -25.137  74.454 0.0000000000
54453  -20.414  -25.819  75.968 0.0000000000
86616  -48.866  2.549  40.006 0.0000000000
63856  -36.630  -17.057  66.179 0.0000000000
63900  -32.855  -16.149  62.641 0.0000000000
65207  -32.263  -15.008  62.948 0.0000000000
67777  -32.172  -13.663  63.632 0.0000000000
67778  -32.691  -13.109  64.259 0.0000000000
60242  -20.914  -19.721  69.280 0.0000000000
59102  -21.646  -20.316  69.154 0.0000000000
60243  -21.585  -19.384  68.844 0.0000000000
60251  -21.994  -18.863  68.521 0.0000000000
60252  -22.582  -18.857  68.396 0.0000000000
63814  -21.609  -17.127  68.719 0.0000000000
62629  -21.890  -17.687  68.397 0.0000000000
63816  -23.098  -17.152  67.761 0.0000000000
63835  -23.335  -16.547  67.657 0.0000000000
66420  -22.471  -14.024  69.350 0.0000000000
66434  -22.374  -14.287  68.170 0.0000000000
65170  -25.040  -15.626  66.071 0.0000000000
63849  -26.374  -16.115  66.686 0.0000000000
66466  -27.881  -14.062  65.561 0.0000000000
67759  -27.404  -13.978  65.403 0.0000000000
66475  -26.663  -14.667  65.139 0.0000000000
62663  -27.395  -16.964  66.030 0.0000000000
62653  -28.140  -17.693  66.530 0.0000000000
61454  -28.493  -18.312  66.628 0.0000000000
61455  -28.960  -18.802  66.810 0.0000000000
60278  -29.328  -19.060  66.537 0.0000000000
60270  -29.868  -19.321  66.823 0.0000000000
60262  -30.493  -19.412  67.247 0.0000000000
61466  -30.526  -18.656  65.392 0.0000000000
60272  -31.175  -19.565  66.157 0.0000000000
60264  -31.922  -19.588  66.740 0.0000000000
62586  -21.022  -17.224  71.224 0.0000000000
71470  -39.637  -10.374  53.214 0.0000000000
73780  -37.962  -8.465  50.982 0.0000000000
72641  -39.449  -8.958  51.845 0.0000000000
73797  -39.087  -7.626  50.778 0.0000000000
79312  -37.449  -2.959  52.549 0.0000000000
79338  -37.003  -3.076  50.290 0.0000000000
80535  -37.646  -2.660  49.768 0.0000000000
79347  -37.374  -3.415  49.567 0.0000000000
78213  -37.584  -4.226  49.385 0.0000000000
77175  -39.167  -5.067  48.941 0.0000000000
80570  -39.518  -2.726  47.511 0.0000000000
79371  -39.309  -3.087  47.600 0.0000000000
78246  -40.324  -3.716  47.084 0.0000000000
79364  -39.482  -3.697  47.665 0.0000000000
78233  -39.251  -4.241  48.151 0.0000000000
77195  -39.331  -4.707  48.497 0.0000000000
77160  -41.760  -5.824  50.004 0.0000000000
84192  -48.310  1.138  40.499 0.0000000000
86608  -47.863  2.554  41.499 0.0000000000
54348  -9.699  -24.395  84.256 0.0000000000
53163  -8.726  -25.231  84.347 0.0000000000
52056  -8.312  -25.918  84.592 0.0000000000
53179  -11.321  -25.900  82.172 0.0000000000
52076  -11.169  -26.231  82.566 0.0000000000
52066  -10.002  -26.041  83.301 0.0000000000
50971  -10.657  -27.167  84.033 0.0000000000
52059  -10.125  -26.557  83.713 0.0000000000
52058  -9.517  -26.183  83.819 0.0000000000
52046  -7.776  -26.173  85.131 0.0000000000
52042  -8.243  -26.834  85.746 0.0000000000
52037  -8.121  -26.941  86.563 0.0000000000
50941  -8.744  -27.378  87.160 0.0000000000
50935  -8.660  -27.495  87.898 0.0000000000
65199  -36.709  -16.441  64.281 0.0000000000
66498  -36.883  -14.900  62.911 0.0000000000
67779  -36.990  -13.813  62.729 0.0000000000
70206  -30.126  -11.550  62.245 0.0000000000
71354  -29.914  -10.670  61.860 0.0000000000
70222  -29.763  -11.536  61.702 0.0000000000
69033  -29.758  -12.443  61.426 0.0000000000
67832  -30.255  -13.513  59.951 0.0000000000
67833  -31.052  -13.540  59.432 0.0000000000
71376  -29.048  -10.505  59.567 0.0000000000
67834  -31.953  -13.399  59.227 0.0000000000
69046  -35.086  -12.111  60.427 0.0000000000
70223  -35.668  -11.803  60.774 0.0000000000
70224  -36.481  -11.489  61.084 0.0000000000
70284  -35.801  -12.132  58.915 0.0000000000
69105  -33.732  -12.157  56.388 0.0000000000
69090  -35.107  -12.503  56.927 0.0000000000
69123  -34.472  -12.427  55.367 0.0000000000
70357  -39.395  -11.253  54.231 0.0000000000
70371  -37.510  -11.220  53.543 0.0000000000
71483  -35.010  -10.263  52.420 0.0000000000
72619  -35.133  -9.411  51.844 0.0000000000
73793  -35.726  -7.739  50.984 0.0000000000
76102  -35.609  -6.641  51.180 0.0000000000
76075  -35.461  -6.776  51.979 0.0000000000
77126  -36.833  -5.120  52.678 0.0000000000
59087  -22.590  -20.813  69.619 0.0000000000
62587  -25.723  -18.313  70.994 0.0000000000
61360  -25.743  -19.255  72.898 0.0000000000
65130  -27.936  -16.565  68.956 0.0000000000
54388  -11.771  -24.547  81.284 0.0000000000
54486  -16.026  -24.315  75.387 0.0000000000
53286  -15.992  -24.992  75.893 0.0000000000
53287  -16.516  -25.474  75.709 0.0000000000
52138  -16.719  -26.661  78.264 0.0000000000
50926  -5.972  -27.959  88.569 0.0000000000
50934  -5.053  -28.235  88.531 0.0000000000
52028  -3.578  -26.465  88.032 0.0000000000
53144  -3.602  -25.783  87.943 0.0000000000
50924  -4.873  -27.721  88.588 0.0000000000
52021  -6.718  -27.615  88.592 0.0000000000
52160  -19.436  -27.081  77.578 0.0000000000
53154  -6.994  -25.317  85.833 0.0000000000
53215  -12.905  -25.505  79.865 0.0000000000
53299  -16.011  -24.662  75.644 0.0000000000
54377  -11.255  -24.520  81.856 0.0000000000
54399  -11.803  -25.245  81.355 0.0000000000
54439  -14.882  -25.108  76.977 0.0000000000
55634  -20.542  -24.665  74.088 0.0000000000
57916  -17.192  -21.731  73.101 0.0000000000
60261  -29.957  -19.039  67.539 0.0000000000
60269  -29.472  -19.068  67.102 0.0000000000
61432  -22.285  -18.344  68.307 0.0000000000
61435  -30.255  -18.749  68.246 0.0000000000
61445  -29.376  -18.672  67.509 0.0000000000
61446  -29.849  -18.731  67.812 0.0000000000
61463  -28.361  -18.032  66.224 0.0000000000
66446  -22.629  -15.494  67.649 0.0000000000
66526  -30.722  -14.182  60.889 0.0000000000
67745  -24.512  -13.776  65.575 0.0000000000
67749  -28.213  -13.526  66.158 0.0000000000
67758  -27.103  -14.028  65.277 0.0000000000
67790  -30.642  -13.318  62.215 0.0000000000
69019  -31.568  -12.361  63.659 0.0000000000
69042  -29.695  -12.891  60.333 0.0000000000
69076  -34.901  -12.206  57.817 0.0000000000
69088  -33.750  -12.046  56.751 0.0000000000
70221  -29.432  -11.452  61.125 0.0000000000
70299  -34.140  -11.955  57.831 0.0000000000
70349  -31.831  -11.110  54.861 0.0000000000
71396  -29.397  -10.177  57.588 0.0000000000
71397  -29.952  -10.681  57.218 0.0000000000
71488  -39.660  -9.729  52.601 0.0000000000
72577  -30.493  -9.455  55.415 0.0000000000
73689  -29.562  -8.808  56.846 0.0000000000
73690  -29.882  -8.782  56.311 0.0000000000
73707  -30.333  -8.643  55.750 0.0000000000
74898  -29.778  -8.401  56.593 0.0000000000
77173  -37.667  -4.735  49.596 0.0000000000
78212  -37.148  -3.906  49.692 0.0000000000
79311  -36.926  -3.288  52.246 0.0000000000
79322  -36.430  -3.596  50.991 0.0000000000
79363  -38.997  -3.373  48.002 0.0000000000
80538  -39.671  -1.736  51.361 0.0000000000
80546  -37.795  -3.008  49.279 0.0000000000
84182  -46.828  0.857  42.010 0.0000000000
