#!ascii label  , from subject 3454 vox2ras=TkReg
760
54666  17.662  -20.861  4.534 0.1428571492
54668  16.177  -21.385  4.531 0.1428571492
56892  17.183  -19.736  2.791 0.1428571492
55755  18.618  -20.836  5.052 0.1428571492
55783  17.739  -20.058  3.538 0.2857142985
55773  17.351  -20.644  4.044 0.1428571492
55782  18.726  -19.794  3.610 0.1428571492
56905  18.532  -18.963  2.074 0.5714285970
55781  19.393  -19.529  3.557 0.1428571492
58004  20.992  -18.568  2.932 0.2857142985
56888  21.238  -19.068  3.552 0.2857142985
58016  22.382  -18.004  2.804 0.1428571492
58003  21.887  -18.492  3.165 0.2857142985
61740  22.751  -15.928  0.730 0.2857142985
60434  22.111  -16.584  1.016 0.1428571492
64173  23.686  -13.995  -0.444 0.2857142985
61753  23.599  -15.012  0.537 0.2857142985
64193  23.626  -14.053  -2.463 0.2857142985
64183  23.612  -13.915  -1.433 0.2857142985
65323  24.556  -13.212  -3.373 0.2857142985
65371  26.053  -12.357  -5.941 0.8571428657
64224  25.107  -13.275  -4.998 0.4285714328
65311  24.546  -12.892  -2.539 0.2857142985
66568  26.860  -11.015  -7.799 0.7142857313
66543  27.023  -11.529  -6.686 0.7142857313
66544  26.438  -12.024  -6.693 0.7142857313
65354  25.511  -12.741  -5.516 0.7142857313
67760  28.023  -10.412  -8.237 0.8571428657
67761  27.343  -10.804  -7.744 0.5714285970
66569  26.480  -10.882  -8.046 0.8571428657
66557  26.349  -11.510  -7.517 0.7142857313
66545  25.607  -11.971  -7.108 0.7142857313
67785  29.256  -10.231  -10.737 0.4285714328
67780  27.760  -10.237  -9.653 0.7142857313
67771  27.316  -10.522  -8.544 0.8571428657
71201  29.916  -7.925  -12.100 0.2857142985
71202  29.181  -7.829  -11.536 0.5714285970
68918  28.095  -9.649  -10.450 0.8571428657
68917  29.055  -9.705  -10.980 0.7142857313
68909  27.471  -9.710  -9.988 0.8571428657
72336  29.519  -6.842  -12.274 0.1428571492
71206  30.239  -7.294  -12.183 0.1428571492
72328  29.590  -7.233  -12.155 0.4285714328
70033  28.588  -8.737  -10.950 0.5714285970
71194  27.951  -8.373  -10.384 0.8571428657
74686  29.295  -4.889  -12.611 0.1428571492
72334  30.114  -6.618  -12.513 0.1428571492
73433  29.220  -6.237  -11.986 0.1428571492
71186  27.658  -7.609  -9.655 0.8571428657
75839  28.786  -3.545  -12.366 0.1428571492
74687  29.066  -4.099  -12.971 0.1428571492
74676  29.033  -4.342  -12.114 0.1428571492
74662  29.157  -5.310  -11.584 0.1428571492
74663  29.094  -4.731  -11.240 0.4285714328
73410  28.588  -5.842  -10.256 0.5714285970
72314  28.357  -6.698  -10.243 0.7142857313
72304  27.305  -6.745  -8.900 0.8571428657
76975  28.663  -2.916  -11.647 0.1428571492
76965  28.819  -3.160  -10.852 0.1428571492
75825  28.789  -3.926  -10.313 0.5714285970
73411  28.013  -5.730  -9.491 0.8571428657
72315  27.864  -6.707  -9.543 0.8571428657
78120  28.534  -1.919  -11.785 0.1428571492
78121  28.429  -1.450  -11.422 0.2857142985
78107  28.609  -2.377  -10.748 0.1428571492
78092  28.329  -1.859  -9.819 0.8571428657
75826  28.504  -3.895  -9.620 0.8571428657
74649  28.764  -5.102  -10.272 0.7142857313
75812  28.254  -3.783  -9.054 0.8571428657
80699  28.002  0.020  -11.445 0.1428571492
80706  27.601  0.267  -12.392 0.1428571492
79367  28.119  -0.943  -10.298 0.4285714328
79331  27.594  -0.843  -8.589 0.8571428657
78080  27.816  -1.645  -8.598 0.8571428657
76930  27.718  -2.332  -8.132 0.8571428657
76931  27.047  -2.609  -7.545 0.8571428657
80693  28.077  -0.245  -10.627 0.4285714328
79320  26.894  -0.969  -7.664 0.8571428657
78071  27.355  -1.725  -7.849 0.8571428657
79321  26.059  -0.896  -7.184 0.8571428657
81793  27.688  0.846  -11.422 0.1428571492
81785  27.612  1.402  -10.726 0.2857142985
81784  27.797  0.669  -10.301 0.5714285970
82795  27.560  1.252  -9.260 0.8571428657
81773  27.661  0.518  -9.203 0.8571428657
80659  27.276  0.134  -8.172 0.8571428657
80637  26.650  0.001  -7.632 0.8571428657
81750  26.667  0.680  -7.621 0.8571428657
82807  27.322  2.221  -10.412 0.2857142985
82806  27.573  1.552  -9.984 0.5714285970
82796  27.321  2.077  -9.236 0.8571428657
82771  26.663  1.195  -7.623 0.8571428657
82773  25.020  1.626  -7.102 0.8571428657
80638  25.604  -0.078  -7.264 0.8571428657
83805  25.888  3.170  -7.758 0.8571428657
83793  25.903  2.265  -7.420 0.8571428657
83795  23.998  2.740  -7.469 0.7142857313
83794  24.967  2.585  -7.265 0.7142857313
83817  26.963  2.993  -9.371 0.8571428657
84812  26.538  3.484  -8.512 0.8571428657
84813  25.988  4.301  -8.110 0.8571428657
83806  24.929  3.568  -7.483 0.7142857313
84840  26.787  4.457  -10.796 0.7142857313
84827  26.722  4.189  -9.389 0.8571428657
85753  26.712  5.533  -9.871 0.8571428657
85754  26.327  5.880  -9.009 0.8571428657
86684  26.520  6.644  -9.489 0.7142857313
84828  26.401  5.111  -8.853 0.8571428657
86720  25.641  6.297  -13.913 0.1428571492
86696  26.961  6.680  -10.428 0.7142857313
86695  27.109  6.861  -11.307 0.7142857313
88709  25.424  8.378  -14.121 0.1428571492
86702  27.020  6.924  -12.004 0.5714285970
87705  26.958  7.731  -12.381 0.5714285970
89776  26.859  9.532  -12.382 0.5714285970
88708  26.070  8.476  -13.447 0.1428571492
89796  24.479  9.198  -15.406 0.1428571492
90888  26.352  10.390  -13.151 0.5714285970
90909  24.558  10.597  -15.425 0.1428571492
92011  23.287  11.495  -16.460 0.1428571492
90889  25.880  10.291  -13.906 0.1428571492
92997  23.699  12.289  -16.595 0.1428571492
89785  26.273  9.439  -13.276 0.5714285970
92007  23.959  11.306  -15.880 0.1428571492
92994  24.505  12.208  -15.821 0.1428571492
93973  24.066  13.223  -17.386 0.1428571492
93970  24.546  13.207  -16.419 0.1428571492
54648  17.896  -21.235  5.100 0.1428571492
54649  16.789  -21.623  5.114 0.1428571492
55771  19.718  -19.900  4.239 0.1428571492
56878  20.696  -19.527  3.999 0.2857142985
56889  20.097  -19.128  3.337 0.2857142985
60433  23.069  -16.330  1.307 0.2857142985
60420  22.625  -16.905  1.560 0.2857142985
59175  22.029  -17.188  1.575 0.1428571492
64192  24.132  -13.615  -2.924 0.2857142985
64207  23.712  -14.167  -3.289 0.2857142985
65353  25.959  -12.264  -5.285 0.4285714328
64205  24.862  -13.209  -4.151 0.5714285970
67770  28.345  -10.387  -9.119 0.2857142985
65372  25.569  -12.373  -6.285 0.7142857313
68916  29.868  -10.267  -10.950 0.1428571492
70028  26.867  -9.042  -9.486 0.8571428657
71185  28.157  -7.327  -10.151 0.7142857313
76987  28.519  -2.701  -12.660 0.1428571492
76955  28.708  -2.927  -10.117 0.8571428657
75811  28.545  -3.350  -9.601 0.8571428657
75796  27.660  -3.514  -8.116 0.8571428657
78072  26.507  -1.766  -7.329 0.8571428657
85768  26.965  6.458  -11.630 0.7142857313
87706  26.492  7.644  -12.991 0.2857142985
89786  25.636  9.360  -14.004 0.1428571492
90902  24.673  9.907  -15.233 0.1428571492
93002  23.552  12.211  -17.712 0.1428571492
54650  15.867  -21.797  5.163 0.1428571492
56890  19.051  -19.273  3.011 0.4285714328
58018  20.860  -18.255  2.151 0.2857142985
56904  19.545  -18.849  2.485 0.4285714328
58020  19.326  -18.641  1.816 0.2857142985
59162  21.562  -17.699  1.873 0.1428571492
61739  23.857  -15.517  1.090 0.2857142985
64163  23.815  -14.213  0.137 0.2857142985
62970  22.756  -15.177  -0.058 0.2857142985
61755  22.229  -15.809  -0.109 0.2857142985
62969  23.270  -14.650  0.005 0.2857142985
64238  25.024  -13.130  -5.491 0.7142857313
73461  29.956  -5.110  -13.424 0.1428571492
75847  28.819  -3.332  -13.261 0.1428571492
79383  28.359  -1.321  -12.087 0.1428571492
79377  28.278  -0.933  -11.367 0.2857142985
79384  28.049  -0.698  -12.486 0.1428571492
79350  27.882  -0.922  -9.307 0.8571428657
74632  27.743  -4.642  -8.744 0.8571428657
73384  27.018  -5.336  -7.934 1.0000000000
81802  27.404  0.989  -12.119 0.1428571492
81794  27.378  1.579  -11.474 0.1428571492
82814  27.000  2.411  -11.557 0.2857142985
82774  24.088  1.817  -7.368 0.8571428657
83826  26.955  3.295  -10.531 0.5714285970
84846  26.672  4.540  -12.042 0.5714285970
85769  26.917  5.790  -11.308 0.7142857313
86709  26.743  7.070  -12.571 0.4285714328
85777  26.621  5.654  -12.482 0.2857142985
86710  26.340  6.580  -13.056 0.2857142985
87714  25.830  7.460  -13.587 0.1428571492
91989  26.137  10.994  -13.807 0.2857142985
89795  25.042  9.247  -14.710 0.1428571492
92006  24.923  11.289  -15.351 0.1428571492
92993  25.399  12.179  -15.315 0.1428571492
93967  24.955  12.734  -15.792 0.1428571492
90910  23.974  10.184  -15.786 0.1428571492
94974  24.364  13.768  -17.118 0.1428571492
94973  24.777  14.195  -16.855 0.1428571492
93977  24.025  13.578  -18.516 0.1428571492
83832  26.706  3.428  -11.725 0.4285714328
85776  26.860  6.259  -11.956 0.5714285970
55772  18.373  -20.480  4.409 0.1428571492
54667  17.070  -21.160  4.506 0.1428571492
56891  18.102  -19.472  2.892 0.4285714328
55784  16.803  -20.296  3.413 0.2857142985
58005  20.300  -18.662  2.591 0.1428571492
58017  21.689  -18.059  2.544 0.1428571492
61754  23.057  -15.312  0.407 0.2857142985
66558  25.702  -11.165  -7.677 0.7142857313
67779  28.643  -10.431  -9.897 0.8571428657
68910  26.930  -9.715  -9.429 0.8571428657
70041  29.137  -8.606  -11.424 0.5714285970
72321  28.861  -6.851  -11.290 0.5714285970
73447  29.706  -5.777  -12.811 0.1428571492
73418  28.961  -5.769  -11.162 0.1428571492
78108  28.397  -1.570  -10.903 0.5714285970
74650  28.358  -4.517  -9.565 0.8571428657
76944  28.277  -2.717  -9.015 0.8571428657
80658  27.585  -0.167  -8.804 0.8571428657
82785  27.178  1.573  -8.308 0.8571428657
82784  27.473  0.940  -8.624 0.8571428657
81752  25.223  0.724  -7.165 0.8571428657
83804  26.743  2.562  -8.236 0.8571428657
87715  25.212  7.371  -14.333 0.1428571492
88698  26.684  8.559  -12.781 0.5714285970
88697  27.110  8.521  -12.097 0.5714285970
90911  23.304  10.131  -16.475 0.1428571492
90901  25.212  10.279  -14.745 0.1428571492
92998  23.107  11.791  -16.950 0.1428571492
92012  22.834  11.063  -16.822 0.1428571492
92001  25.707  11.228  -14.577 0.1428571492
60418  24.099  -16.473  2.096 0.1428571492
62997  22.497  -15.097  -1.656 0.5714285970
92986  25.979  11.996  -14.658 0.1428571492
61768  21.992  -15.691  -1.238 0.5714285970
60485  20.540  -16.261  -2.256 0.5714285970
60501  19.442  -15.901  -2.126 0.2857142985
61802  21.804  -15.426  -3.151 0.5714285970
61803  21.000  -15.790  -2.831 0.5714285970
60468  19.773  -17.013  -0.982 0.4285714328
61784  21.894  -15.649  -2.270 0.5714285970
61786  19.084  -15.458  -1.947 0.2857142985
61804  20.157  -15.314  -2.793 0.4285714328
63026  23.352  -14.420  -4.026 0.4285714328
63027  22.327  -14.869  -3.706 0.5714285970
63028  21.394  -14.442  -3.720 0.5714285970
64209  20.725  -13.470  -3.808 0.4285714328
63045  23.313  -14.088  -4.899 0.5714285970
63046  22.550  -14.162  -4.404 0.5714285970
63047  21.877  -14.233  -4.123 0.4285714328
64226  23.220  -13.651  -5.236 0.7142857313
65340  22.470  -12.924  -5.032 0.4285714328
64240  23.566  -13.335  -5.449 0.4285714328
63011  20.206  -14.644  -2.974 0.4285714328
63013  19.236  -14.370  -2.211 0.2857142985
63044  23.986  -14.016  -5.175 0.7142857313
65356  24.045  -12.542  -5.797 0.7142857313
66530  22.405  -11.315  -5.165 0.4285714328
67729  23.537  -10.425  -5.895 0.7142857313
68862  23.072  -9.882  -5.734 0.5714285970
68882  23.794  -9.681  -6.081 0.7142857313
68883  22.657  -9.128  -5.973 0.2857142985
65355  24.917  -12.796  -5.869 0.5714285970
65374  24.255  -11.777  -6.309 0.5714285970
67763  25.107  -10.362  -7.375 0.7142857313
69997  24.519  -8.786  -6.448 0.7142857313
71151  23.604  -7.611  -6.322 0.7142857313
71152  22.532  -7.517  -6.681 0.4285714328
72277  22.831  -6.664  -6.893 0.4285714328
66559  25.128  -10.805  -7.440 0.5714285970
66570  26.087  -10.630  -8.102 0.5714285970
70011  25.209  -8.997  -7.035 0.5714285970
69996  25.253  -8.336  -6.965 0.7142857313
71149  25.269  -7.676  -6.867 0.7142857313
73369  24.909  -6.127  -6.548 0.7142857313
72276  23.943  -6.842  -6.458 0.7142857313
74599  23.095  -5.655  -7.051 0.5714285970
74616  23.861  -4.693  -6.928 0.5714285970
70027  27.380  -8.944  -10.020 0.7142857313
71179  26.129  -8.503  -8.227 0.5714285970
70010  25.620  -8.985  -7.725 0.5714285970
71164  26.342  -7.422  -7.933 0.7142857313
71165  25.861  -7.706  -7.535 0.7142857313
73386  25.652  -5.921  -6.908 0.8571428657
72291  22.446  -6.164  -7.358 0.4285714328
74615  25.043  -4.678  -6.749 0.7142857313
75799  24.390  -3.749  -7.143 0.7142857313
75800  23.206  -3.910  -7.705 0.5714285970
71187  26.996  -8.465  -9.338 0.5714285970
72290  25.790  -6.861  -7.171 0.7142857313
73385  26.686  -5.658  -7.664 0.8571428657
74614  26.166  -4.727  -7.134 0.8571428657
76934  23.946  -2.858  -7.549 0.7142857313
76945  23.150  -2.876  -8.030 0.5714285970
79334  22.661  -1.188  -8.447 0.2857142985
73398  27.230  -5.596  -8.397 0.7142857313
75798  25.539  -3.702  -7.050 0.7142857313
80660  23.090  -0.501  -8.143 0.7142857313
74613  27.075  -4.741  -7.835 0.7142857313
76933  24.952  -2.771  -7.161 0.8571428657
80639  24.592  -0.137  -7.330 0.8571428657
78074  24.487  -1.894  -7.383 0.8571428657
79333  23.297  -1.170  -7.968 0.5714285970
80640  23.724  -0.285  -7.743 0.8571428657
81764  23.288  0.323  -8.028 0.8571428657
80662  21.885  0.069  -8.823 0.7142857313
76932  26.035  -2.709  -7.179 0.8571428657
79322  25.019  -0.961  -7.233 0.8571428657
81765  22.702  0.946  -8.343 0.8571428657
81753  24.139  0.756  -7.405 0.8571428657
81754  23.476  1.166  -7.792 0.8571428657
84814  24.770  4.581  -7.769 0.7142857313
84815  23.594  4.526  -8.045 0.7142857313
84816  22.485  4.489  -8.368 0.7142857313
85738  25.649  5.519  -8.341 0.7142857313
86675  25.213  6.475  -8.410 0.7142857313
85740  23.352  5.555  -8.177 0.7142857313
87673  25.155  7.598  -8.505 0.7142857313
88658  25.405  8.473  -8.677 0.7142857313
87674  23.908  7.612  -8.491 0.5714285970
87683  25.633  7.050  -8.683 0.7142857313
87672  25.705  8.138  -8.780 0.7142857313
88659  24.646  8.806  -8.544 0.5714285970
88668  25.953  8.868  -9.087 0.4285714328
88669  25.379  8.949  -8.721 0.5714285970
87682  26.135  7.619  -9.028 0.5714285970
88660  23.448  8.560  -8.774 0.5714285970
89753  26.654  9.487  -9.887 0.5714285970
89738  25.321  9.616  -8.876 0.5714285970
89730  22.306  8.916  -9.354 0.5714285970
88662  21.829  8.422  -9.328 0.4285714328
90829  24.424  10.498  -9.065 0.5714285970
89728  23.825  9.512  -8.829 0.5714285970
90853  26.922  10.315  -10.930 0.5714285970
89740  21.825  9.448  -9.364 0.4285714328
88672  19.340  8.339  -9.265 0.4285714328
90830  23.928  10.262  -9.008 0.5714285970
90831  23.475  9.949  -9.112 0.5714285970
91944  23.491  11.778  -9.301 0.4285714328
66528  26.513  -11.858  -5.764 0.2857142985
68902  26.464  -9.710  -8.860 0.5714285970
91943  24.409  11.845  -9.529 0.2857142985
90841  23.143  10.587  -9.314 0.4285714328
90842  22.092  10.598  -9.182 0.2857142985
60467  20.672  -16.625  -1.398 0.5714285970
62996  23.118  -14.613  -2.056 0.2857142985
60486  19.877  -16.457  -1.899 0.5714285970
63009  23.185  -14.676  -3.065 0.5714285970
60487  19.091  -16.153  -1.559 0.2857142985
63030  20.011  -14.089  -2.984 0.4285714328
64229  21.197  -13.373  -4.121 0.4285714328
64228  21.794  -13.501  -4.385 0.5714285970
64195  19.111  -13.491  -2.456 0.2857142985
64210  19.880  -13.437  -3.261 0.2857142985
67727  27.178  -11.042  -5.968 0.2857142985
68864  21.178  -9.639  -5.813 0.2857142985
69998  23.200  -8.449  -6.132 0.7142857313
75797  26.617  -3.664  -7.405 0.8571428657
78082  23.605  -1.979  -7.780 0.7142857313
83796  23.174  2.757  -7.778 0.7142857313
83807  23.838  3.602  -7.766 0.7142857313
83808  22.639  3.334  -8.152 0.7142857313
86677  23.097  6.581  -8.338 0.7142857313
87676  21.844  7.484  -9.050 0.5714285970
87692  26.881  7.638  -9.913 0.5714285970
88678  26.623  8.479  -9.625 0.5714285970
87691  27.235  7.686  -10.835 0.5714285970
88677  27.137  8.762  -10.473 0.5714285970
89727  24.554  9.947  -8.821 0.5714285970
90838  25.799  11.211  -9.912 0.2857142985
65342  20.883  -12.631  -4.207 0.4285714328
62982  23.057  -14.485  -1.021 0.2857142985
67772  26.553  -10.271  -8.626 0.7142857313
66546  24.823  -11.433  -7.027 0.5714285970
71177  27.240  -7.352  -9.024 0.7142857313
73399  26.898  -6.353  -8.197 0.7142857313
72305  26.845  -6.913  -8.338 0.7142857313
78073  25.492  -1.815  -7.138 0.7142857313
86685  25.935  6.528  -8.816 0.8571428657
64239  24.402  -13.404  -5.426 0.5714285970
82786  22.506  2.082  -8.251 0.7142857313
61785  21.320  -16.182  -1.862 0.4285714328
60500  19.916  -15.961  -2.501 0.5714285970
60499  20.396  -15.910  -2.673 0.4285714328
61805  19.491  -15.183  -2.347 0.4285714328
63010  22.541  -15.191  -2.687 0.5714285970
61822  21.165  -15.088  -3.352 0.5714285970
61821  21.678  -15.028  -3.536 0.5714285970
63029  20.569  -14.332  -3.319 0.4285714328
59214  19.678  -17.456  -0.309 0.5714285970
64194  19.627  -13.716  -2.838 0.4285714328
65325  20.043  -12.647  -3.725 0.4285714328
65357  22.826  -12.571  -5.271 0.5714285970
65358  21.993  -11.901  -4.951 0.4285714328
66529  23.454  -11.458  -5.691 0.7142857313
67730  22.758  -10.503  -5.445 0.5714285970
68863  22.157  -9.735  -5.715 0.4285714328
67731  21.772  -10.414  -5.340 0.4285714328
66547  24.121  -11.018  -6.357 0.7142857313
67749  24.619  -10.422  -6.802 0.7142857313
68884  21.680  -8.964  -6.237 0.2857142985
68881  24.563  -9.679  -6.600 0.7142857313
68896  25.124  -9.700  -7.215 0.7142857313
71150  24.649  -7.700  -6.540 0.7142857313
68903  26.031  -9.707  -8.325 0.5714285970
73370  24.212  -6.165  -6.475 0.7142857313
74598  23.586  -5.518  -6.790 0.7142857313
72289  26.404  -6.836  -7.733 0.5714285970
74597  24.539  -5.492  -6.569 0.7142857313
75801  22.650  -4.520  -7.947 0.2857142985
78083  22.885  -2.057  -8.266 0.5714285970
78093  21.442  -1.842  -9.190 0.2857142985
79323  24.087  -1.058  -7.560 0.8571428657
85739  24.486  5.563  -8.079 0.7142857313
89737  26.000  10.160  -9.458 0.7142857313
90839  25.029  10.794  -9.293 0.5714285970
65343  20.080  -11.842  -3.985 0.4285714328
64162  24.288  -13.836  0.156 0.1428571492
64172  24.367  -13.265  -0.717 0.1428571492
65339  25.611  -12.432  -4.564 0.1428571492
65301  24.617  -12.710  -1.544 0.1428571492
66503  25.633  -11.598  -3.694 0.1428571492
65322  25.047  -12.392  -3.303 0.1428571492
66513  25.803  -11.813  -4.367 0.1428571492
67748  27.403  -10.954  -7.008 0.2857142985
95939  24.599  15.515  -18.612 0.1428571492
81774  21.154  1.417  -9.453 0.4285714328
96945  24.631  16.366  -18.170 0.1428571492
93969  25.081  13.721  -16.323 0.1428571492
83809  21.667  3.450  -8.768 0.4285714328
84817  21.564  4.517  -8.858 0.4285714328
95916  26.379  14.964  -14.136 0.2857142985
92972  26.564  12.652  -12.166 0.2857142985
90854  26.547  10.688  -10.477 0.2857142985
92978  26.589  12.485  -13.120 0.2857142985
84805  17.073  4.600  -8.038 0.1428571492
85741  22.306  5.538  -8.497 0.5714285970
86676  24.218  6.570  -8.283 0.5714285970
92964  26.078  12.954  -11.293 0.2857142985
90864  27.039  10.085  -11.126 0.4285714328
85759  18.075  5.546  -9.028 0.4285714328
86679  21.291  6.447  -9.143 0.5714285970
85743  18.158  6.263  -9.035 0.4285714328
86689  18.425  6.762  -9.229 0.2857142985
92955  25.255  12.906  -10.322 0.1428571492
91941  25.662  11.657  -10.140 0.1428571492
92954  25.645  12.646  -10.699 0.1428571492
87678  17.817  7.545  -8.647 0.1428571492
87686  19.619  7.511  -9.576 0.4285714328
92944  24.666  12.812  -9.787 0.1428571492
93937  25.774  13.899  -11.072 0.1428571492
87688  18.266  7.530  -9.057 0.2857142985
92945  23.836  12.802  -9.433 0.2857142985
92946  22.937  12.747  -9.131 0.1428571492
93919  24.811  13.524  -10.069 0.1428571492
93928  25.212  13.900  -10.518 0.1428571492
93920  24.152  13.814  -9.715 0.1428571492
93929  24.662  14.183  -10.105 0.1428571492
94917  24.202  14.827  -9.959 0.1428571492
56923  17.719  -18.829  1.613 0.4285714328
59179  17.366  -17.821  1.049 0.2857142985
65310  24.949  -12.130  -2.105 0.1428571492
67728  26.629  -11.288  -5.208 0.1428571492
82797  21.019  2.513  -9.393 0.2857142985
87698  27.211  7.703  -11.678 0.4285714328
91988  26.417  11.442  -13.288 0.2857142985
93936  26.187  13.945  -11.537 0.2857142985
93951  26.641  13.484  -12.911 0.2857142985
95890  25.931  14.990  -11.874 0.2857142985
59180  16.867  -17.342  1.146 0.2857142985
59161  22.512  -17.466  2.172 0.1428571492
59146  22.977  -17.740  2.757 0.1428571492
62958  24.491  -14.971  1.034 0.1428571492
62968  24.173  -14.600  0.601 0.1428571492
68894  27.716  -10.406  -7.504 0.1428571492
66527  26.849  -11.703  -6.298 0.1428571492
86681  17.603  6.657  -8.406 0.1428571492
82787  21.802  2.333  -8.859 0.4285714328
85731  16.810  5.530  -7.522 0.2857142985
87677  21.110  7.138  -9.313 0.5714285970
89765  27.128  9.570  -11.418 0.4285714328
95909  26.354  15.113  -13.325 0.2857142985
94952  26.514  14.265  -13.570 0.2857142985
94958  26.406  14.193  -14.464 0.2857142985
95923  25.863  15.137  -15.818 0.1428571492
96936  25.506  16.115  -16.255 0.1428571492
94925  25.385  14.699  -10.974 0.2857142985
95901  26.060  15.313  -12.411 0.2857142985
94967  25.465  14.261  -16.197 0.1428571492
95931  25.229  15.134  -16.826 0.1428571492
92992  25.986  12.614  -14.988 0.1428571492
68901  28.917  -9.857  -8.722 0.2857142985
96919  26.154  15.664  -13.984 0.2857142985
92985  26.332  12.404  -14.133 0.2857142985
93965  26.258  13.328  -14.811 0.1428571492
56922  18.233  -18.716  1.436 0.4285714328
56906  17.564  -19.268  2.161 0.4285714328
90876  26.652  10.597  -12.416 0.2857142985
83818  20.861  3.560  -9.286 0.4285714328
85742  21.451  5.521  -8.997 0.5714285970
86678  22.101  6.534  -8.700 0.5714285970
90865  26.817  10.582  -11.499 0.2857142985
90840  24.090  10.977  -9.212 0.4285714328
91945  22.520  11.659  -9.079 0.2857142985
91942  25.302  11.929  -9.969 0.2857142985
91955  25.864  11.872  -10.546 0.2857142985
65291  24.852  -12.608  -0.814 0.1428571492
66502  25.936  -11.391  -4.256 0.1428571492
83819  20.063  3.680  -9.590 0.2857142985
94945  26.483  14.419  -12.700 0.2857142985
91965  26.422  11.717  -11.382 0.2857142985
91976  26.566  11.575  -12.312 0.2857142985
84832  18.565  4.920  -9.277 0.2857142985
85755  20.667  5.537  -9.354 0.4285714328
92965  25.606  13.257  -10.785 0.1428571492
85757  19.157  5.709  -9.452 0.4285714328
85744  17.833  5.720  -8.768 0.2857142985
86687  19.811  6.564  -9.576 0.5714285970
58039  16.966  -18.401  1.528 0.2857142985
67710  26.316  -11.015  -4.535 0.1428571492
93958  26.498  13.362  -13.844 0.2857142985
94966  26.065  14.192  -15.378 0.2857142985
74617  22.909  -5.102  -7.431 0.4285714328
76946  22.504  -2.961  -8.389 0.2857142985
97824  25.124  16.806  -12.752 0.1428571492
96912  26.013  15.869  -13.171 0.1428571492
97838  24.468  18.051  -13.781 0.1428571492
95884  24.213  15.853  -10.394 0.1428571492
97825  24.533  17.279  -12.465 0.1428571492
96913  25.525  16.442  -12.977 0.1428571492
96920  25.745  16.416  -13.809 0.1428571492
95892  24.825  15.994  -11.056 0.1428571492
96893  24.324  16.737  -11.090 0.1428571492
96903  25.265  16.418  -12.209 0.1428571492
97813  24.296  17.159  -11.667 0.1428571492
95891  25.469  15.523  -11.604 0.1428571492
96904  24.715  16.826  -11.764 0.1428571492
97815  22.931  18.193  -10.889 0.1428571492
97826  23.705  18.182  -12.803 0.1428571492
75813  22.763  -3.455  -8.161 0.2857142985
96894  23.731  17.044  -10.737 0.1428571492
98750  24.053  18.711  -14.828 0.1428571492
64225  24.468  -13.762  -4.732 0.2857142985
96902  25.741  15.996  -12.584 0.1428571492
97837  25.160  17.062  -13.359 0.1428571492
97847  25.373  17.208  -14.437 0.1428571492
97814  23.589  17.732  -11.386 0.1428571492
97805  23.422  17.345  -10.614 0.1428571492
64206  24.196  -13.883  -3.883 0.4285714328
59194  20.145  -17.517  0.213 0.4285714328
59193  20.805  -17.231  0.586 0.2857142985
59176  21.312  -17.297  1.200 0.1428571492
60450  20.866  -16.863  -0.239 0.2857142985
60435  21.351  -16.851  0.593 0.1428571492
61769  21.463  -16.282  -0.853 0.2857142985
59178  19.804  -18.030  0.645 0.2857142985
87684  21.292  7.803  -9.374 0.4285714328
61741  22.208  -16.171  0.495 0.1428571492
60449  21.727  -16.426  0.271 0.1428571492
59163  20.930  -17.863  1.568 0.1428571492
84830  19.982  4.653  -9.510 0.2857142985
59177  20.449  -17.784  1.021 0.2857142985
58056  18.652  -18.165  0.568 0.2857142985
58038  17.913  -18.281  0.972 0.2857142985
59195  19.315  -17.960  0.096 0.2857142985
59196  18.488  -17.696  0.083 0.2857142985
59215  19.029  -17.414  -0.475 0.2857142985
65341  22.000  -12.684  -4.747 0.2857142985
66531  21.494  -11.118  -5.001 0.2857142985
67732  20.777  -10.326  -5.236 0.2857142985
69999  22.185  -8.308  -6.509 0.1428571492
71153  21.890  -7.674  -6.971 0.1428571492
71166  22.001  -7.131  -7.068 0.2857142985
73400  22.034  -5.405  -8.226 0.1428571492
76958  20.896  -2.566  -9.298 0.1428571492
78094  20.714  -1.623  -9.512 0.1428571492
79352  20.570  -0.562  -9.615 0.1428571492
80680  21.204  0.308  -9.341 0.1428571492
80682  19.564  0.741  -9.659 0.1428571492
82801  17.990  3.264  -9.150 0.1428571492
83820  19.284  3.821  -9.638 0.1428571492
84796  16.447  4.280  -7.119 0.1428571492
83811  17.158  3.905  -8.277 0.1428571492
88670  21.064  8.488  -9.402 0.1428571492
89741  20.707  9.313  -9.211 0.1428571492
88663  17.763  8.438  -8.338 0.1428571492
90844  20.245  10.001  -8.794 0.1428571492
56924  17.213  -18.947  1.824 0.2857142985
58055  19.270  -18.270  0.736 0.1428571492
80684  18.295  1.606  -9.231 0.1428571492
83822  17.965  4.227  -9.134 0.1428571492
56907  16.702  -19.065  2.199 0.2857142985
66514  21.268  -11.777  -4.663 0.2857142985
67711  20.327  -10.627  -4.816 0.2857142985
71167  21.457  -7.192  -7.275 0.1428571492
74633  21.967  -4.913  -8.468 0.1428571492
74651  21.104  -3.953  -8.923 0.1428571492
75815  21.550  -3.662  -8.806 0.1428571492
76950  18.319  -1.824  -8.446 0.1428571492
78096  19.285  -1.221  -9.316 0.1428571492
79354  18.898  -0.168  -9.273 0.1428571492
81775  20.308  1.615  -9.729 0.1428571492
83797  16.758  3.499  -7.657 0.1428571492
89743  19.029  9.003  -8.809 0.1428571492
88671  20.171  8.409  -9.456 0.1428571492
66515  20.399  -11.332  -4.435 0.2857142985
58037  18.810  -18.554  1.233 0.2857142985
72292  22.038  -6.477  -7.448 0.1428571492
79335  22.004  -1.024  -8.875 0.1428571492
88674  18.132  8.160  -8.780 0.1428571492
82799  19.353  2.851  -9.811 0.1428571492
58057  18.177  -17.874  0.508 0.2857142985
67733  19.908  -10.023  -5.019 0.1428571492
79353  19.755  -0.359  -9.650 0.1428571492
78085  18.588  -1.192  -8.892 0.1428571492
58022  16.208  -18.338  2.083 0.1428571492
58021  16.605  -18.625  1.917 0.1428571492
59164  15.593  -17.629  2.263 0.1428571492
58040  16.515  -17.890  1.585 0.1428571492
59216  18.270  -17.060  -0.309 0.1428571492
67769  29.236  -10.312  -9.523 0.1428571492
68900  29.536  -9.883  -9.355 0.1428571492
83839  26.351  3.480  -12.824 0.1428571492
56893  16.250  -19.745  2.941 0.1428571492
59217  17.798  -16.773  -0.169 0.1428571492
60469  18.785  -16.662  -0.851 0.1428571492
59198  17.160  -16.920  0.720 0.1428571492
61787  18.585  -15.128  -1.461 0.1428571492
82823  26.533  2.433  -12.664 0.1428571492
62999  18.178  -14.284  -1.303 0.1428571492
81803  26.945  1.436  -12.506 0.1428571492
68908  30.141  -9.955  -9.955 0.1428571492
60488  18.543  -15.935  -1.069 0.1428571492
64211  19.380  -13.276  -2.924 0.1428571492
56908  15.891  -19.046  2.758 0.1428571492
60470  18.055  -16.238  -0.570 0.1428571492
58019  20.046  -18.539  1.974 0.1428571492
58036  19.750  -18.351  1.267 0.1428571492
59181  16.146  -17.415  1.698 0.1428571492
59197  17.655  -17.292  0.433 0.2857142985
60451  20.134  -17.260  -0.348 0.4285714328
61756  21.586  -16.353  -0.226 0.2857142985
61806  18.996  -14.834  -1.986 0.2857142985
61823  20.594  -15.079  -3.119 0.4285714328
62983  22.557  -15.077  -0.649 0.2857142985
62998  18.703  -14.054  -1.784 0.2857142985
63012  19.706  -14.389  -2.641 0.4285714328
63025  23.917  -14.191  -4.592 0.7142857313
63059  23.891  -13.697  -5.367 0.4285714328
63060  23.597  -13.817  -5.276 0.7142857313
64171  24.917  -12.808  -0.340 0.1428571492
64208  21.405  -13.821  -4.033 0.4285714328
64227  22.631  -13.415  -4.967 0.4285714328
64241  23.029  -13.295  -5.314 0.5714285970
65324  20.531  -12.934  -3.932 0.4285714328
65338  25.906  -12.201  -4.920 0.4285714328
65373  24.857  -12.229  -6.475 0.5714285970
66512  26.089  -11.803  -4.880 0.1428571492
66532  20.839  -11.027  -4.824 0.2857142985
66556  26.953  -11.434  -7.309 0.7142857313
67750  24.056  -10.405  -6.251 0.7142857313
67762  25.590  -10.344  -7.827 0.5714285970
67773  26.053  -10.286  -8.262 0.5714285970
67778  29.365  -10.356  -10.266 0.4285714328
67781  27.122  -10.294  -9.132 0.8571428657
67786  28.768  -10.201  -10.490 0.4285714328
67787  28.291  -10.234  -10.185 0.8571428657
68861  23.461  -9.997  -5.888 0.5714285970
68895  25.585  -9.719  -7.809 0.7142857313
68922  30.397  -9.668  -11.383 0.1428571492
68923  29.710  -9.515  -11.546 0.1428571492
68924  29.186  -9.091  -11.397 0.5714285970
70019  29.751  -9.211  -9.127 0.1428571492
70021  26.455  -8.996  -8.883 0.8571428657
70022  26.050  -9.070  -8.315 0.5714285970
70034  27.947  -8.938  -10.516 0.8571428657
70040  29.542  -8.698  -11.753 0.5714285970
71178  26.702  -7.661  -8.577 0.7142857313
71193  28.358  -7.631  -10.630 0.7142857313
71207  29.906  -7.184  -12.366 0.1428571492
72275  25.091  -6.896  -6.699 0.7142857313
72278  22.305  -6.913  -7.015 0.2857142985
72329  29.265  -6.926  -11.992 0.1428571492
72335  29.715  -6.707  -12.465 0.1428571492
73371  23.361  -6.118  -6.798 0.5714285970
73387  22.777  -5.894  -7.233 0.5714285970
73388  22.329  -5.709  -7.759 0.1428571492
73417  29.145  -5.559  -11.584 0.1428571492
73432  29.254  -5.513  -11.983 0.1428571492
73448  29.525  -6.503  -12.319 0.1428571492
74618  22.348  -4.966  -8.099 0.4285714328
74634  21.429  -4.586  -8.705 0.1428571492
74675  29.200  -4.958  -11.923 0.1428571492
75814  22.287  -4.039  -8.420 0.1428571492
75834  28.906  -3.761  -11.431 0.1428571492
76943  28.561  -2.870  -9.592 0.8571428657
76956  28.519  -2.536  -9.716 0.8571428657
76957  21.493  -2.795  -8.959 0.2857142985
76959  20.013  -2.451  -9.271 0.1428571492
76960  19.572  -1.854  -9.308 0.1428571492
78070  27.660  -1.875  -8.154 0.8571428657
78081  27.410  -1.106  -8.137 0.8571428657
78084  22.136  -2.155  -8.733 0.2857142985
78086  17.887  -1.101  -8.356 0.1428571492
78091  28.562  -2.408  -10.098 0.8571428657
78095  19.959  -1.377  -9.599 0.1428571492
79324  17.385  -0.591  -7.901 0.1428571492
79332  27.293  -0.465  -8.113 0.8571428657
79351  21.315  -0.784  -9.298 0.1428571492
79376  28.426  -1.398  -11.666 0.2857142985
80661  22.594  -0.224  -8.475 0.7142857313
80679  27.873  -0.165  -9.751 0.4285714328
80681  20.433  0.521  -9.680 0.1428571492
80683  18.684  1.058  -9.372 0.1428571492
81751  26.141  0.678  -7.365 0.8571428657
81762  27.452  0.455  -8.541 0.8571428657
81763  27.151  0.743  -7.984 0.8571428657
81766  21.878  1.196  -8.898 0.2857142985
81776  19.444  1.828  -9.731 0.1428571492
82772  25.940  1.422  -7.295 0.8571428657
82775  23.252  1.921  -7.750 0.8571428657
82798  20.181  2.674  -9.686 0.1428571492
82800  18.592  3.030  -9.592 0.1428571492
83792  26.546  1.852  -7.694 0.8571428657
83810  17.500  3.576  -8.685 0.1428571492
83821  18.572  3.994  -9.456 0.1428571492
84797  15.959  4.485  -6.521 0.1428571492
84804  17.420  5.131  -8.426 0.2857142985
84818  17.501  4.559  -8.626 0.1428571492
84819  17.234  4.332  -8.336 0.1428571492
84829  20.759  4.571  -9.294 0.4285714328
84831  19.243  4.766  -9.457 0.2857142985
84833  18.030  5.119  -9.051 0.2857142985
85730  17.331  5.700  -8.166 0.2857142985
85756  19.908  5.605  -9.520 0.5714285970
85758  18.411  5.825  -9.172 0.4285714328
86670  17.168  6.601  -7.797 0.1428571492
86680  17.975  6.758  -8.911 0.2857142985
86686  20.569  6.459  -9.451 0.5714285970
86688  19.030  6.646  -9.494 0.2857142985
86703  26.721  6.495  -12.401 0.4285714328
87675  22.805  7.555  -8.645 0.5714285970
87685  20.533  7.485  -9.520 0.4285714328
87687  18.862  7.529  -9.356 0.2857142985
88661  22.535  8.401  -9.070 0.4285714328
88664  17.381  8.277  -7.815 0.1428571492
88673  18.642  8.263  -9.018 0.4285714328
88688  27.265  8.549  -11.389 0.5714285970
89729  22.931  9.412  -9.280 0.5714285970
89739  22.504  10.020  -9.339 0.4285714328
89744  18.346  8.837  -8.631 0.1428571492
89752  27.005  9.834  -10.682 0.4285714328
89766  26.967  10.086  -11.945 0.2857142985
89775  27.154  9.047  -11.832 0.5714285970
91956  25.508  12.322  -10.400 0.1428571492
92000  26.186  11.605  -14.116 0.2857142985
92008  23.384  10.855  -16.256 0.1428571492
93003  22.995  11.577  -17.293 0.1428571492
93944  26.531  13.681  -12.050 0.2857142985
93966  25.484  13.277  -15.675 0.1428571492
94934  26.267  14.520  -11.979 0.2857142985
94935  25.876  14.605  -11.489 0.2857142985
95902  25.658  15.825  -12.196 0.1428571492
96892  24.968  16.336  -11.511 0.1428571492
96927  26.213  15.435  -14.503 0.2857142985
