#!ascii label  , from subject 3215 vox2ras=TkReg
2105
9287  -30.874  -61.496  -27.577 0.1000000015
8531  -30.485  -62.164  -28.113 0.1000000015
8540  -28.648  -62.490  -28.813 0.1000000015
8555  -29.772  -62.511  -29.164 0.1000000015
7826  -28.637  -63.491  -29.660 0.1000000015
7828  -30.376  -62.354  -29.374 0.1000000015
7096  -28.567  -63.908  -30.741 0.1000000015
7856  -29.804  -62.359  -30.748 0.1000000015
7120  -28.919  -62.895  -31.719 0.1000000015
7866  -29.488  -62.395  -31.720 0.1000000015
7867  -30.352  -61.807  -31.460 0.1000000015
7876  -29.830  -61.913  -32.035 0.1000000015
7874  -28.717  -62.793  -32.989 0.1000000015
8600  -29.678  -61.741  -32.997 0.1000000015
10106  -30.695  -60.112  -33.507 0.1000000015
7881  -28.825  -62.309  -33.306 0.1000000015
9381  -29.793  -61.042  -34.123 0.1000000015
8606  -29.215  -61.746  -33.768 0.1000000015
144623  -33.507  -61.222  -27.401 0.1000000015
8532  -31.232  -62.143  -28.005 0.1000000015
8533  -32.066  -61.994  -27.825 0.1000000015
8543  -30.834  -62.261  -28.661 0.1000000015
8545  -32.620  -62.183  -28.429 0.1000000015
7817  -31.354  -62.198  -28.972 0.1000000015
7819  -33.035  -62.111  -29.031 0.1000000015
7844  -30.556  -62.170  -29.914 0.1000000015
7845  -31.643  -61.816  -29.664 0.1000000015
7857  -30.865  -61.872  -30.547 0.1000000015
8602  -31.007  -61.523  -32.182 0.1000000015
12793  -32.664  -57.117  -27.874 0.1000000015
11717  -31.983  -57.666  -29.861 0.1000000015
11732  -32.073  -57.805  -30.502 0.1000000015
11749  -32.409  -58.224  -31.305 0.1000000015
11791  -31.883  -58.873  -33.226 0.1000000015
10882  -31.494  -59.723  -33.176 0.1000000015
10108  -32.006  -60.375  -32.517 0.1000000015
9383  -30.771  -61.022  -33.039 0.1000000015
10116  -30.579  -60.810  -33.332 0.1000000015
9382  -30.180  -61.184  -33.297 0.1000000015
144645  -33.128  -59.323  -26.192 0.1000000015
144616  -36.327  -60.314  -25.857 0.2000000030
144605  -34.635  -60.197  -26.802 0.2000000030
9304  -32.229  -60.958  -27.231 0.1000000015
144617  -36.186  -60.670  -26.286 0.1000000015
144615  -34.800  -61.499  -27.757 0.1000000015
144613  -35.318  -61.147  -27.582 0.1000000015
8535  -34.020  -61.670  -27.715 0.1000000015
144704  -37.615  -53.572  -32.443 0.1000000015
16152  -36.178  -54.522  -33.323 0.1000000015
8548  -35.211  -61.529  -28.368 0.1000000015
7821  -33.941  -62.266  -28.984 0.1000000015
7831  -33.358  -62.440  -29.471 0.1000000015
16151  -35.417  -54.385  -33.645 0.1000000015
15054  -34.630  -54.983  -33.925 0.1000000015
14022  -35.192  -56.261  -33.222 0.1000000015
13997  -34.547  -56.861  -32.487 0.1000000015
144683  -35.036  -57.357  -32.177 0.1000000015
13944  -34.610  -56.990  -29.349 0.1000000015
8558  -33.966  -61.957  -29.096 0.1000000015
8571  -33.409  -61.534  -29.556 0.1000000015
8581  -31.337  -61.702  -30.820 0.1000000015
13996  -34.277  -56.015  -32.802 0.1000000015
13975  -34.109  -56.342  -31.527 0.1000000015
13961  -34.149  -56.305  -30.043 0.1000000015
12805  -34.856  -58.158  -29.224 0.1000000015
11709  -34.455  -59.043  -29.376 0.1000000015
8583  -32.910  -61.389  -30.520 0.1000000015
8593  -32.328  -61.406  -31.299 0.1000000015
13924  -34.090  -57.183  -28.704 0.1000000015
12804  -33.521  -57.625  -28.384 0.1000000015
11719  -33.574  -58.694  -29.772 0.1000000015
144680  -33.890  -59.536  -31.261 0.1000000015
10109  -32.867  -60.232  -32.175 0.1000000015
11707  -33.146  -58.244  -28.953 0.1000000015
11733  -32.808  -58.543  -30.537 0.1000000015
10874  -33.247  -59.317  -32.200 0.1000000015
10099  -32.567  -60.648  -32.143 0.1000000015
9373  -31.313  -61.194  -32.457 0.1000000015
10785  -36.639  -60.065  -25.419 0.1000000015
144618  -36.247  -59.331  -25.675 0.2000000030
144633  -34.417  -58.825  -25.805 0.1000000015
144634  -34.669  -58.332  -25.526 0.2000000030
12766  -33.983  -58.094  -25.334 0.2000000030
10023  -37.031  -60.736  -25.880 0.1000000015
9288  -36.676  -60.885  -26.458 0.1000000015
18177  -37.718  -53.291  -30.464 0.1000000015
18192  -38.404  -53.041  -31.557 0.1000000015
144614  -35.671  -60.564  -27.288 0.1000000015
9317  -35.560  -60.889  -28.023 0.1000000015
9329  -35.692  -60.408  -28.264 0.1000000015
15056  -36.784  -55.316  -33.292 0.1000000015
14050  -35.671  -56.702  -33.290 0.1000000015
11840  -35.829  -57.296  -33.470 0.1000000015
8559  -34.885  -61.653  -29.171 0.1000000015
11793  -36.196  -57.014  -32.668 0.1000000015
13962  -35.301  -57.259  -30.657 0.1000000015
144675  -35.345  -57.631  -29.651 0.1000000015
144671  -35.320  -58.881  -28.977 0.1000000015
144667  -34.833  -59.846  -29.805 0.1000000015
9354  -34.478  -60.467  -30.740 0.1000000015
9341  -33.888  -60.915  -29.927 0.1000000015
9363  -34.038  -60.064  -31.910 0.1000000015
9361  -32.704  -61.208  -31.977 0.1000000015
12772  -38.865  -57.736  -25.211 0.1000000015
12771  -37.809  -57.653  -25.378 0.1000000015
10802  -38.282  -59.149  -25.887 0.1000000015
11678  -38.143  -58.428  -25.530 0.1000000015
11677  -37.128  -58.418  -25.415 0.1000000015
11676  -36.222  -58.180  -25.420 0.2000000030
11675  -35.750  -57.886  -25.386 0.2000000030
12768  -35.389  -57.566  -25.229 0.2000000030
13867  -34.878  -57.039  -24.926 0.2000000030
10024  -37.815  -60.047  -26.149 0.1000000015
10038  -37.613  -59.786  -26.919 0.1000000015
10049  -37.116  -60.048  -27.087 0.1000000015
19276  -38.065  -53.327  -30.888 0.1000000015
144714  -37.854  -54.090  -31.664 0.1000000015
16153  -37.653  -54.558  -31.696 0.1000000015
144716  -37.553  -54.996  -32.029 0.1000000015
9305  -36.569  -60.530  -27.061 0.1000000015
18176  -38.109  -52.642  -30.520 0.1000000015
16101  -37.478  -52.475  -29.568 0.1000000015
144700  -37.494  -54.187  -32.518 0.1000000015
15095  -37.295  -55.119  -33.136 0.1000000015
12921  -36.790  -56.710  -33.435 0.1000000015
13998  -36.748  -56.234  -32.016 0.1000000015
11751  -36.756  -57.014  -30.937 0.1000000015
10863  -36.986  -57.763  -29.455 0.1000000015
10852  -35.987  -58.834  -28.952 0.1000000015
10843  -36.736  -59.171  -28.405 0.1000000015
9328  -35.508  -60.911  -29.003 0.1000000015
17130  -38.278  -51.625  -29.465 0.1000000015
144677  -36.107  -57.492  -30.776 0.1000000015
11721  -36.244  -58.092  -29.362 0.1000000015
10075  -35.545  -59.989  -28.678 0.1000000015
9342  -34.492  -60.824  -30.109 0.1000000015
22637  -38.016  -50.105  -29.361 0.1000000015
21512  -38.691  -50.111  -29.971 0.1000000015
23727  -38.839  -47.173  -28.646 0.1000000015
12774  -40.477  -57.188  -25.944 0.1000000015
11679  -39.215  -58.279  -25.766 0.1000000015
12783  -40.257  -57.074  -26.791 0.1000000015
11701  -39.621  -57.547  -27.068 0.1000000015
13871  -38.407  -56.929  -25.051 0.1000000015
12770  -36.834  -57.578  -25.286 0.1000000015
12795  -39.769  -56.648  -27.341 0.1000000015
11692  -39.290  -58.270  -26.566 0.1000000015
10803  -38.909  -58.654  -26.206 0.1000000015
13868  -35.645  -56.899  -24.996 0.2000000030
12807  -39.803  -56.184  -27.701 0.1000000015
11700  -39.008  -58.034  -27.224 0.1000000015
18126  -36.563  -51.782  -28.648 0.1000000015
17079  -36.877  -52.101  -29.095 0.1000000015
17080  -36.443  -52.605  -28.985 0.1000000015
17133  -36.559  -53.645  -29.536 0.1000000015
19265  -37.927  -54.170  -29.919 0.1000000015
144715  -38.082  -53.793  -30.641 0.1000000015
144720  -38.602  -54.233  -30.145 0.1000000015
13925  -39.794  -56.142  -28.392 0.1000000015
11724  -39.154  -57.355  -28.313 0.1000000015
10833  -38.346  -58.482  -27.318 0.1000000015
10832  -37.649  -59.018  -27.400 0.1000000015
17132  -37.066  -53.038  -29.690 0.1000000015
16137  -37.532  -55.201  -31.360 0.1000000015
15011  -38.102  -55.880  -30.653 0.1000000015
14000  -37.983  -55.786  -30.937 0.1000000015
10854  -37.901  -58.384  -28.772 0.1000000015
10845  -38.082  -58.390  -28.070 0.1000000015
10063  -36.745  -59.643  -27.589 0.1000000015
144759  -36.813  -48.568  -27.619 0.1000000015
14054  -37.469  -56.080  -32.998 0.1000000015
15032  -37.182  -55.660  -31.786 0.1000000015
13977  -37.826  -56.330  -30.912 0.1000000015
11735  -37.520  -57.400  -29.987 0.1000000015
11722  -38.049  -58.221  -29.513 0.1000000015
10844  -37.380  -58.918  -28.139 0.1000000015
144746  -37.009  -50.101  -28.559 0.1000000015
144757  -37.439  -50.462  -28.935 0.1000000015
144752  -37.059  -48.858  -27.895 0.1000000015
144751  -37.642  -49.609  -28.868 0.1000000015
23728  -37.889  -48.613  -28.610 0.1000000015
23745  -39.279  -47.864  -29.471 0.1000000015
12784  -40.249  -56.286  -26.950 0.1000000015
13887  -40.845  -55.988  -26.755 0.1000000015
13873  -40.375  -56.661  -25.299 0.1000000015
12796  -39.949  -56.043  -27.380 0.1000000015
13927  -40.524  -55.088  -27.654 0.1000000015
13872  -39.444  -56.896  -25.023 0.1000000015
13870  -37.390  -56.884  -25.085 0.1000000015
14972  -40.152  -55.061  -28.864 0.1000000015
13926  -40.026  -55.647  -28.013 0.1000000015
13846  -36.934  -56.119  -24.929 0.2000000030
19249  -37.265  -54.259  -28.949 0.1000000015
144721  -38.896  -54.081  -29.853 0.1000000015
14971  -39.699  -55.614  -29.296 0.1000000015
12819  -39.417  -57.134  -28.958 0.1000000015
14901  -36.473  -55.451  -24.565 0.2000000030
18127  -36.192  -52.909  -28.492 0.1000000015
17175  -37.724  -54.326  -31.098 0.1000000015
16121  -38.959  -55.105  -30.179 0.1000000015
13978  -38.467  -56.096  -30.450 0.1000000015
13963  -38.715  -56.454  -30.172 0.1000000015
11736  -38.592  -57.858  -30.074 0.1000000015
22623  -37.259  -48.081  -27.691 0.1000000015
23710  -37.455  -47.017  -27.637 0.1000000015
24872  -37.786  -46.154  -27.795 0.1000000015
23726  -38.021  -47.201  -28.070 0.1000000015
24891  -38.544  -46.119  -28.239 0.1000000015
23744  -39.523  -46.937  -28.953 0.1000000015
16057  -41.318  -54.198  -27.542 0.1000000015
14944  -41.359  -54.809  -26.930 0.1000000015
13888  -41.354  -55.449  -26.557 0.1000000015
16056  -41.156  -54.307  -28.254 0.1000000015
13907  -40.727  -55.353  -27.185 0.1000000015
13874  -41.226  -56.041  -25.820 0.1000000015
14957  -40.712  -54.756  -28.107 0.1000000015
13851  -41.122  -55.570  -25.335 0.1000000015
13848  -38.925  -56.087  -24.987 0.1000000015
16104  -40.055  -54.644  -29.489 0.1000000015
16083  -41.060  -54.259  -28.926 0.1000000015
13849  -39.890  -55.986  -25.101 0.1000000015
23708  -36.090  -48.774  -27.261 0.1000000015
18111  -36.253  -51.579  -27.628 0.1000000015
19232  -36.777  -54.159  -28.494 0.1000000015
144737  -38.281  -53.968  -28.444 0.1000000015
18193  -40.047  -53.531  -29.928 0.1000000015
17164  -40.096  -54.016  -30.142 0.1000000015
16122  -39.583  -54.715  -29.794 0.1000000015
14992  -39.795  -55.155  -29.342 0.1000000015
14904  -39.423  -55.229  -24.860 0.1000000015
13847  -37.916  -56.117  -24.932 0.1000000015
19293  -39.958  -53.561  -29.993 0.1000000015
17163  -38.907  -54.584  -30.141 0.1000000015
14991  -39.369  -55.430  -29.764 0.1000000015
15974  -36.993  -54.749  -24.223 0.1000000015
24870  -36.322  -46.719  -27.121 0.1000000015
23709  -36.880  -47.376  -27.386 0.1000000015
24871  -37.062  -46.303  -27.478 0.1000000015
27349  -36.843  -44.291  -27.218 0.1000000015
26101  -37.370  -45.228  -27.471 0.1000000015
27350  -37.650  -44.167  -27.528 0.1000000015
16032  -41.602  -54.059  -26.440 0.1000000015
14929  -41.730  -54.715  -26.236 0.1000000015
17081  -41.236  -53.322  -27.816 0.1000000015
14919  -41.596  -54.975  -25.702 0.1000000015
16084  -41.374  -53.897  -28.320 0.1000000015
18144  -40.864  -52.718  -28.104 0.1000000015
14907  -41.225  -54.913  -25.264 0.1000000015
13850  -40.726  -55.791  -25.202 0.1000000015
17134  -41.240  -53.770  -29.648 0.1000000015
17109  -41.458  -53.392  -28.867 0.1000000015
14906  -40.997  -55.047  -25.077 0.1000000015
23707  -34.887  -48.966  -26.818 0.1000000015
144736  -37.970  -54.246  -29.015 0.1000000015
18194  -40.617  -52.916  -30.233 0.1000000015
18179  -41.160  -52.542  -30.053 0.1000000015
18163  -41.317  -52.712  -29.207 0.1000000015
14905  -40.322  -55.144  -24.990 0.1000000015
14903  -38.427  -55.306  -24.747 0.1000000015
23691  -35.245  -47.620  -26.932 0.1000000015
144764  -35.134  -49.941  -26.933 0.1000000015
144756  -35.849  -50.994  -26.922 0.1000000015
144743  -36.881  -53.612  -27.713 0.1000000015
19277  -40.352  -53.101  -29.816 0.1000000015
15976  -38.933  -54.381  -24.595 0.1000000015
24854  -35.470  -46.886  -26.896 0.1000000015
26088  -35.679  -45.615  -26.957 0.1000000015
26087  -34.780  -45.760  -26.688 0.1000000015
27338  -35.000  -44.575  -26.858 0.1000000015
26100  -36.548  -45.416  -27.205 0.1000000015
27339  -35.966  -44.446  -26.991 0.1000000015
28596  -36.303  -43.383  -27.000 0.1000000015
28595  -35.425  -43.501  -26.800 0.1000000015
144741  -40.298  -51.691  -27.551 0.1000000015
18128  -41.062  -52.510  -27.113 0.1000000015
16033  -41.745  -53.830  -26.069 0.1000000015
144740  -39.882  -52.404  -28.006 0.1000000015
17029  -41.870  -53.840  -25.901 0.1000000015
144738  -38.741  -52.953  -27.487 0.1000000015
144742  -40.132  -52.737  -28.449 0.1000000015
15980  -41.493  -54.191  -25.470 0.1000000015
23690  -34.799  -47.974  -26.829 0.1000000015
23706  -34.559  -49.074  -26.587 0.1000000015
144762  -36.109  -51.842  -26.845 0.1000000015
144739  -39.793  -53.376  -28.949 0.1000000015
15978  -40.661  -54.320  -24.953 0.1000000015
24853  -34.686  -46.881  -26.724 0.1000000015
15977  -39.925  -54.398  -24.771 0.1000000015
15975  -37.941  -54.629  -24.409 0.1000000015
26086  -33.984  -46.002  -26.522 0.1000000015
27337  -33.881  -44.684  -26.502 0.1000000015
28577  -33.766  -43.424  -26.035 0.1000000015
28594  -34.553  -43.555  -26.485 0.1000000015
29807  -34.394  -42.578  -26.010 0.1000000015
30978  -34.748  -41.995  -26.238 0.1000000015
29826  -35.816  -42.534  -26.841 0.1000000015
18113  -41.533  -53.236  -26.473 0.1000000015
18098  -41.639  -53.159  -26.251 0.1000000015
17044  -41.777  -52.965  -25.704 0.1000000015
22608  -34.460  -49.347  -26.414 0.1000000015
21450  -35.750  -51.307  -26.350 0.1000000015
144761  -37.121  -51.609  -26.241 0.1000000015
26085  -33.390  -46.174  -26.123 0.1000000015
24852  -34.002  -47.144  -26.488 0.1000000015
23689  -34.169  -48.494  -26.426 0.1000000015
21470  -34.706  -50.087  -26.448 0.1000000015
144766  -35.151  -50.837  -26.591 0.1000000015
15979  -40.985  -54.255  -25.106 0.1000000015
27336  -33.536  -45.418  -26.250 0.1000000015
27322  -33.354  -44.079  -26.012 0.1000000015
28576  -33.110  -43.434  -25.433 0.1000000015
29806  -33.698  -42.318  -25.385 0.1000000015
30944  -33.578  -41.219  -24.887 0.1000000015
30945  -34.207  -40.820  -25.095 0.1000000015
32074  -34.638  -40.682  -25.149 0.1000000015
144749  -39.622  -51.133  -27.168 0.1000000015
19214  -40.675  -51.218  -27.292 0.1000000015
18112  -41.447  -52.739  -26.529 0.1000000015
19198  -41.322  -51.485  -26.483 0.1000000015
27321  -33.228  -44.838  -25.624 0.1000000015
29786  -32.874  -42.449  -24.466 0.1000000015
32059  -34.333  -40.019  -24.639 0.1000000015
33166  -34.505  -38.998  -24.183 0.1000000015
19215  -40.514  -51.468  -27.305 0.1000000015
144763  -37.386  -50.447  -25.508 0.1000000015
24851  -33.424  -47.370  -26.001 0.1000000015
23688  -33.746  -48.422  -25.828 0.1000000015
22589  -34.109  -49.523  -25.967 0.1000000015
21449  -34.995  -50.937  -25.857 0.1000000015
28558  -32.895  -43.682  -24.502 0.1000000015
32058  -33.402  -40.398  -24.302 0.1000000015
32043  -34.049  -39.348  -24.114 0.1000000015
34331  -34.479  -38.495  -23.863 0.1000000015
21437  -36.675  -50.563  -25.400 0.1000000015
144755  -38.035  -50.107  -25.610 0.1000000015
26070  -33.473  -46.175  -25.376 0.1000000015
24832  -33.769  -47.434  -25.305 0.1000000015
22572  -34.264  -49.062  -25.628 0.1000000015
22573  -34.942  -49.562  -25.377 0.1000000015
21436  -35.711  -50.548  -25.383 0.1000000015
27303  -33.338  -44.969  -24.529 0.1000000015
32042  -33.543  -39.597  -23.670 0.1000000015
33152  -33.763  -38.669  -23.351 0.1000000015
34304  -33.678  -37.748  -22.735 0.1000000015
34318  -34.226  -37.908  -23.478 0.1000000015
22574  -36.138  -49.600  -25.108 0.1000000015
24811  -34.107  -47.236  -24.891 0.1000000015
23650  -34.906  -48.388  -25.085 0.1000000015
22561  -35.595  -48.836  -25.107 0.1000000015
28538  -33.252  -43.773  -23.599 0.1000000015
30924  -33.000  -41.034  -23.684 0.1000000015
33139  -33.525  -38.736  -22.704 0.1000000015
35529  -33.702  -37.031  -21.636 0.1000000015
29760  -32.787  -42.771  -23.653 0.1000000015
30905  -33.372  -41.396  -22.667 0.1000000015
32024  -33.378  -40.004  -22.519 0.1000000015
34289  -33.577  -37.888  -21.857 0.1000000015
35530  -33.926  -37.337  -21.087 0.1000000015
34290  -33.974  -38.236  -21.112 0.1000000015
29735  -33.258  -41.992  -22.884 0.1000000015
32006  -33.732  -39.712  -21.548 0.1000000015
33123  -33.578  -38.935  -21.773 0.1000000015
33124  -34.255  -39.036  -21.136 0.1000000015
8541  -29.419  -62.398  -28.737 0.1000000015
8554  -29.027  -62.845  -29.272 0.1000000015
7842  -29.063  -63.748  -30.125 0.1000000015
7829  -31.439  -62.046  -29.300 0.1000000015
7843  -29.591  -62.910  -30.161 0.1000000015
7108  -28.780  -63.345  -31.225 0.1000000015
8534  -33.028  -61.862  -27.754 0.1000000015
8544  -31.748  -62.223  -28.483 0.1000000015
8546  -33.490  -62.145  -28.479 0.1000000015
7830  -32.510  -61.868  -29.263 0.1000000015
7847  -32.971  -62.137  -29.428 0.1000000015
8570  -32.677  -61.555  -29.643 0.1000000015
12803  -32.473  -57.567  -28.713 0.1000000015
12874  -32.250  -57.848  -31.875 0.1000000015
11750  -33.017  -58.701  -31.345 0.1000000015
11767  -32.003  -58.182  -32.960 0.1000000015
144632  -35.128  -59.054  -25.960 0.2000000030
144711  -38.010  -53.813  -31.135 0.1000000015
14024  -36.750  -55.838  -33.792 0.1000000015
11708  -33.911  -58.370  -29.071 0.1000000015
11720  -35.777  -57.889  -29.638 0.1000000015
144673  -34.758  -59.414  -29.384 0.1000000015
10851  -33.628  -59.090  -30.810 0.1000000015
144674  -34.402  -59.500  -30.176 0.1000000015
8594  -33.046  -61.380  -31.328 0.1000000015
9364  -34.634  -60.014  -30.749 0.1000000015
9362  -33.551  -61.028  -31.623 0.1000000015
10801  -37.467  -59.197  -25.473 0.1000000015
11674  -35.373  -58.337  -25.545 0.2000000030
10787  -37.776  -59.723  -25.346 0.1000000015
9318  -35.963  -60.252  -27.638 0.1000000015
8573  -35.120  -61.244  -29.830 0.1000000015
14052  -36.545  -56.471  -33.604 0.1000000015
11771  -36.440  -56.755  -32.044 0.1000000015
144681  -35.956  -57.667  -30.259 0.1000000015
10862  -36.607  -58.092  -29.256 0.1000000015
9343  -35.014  -60.383  -29.924 0.1000000015
10820  -38.113  -59.192  -26.733 0.1000000015
16163  -38.000  -55.272  -33.531 0.1000000015
10076  -36.128  -59.750  -28.206 0.1000000015
16055  -37.542  -51.845  -29.281 0.1000000015
12875  -36.831  -56.548  -31.463 0.1000000015
12855  -37.594  -56.773  -30.789 0.1000000015
11734  -36.511  -57.620  -29.924 0.1000000015
10853  -37.181  -58.356  -29.051 0.1000000015
12773  -39.820  -57.543  -25.389 0.1000000015
11693  -39.908  -57.828  -26.342 0.1000000015
11711  -39.287  -57.288  -27.635 0.1000000015
13845  -36.018  -56.174  -24.821 0.2000000030
11710  -38.727  -57.866  -27.891 0.1000000015
13945  -39.725  -56.240  -28.943 0.1000000015
11723  -38.767  -58.005  -28.944 0.1000000015
16103  -39.332  -55.108  -29.922 0.1000000015
12834  -38.207  -57.108  -30.175 0.1000000015
12836  -39.527  -56.877  -29.643 0.1000000015
14902  -37.435  -55.382  -24.668 0.1000000015
17108  -41.379  -53.768  -29.224 0.1000000015
26102  -38.107  -45.101  -27.922 0.1000000015
19250  -40.762  -52.677  -29.301 0.1000000015
19233  -40.515  -52.550  -28.297 0.1000000015
29825  -35.016  -42.605  -26.531 0.1000000015
30964  -35.356  -41.154  -25.745 0.1000000015
20301  -36.045  -51.222  -25.671 0.1000000015
23547  -34.131  -47.500  -14.030 0.5000000000
20164  -32.761  -50.510  -18.564 0.5000000000
20165  -33.709  -50.526  -18.424 0.5000000000
24702  -34.707  -46.314  -13.750 0.5000000000
23546  -33.560  -47.331  -14.697 0.5000000000
22423  -33.583  -48.140  -15.440 0.5000000000
25866  -35.803  -45.239  -14.158 0.5000000000
25865  -34.772  -45.611  -14.258 0.5000000000
24700  -33.421  -46.493  -14.889 0.5000000000
21325  -33.025  -49.816  -17.925 0.5000000000
25864  -33.947  -45.793  -14.739 0.5000000000
25886  -34.618  -45.208  -15.087 0.5000000000
25885  -33.881  -45.415  -15.354 0.5000000000
25902  -34.395  -44.952  -15.731 0.4000000060
25883  -32.781  -45.720  -16.025 0.4000000060
19065  -31.412  -51.195  -20.054 0.5000000000
19081  -31.126  -51.247  -21.120 0.5000000000
20200  -31.039  -50.086  -20.599 0.5000000000
20211  -31.501  -50.330  -21.676 0.5000000000
20212  -32.165  -49.913  -21.856 0.5000000000
21370  -32.097  -49.628  -21.463 0.5000000000
21372  -34.104  -49.312  -21.972 0.4000000060
21373  -35.255  -48.928  -22.054 0.4000000060
20168  -36.760  -50.547  -18.421 0.1000000015
19048  -34.408  -51.284  -18.689 0.5000000000
24692  -35.200  -46.648  -13.259 0.5000000000
23524  -34.732  -47.611  -13.411 0.5000000000
22399  -34.029  -47.976  -14.658 0.5000000000
25867  -36.908  -45.122  -14.206 0.5000000000
25853  -36.027  -45.683  -13.310 0.5000000000
27110  -38.146  -44.487  -14.568 0.5000000000
25889  -37.654  -45.611  -15.117 0.5000000000
25888  -36.567  -45.302  -15.030 0.5000000000
27128  -38.275  -45.027  -15.034 0.4000000060
25887  -35.557  -45.036  -14.936 0.5000000000
25903  -35.289  -44.838  -15.714 0.4000000060
27138  -34.069  -44.740  -16.317 0.4000000060
25905  -37.084  -45.928  -15.840 0.3000000119
24730  -32.137  -46.144  -16.686 0.6999999881
23583  -31.911  -47.067  -16.822 0.5000000000
24714  -37.825  -46.507  -15.363 0.3000000119
24723  -37.557  -46.518  -15.557 0.3000000119
25904  -36.239  -45.162  -15.713 0.3000000119
27139  -34.793  -44.678  -16.159 0.4000000060
25916  -32.414  -45.339  -17.157 0.5000000000
24737  -31.540  -46.165  -17.990 0.6000000238
22462  -31.277  -48.188  -17.993 0.6000000238
21304  -32.371  -49.149  -17.411 0.6000000238
20163  -31.826  -50.228  -18.944 0.5000000000
20184  -31.699  -50.910  -19.387 0.3000000119
25918  -35.918  -44.870  -16.228 0.3000000119
28423  -33.785  -44.147  -17.454 0.4000000060
24738  -31.943  -45.777  -18.580 0.5000000000
23586  -31.343  -47.216  -18.398 0.6000000238
22488  -30.783  -48.547  -19.486 0.6000000238
20183  -31.153  -49.921  -19.572 0.5000000000
20199  -30.780  -49.602  -20.031 0.5000000000
27156  -35.908  -44.506  -16.901 0.4000000060
28411  -35.075  -43.937  -17.303 0.4000000060
25940  -32.915  -44.861  -18.515 0.5000000000
24744  -32.305  -46.143  -19.213 0.5000000000
22489  -30.998  -47.918  -19.742 0.5000000000
22502  -30.798  -48.555  -20.005 0.5000000000
27177  -36.795  -44.916  -18.139 0.4000000060
28425  -35.255  -43.517  -17.960 0.4000000060
27195  -34.215  -44.262  -19.033 0.5000000000
24745  -33.036  -45.918  -19.607 0.5000000000
23602  -32.391  -47.215  -20.265 0.4000000060
22503  -31.439  -48.202  -20.385 0.5000000000
21356  -31.639  -49.248  -20.928 0.5000000000
28443  -35.305  -43.695  -18.799 0.4000000060
27218  -34.521  -44.523  -19.601 0.5000000000
24755  -33.351  -46.201  -20.152 0.5000000000
23603  -33.424  -47.177  -20.720 0.4000000060
22522  -32.949  -48.646  -21.228 0.4000000060
21357  -32.393  -49.064  -21.203 0.5000000000
25985  -35.189  -45.092  -20.428 0.5000000000
23604  -34.441  -46.927  -20.847 0.4000000060
22523  -33.791  -48.425  -21.399 0.4000000060
24757  -35.288  -46.097  -20.662 0.3000000119
23605  -35.145  -46.936  -20.909 0.4000000060
23616  -35.641  -47.382  -21.153 0.3000000119
22525  -35.897  -48.201  -21.618 0.3000000119
21374  -36.143  -48.819  -22.062 0.3000000119
20170  -38.950  -50.471  -18.618 0.1000000015
19051  -37.262  -51.383  -18.826 0.1000000015
21329  -38.563  -50.279  -18.169 0.1000000015
20169  -37.971  -50.684  -18.411 0.1000000015
20154  -37.169  -50.270  -17.922 0.4000000060
20153  -36.401  -49.883  -18.053 0.4000000060
19049  -35.236  -50.954  -18.830 0.4000000060
20166  -34.654  -50.426  -18.364 0.5000000000
20167  -35.702  -50.074  -18.350 0.4000000060
21327  -34.865  -49.917  -17.743 0.5000000000
24693  -35.981  -46.560  -12.669 0.5000000000
23525  -35.572  -47.586  -12.849 0.5000000000
22424  -34.305  -48.553  -15.041 0.4000000060
21326  -33.954  -49.926  -17.761 0.5000000000
25854  -36.982  -45.090  -13.152 0.5000000000
28337  -38.662  -43.735  -14.364 0.5000000000
27109  -37.511  -44.812  -14.303 0.5000000000
21305  -33.223  -49.138  -17.108 0.6000000238
27129  -38.895  -44.393  -15.267 0.4000000060
27142  -39.526  -44.148  -15.834 0.2000000030
24716  -38.748  -46.315  -15.218 0.3000000119
24732  -38.076  -47.230  -16.277 0.3000000119
25920  -37.450  -46.196  -16.825 0.4000000060
27130  -39.846  -44.991  -15.182 0.3000000119
24733  -38.930  -47.086  -16.345 0.3000000119
27131  -40.247  -45.407  -15.417 0.3000000119
25922  -39.578  -46.791  -16.967 0.4000000060
25941  -37.958  -46.084  -17.660 0.4000000060
25942  -38.728  -46.309  -17.998 0.3000000119
27178  -37.779  -45.421  -18.437 0.4000000060
28444  -36.268  -43.776  -19.036 0.4000000060
28470  -35.587  -43.820  -19.370 0.4000000060
28428  -38.080  -44.476  -18.955 0.3000000119
28471  -36.211  -43.666  -19.685 0.3000000119
27219  -35.233  -44.286  -19.883 0.4000000060
28472  -37.149  -43.267  -20.009 0.3000000119
25986  -36.144  -45.081  -20.621 0.3000000119
24765  -35.731  -46.571  -20.858 0.4000000060
28473  -37.830  -43.076  -20.585 0.2000000030
27222  -37.729  -43.890  -20.776 0.2000000030
26004  -37.328  -45.428  -20.971 0.3000000119
23617  -36.654  -47.385  -21.360 0.3000000119
28497  -39.184  -43.594  -21.169 0.1000000015
26005  -38.212  -45.613  -21.302 0.2000000030
24767  -37.450  -46.496  -21.274 0.4000000060
29741  -42.325  -42.323  -22.296 0.1000000015
21310  -38.105  -49.972  -17.576 0.1000000015
21309  -36.805  -49.942  -17.352 0.5000000000
20152  -36.006  -49.713  -18.090 0.4000000060
21328  -35.402  -49.746  -17.746 0.4000000060
23503  -36.999  -47.498  -12.064 0.5000000000
22375  -36.020  -48.564  -13.162 0.4000000060
22402  -36.355  -49.026  -13.932 0.4000000060
21265  -35.720  -48.983  -15.416 0.4000000060
21291  -35.401  -49.225  -16.482 0.5000000000
21307  -35.088  -49.620  -17.143 0.5000000000
25835  -36.541  -45.708  -12.428 0.5000000000
24678  -36.553  -46.540  -12.007 0.4000000060
21306  -34.229  -49.478  -17.077 0.4000000060
28359  -39.195  -43.224  -14.867 0.4000000060
27091  -37.571  -44.664  -13.829 0.5000000000
28384  -38.997  -43.052  -15.605 0.4000000060
27111  -38.673  -43.951  -14.857 0.5000000000
29628  -39.288  -42.121  -15.946 0.3000000119
28397  -39.185  -43.170  -16.216 0.3000000119
29647  -40.630  -42.618  -16.544 0.2000000030
27143  -40.659  -44.834  -15.568 0.2000000030
30837  -41.013  -41.820  -16.440 0.1000000015
28399  -41.231  -43.830  -16.229 0.3000000119
29648  -41.737  -42.647  -16.626 0.1000000015
25908  -41.122  -45.792  -16.285 0.3000000119
27144  -42.006  -45.173  -15.929 0.2000000030
25924  -41.724  -46.103  -17.280 0.2000000030
27179  -38.915  -45.572  -18.828 0.2000000030
28446  -38.383  -43.562  -19.209 0.2000000030
25945  -41.625  -46.169  -18.268 0.2000000030
28430  -40.361  -44.718  -19.242 0.2000000030
29674  -38.659  -42.930  -19.613 0.2000000030
27181  -41.185  -45.668  -18.800 0.2000000030
28448  -40.647  -43.751  -19.287 0.1000000015
29694  -38.846  -42.523  -20.154 0.2000000030
28496  -38.300  -43.552  -20.882 0.2000000030
29677  -42.063  -43.051  -19.635 0.1000000015
29696  -41.155  -42.464  -20.211 0.1000000015
29716  -40.240  -42.769  -20.937 0.1000000015
28498  -40.100  -43.470  -21.542 0.1000000015
29697  -42.322  -42.520  -20.504 0.1000000015
29717  -41.279  -42.463  -21.102 0.1000000015
29739  -40.708  -43.009  -21.562 0.1000000015
29718  -42.156  -42.168  -21.444 0.1000000015
30912  -43.694  -41.202  -22.394 0.1000000015
32046  -44.704  -41.066  -23.247 0.1000000015
21293  -37.338  -49.738  -16.501 0.3000000119
22426  -39.777  -48.888  -14.902 0.3000000119
21268  -38.761  -49.323  -15.507 0.3000000119
21292  -36.296  -49.455  -16.505 0.3000000119
21308  -35.892  -49.580  -17.548 0.4000000060
22378  -38.968  -48.532  -13.735 0.3000000119
21249  -38.093  -49.178  -14.680 0.3000000119
23478  -38.649  -47.191  -11.426 0.4000000060
22353  -37.528  -48.275  -12.689 0.5000000000
21231  -37.253  -49.130  -13.931 0.4000000060
21247  -36.265  -49.104  -14.676 0.4000000060
28360  -40.210  -42.902  -14.521 0.4000000060
27093  -39.463  -43.991  -13.291 0.4000000060
25837  -38.291  -45.063  -11.827 0.5000000000
25815  -37.754  -45.596  -11.380 0.5000000000
31913  -40.287  -40.650  -15.330 0.4000000060
30795  -39.868  -41.247  -15.276 0.4000000060
28338  -39.315  -43.443  -14.074 0.4000000060
30813  -39.697  -41.220  -15.607 0.4000000060
29604  -39.662  -42.047  -15.411 0.4000000060
31928  -40.216  -40.371  -15.623 0.4000000060
33042  -39.854  -39.391  -15.593 0.3000000119
30835  -39.799  -41.257  -16.047 0.3000000119
31952  -40.195  -40.317  -15.992 0.3000000119
31953  -40.433  -40.295  -16.373 0.3000000119
31967  -40.891  -40.355  -16.817 0.1000000015
30843  -41.440  -41.385  -16.777 0.1000000015
29655  -41.958  -41.907  -16.830 0.1000000015
29656  -42.527  -42.222  -16.820 0.1000000015
27145  -42.797  -44.789  -16.509 0.2000000030
29649  -42.841  -43.159  -16.422 0.1000000015
27159  -42.615  -45.530  -17.028 0.2000000030
28401  -43.246  -44.101  -16.413 0.2000000030
27182  -42.538  -45.889  -18.445 0.1000000015
27183  -43.810  -45.562  -18.279 0.1000000015
28450  -42.846  -44.227  -19.436 0.1000000015
27198  -43.803  -44.904  -18.955 0.1000000015
29678  -43.055  -43.335  -19.951 0.1000000015
30872  -42.958  -42.149  -21.092 0.1000000015
29698  -43.627  -42.887  -20.549 0.1000000015
30873  -43.828  -41.960  -21.235 0.1000000015
30891  -44.052  -40.958  -21.612 0.1000000015
32013  -45.755  -40.551  -21.926 0.1000000015
32033  -45.444  -40.507  -22.717 0.1000000015
32063  -46.752  -40.696  -24.118 0.1000000015
30968  -47.156  -41.236  -25.393 0.1000000015
29832  -47.159  -41.725  -26.436 0.1000000015
29850  -47.725  -41.230  -27.139 0.1000000015
22428  -41.014  -48.303  -15.218 0.3000000119
22451  -40.703  -48.712  -15.759 0.2000000030
22380  -40.880  -47.819  -13.653 0.3000000119
23506  -39.977  -47.766  -12.350 0.4000000060
23480  -40.677  -47.344  -11.631 0.3000000119
28361  -41.043  -42.879  -14.295 0.3000000119
28339  -40.341  -43.427  -13.911 0.3000000119
27094  -40.586  -44.185  -13.376 0.4000000060
25817  -40.066  -45.605  -11.750 0.4000000060
24661  -40.399  -46.573  -11.255 0.3000000119
31914  -40.952  -40.362  -14.989 0.3000000119
29606  -41.057  -42.335  -14.686 0.3000000119
25839  -41.101  -45.325  -12.250 0.4000000060
25818  -41.232  -45.965  -11.627 0.4000000060
25819  -42.161  -46.297  -11.724 0.3000000119
34177  -38.986  -38.751  -14.939 0.3000000119
33028  -40.228  -39.533  -14.812 0.3000000119
34192  -38.083  -38.386  -15.554 0.3000000119
34193  -39.066  -38.740  -15.888 0.3000000119
34213  -38.451  -38.197  -16.184 0.3000000119
33063  -39.903  -39.367  -16.206 0.3000000119
33064  -40.235  -39.439  -16.805 0.2000000030
33085  -40.787  -39.517  -17.484 0.1000000015
34247  -41.233  -38.564  -18.272 0.1000000015
34241  -41.096  -37.914  -18.318 0.1000000015
31968  -41.505  -40.507  -17.293 0.1000000015
33091  -42.640  -39.209  -18.295 0.1000000015
31969  -42.320  -40.546  -17.611 0.1000000015
31970  -43.191  -40.794  -17.719 0.1000000015
29657  -43.487  -42.824  -16.953 0.1000000015
28413  -43.619  -43.889  -16.861 0.2000000030
29658  -44.419  -42.818  -17.345 0.2000000030
28414  -44.070  -43.865  -17.270 0.2000000030
25946  -44.283  -45.544  -17.751 0.1000000015
27162  -45.246  -44.620  -17.515 0.1000000015
25947  -44.837  -45.920  -18.086 0.1000000015
28451  -43.843  -44.069  -19.615 0.1000000015
25965  -45.613  -45.104  -18.965 0.1000000015
27199  -44.716  -44.890  -19.193 0.1000000015
28476  -44.672  -43.427  -20.337 0.1000000015
28453  -45.493  -43.933  -20.021 0.1000000015
29700  -45.651  -42.414  -21.006 0.1000000015
29719  -46.108  -41.962  -21.297 0.1000000015
32034  -46.500  -40.641  -22.553 0.1000000015
30951  -47.694  -41.360  -24.253 0.1000000015
30916  -47.983  -41.557  -22.974 0.1000000015
29814  -48.010  -41.980  -24.918 0.1000000015
29793  -48.059  -41.625  -24.321 0.1000000015
29833  -47.719  -41.625  -25.856 0.1000000015
28582  -48.031  -41.619  -25.515 0.1000000015
31000  -48.409  -40.709  -26.699 0.1000000015
29815  -48.752  -41.373  -26.005 0.1000000015
32119  -48.359  -40.079  -27.702 0.1000000015
23565  -42.757  -48.054  -15.461 0.2000000030
22452  -41.450  -48.457  -16.035 0.2000000030
22383  -43.620  -48.097  -13.559 0.2000000030
22381  -41.926  -47.900  -13.563 0.3000000119
22339  -43.997  -48.004  -11.937 0.2000000030
22357  -42.597  -47.955  -13.005 0.3000000119
23529  -41.243  -47.815  -12.946 0.3000000119
27074  -40.885  -44.853  -12.853 0.3000000119
24662  -41.437  -46.798  -11.315 0.3000000119
31915  -41.553  -40.355  -14.352 0.3000000119
30797  -41.343  -41.361  -14.800 0.3000000119
29585  -41.955  -42.217  -14.032 0.3000000119
27095  -41.562  -44.514  -13.589 0.3000000119
27075  -41.767  -45.169  -13.054 0.3000000119
25840  -42.035  -45.675  -12.338 0.3000000119
34159  -38.351  -38.795  -14.249 0.3000000119
33013  -39.246  -38.887  -13.730 0.3000000119
28342  -42.886  -44.194  -13.565 0.3000000119
27076  -42.807  -45.163  -13.048 0.3000000119
25820  -42.719  -46.504  -11.718 0.2000000030
34191  -37.408  -38.252  -15.017 0.2000000030
35430  -37.908  -37.960  -16.064 0.3000000119
35454  -38.150  -37.403  -16.469 0.3000000119
34214  -39.314  -38.397  -16.700 0.3000000119
35455  -39.100  -37.250  -17.185 0.2000000030
34240  -40.501  -38.342  -17.947 0.1000000015
36572  -39.656  -36.165  -17.291 0.2000000030
36590  -40.235  -36.523  -17.971 0.1000000015
36591  -40.824  -36.321  -18.411 0.1000000015
36593  -42.449  -35.925  -18.692 0.1000000015
37644  -43.532  -34.840  -17.808 0.1000000015
37625  -44.884  -34.335  -16.618 0.1000000015
35488  -42.769  -37.057  -18.778 0.1000000015
36599  -42.981  -36.329  -18.728 0.1000000015
37661  -44.180  -35.400  -18.419 0.1000000015
37646  -45.512  -34.648  -17.265 0.1000000015
38715  -47.289  -34.172  -16.102 0.1000000015
37600  -48.933  -35.449  -15.867 0.1000000015
34250  -43.996  -38.245  -18.757 0.1000000015
36601  -44.763  -36.294  -18.669 0.1000000015
37663  -46.164  -35.216  -18.097 0.1000000015
38725  -47.566  -34.338  -16.725 0.1000000015
38726  -48.166  -34.368  -16.964 0.1000000015
31971  -43.843  -40.857  -17.915 0.1000000015
31976  -44.312  -40.434  -18.397 0.1000000015
30846  -43.906  -41.679  -17.403 0.1000000015
30847  -44.841  -41.948  -17.446 0.2000000030
28415  -44.861  -43.782  -17.516 0.1000000015
28416  -45.699  -43.753  -17.553 0.1000000015
25948  -45.615  -45.420  -18.343 0.1000000015
25949  -46.321  -45.102  -18.631 0.1000000015
27200  -45.553  -44.569  -19.522 0.1000000015
27201  -46.237  -44.423  -19.971 0.1000000015
29701  -46.399  -42.518  -21.178 0.1000000015
29720  -46.814  -42.040  -21.475 0.1000000015
28500  -47.485  -42.530  -21.337 0.1000000015
30895  -47.525  -41.518  -22.174 0.1000000015
28546  -48.582  -41.952  -23.415 0.1000000015
28566  -48.380  -41.754  -24.540 0.1000000015
29816  -49.157  -41.522  -25.280 0.1000000015
25786  -43.704  -45.786  -9.691 0.2000000030
23484  -44.153  -47.617  -11.369 0.2000000030
23482  -42.708  -47.637  -11.753 0.3000000119
23481  -41.686  -47.441  -11.736 0.3000000119
25800  -43.646  -45.164  -10.219 0.2000000030
25788  -44.674  -46.358  -9.938 0.2000000030
25822  -43.867  -46.537  -11.118 0.2000000030
23483  -43.564  -47.517  -11.629 0.3000000119
24663  -42.344  -46.948  -11.448 0.3000000119
31900  -41.588  -40.339  -13.495 0.3000000119
29562  -42.432  -41.589  -13.533 0.3000000119
29563  -43.057  -42.090  -13.010 0.3000000119
29564  -43.243  -43.320  -12.996 0.3000000119
32992  -39.603  -39.605  -12.950 0.3000000119
31899  -40.976  -39.929  -13.069 0.3000000119
30766  -42.438  -41.783  -12.229 0.3000000119
28319  -43.255  -44.257  -13.090 0.3000000119
35416  -36.659  -38.175  -13.947 0.2000000030
33012  -37.914  -39.279  -13.665 0.3000000119
27077  -43.879  -44.992  -12.467 0.2000000030
25841  -43.076  -45.985  -12.211 0.2000000030
35417  -36.911  -37.738  -14.548 0.2000000030
35429  -37.518  -37.550  -15.550 0.2000000030
36529  -37.303  -36.890  -14.687 0.2000000030
35453  -37.589  -37.001  -16.024 0.3000000119
36543  -37.684  -36.661  -15.439 0.3000000119
36570  -37.904  -36.515  -16.117 0.3000000119
37590  -38.982  -35.662  -15.465 0.2000000030
37620  -39.456  -35.457  -16.360 0.2000000030
37621  -40.360  -35.244  -16.745 0.2000000030
37622  -41.442  -34.782  -17.321 0.1000000015
34251  -44.986  -38.304  -18.755 0.1000000015
35491  -45.345  -37.286  -18.751 0.1000000015
36603  -46.722  -36.190  -18.627 0.1000000015
37664  -47.231  -35.272  -18.044 0.1000000015
33094  -45.636  -39.342  -18.799 0.1000000015
34252  -45.955  -38.304  -18.904 0.1000000015
35493  -47.296  -37.238  -18.880 0.1000000015
30852  -45.200  -41.458  -18.086 0.1000000015
31977  -45.351  -40.412  -18.641 0.1000000015
31978  -46.315  -40.345  -18.792 0.1000000015
33095  -46.597  -39.319  -18.918 0.1000000015
33096  -47.501  -39.291  -19.032 0.1000000015
29666  -46.032  -42.453  -17.857 0.1000000015
30855  -47.606  -41.284  -18.853 0.1000000015
29681  -47.662  -42.221  -18.956 0.1000000015
28433  -46.182  -43.337  -17.688 0.1000000015
28417  -46.308  -43.951  -17.735 0.1000000015
28435  -47.343  -43.653  -18.834 0.1000000015
27186  -47.722  -44.034  -18.987 0.1000000015
27185  -47.135  -44.356  -18.618 0.1000000015
25966  -46.457  -44.888  -19.419 0.1000000015
25988  -46.889  -44.756  -20.087 0.1000000015
28479  -47.301  -43.115  -21.047 0.1000000015
28524  -48.450  -42.168  -22.510 0.1000000015
25783  -40.964  -45.180  -8.992 0.3000000119
27020  -41.554  -44.305  -9.268 0.3000000119
27021  -42.465  -44.385  -9.694 0.3000000119
27036  -43.252  -44.521  -10.388 0.2000000030
27056  -44.967  -45.186  -11.505 0.2000000030
27078  -44.675  -45.415  -12.097 0.2000000030
28264  -41.972  -43.761  -9.890 0.3000000119
28282  -42.703  -43.695  -10.612 0.3000000119
28283  -43.493  -43.975  -11.168 0.3000000119
24679  -43.303  -46.055  -12.012 0.2000000030
31882  -39.450  -39.812  -12.337 0.3000000119
30745  -40.454  -41.384  -11.470 0.3000000119
29538  -41.849  -42.475  -11.334 0.3000000119
28301  -43.175  -43.266  -11.552 0.3000000119
27055  -44.594  -44.696  -12.021 0.2000000030
33010  -36.649  -39.133  -12.996 0.2000000030
32991  -38.683  -39.674  -12.585 0.3000000119
32965  -38.514  -39.973  -11.802 0.3000000119
35381  -36.758  -37.363  -12.999 0.2000000030
36493  -37.430  -36.941  -12.990 0.2000000030
36513  -37.715  -36.729  -13.824 0.2000000030
36530  -38.055  -36.469  -14.609 0.2000000030
36531  -38.939  -36.362  -14.495 0.3000000119
36545  -39.310  -35.959  -15.066 0.2000000030
37591  -39.489  -35.552  -15.572 0.2000000030
29682  -48.541  -42.349  -19.414 0.1000000015
27203  -48.179  -44.102  -19.541 0.1000000015
25968  -48.252  -44.470  -20.213 0.1000000015
27224  -47.515  -43.792  -20.879 0.1000000015
25767  -38.637  -45.641  -9.016 0.1000000015
27000  -38.244  -44.771  -9.076 0.2000000030
25768  -39.619  -45.527  -8.948 0.3000000119
27002  -39.903  -44.675  -8.924 0.3000000119
28261  -39.345  -43.539  -9.317 0.3000000119
29513  -39.863  -42.807  -9.635 0.3000000119
30729  -39.513  -41.703  -10.742 0.3000000119
29524  -40.252  -42.310  -10.166 0.3000000119
32963  -37.110  -39.916  -12.017 0.3000000119
31858  -37.326  -40.307  -11.478 0.3000000119
31837  -38.316  -40.895  -10.926 0.3000000119
31838  -38.886  -41.127  -10.912 0.3000000119
34133  -36.064  -38.531  -12.051 0.2000000030
35357  -37.179  -37.195  -11.876 0.2000000030
36467  -37.887  -36.811  -12.371 0.1000000015
36514  -38.539  -36.685  -13.790 0.2000000030
35360  -39.465  -37.140  -11.799 0.1000000015
36495  -38.970  -36.914  -12.996 0.2000000030
36515  -39.462  -36.917  -13.732 0.2000000030
36496  -39.878  -37.132  -12.804 0.2000000030
36516  -40.628  -36.881  -13.458 0.3000000119
28260  -38.468  -43.353  -9.389 0.3000000119
29512  -39.069  -42.673  -9.707 0.3000000119
30710  -37.869  -41.970  -10.009 0.3000000119
30711  -38.742  -42.037  -9.989 0.3000000119
32961  -35.893  -39.371  -11.462 0.3000000119
31836  -37.505  -40.752  -10.920 0.3000000119
30727  -37.671  -41.274  -10.374 0.3000000119
34113  -35.522  -38.650  -11.108 0.2000000030
35356  -36.327  -37.645  -11.221 0.2000000030
35310  -37.594  -37.624  -10.067 0.1000000015
35337  -38.803  -37.230  -11.028 0.1000000015
36452  -40.268  -36.977  -10.953 0.1000000015
36470  -40.051  -37.128  -11.862 0.1000000015
36497  -40.757  -36.768  -12.363 0.1000000015
29509  -36.349  -42.443  -9.495 0.3000000119
29508  -35.434  -42.377  -9.529 0.2000000030
30709  -37.010  -41.665  -9.809 0.3000000119
30708  -36.013  -41.534  -10.230 0.3000000119
34094  -35.129  -38.337  -10.400 0.2000000030
32943  -35.078  -39.436  -10.625 0.3000000119
30726  -36.869  -41.054  -10.409 0.3000000119
35308  -36.002  -37.823  -9.494 0.2000000030
34069  -35.260  -37.949  -9.634 0.2000000030
34047  -38.468  -37.848  -8.594 0.1000000015
34046  -37.255  -37.925  -8.782 0.1000000015
34024  -38.988  -37.993  -7.665 0.1000000015
34073  -39.063  -37.615  -9.393 0.1000000015
35312  -39.702  -37.241  -10.263 0.1000000015
34074  -40.126  -37.255  -9.192 0.1000000015
36437  -40.490  -36.844  -10.288 0.1000000015
35339  -41.416  -36.814  -10.159 0.1000000015
30707  -35.088  -41.540  -9.774 0.2000000030
31805  -33.964  -40.332  -9.305 0.2000000030
31820  -35.412  -41.047  -10.258 0.2000000030
32907  -34.575  -38.727  -9.025 0.2000000030
32942  -34.784  -40.004  -10.361 0.2000000030
34045  -36.132  -38.108  -8.782 0.1000000015
34070  -35.607  -38.009  -9.168 0.2000000030
34023  -37.889  -38.238  -7.764 0.1000000015
34048  -39.531  -37.570  -8.462 0.1000000015
34049  -40.650  -37.507  -8.386 0.1000000015
34075  -41.295  -37.271  -9.098 0.1000000015
35314  -41.699  -37.180  -9.712 0.1000000015
34004  -41.346  -38.417  -7.088 0.1000000015
34026  -41.102  -37.952  -7.623 0.1000000015
34051  -42.790  -38.281  -8.468 0.1000000015
32887  -42.554  -39.012  -7.005 0.1000000015
34028  -43.063  -38.728  -7.672 0.1000000015
22449  -32.250  -47.571  -16.583 0.4000000060
23564  -32.868  -47.129  -15.517 0.5000000000
24713  -33.070  -46.297  -15.351 0.5000000000
23577  -32.644  -47.406  -15.970 0.4000000060
24722  -32.456  -46.130  -16.183 0.5000000000
23576  -32.409  -46.984  -16.133 0.6000000238
21289  -33.672  -48.937  -16.279 0.5000000000
21263  -34.138  -48.855  -15.717 0.4000000060
22463  -31.944  -48.144  -17.086 0.5000000000
22464  -32.524  -48.682  -16.902 0.6000000238
21324  -32.124  -49.688  -18.193 0.5000000000
19047  -33.426  -51.399  -18.638 0.5000000000
27137  -33.540  -44.758  -16.705 0.4000000060
21371  -32.856  -49.363  -21.780 0.4000000060
21394  -33.318  -49.791  -22.308 0.4000000060
22524  -34.880  -48.310  -21.575 0.4000000060
22400  -34.538  -48.381  -14.107 0.5000000000
22450  -32.724  -48.066  -16.276 0.4000000060
27154  -33.987  -44.434  -16.884 0.3000000119
25938  -31.888  -45.691  -17.486 0.4000000060
23582  -31.502  -47.179  -17.536 0.6000000238
24725  -38.759  -46.976  -15.513 0.3000000119
25919  -36.552  -45.379  -16.502 0.4000000060
27173  -32.797  -44.788  -17.510 0.5000000000
24743  -31.668  -46.467  -18.702 0.6000000238
22476  -30.981  -48.203  -18.974 0.6000000238
21303  -31.673  -48.972  -17.768 0.6000000238
20162  -31.391  -49.817  -19.080 0.5000000000
28442  -34.573  -43.739  -18.422 0.4000000060
27174  -33.242  -44.305  -17.956 0.4000000060
25961  -32.526  -45.416  -18.688 0.5000000000
23591  -31.517  -47.160  -19.259 0.5000000000
21322  -30.777  -48.869  -19.188 0.5000000000
21355  -30.821  -49.107  -20.423 0.5000000000
21323  -31.262  -49.284  -18.729 0.5000000000
28412  -35.851  -43.903  -17.542 0.4000000060
27158  -37.325  -45.623  -17.738 0.4000000060
25962  -33.254  -45.187  -19.130 0.5000000000
24754  -32.618  -46.468  -19.818 0.5000000000
23601  -31.621  -47.442  -19.929 0.5000000000
28426  -36.279  -43.827  -18.216 0.4000000060
28427  -36.997  -44.398  -18.815 0.3000000119
27196  -34.955  -44.053  -19.369 0.5000000000
25983  -33.576  -45.485  -19.717 0.5000000000
22504  -32.479  -48.240  -20.811 0.4000000060
25984  -34.272  -45.186  -20.050 0.5000000000
24756  -34.308  -46.092  -20.534 0.4000000060
22505  -33.301  -48.042  -21.019 0.4000000060
23614  -33.899  -47.628  -21.067 0.4000000060
27220  -36.096  -44.131  -20.290 0.4000000060
23615  -34.626  -47.605  -21.171 0.4000000060
22352  -36.746  -48.291  -12.718 0.5000000000
22425  -34.935  -48.813  -14.840 0.4000000060
27092  -38.389  -44.071  -13.650 0.5000000000
21290  -34.560  -49.197  -16.396 0.5000000000
27141  -39.031  -43.689  -15.798 0.3000000119
28398  -40.050  -43.594  -16.422 0.2000000030
25892  -39.969  -45.616  -15.410 0.3000000119
25921  -38.451  -46.736  -17.079 0.4000000060
25907  -40.326  -46.141  -15.806 0.3000000119
25923  -40.658  -46.444  -17.112 0.3000000119
25943  -39.823  -46.364  -18.154 0.3000000119
28445  -37.237  -43.639  -19.343 0.3000000119
28429  -39.214  -44.580  -19.123 0.2000000030
29673  -37.731  -42.939  -19.586 0.3000000119
27221  -37.022  -44.081  -20.535 0.3000000119
29693  -37.871  -42.652  -19.960 0.2000000030
25987  -36.893  -44.912  -20.731 0.3000000119
26003  -36.581  -45.546  -20.810 0.4000000060
24766  -36.501  -46.411  -20.991 0.4000000060
27245  -38.177  -44.479  -21.030 0.2000000030
29715  -39.394  -42.782  -20.601 0.2000000030
27246  -39.040  -44.874  -21.310 0.2000000030
28520  -41.658  -43.486  -22.529 0.1000000015
30890  -43.035  -41.599  -21.742 0.1000000015
23504  -38.042  -47.751  -11.995 0.4000000060
23477  -37.789  -47.109  -11.499 0.4000000060
22376  -37.057  -48.936  -13.442 0.5000000000
21266  -36.711  -49.427  -15.505 0.4000000060
21264  -34.835  -48.917  -15.655 0.5000000000
27072  -38.565  -44.654  -12.639 0.5000000000
29646  -39.736  -42.339  -16.437 0.3000000119
30836  -40.339  -41.381  -16.333 0.2000000030
30842  -40.899  -41.023  -16.346 0.1000000015
28400  -42.367  -43.939  -16.097 0.2000000030
25944  -40.892  -46.310  -18.222 0.2000000030
27180  -40.072  -45.629  -18.901 0.2000000030
28447  -39.502  -43.646  -19.279 0.2000000030
28431  -41.505  -44.874  -19.226 0.1000000015
28432  -42.370  -44.875  -19.155 0.1000000015
28449  -41.764  -43.869  -19.179 0.1000000015
29676  -40.917  -42.960  -19.597 0.1000000015
29675  -39.767  -42.890  -19.581 0.2000000030
29695  -40.048  -42.358  -20.075 0.2000000030
28519  -40.610  -43.704  -22.204 0.1000000015
29740  -41.370  -42.733  -21.943 0.1000000015
32031  -43.996  -40.683  -22.432 0.1000000015
32048  -46.121  -40.462  -23.478 0.1000000015
21295  -39.524  -49.253  -16.392 0.3000000119
21294  -38.471  -49.572  -16.505 0.3000000119
22405  -40.488  -48.199  -14.410 0.3000000119
21270  -40.236  -48.912  -15.588 0.3000000119
22404  -39.641  -48.656  -14.396 0.3000000119
21250  -39.024  -48.959  -14.590 0.3000000119
21267  -37.739  -49.413  -15.536 0.3000000119
21233  -38.353  -48.992  -14.038 0.3000000119
22377  -37.990  -48.717  -13.410 0.3000000119
22356  -39.778  -47.978  -12.885 0.3000000119
22354  -38.457  -48.190  -12.783 0.3000000119
21248  -37.119  -49.231  -14.438 0.3000000119
24659  -38.227  -46.394  -11.149 0.4000000060
24660  -39.315  -46.422  -11.169 0.4000000060
23479  -39.657  -47.238  -11.557 0.4000000060
23505  -39.002  -47.752  -12.101 0.4000000060
29605  -40.330  -42.190  -15.005 0.4000000060
27053  -39.002  -44.900  -11.921 0.4000000060
25816  -38.863  -45.531  -11.441 0.4000000060
30796  -40.387  -41.280  -15.152 0.4000000060
33089  -41.121  -39.116  -18.033 0.1000000015
30844  -42.082  -41.398  -17.188 0.1000000015
30845  -42.921  -41.578  -17.296 0.1000000015
27160  -43.608  -45.017  -17.307 0.1000000015
27197  -43.067  -45.081  -18.781 0.1000000015
27184  -44.459  -45.402  -18.595 0.1000000015
29679  -43.638  -43.480  -20.072 0.1000000015
28475  -44.090  -43.606  -20.089 0.1000000015
29699  -44.664  -42.589  -20.810 0.1000000015
30874  -44.799  -41.705  -21.225 0.1000000015
30894  -46.983  -41.266  -22.045 0.1000000015
32035  -47.024  -40.890  -22.773 0.1000000015
22429  -41.932  -48.178  -15.355 0.2000000030
22406  -41.421  -47.942  -14.497 0.2000000030
22465  -40.946  -48.758  -16.466 0.2000000030
23528  -40.489  -47.852  -12.910 0.3000000119
28340  -41.523  -43.522  -13.959 0.3000000119
27073  -39.758  -44.944  -12.606 0.4000000060
33029  -41.046  -39.722  -14.290 0.3000000119
34239  -39.710  -38.037  -17.450 0.1000000015
33090  -41.747  -39.139  -18.235 0.1000000015
35480  -40.610  -37.266  -18.227 0.1000000015
35487  -42.151  -37.175  -18.730 0.1000000015
34248  -41.853  -38.192  -18.510 0.1000000015
33087  -42.220  -39.700  -17.898 0.1000000015
31974  -42.790  -39.985  -17.765 0.1000000015
34249  -42.908  -38.066  -18.738 0.1000000015
31975  -43.431  -40.045  -18.037 0.1000000015
25925  -44.311  -45.218  -17.513 0.1000000015
25926  -44.798  -45.318  -17.609 0.1000000015
27163  -45.986  -44.591  -17.671 0.1000000015
28477  -45.519  -43.272  -20.569 0.1000000015
22407  -42.384  -47.947  -14.595 0.2000000030
22359  -43.813  -48.182  -12.724 0.2000000030
22358  -43.239  -48.052  -12.927 0.2000000030
22382  -42.961  -47.907  -13.822 0.3000000119
22338  -43.381  -48.145  -12.075 0.2000000030
33015  -41.150  -39.776  -13.670 0.3000000119
30782  -42.312  -40.986  -14.101 0.3000000119
29586  -42.587  -43.155  -13.629 0.3000000119
34175  -37.035  -38.642  -14.381 0.3000000119
35479  -39.861  -37.274  -17.821 0.1000000015
36573  -40.531  -35.675  -17.727 0.1000000015
36592  -41.740  -36.062  -18.696 0.1000000015
37643  -42.437  -35.171  -18.255 0.1000000015
37660  -43.275  -35.585  -18.510 0.1000000015
37624  -44.001  -34.462  -16.689 0.1000000015
37645  -44.531  -34.717  -17.540 0.1000000015
37626  -45.731  -34.200  -16.179 0.1000000015
35489  -43.467  -37.217  -18.837 0.1000000015
36600  -43.833  -36.310  -18.850 0.1000000015
37662  -45.140  -35.346  -18.181 0.1000000015
37647  -46.716  -34.507  -16.958 0.1000000015
38716  -47.963  -34.347  -16.237 0.1000000015
38703  -48.288  -34.760  -15.824 0.1000000015
38717  -48.702  -34.559  -16.426 0.1000000015
33092  -43.641  -39.233  -18.535 0.1000000015
35490  -44.389  -37.278  -18.836 0.1000000015
36602  -45.730  -36.246  -18.574 0.1000000015
38718  -49.418  -34.537  -16.711 0.1000000015
33093  -44.642  -39.340  -18.695 0.1000000015
30851  -44.431  -41.265  -17.838 0.1000000015
29659  -45.305  -42.843  -17.593 0.1000000015
27164  -46.685  -44.501  -17.931 0.1000000015
27223  -46.802  -44.197  -20.475 0.1000000015
24622  -43.089  -46.236  -9.193 0.2000000030
25801  -44.068  -45.575  -10.372 0.2000000030
24667  -44.584  -46.848  -10.660 0.2000000030
25785  -42.919  -45.314  -9.609 0.3000000119
27057  -44.229  -45.674  -11.062 0.2000000030
31884  -41.170  -40.582  -12.400 0.3000000119
29540  -43.269  -42.943  -12.303 0.3000000119
30747  -42.215  -42.010  -11.783 0.3000000119
31862  -40.924  -40.967  -11.747 0.3000000119
29539  -42.931  -42.288  -11.774 0.3000000119
28302  -43.946  -43.851  -12.177 0.3000000119
33025  -36.828  -39.181  -13.467 0.3000000119
36512  -36.970  -37.047  -13.822 0.2000000030
32990  -37.581  -39.688  -12.700 0.3000000119
36544  -38.417  -35.984  -15.437 0.3000000119
36571  -38.592  -36.168  -16.591 0.2000000030
37593  -41.186  -34.927  -15.883 0.2000000030
37642  -41.631  -35.223  -18.264 0.1000000015
35492  -46.321  -37.267  -18.747 0.1000000015
37665  -48.436  -34.990  -18.415 0.1000000015
34253  -46.931  -38.293  -18.933 0.1000000015
30853  -46.100  -41.399  -18.547 0.1000000015
30854  -46.935  -41.223  -18.711 0.1000000015
29667  -46.908  -42.247  -18.615 0.1000000015
28434  -46.705  -43.461  -18.291 0.1000000015
28455  -47.259  -42.907  -18.878 0.1000000015
25967  -47.476  -44.774  -19.691 0.1000000015
25784  -41.977  -45.147  -9.083 0.3000000119
28262  -40.256  -43.443  -9.330 0.3000000119
28263  -41.199  -43.379  -9.587 0.3000000119
28300  -42.516  -42.982  -11.188 0.3000000119
28281  -41.845  -43.191  -10.544 0.3000000119
31860  -39.215  -40.470  -11.589 0.3000000119
30731  -41.295  -42.117  -11.083 0.3000000119
30744  -39.845  -41.133  -11.497 0.3000000119
30730  -40.712  -41.893  -10.883 0.3000000119
32989  -36.829  -39.570  -12.544 0.3000000119
32988  -36.345  -39.102  -12.204 0.3000000119
35380  -36.245  -37.791  -12.273 0.2000000030
32964  -37.893  -39.858  -11.933 0.3000000119
36494  -38.174  -36.739  -13.043 0.2000000030
36532  -39.940  -36.568  -14.469 0.2000000030
36546  -40.196  -35.937  -15.084 0.2000000030
36547  -41.087  -35.647  -15.092 0.2000000030
24604  -39.027  -46.672  -8.636 0.1000000015
28240  -37.924  -44.004  -9.066 0.2000000030
27001  -39.182  -44.590  -9.045 0.3000000119
29514  -40.579  -42.809  -9.700 0.3000000119
32987  -36.046  -38.925  -11.825 0.3000000119
31857  -36.577  -40.196  -11.490 0.3000000119
36468  -38.582  -36.851  -12.339 0.1000000015
35358  -38.201  -36.928  -11.676 0.1000000015
28259  -37.613  -43.305  -9.300 0.3000000119
29510  -37.283  -42.533  -9.513 0.3000000119
31835  -36.719  -40.676  -11.021 0.3000000119
35333  -35.516  -37.808  -10.199 0.2000000030
35334  -36.129  -37.663  -10.252 0.2000000030
35335  -36.954  -37.390  -10.635 0.2000000030
35336  -37.867  -37.286  -10.910 0.1000000015
35311  -38.526  -37.606  -10.232 0.1000000015
34072  -38.059  -37.870  -9.461 0.1000000015
34071  -37.429  -37.743  -9.473 0.1000000015
36453  -40.924  -36.673  -10.610 0.1000000015
30725  -36.329  -40.981  -10.697 0.3000000119
32927  -34.668  -38.746  -9.659 0.2000000030
35289  -36.648  -37.896  -9.103 0.1000000015
34025  -40.070  -37.867  -7.605 0.1000000015
35313  -40.780  -36.855  -9.682 0.1000000015
32926  -34.404  -39.716  -9.927 0.2000000030
34022  -36.613  -38.513  -7.669 0.1000000015
34050  -41.773  -37.750  -8.414 0.1000000015
34027  -42.055  -38.374  -7.495 0.1000000015
16930  -31.174  -53.088  -20.061 0.3000000119
17991  -31.736  -52.413  -19.488 0.3000000119
14822  -28.567  -55.044  -19.504 0.2000000030
13742  -28.133  -55.994  -19.258 0.2000000030
16920  -31.249  -53.459  -18.899 0.4000000060
15881  -30.216  -54.257  -19.324 0.3000000119
18007  -31.338  -52.181  -20.594 0.4000000060
16929  -30.672  -53.769  -19.674 0.3000000119
15866  -29.967  -54.581  -19.071 0.3000000119
16941  -30.592  -53.558  -20.623 0.4000000060
15893  -29.963  -54.115  -20.138 0.3000000119
14833  -28.327  -55.202  -20.512 0.2000000030
18025  -30.882  -52.156  -21.400 0.4000000060
16942  -30.944  -52.838  -20.980 0.4000000060
15892  -29.186  -54.707  -20.461 0.3000000119
14834  -28.893  -55.153  -21.038 0.3000000119
16958  -30.707  -53.250  -21.579 0.4000000060
15913  -30.186  -54.411  -21.390 0.3000000119
15912  -29.472  -55.041  -21.195 0.4000000060
14854  -29.848  -55.292  -21.618 0.3000000119
19098  -30.855  -52.293  -22.327 0.4000000060
18024  -30.692  -52.474  -21.936 0.4000000060
16972  -30.726  -53.779  -22.178 0.4000000060
20228  -31.599  -50.948  -22.281 0.4000000060
15930  -30.774  -54.545  -22.538 0.3000000119
20229  -32.421  -50.391  -22.360 0.4000000060
19108  -31.186  -52.236  -22.600 0.4000000060
18035  -30.918  -52.938  -22.430 0.4000000060
19109  -31.894  -51.633  -22.670 0.4000000060
18036  -31.692  -52.835  -23.120 0.4000000060
16973  -31.085  -53.703  -22.940 0.4000000060
18054  -32.003  -53.276  -23.584 0.4000000060
16986  -31.676  -53.720  -23.540 0.4000000060
15931  -31.231  -54.487  -23.446 0.3000000119
14874  -30.914  -55.358  -23.137 0.2000000030
19110  -33.059  -51.266  -22.813 0.4000000060
18037  -32.700  -52.274  -23.097 0.4000000060
18055  -32.522  -53.095  -23.419 0.4000000060
14886  -31.412  -55.303  -24.057 0.2000000030
13826  -30.939  -56.310  -23.753 0.3000000119
20230  -33.604  -50.373  -22.504 0.3000000119
16987  -32.312  -53.685  -23.812 0.3000000119
14896  -32.078  -55.232  -24.505 0.2000000030
15946  -31.903  -54.407  -24.158 0.2000000030
12754  -31.230  -57.598  -24.558 0.2000000030
20213  -34.159  -49.926  -22.308 0.3000000119
19111  -34.126  -51.116  -22.621 0.3000000119
18056  -33.397  -52.928  -23.142 0.4000000060
15969  -32.539  -54.874  -24.316 0.1000000015
20214  -34.842  -49.676  -22.347 0.3000000119
18057  -34.435  -52.766  -22.951 0.2000000030
16989  -33.990  -53.616  -23.283 0.2000000030
13841  -32.049  -56.289  -24.581 0.1000000015
18058  -35.562  -52.637  -22.909 0.2000000030
15949  -34.540  -54.336  -23.502 0.1000000015
15970  -33.224  -54.990  -24.112 0.1000000015
20215  -35.734  -49.436  -22.379 0.2000000030
19112  -34.947  -50.870  -22.567 0.3000000119
18039  -34.960  -51.757  -22.593 0.3000000119
22526  -36.786  -48.214  -21.719 0.2000000030
20216  -36.319  -49.263  -22.302 0.1000000015
20232  -35.382  -50.187  -22.521 0.3000000119
18040  -36.181  -51.730  -22.747 0.2000000030
16990  -35.019  -53.510  -23.225 0.1000000015
14898  -33.719  -55.705  -24.417 0.1000000015
13842  -33.322  -56.562  -24.878 0.1000000015
12755  -32.834  -57.616  -25.165 0.1000000015
21375  -36.880  -48.971  -22.085 0.2000000030
20233  -36.481  -49.887  -22.406 0.2000000030
19114  -36.864  -50.859  -22.616 0.2000000030
15972  -35.060  -54.971  -23.938 0.1000000015
11661  -32.243  -58.700  -25.515 0.1000000015
18059  -36.716  -52.525  -22.978 0.1000000015
15950  -35.544  -54.212  -23.603 0.1000000015
14900  -35.549  -55.563  -24.409 0.1000000015
13843  -34.292  -56.414  -24.692 0.1000000015
13866  -34.112  -57.216  -24.999 0.1000000015
144652  -32.008  -59.772  -26.365 0.1000000015
16991  -36.100  -53.408  -23.258 0.1000000015
13844  -35.161  -56.298  -24.666 0.1000000015
144639  -33.999  -58.579  -25.620 0.1000000015
35418  -41.561  -36.811  -13.530 0.2000000030
23618  -37.590  -47.442  -21.628 0.2000000030
22527  -37.505  -48.254  -21.947 0.1000000015
20234  -37.559  -49.975  -22.648 0.1000000015
18041  -37.238  -51.637  -22.899 0.1000000015
16992  -37.236  -53.337  -23.313 0.1000000015
15951  -36.571  -54.113  -23.713 0.1000000015
11662  -33.609  -58.797  -25.740 0.1000000015
13865  -33.548  -57.372  -25.098 0.1000000015
15879  -28.892  -54.700  -19.856 0.3000000119
16959  -30.776  -52.686  -21.490 0.4000000060
19099  -30.912  -51.559  -22.159 0.4000000060
18038  -33.766  -52.023  -22.867 0.3000000119
16988  -33.100  -53.628  -23.620 0.2000000030
20231  -34.502  -50.363  -22.486 0.3000000119
15947  -32.781  -54.266  -24.068 0.2000000030
14897  -32.808  -55.577  -24.543 0.1000000015
15948  -33.598  -54.331  -23.715 0.1000000015
15971  -34.101  -55.093  -23.841 0.1000000015
19113  -35.798  -50.894  -22.560 0.3000000119
14899  -34.637  -55.680  -24.310 0.1000000015
21376  -37.576  -48.770  -22.272 0.1000000015
15973  -36.020  -54.843  -24.086 0.1000000015
18042  -37.823  -51.523  -23.105 0.1000000015
17968  -34.383  -52.840  -17.897 0.3000000119
16923  -33.622  -52.570  -18.011 0.2000000030
16914  -33.904  -53.161  -17.806 0.3000000119
16913  -33.005  -53.325  -17.672 0.2000000030
17978  -34.132  -52.272  -18.227 0.2000000030
15855  -32.480  -54.047  -17.589 0.2000000030
17967  -32.652  -52.724  -17.948 0.2000000030
16912  -32.116  -53.160  -17.859 0.2000000030
14804  -32.875  -54.875  -17.834 0.1000000015
15854  -31.498  -53.967  -17.743 0.2000000030
14803  -31.871  -54.752  -17.730 0.1000000015
17976  -32.177  -52.489  -18.506 0.3000000119
14814  -32.295  -55.458  -18.194 0.1000000015
16911  -31.468  -53.446  -18.121 0.2000000030
14813  -31.275  -55.350  -18.108 0.1000000015
14802  -31.004  -54.632  -17.894 0.1000000015
14812  -30.445  -55.141  -18.399 0.1000000015
13745  -31.035  -56.645  -18.863 0.1000000015
13730  -30.674  -55.885  -18.577 0.1000000015
13729  -29.755  -55.717  -18.719 0.1000000015
12670  -30.378  -57.302  -19.072 0.1000000015
13744  -29.999  -56.525  -18.770 0.1000000015
19046  -32.438  -51.456  -18.990 0.3000000119
16921  -31.710  -53.053  -18.382 0.2000000030
15868  -31.123  -53.863  -18.192 0.2000000030
15853  -30.975  -54.155  -18.005 0.2000000030
15867  -30.601  -54.350  -18.612 0.2000000030
13743  -28.990  -56.331  -18.802 0.1000000015
11584  -29.753  -57.946  -19.309 0.1000000015
17992  -32.137  -52.039  -19.158 0.2000000030
14811  -29.597  -54.952  -18.857 0.2000000030
12669  -29.288  -57.211  -18.948 0.1000000015
16919  -30.692  -53.981  -19.092 0.3000000119
14823  -29.104  -54.904  -19.202 0.2000000030
13728  -28.945  -55.499  -18.934 0.1000000015
11583  -28.572  -57.952  -19.273 0.1000000015
12668  -28.242  -56.996  -19.233 0.1000000015
11582  -27.274  -57.760  -19.939 0.1000000015
13760  -27.460  -56.200  -20.276 0.1000000015
14821  -27.824  -55.606  -19.922 0.1000000015
12667  -27.519  -56.644  -19.717 0.1000000015
19066  -31.898  -51.619  -19.446 0.2000000030
14851  -27.888  -55.655  -21.118 0.1000000015
14832  -27.702  -55.756  -20.616 0.1000000015
13778  -27.960  -55.844  -21.754 0.1000000015
144619  -27.083  -58.828  -20.323 0.1000000015
144621  -26.683  -57.492  -20.768 0.1000000015
12686  -27.035  -56.866  -20.507 0.1000000015
13777  -27.278  -56.307  -21.279 0.1000000015
13776  -26.793  -56.824  -21.893 0.1000000015
17977  -33.100  -52.239  -18.320 0.2000000030
17975  -31.727  -52.866  -18.796 0.3000000119
17966  -32.290  -52.737  -18.024 0.2000000030
144625  -26.813  -56.839  -21.311 0.1000000015
144624  -26.771  -57.063  -20.987 0.1000000015
14853  -29.163  -55.541  -21.619 0.2000000030
144636  -27.736  -57.571  -23.145 0.1000000015
144629  -27.179  -57.658  -23.137 0.1000000015
11660  -26.885  -58.665  -24.027 0.1000000015
12720  -28.604  -56.588  -22.632 0.2000000030
144637  -28.488  -57.268  -23.092 0.2000000030
144635  -27.914  -58.283  -23.783 0.2000000030
10783  -27.495  -59.042  -24.764 0.1000000015
12753  -29.581  -58.093  -24.083 0.1000000015
13804  -29.128  -56.155  -22.325 0.2000000030
144642  -29.071  -56.741  -22.804 0.1000000015
144640  -28.316  -58.916  -24.532 0.1000000015
144641  -28.842  -58.632  -24.396 0.1000000015
14872  -29.730  -55.747  -22.020 0.2000000030
12738  -29.524  -57.038  -23.298 0.1000000015
13824  -29.582  -56.534  -22.807 0.1000000015
12739  -30.280  -57.107  -23.783 0.1000000015
14873  -30.373  -55.410  -22.232 0.2000000030
13805  -29.979  -56.138  -22.501 0.2000000030
13806  -30.551  -56.002  -22.901 0.2000000030
13825  -30.162  -56.534  -23.162 0.1000000015
144655  -29.773  -58.655  -24.774 0.1000000015
13779  -28.588  -55.792  -21.906 0.1000000015
12719  -28.057  -56.609  -22.642 0.1000000015
16915  -34.683  -53.296  -17.750 0.1000000015
21296  -40.284  -48.965  -16.157 0.2000000030
21331  -40.102  -49.351  -18.374 0.1000000015
24623  -43.876  -46.601  -9.262 0.1000000015
23550  -43.581  -48.462  -14.381 0.1000000015
23566  -43.248  -48.290  -15.512 0.1000000015
23485  -44.700  -47.900  -11.058 0.1000000015
23548  -43.119  -47.962  -14.772 0.1000000015
23450  -42.797  -47.526  -8.718 0.2000000030
23452  -44.208  -47.735  -9.230 0.1000000015
20094  -43.564  -49.979  -12.887 0.1000000015
24621  -42.267  -46.043  -9.039 0.2000000030
24624  -44.544  -46.756  -9.559 0.1000000015
22316  -45.014  -48.423  -9.790 0.1000000015
21197  -44.420  -48.867  -11.749 0.1000000015
21213  -44.320  -48.880  -12.651 0.1000000015
21235  -44.217  -49.075  -13.254 0.1000000015
21311  -39.330  -49.497  -17.412 0.1000000015
23531  -43.610  -48.225  -14.035 0.1000000015
22340  -44.503  -48.345  -11.360 0.1000000015
23461  -45.359  -47.865  -10.411 0.1000000015
24620  -41.403  -45.983  -8.981 0.2000000030
21312  -40.581  -48.928  -17.304 0.1000000015
22430  -43.412  -48.810  -15.516 0.1000000015
21253  -43.639  -49.803  -13.969 0.1000000015
21181  -45.954  -48.781  -11.119 0.1000000015
22315  -44.307  -48.653  -9.492 0.1000000015
17979  -35.370  -52.134  -18.527 0.1000000015
29507  -34.568  -42.346  -9.340 0.1000000015
28256  -34.910  -43.092  -9.367 0.1000000015
27016  -36.166  -44.021  -9.166 0.1000000015
26998  -36.523  -44.579  -8.987 0.1000000015
24602  -37.209  -46.412  -8.542 0.1000000015
28257  -35.693  -43.382  -9.221 0.1000000015
28238  -36.750  -43.998  -9.038 0.1000000015
28235  -33.345  -43.234  -8.299 0.1000000015
26995  -33.714  -44.022  -8.422 0.1000000015
26980  -34.619  -44.985  -8.298 0.1000000015
25752  -35.079  -45.698  -8.362 0.1000000015
29497  -33.742  -42.271  -8.814 0.1000000015
28236  -34.165  -43.321  -8.934 0.1000000015
26997  -35.423  -44.544  -8.785 0.1000000015
25764  -35.980  -45.610  -8.644 0.1000000015
24591  -36.727  -47.000  -8.009 0.1000000015
30695  -33.596  -41.083  -8.469 0.1000000015
25736  -33.582  -45.856  -7.459 0.1000000015
29487  -32.939  -42.222  -6.929 0.1000000015
28223  -33.029  -43.162  -7.428 0.1000000015
26978  -33.059  -44.304  -7.743 0.1000000015
25750  -33.498  -45.226  -7.710 0.1000000015
29496  -33.148  -42.193  -7.957 0.1000000015
24589  -34.771  -46.400  -7.963 0.1000000015
32883  -33.822  -39.583  -8.208 0.1000000015
28213  -32.821  -43.086  -5.904 0.1000000015
26977  -32.789  -43.816  -7.004 0.1000000015
26963  -32.681  -44.492  -6.900 0.1000000015
29473  -32.869  -42.019  -6.269 0.1000000015
30683  -33.347  -41.264  -7.384 0.1000000015
31789  -34.085  -39.998  -6.996 0.1000000015
32906  -34.119  -39.249  -8.814 0.1000000015
36533  -41.070  -36.389  -14.316 0.1000000015
36534  -41.840  -36.193  -14.656 0.1000000015
36549  -43.151  -35.636  -15.198 0.1000000015
31768  -34.528  -40.500  -6.342 0.1000000015
32884  -34.481  -39.290  -7.585 0.1000000015
34021  -35.430  -38.599  -8.040 0.1000000015
37592  -40.253  -35.296  -15.722 0.1000000015
35419  -42.311  -36.971  -14.001 0.1000000015
36550  -44.349  -35.708  -15.098 0.1000000015
28222  -32.869  -43.154  -6.641 0.1000000015
26962  -32.528  -43.964  -6.265 0.1000000015
25735  -32.928  -45.347  -7.117 0.1000000015
37594  -42.315  -34.682  -15.869 0.1000000015
25766  -37.707  -45.660  -9.019 0.1000000015
24603  -38.065  -46.481  -8.604 0.1000000015
26999  -37.395  -44.764  -9.016 0.1000000015
30696  -34.235  -41.377  -9.358 0.1000000015
36548  -42.048  -35.538  -15.180 0.1000000015
25765  -36.852  -45.589  -8.848 0.1000000015
24601  -36.472  -46.292  -8.424 0.1000000015
31767  -33.787  -40.652  -6.923 0.1000000015
35431  -42.787  -36.428  -14.681 0.1000000015
37595  -43.532  -34.648  -15.691 0.1000000015
24768  -38.314  -46.572  -21.599 0.1000000015
24777  -38.709  -46.886  -21.921 0.1000000015
26006  -38.921  -45.814  -21.587 0.1000000015
16926  -37.209  -53.232  -18.713 0.1000000015
15872  -36.784  -54.117  -18.698 0.1000000015
15871  -35.460  -54.426  -18.271 0.1000000015
15873  -37.396  -53.845  -19.059 0.1000000015
15883  -36.225  -54.835  -19.139 0.1000000015
16925  -36.210  -53.231  -18.314 0.1000000015
16932  -38.300  -53.403  -19.872 0.1000000015
16931  -37.803  -53.395  -19.304 0.1000000015
15884  -37.544  -54.403  -19.848 0.1000000015
15885  -38.344  -53.816  -20.320 0.1000000015
17993  -38.221  -52.922  -19.509 0.1000000015
15895  -38.849  -54.358  -20.688 0.1000000015
15803  -42.206  -54.353  -13.809 0.1000000015
15802  -41.125  -54.110  -13.985 0.1000000015
15862  -41.717  -54.769  -17.185 0.1000000015
14806  -40.593  -55.839  -17.633 0.1000000015
14819  -40.731  -55.453  -18.083 0.1000000015
14830  -40.430  -55.791  -19.138 0.1000000015
16924  -35.343  -53.248  -17.960 0.1000000015
13752  -39.842  -56.478  -19.507 0.1000000015
13767  -39.984  -56.400  -19.962 0.1000000015
15894  -38.043  -54.796  -20.692 0.1000000015
15857  -34.498  -54.016  -17.749 0.1000000015
12695  -39.537  -57.432  -20.590 0.1000000015
12709  -39.588  -57.244  -21.037 0.1000000015
13784  -39.577  -56.377  -21.032 0.1000000015
14838  -38.495  -55.434  -20.980 0.1000000015
14839  -39.320  -55.181  -20.978 0.1000000015
16944  -39.902  -53.484  -20.796 0.1000000015
16943  -38.935  -53.308  -20.450 0.1000000015
15856  -33.539  -54.266  -17.764 0.1000000015
11610  -39.447  -57.869  -20.503 0.1000000015
12708  -39.575  -57.228  -21.591 0.1000000015
14856  -39.734  -55.646  -20.993 0.1000000015
15896  -40.162  -54.648  -20.897 0.1000000015
15819  -41.721  -53.986  -14.921 0.1000000015
15834  -42.245  -53.843  -15.955 0.1000000015
17981  -37.841  -52.382  -19.147 0.1000000015
17980  -36.680  -52.243  -18.741 0.1000000015
15876  -41.304  -54.974  -17.871 0.1000000015
15858  -35.046  -53.789  -17.824 0.1000000015
13785  -39.898  -56.225  -20.464 0.1000000015
14857  -40.099  -55.707  -20.710 0.1000000015
15914  -40.185  -55.282  -20.823 0.1000000015
14858  -40.453  -55.647  -20.400 0.1000000015
15915  -40.590  -55.209  -20.650 0.1000000015
16945  -40.967  -53.591  -20.741 0.1000000015
15801  -39.979  -54.233  -13.737 0.1000000015
15818  -40.494  -54.247  -14.865 0.1000000015
15787  -39.320  -53.895  -13.140 0.1000000015
16858  -38.925  -53.601  -12.495 0.1000000015
19052  -38.203  -51.477  -19.043 0.1000000015
15833  -41.007  -53.966  -15.910 0.1000000015
15844  -41.535  -54.074  -16.826 0.1000000015
17994  -38.687  -52.444  -19.924 0.1000000015
15861  -41.096  -54.390  -17.589 0.1000000015
15888  -41.151  -55.067  -18.752 0.1000000015
15898  -41.096  -55.197  -19.635 0.1000000015
14840  -40.577  -55.832  -19.974 0.1000000015
15897  -41.124  -54.570  -20.325 0.1000000015
15916  -40.875  -55.315  -20.225 0.1000000015
15786  -38.798  -53.846  -13.092 0.1000000015
17982  -38.414  -51.933  -19.446 0.1000000015
15800  -38.604  -54.134  -13.708 0.1000000015
16857  -37.886  -53.611  -12.445 0.1000000015
16846  -38.286  -53.552  -11.508 0.1000000015
19082  -39.460  -51.829  -20.213 0.1000000015
19067  -38.927  -51.469  -19.612 0.1000000015
15832  -39.766  -54.420  -15.811 0.1000000015
15817  -39.222  -54.352  -14.757 0.1000000015
18008  -39.640  -52.529  -20.606 0.1000000015
15843  -40.302  -54.341  -16.938 0.1000000015
16934  -41.647  -53.606  -20.041 0.1000000015
15875  -41.205  -54.371  -18.381 0.1000000015
15887  -41.359  -54.255  -19.319 0.1000000015
16870  -37.700  -53.828  -13.294 0.1000000015
15816  -38.039  -54.220  -14.754 0.1000000015
19083  -40.330  -51.838  -20.402 0.1000000015
19050  -36.164  -51.165  -18.851 0.1000000015
18010  -41.459  -52.664  -20.318 0.1000000015
15874  -40.985  -53.868  -18.735 0.1000000015
15860  -40.303  -54.192  -18.122 0.1000000015
19084  -41.251  -51.878  -20.415 0.1000000015
20187  -40.379  -50.628  -19.336 0.1000000015
19085  -41.604  -52.025  -20.124 0.1000000015
15831  -38.599  -54.333  -15.643 0.1000000015
17996  -41.560  -52.824  -19.527 0.1000000015
18011  -41.674  -52.191  -19.846 0.1000000015
15886  -41.352  -53.746  -19.078 0.1000000015
16933  -41.416  -53.492  -19.417 0.1000000015
16916  -39.613  -53.623  -18.002 0.1000000015
16917  -40.298  -53.519  -18.750 0.1000000015
19069  -40.889  -51.323  -19.753 0.1000000015
20188  -41.457  -50.333  -19.335 0.1000000015
17985  -41.610  -51.964  -18.778 0.1000000015
19053  -41.814  -51.502  -18.942 0.1000000015
15815  -37.585  -53.906  -14.567 0.1000000015
17962  -40.089  -52.395  -17.805 0.1000000015
17972  -40.759  -52.398  -18.341 0.1000000015
17983  -40.856  -52.924  -18.952 0.1000000015
15859  -39.533  -54.165  -17.486 0.1000000015
21344  -42.520  -49.917  -18.973 0.1000000015
19071  -42.076  -51.082  -19.073 0.1000000015
19036  -41.160  -52.091  -18.111 0.1000000015
16869  -37.199  -53.436  -13.900 0.1000000015
17970  -39.300  -53.176  -17.594 0.1000000015
15842  -39.068  -54.319  -16.638 0.1000000015
20173  -42.554  -50.237  -18.130 0.1000000015
16890  -37.934  -54.011  -15.441 0.1000000015
16805  -36.725  -53.496  -8.962 0.1000000015
16827  -36.839  -53.202  -9.650 0.1000000015
17881  -36.917  -53.131  -10.996 0.1000000015
16828  -37.421  -53.505  -10.497 0.1000000015
12677  -39.755  -56.743  -19.919 0.1000000015
12710  -39.654  -56.827  -20.456 0.1000000015
13783  -39.351  -56.486  -21.404 0.1000000015
14855  -39.150  -55.840  -21.223 0.1000000015
18009  -40.667  -52.615  -20.774 0.1000000015
19070  -41.731  -51.417  -19.622 0.1000000015
17971  -39.857  -52.854  -18.325 0.1000000015
20189  -42.366  -50.439  -19.043 0.1000000015
16806  -37.216  -53.777  -9.409 0.1000000015
5599  -24.506  -66.171  -27.771 0.1000000015
5596  -20.338  -66.569  -26.841 0.1000000015
5586  -20.279  -66.831  -26.045 0.1000000015
5587  -20.862  -66.053  -26.259 0.1000000015
6300  -21.523  -65.449  -25.657 0.1000000015
4856  -22.958  -67.730  -27.201 0.1000000015
5611  -20.353  -66.626  -27.941 0.1000000015
4900  -21.089  -67.256  -29.717 0.1000000015
4917  -21.169  -67.422  -30.886 0.1000000015
6310  -24.841  -65.134  -26.901 0.1000000015
6323  -25.136  -65.595  -27.681 0.1000000015
6324  -25.851  -65.299  -27.778 0.1000000015
6303  -23.992  -65.234  -26.206 0.1000000015
5578  -22.033  -66.201  -25.159 0.1000000015
4832  -23.044  -66.638  -25.666 0.1000000015
5598  -23.638  -66.736  -26.879 0.1000000015
5600  -25.324  -65.828  -28.251 0.1000000015
5597  -21.110  -65.990  -27.260 0.1000000015
4843  -22.316  -67.818  -26.030 0.1000000015
4830  -21.702  -67.162  -25.340 0.1000000015
5612  -21.388  -66.048  -28.198 0.1000000015
4901  -21.899  -66.896  -29.786 0.1000000015
4918  -22.553  -66.670  -30.610 0.1000000015
4930  -22.650  -67.171  -32.065 0.1000000015
7022  -29.118  -64.066  -23.858 0.1000000015
7040  -28.951  -64.557  -25.581 0.1000000015
7774  -28.546  -63.821  -23.262 0.1000000015
6311  -25.561  -64.964  -27.095 0.1000000015
7077  -25.848  -64.942  -27.130 0.1000000015
7078  -26.345  -64.942  -27.116 0.1000000015
7060  -27.597  -64.611  -26.338 0.1000000015
7039  -27.930  -64.441  -25.395 0.1000000015
7079  -27.236  -64.909  -27.112 0.1000000015
6309  -24.127  -64.635  -26.180 0.1000000015
6342  -26.529  -65.491  -28.394 0.1000000015
6301  -22.480  -65.230  -25.320 0.1000000015
6302  -23.444  -64.898  -25.625 0.1000000015
4883  -21.363  -66.865  -29.221 0.1000000015
8489  -28.137  -62.856  -22.414 0.1000000015
7021  -28.186  -64.247  -23.803 0.1000000015
7761  -28.939  -63.247  -22.729 0.1000000015
7059  -26.647  -64.654  -26.352 0.1000000015
7788  -26.080  -63.693  -25.166 0.1000000015
7806  -26.930  -64.190  -25.702 0.1000000015
7805  -26.065  -63.988  -25.842 0.1000000015
7058  -25.683  -64.595  -26.511 0.1000000015
7036  -22.067  -64.627  -25.620 0.1000000015
7074  -21.603  -64.931  -26.871 0.1000000015
6321  -21.575  -65.236  -27.381 0.1000000015
6358  -21.966  -65.651  -28.708 0.1000000015
5636  -22.267  -65.806  -29.275 0.1000000015
7038  -23.255  -64.407  -25.813 0.1000000015
7027  -27.650  -64.376  -24.273 0.1000000015
7037  -22.857  -64.453  -25.669 0.1000000015
7041  -29.866  -64.423  -25.321 0.1000000015
7057  -24.704  -64.130  -26.222 0.1000000015
7813  -23.879  -62.838  -26.774 0.1000000015
8529  -23.880  -62.401  -26.853 0.1000000015
9297  -23.190  -60.972  -27.439 0.1000000015
7781  -26.320  -63.758  -24.103 0.1000000015
7787  -25.889  -63.041  -25.790 0.1000000015
7803  -24.407  -63.035  -26.379 0.1000000015
8512  -25.120  -62.088  -25.912 0.1000000015
8523  -23.663  -61.674  -26.782 0.1000000015
8513  -25.412  -62.419  -25.329 0.1000000015
8506  -25.980  -62.938  -24.681 0.1000000015
8514  -25.876  -62.956  -25.299 0.1000000015
9269  -24.756  -61.783  -25.495 0.1000000015
8525  -25.218  -62.616  -26.057 0.1000000015
8528  -23.553  -61.914  -27.660 0.1000000015
8524  -24.535  -62.080  -26.330 0.1000000015
4831  -22.588  -66.901  -25.429 0.1000000015
4842  -21.301  -67.768  -25.842 0.1000000015
4844  -23.118  -67.150  -26.072 0.1000000015
5577  -21.135  -66.560  -25.610 0.1000000015
5579  -22.995  -66.013  -25.435 0.1000000015
5580  -23.626  -65.702  -25.870 0.1000000015
5588  -23.490  -66.406  -25.973 0.1000000015
5589  -24.025  -65.897  -26.565 0.1000000015
5613  -21.787  -65.793  -28.552 0.1000000015
5634  -21.095  -66.694  -28.611 0.1000000015
5635  -21.863  -66.112  -29.097 0.1000000015
5651  -22.546  -66.024  -29.716 0.1000000015
6308  -21.337  -65.354  -26.591 0.1000000015
6322  -21.813  -64.958  -27.711 0.1000000015
6338  -21.488  -65.657  -27.765 0.1000000015
6339  -21.853  -65.379  -28.180 0.1000000015
6359  -22.381  -65.327  -28.975 0.1000000015
7020  -27.638  -64.235  -23.776 0.1000000015
7028  -28.838  -64.433  -24.628 0.1000000015
7054  -21.691  -64.735  -26.323 0.1000000015
7075  -21.907  -64.520  -27.280 0.1000000015
7086  -21.972  -64.797  -27.982 0.1000000015
7097  -29.077  -63.470  -30.585 0.1000000015
7109  -29.264  -63.023  -30.741 0.1000000015
7760  -27.869  -63.457  -22.884 0.1000000015
7782  -26.934  -64.220  -24.065 0.1000000015
7789  -26.902  -64.281  -24.823 0.1000000015
7804  -25.355  -63.527  -26.045 0.1000000015
7818  -32.160  -62.084  -28.924 0.1000000015
7820  -33.717  -62.320  -29.208 0.1000000015
7827  -29.372  -62.975  -29.700 0.1000000015
7832  -33.752  -62.470  -29.386 0.1000000015
7846  -32.755  -61.901  -29.373 0.1000000015
7855  -29.232  -62.821  -31.203 0.1000000015
7858  -31.591  -61.722  -30.265 0.1000000015
7865  -28.971  -62.720  -32.288 0.1000000015
7868  -30.944  -61.732  -31.107 0.1000000015
7875  -29.388  -62.164  -32.699 0.1000000015
8530  -29.781  -62.163  -28.174 0.1000000015
8539  -27.850  -62.452  -28.918 0.1000000015
8542  -30.118  -62.318  -28.635 0.1000000015
8547  -34.304  -61.990  -28.631 0.1000000015
8553  -28.193  -63.001  -29.331 0.1000000015
8556  -30.288  -62.352  -28.968 0.1000000015
8557  -33.570  -62.256  -29.411 0.1000000015
8569  -32.114  -61.648  -29.796 0.1000000015
8572  -34.354  -61.366  -29.614 0.1000000015
8582  -32.039  -61.610  -30.565 0.1000000015
8584  -33.454  -61.086  -30.312 0.1000000015
8591  -30.661  -61.682  -31.819 0.1000000015
8592  -31.252  -61.596  -31.604 0.1000000015
8601  -30.354  -61.556  -32.389 0.1000000015
8607  -29.844  -61.563  -33.123 0.1000000015
9286  -30.416  -61.405  -27.530 0.1000000015
9302  -30.750  -61.806  -27.747 0.1000000015
9303  -31.366  -61.604  -27.633 0.1000000015
9352  -33.393  -61.152  -30.922 0.1000000015
9353  -33.906  -60.810  -30.797 0.1000000015
9360  -31.915  -61.151  -31.778 0.1000000015
9372  -30.662  -61.266  -32.809 0.1000000015
9374  -32.054  -60.781  -31.986 0.1000000015
10010  -36.920  -60.429  -25.357 0.1000000015
10011  -37.506  -60.240  -25.491 0.1000000015
10012  -37.985  -59.899  -25.652 0.1000000015
10037  -37.229  -60.475  -26.589 0.1000000015
10050  -37.269  -59.557  -27.307 0.1000000015
10064  -37.263  -59.295  -27.608 0.1000000015
10087  -35.321  -60.268  -29.189 0.1000000015
10100  -33.213  -60.675  -32.117 0.1000000015
10107  -30.997  -60.462  -33.131 0.1000000015
10115  -30.359  -60.474  -33.792 0.1000000015
10786  -37.111  -59.878  -25.236 0.1000000015
10821  -38.651  -58.635  -26.673 0.1000000015
10881  -30.907  -59.942  -33.353 0.1000000015
10883  -32.700  -59.535  -32.703 0.1000000015
11680  -39.927  -57.796  -25.801 0.1000000015
11718  -32.537  -58.098  -29.624 0.1000000015
11731  -31.715  -57.576  -30.130 0.1000000015
11752  -37.174  -57.200  -30.674 0.1000000015
11768  -32.538  -58.640  -32.282 0.1000000015
11769  -33.411  -59.226  -31.654 0.1000000015
11770  -35.997  -57.168  -31.640 0.1000000015
11792  -32.541  -58.930  -32.889 0.1000000015
11794  -36.406  -56.784  -32.639 0.1000000015
11818  -35.572  -57.224  -32.963 0.1000000015
11819  -35.903  -57.218  -32.845 0.1000000015
11820  -36.102  -57.132  -33.000 0.1000000015
11841  -35.766  -57.219  -33.240 0.1000000015
12696  -39.645  -56.944  -20.125 0.1000000015
12702  -26.926  -56.751  -21.004 0.1000000015
12767  -34.723  -57.761  -25.262 0.2000000030
12769  -36.039  -57.491  -25.246 0.2000000030
12775  -40.670  -56.543  -26.453 0.1000000015
12794  -33.242  -57.050  -27.764 0.1000000015
12806  -39.596  -56.551  -28.159 0.1000000015
12818  -39.206  -57.500  -29.648 0.1000000015
12835  -38.934  -57.003  -30.168 0.1000000015
12854  -37.186  -56.777  -30.998 0.1000000015
12856  -38.249  -56.579  -30.357 0.1000000015
12873  -31.465  -57.815  -32.354 0.1000000015
12876  -37.223  -56.429  -31.266 0.1000000015
12895  -35.124  -57.018  -32.861 0.1000000015
12896  -36.402  -56.890  -32.900 0.1000000015
12897  -36.673  -56.590  -32.755 0.1000000015
12918  -35.586  -56.910  -33.183 0.1000000015
12919  -35.963  -57.290  -33.376 0.1000000015
12920  -36.265  -57.054  -33.344 0.1000000015
12935  -35.784  -57.141  -33.533 0.1000000015
12936  -35.883  -57.252  -33.720 0.1000000015
12937  -36.099  -57.222  -33.681 0.1000000015
13741  -27.673  -56.095  -19.747 0.1000000015
13803  -28.307  -56.151  -22.310 0.1000000015
13869  -36.465  -56.851  -25.075 0.2000000030
13875  -41.643  -55.370  -26.105 0.1000000015
13906  -40.264  -55.777  -27.169 0.1000000015
13943  -33.824  -56.392  -28.920 0.1000000015
13946  -39.875  -55.618  -28.803 0.1000000015
13964  -39.204  -56.201  -29.862 0.1000000015
13976  -34.631  -57.118  -31.726 0.1000000015
13979  -38.830  -55.830  -30.014 0.1000000015
13999  -37.179  -55.958  -31.390 0.1000000015
14023  -36.238  -56.030  -33.293 0.1000000015
14025  -37.100  -56.236  -32.784 0.1000000015
14026  -37.112  -55.824  -32.426 0.1000000015
14051  -35.948  -56.640  -33.431 0.1000000015
14053  -37.223  -56.280  -33.383 0.1000000015
14073  -35.773  -56.896  -33.531 0.1000000015
14074  -35.957  -56.918  -33.864 0.1000000015
14075  -36.197  -57.078  -33.867 0.1000000015
14810  -29.002  -55.094  -19.068 0.1000000015
14852  -28.448  -55.492  -21.341 0.1000000015
14918  -41.292  -55.303  -25.422 0.1000000015
14958  -40.945  -54.874  -27.495 0.1000000015
15012  -38.563  -55.554  -30.327 0.1000000015
15033  -37.534  -55.610  -31.162 0.1000000015
15034  -37.933  -55.285  -30.650 0.1000000015
15055  -35.759  -55.283  -33.462 0.1000000015
15057  -37.309  -55.522  -32.173 0.1000000015
15058  -37.453  -55.320  -32.121 0.1000000015
15076  -37.349  -55.745  -33.980 0.1000000015
15077  -37.672  -55.592  -33.116 0.1000000015
15078  -37.495  -55.275  -32.593 0.1000000015
15090  -37.348  -55.411  -33.583 0.1000000015
15091  -37.640  -55.344  -33.547 0.1000000015
15798  -37.457  -53.716  -14.378 0.1000000015
15799  -37.625  -54.036  -14.091 0.1000000015
15845  -42.431  -54.422  -16.660 0.1000000015
15880  -29.391  -54.604  -19.509 0.3000000119
15891  -28.649  -54.815  -20.077 0.2000000030
15995  -41.786  -54.158  -25.833 0.1000000015
15996  -42.012  -54.001  -25.928 0.1000000015
16010  -41.847  -54.084  -26.089 0.1000000015
16011  -41.968  -53.841  -26.033 0.1000000015
16081  -37.144  -52.521  -29.458 0.1000000015
16082  -36.958  -52.811  -29.543 0.1000000015
16100  -37.922  -52.166  -29.428 0.1000000015
16102  -37.154  -52.729  -29.628 0.1000000015
16138  -37.706  -54.855  -30.937 0.1000000015
16177  -37.569  -55.382  -33.356 0.1000000015
16181  -37.675  -54.317  -32.286 0.1000000015
16871  -38.367  -53.854  -12.991 0.1000000015
16922  -33.277  -52.763  -17.882 0.2000000030
16927  -41.052  -53.431  -19.050 0.1000000015
17045  -41.774  -53.538  -25.902 0.1000000015
17060  -37.238  -51.101  -28.961 0.1000000015
17061  -41.411  -53.383  -26.867 0.1000000015
17062  -41.634  -53.564  -26.312 0.1000000015
17105  -36.971  -52.328  -29.274 0.1000000015
17106  -36.784  -52.713  -29.346 0.1000000015
17107  -36.451  -53.230  -29.200 0.1000000015
17131  -37.996  -52.390  -29.744 0.1000000015
17135  -41.951  -53.148  -29.445 0.1000000015
17149  -39.375  -54.599  -29.855 0.1000000015
17150  -40.118  -54.257  -29.920 0.1000000015
17162  -38.192  -53.473  -32.032 0.1000000015
17174  -35.703  -53.827  -33.386 0.1000000015
17973  -41.355  -52.143  -18.457 0.1000000015
17984  -41.358  -52.413  -18.915 0.1000000015
17995  -41.268  -53.150  -19.255 0.1000000015
17997  -41.666  -52.050  -19.324 0.1000000015
18097  -41.710  -52.537  -26.037 0.1000000015
18143  -36.523  -53.881  -28.925 0.1000000015
18159  -38.619  -51.985  -29.828 0.1000000015
18160  -37.784  -52.749  -30.211 0.1000000015
18161  -36.841  -53.971  -30.129 0.1000000015
18162  -41.812  -52.950  -30.087 0.1000000015
18178  -41.103  -53.394  -30.122 0.1000000015
18205  -39.941  -53.518  -30.206 0.1000000015
18206  -40.277  -53.290  -30.027 0.1000000015
18215  -40.058  -53.387  -30.136 0.1000000015
19266  -40.610  -52.797  -29.728 0.1000000015
20069  -44.151  -49.268  -12.936 0.1000000015
20095  -43.989  -49.514  -12.899 0.1000000015
20114  -43.707  -49.819  -13.393 0.1000000015
20182  -30.810  -49.582  -19.772 0.5000000000
20185  -38.705  -50.976  -18.976 0.1000000015
20321  -35.922  -51.456  -26.008 0.1000000015
20357  -40.307  -51.347  -27.356 0.1000000015
20396  -38.834  -53.982  -29.312 0.1000000015
21165  -44.560  -49.103  -9.815 0.1000000015
21167  -46.072  -48.964  -10.565 0.1000000015
21180  -45.070  -48.632  -10.591 0.1000000015
21214  -44.276  -49.121  -12.873 0.1000000015
21232  -37.636  -49.116  -13.957 0.3000000119
21234  -44.279  -48.903  -13.060 0.1000000015
21251  -39.528  -48.928  -14.806 0.3000000119
21254  -43.970  -49.235  -13.613 0.1000000015
21269  -39.680  -49.060  -15.372 0.3000000119
21272  -43.672  -49.347  -14.377 0.1000000015
21273  -43.832  -49.200  -14.011 0.1000000015
21341  -30.688  -49.205  -19.720 0.5000000000
21342  -30.897  -49.344  -19.283 0.5000000000
21395  -33.781  -49.851  -22.285 0.3000000119
21396  -37.326  -49.348  -22.368 0.1000000015
22302  -43.776  -48.313  -9.122 0.1000000015
22303  -44.464  -48.145  -9.398 0.1000000015
22317  -45.767  -48.449  -10.165 0.1000000015
22326  -45.258  -48.424  -10.754 0.1000000015
22327  -45.771  -48.436  -10.672 0.1000000015
22337  -42.770  -48.135  -12.344 0.2000000030
22355  -39.331  -48.050  -12.878 0.4000000060
22360  -44.233  -48.445  -12.325 0.1000000015
22374  -35.151  -48.343  -13.384 0.5000000000
22379  -39.928  -48.109  -13.473 0.3000000119
22384  -44.066  -48.585  -13.383 0.1000000015
22385  -44.132  -48.949  -13.540 0.1000000015
22401  -35.497  -48.891  -14.152 0.4000000060
22403  -39.202  -48.733  -14.236 0.3000000119
22408  -44.005  -48.793  -14.060 0.1000000015
22409  -43.975  -48.968  -13.791 0.1000000015
22427  -40.236  -48.723  -15.077 0.3000000119
22431  -43.622  -49.120  -14.750 0.1000000015
22432  -43.773  -49.086  -14.220 0.1000000015
22475  -30.821  -48.546  -19.217 0.6000000238
22588  -33.974  -48.906  -25.774 0.1000000015
22609  -34.723  -49.499  -26.671 0.1000000015
23451  -43.619  -47.486  -8.991 0.1000000015
23456  -44.252  -47.204  -9.265 0.1000000015
23457  -44.757  -47.549  -9.532 0.1000000015
23458  -45.320  -47.697  -9.944 0.1000000015
23460  -45.081  -47.900  -10.734 0.1000000015
23502  -36.293  -47.852  -12.615 0.5000000000
23507  -40.996  -47.780  -12.254 0.3000000119
23508  -41.980  -47.866  -12.458 0.3000000119
23526  -36.280  -47.211  -12.450 0.5000000000
23527  -40.026  -47.932  -12.891 0.3000000119
23530  -43.311  -48.037  -14.238 0.1000000015
23532  -43.709  -48.460  -13.910 0.1000000015
23549  -43.445  -48.176  -14.686 0.1000000015
23563  -32.649  -46.837  -15.805 0.5000000000
23567  -43.452  -48.481  -14.967 0.1000000015
23579  -43.206  -48.399  -16.006 0.1000000015
23592  -32.068  -46.877  -19.725 0.5000000000
23667  -33.972  -48.473  -25.463 0.1000000015
23668  -34.418  -48.726  -25.355 0.1000000015
24592  -37.597  -47.082  -8.000 0.1000000015
24608  -42.511  -46.852  -8.800 0.2000000030
24609  -43.204  -46.912  -8.899 0.1000000015
24619  -40.696  -46.007  -9.004 0.2000000030
24625  -44.999  -46.893  -9.882 0.2000000030
24640  -44.902  -47.343  -10.622 0.2000000030
24641  -44.995  -47.026  -10.364 0.2000000030
24658  -37.263  -46.500  -11.428 0.5000000000
24664  -43.175  -46.744  -11.587 0.2000000030
24665  -43.747  -46.832  -11.267 0.2000000030
24666  -44.272  -47.001  -10.905 0.2000000030
24680  -43.626  -46.298  -11.609 0.2000000030
24681  -44.083  -46.281  -11.018 0.2000000030
24682  -44.258  -46.471  -10.823 0.2000000030
24691  -34.475  -46.928  -13.625 0.5000000000
24701  -34.007  -46.536  -14.151 0.5000000000
24712  -32.706  -46.380  -15.763 0.5000000000
24715  -38.231  -46.439  -15.268 0.3000000119
24724  -37.882  -47.084  -15.473 0.3000000119
24729  -31.759  -46.327  -17.251 0.6000000238
24731  -37.387  -46.901  -15.990 0.3000000119
24758  -36.045  -45.934  -20.788 0.4000000060
24833  -34.192  -47.986  -25.022 0.1000000015
25769  -40.275  -45.034  -8.840 0.3000000119
25787  -44.301  -46.119  -9.804 0.2000000030
25802  -44.372  -45.980  -10.330 0.2000000030
25803  -44.745  -46.276  -10.120 0.2000000030
25814  -36.926  -45.771  -11.682 0.5000000000
25821  -43.834  -46.177  -11.435 0.2000000030
25823  -44.652  -46.309  -10.481 0.2000000030
25836  -37.438  -45.049  -12.199 0.5000000000
25838  -40.445  -45.189  -12.361 0.4000000060
25842  -43.882  -45.807  -11.913 0.2000000030
25843  -44.069  -45.839  -11.325 0.2000000030
25844  -44.135  -45.877  -11.025 0.2000000030
25852  -35.276  -45.887  -13.709 0.5000000000
25863  -33.467  -45.909  -15.165 0.5000000000
25868  -37.512  -44.992  -14.583 0.5000000000
25884  -33.209  -45.657  -15.630 0.5000000000
25890  -38.529  -45.643  -15.150 0.4000000060
25891  -39.358  -45.899  -15.367 0.3000000119
25899  -32.644  -45.554  -16.512 0.5000000000
25900  -33.260  -45.177  -16.253 0.4000000060
25901  -33.745  -45.139  -15.842 0.4000000060
25906  -39.599  -46.909  -15.834 0.3000000119
25915  -31.980  -45.833  -17.115 0.6999999881
25917  -32.997  -44.996  -16.823 0.4000000060
25927  -45.500  -45.282  -17.774 0.1000000015
25928  -46.260  -45.180  -17.971 0.1000000015
25929  -46.914  -45.083  -18.251 0.1000000015
25939  -32.238  -45.120  -18.014 0.4000000060
25950  -47.096  -45.009  -18.927 0.1000000015
25963  -33.963  -44.920  -19.533 0.5000000000
25964  -45.048  -45.454  -18.658 0.1000000015
25989  -47.529  -44.504  -20.416 0.1000000015
26979  -33.855  -44.809  -8.225 0.1000000015
26996  -34.443  -44.248  -8.600 0.1000000015
27017  -36.519  -44.009  -9.083 0.1000000015
27018  -39.870  -44.104  -9.172 0.3000000119
27019  -40.589  -44.259  -9.030 0.3000000119
27037  -44.071  -44.799  -11.134 0.2000000030
27038  -44.260  -45.500  -10.930 0.2000000030
27039  -44.269  -45.900  -10.661 0.2000000030
27054  -39.416  -45.226  -11.890 0.4000000060
27071  -37.749  -44.651  -13.069 0.5000000000
27079  -44.601  -45.546  -11.548 0.2000000030
27096  -42.300  -44.837  -13.631 0.3000000119
27140  -35.362  -44.625  -16.337 0.3000000119
27152  -32.875  -44.873  -17.170 0.5000000000
27153  -33.375  -44.532  -17.209 0.4000000060
27155  -34.793  -44.360  -16.698 0.3000000119
27157  -36.707  -45.235  -17.338 0.4000000060
27161  -44.499  -44.702  -17.393 0.1000000015
27175  -33.905  -44.009  -18.403 0.4000000060
27176  -36.375  -44.428  -17.620 0.4000000060
27194  -33.498  -44.505  -18.621 0.4000000060
27202  -47.547  -44.499  -19.134 0.1000000015
27244  -37.423  -44.530  -20.800 0.3000000119
28237  -34.919  -43.727  -8.978 0.1000000015
28239  -37.149  -43.993  -9.010 0.1000000015
28241  -38.638  -44.023  -9.133 0.3000000119
28258  -36.689  -43.435  -9.164 0.1000000015
28318  -42.776  -44.542  -13.516 0.3000000119
28341  -42.427  -44.114  -13.852 0.3000000119
28358  -38.637  -43.818  -14.658 0.5000000000
28409  -33.862  -44.285  -17.186 0.4000000060
28410  -34.293  -44.116  -17.204 0.4000000060
28424  -34.267  -43.810  -17.790 0.4000000060
28452  -44.728  -44.094  -19.778 0.1000000015
28454  -46.156  -43.821  -20.299 0.1000000015
28456  -47.883  -43.239  -19.284 0.1000000015
28474  -38.688  -43.021  -20.702 0.2000000030
28478  -46.533  -43.290  -20.858 0.1000000015
28499  -46.918  -42.746  -21.190 0.1000000015
28501  -48.131  -42.247  -21.724 0.1000000015
28537  -32.774  -43.104  -23.818 0.1000000015
28557  -32.713  -43.008  -24.159 0.1000000015
28583  -48.609  -41.703  -25.094 0.1000000015
28601  -47.972  -41.422  -26.025 0.1000000015
29486  -32.872  -42.579  -6.342 0.1000000015
29511  -38.165  -42.678  -9.747 0.3000000119
29523  -39.585  -42.321  -10.009 0.3000000119
29525  -41.155  -42.515  -10.381 0.3000000119
29587  -42.937  -43.801  -13.506 0.3000000119
29650  -43.331  -43.495  -16.624 0.2000000030
29660  -45.846  -43.080  -17.547 0.1000000015
29665  -45.412  -42.117  -17.592 0.1000000015
29668  -47.293  -41.748  -18.784 0.1000000015
29680  -47.280  -42.462  -18.844 0.1000000015
29692  -37.574  -42.863  -19.884 0.2000000030
29721  -47.597  -41.858  -21.769 0.1000000015
29722  -48.017  -41.852  -21.963 0.1000000015
29744  -47.819  -41.650  -22.195 0.1000000015
29745  -48.121  -41.780  -22.463 0.1000000015
29761  -33.007  -42.442  -23.370 0.1000000015
29769  -48.232  -41.725  -23.215 0.1000000015
29785  -32.738  -42.751  -23.894 0.1000000015
29792  -47.614  -41.424  -24.851 0.1000000015
29813  -47.602  -41.570  -25.480 0.1000000015
29834  -48.002  -41.212  -26.340 0.1000000015
29835  -48.617  -41.146  -26.074 0.1000000015
29851  -48.137  -41.054  -26.508 0.1000000015
30712  -39.238  -42.138  -10.017 0.3000000119
30728  -38.480  -41.522  -10.498 0.3000000119
30746  -41.499  -41.575  -11.741 0.3000000119
30765  -42.135  -41.220  -12.914 0.3000000119
30875  -45.570  -41.625  -21.279 0.1000000015
30892  -45.172  -41.042  -21.583 0.1000000015
30893  -46.169  -41.212  -21.467 0.1000000015
30911  -43.014  -41.759  -22.271 0.1000000015
30914  -47.043  -40.988  -22.518 0.1000000015
30915  -47.516  -41.289  -22.768 0.1000000015
30932  -47.414  -41.051  -23.781 0.1000000015
30933  -47.845  -41.444  -23.559 0.1000000015
30950  -47.131  -40.831  -24.554 0.1000000015
30962  -33.892  -41.660  -25.277 0.1000000015
30963  -34.516  -41.434  -25.571 0.1000000015
31008  -48.363  -40.359  -27.191 0.1000000015
31788  -33.664  -40.200  -7.702 0.1000000015
31804  -33.727  -39.992  -8.529 0.2000000030
31819  -34.828  -40.594  -10.068 0.2000000030
31833  -35.072  -40.153  -10.552 0.2000000030
31834  -35.761  -40.441  -10.872 0.3000000119
31856  -36.188  -39.916  -11.416 0.3000000119
31859  -38.136  -40.346  -11.417 0.3000000119
31861  -40.334  -40.693  -11.796 0.3000000119
31883  -40.238  -39.911  -12.416 0.3000000119
32011  -44.019  -40.454  -22.185 0.1000000015
32012  -44.786  -40.592  -22.077 0.1000000015
32014  -46.414  -40.784  -21.904 0.1000000015
32032  -44.502  -40.783  -22.666 0.1000000015
32047  -45.192  -40.751  -23.671 0.1000000015
32049  -46.923  -40.770  -23.257 0.1000000015
32905  -33.835  -39.592  -8.525 0.2000000030
32962  -36.496  -39.671  -11.851 0.3000000119
33011  -37.098  -39.452  -13.264 0.3000000119
33014  -40.389  -39.535  -13.558 0.3000000119
33026  -37.098  -39.172  -13.853 0.3000000119
33027  -37.521  -38.958  -14.189 0.3000000119
33030  -41.452  -39.916  -13.972 0.3000000119
33086  -41.610  -39.754  -17.764 0.1000000015
33153  -34.063  -38.835  -23.792 0.1000000015
34020  -34.683  -38.765  -8.376 0.1000000015
34043  -34.585  -38.741  -8.761 0.1000000015
34044  -35.064  -38.353  -8.885 0.2000000030
34132  -35.842  -38.725  -11.612 0.3000000119
34157  -36.338  -38.560  -12.751 0.2000000030
34158  -37.862  -38.919  -14.223 0.3000000119
34174  -36.656  -38.740  -13.568 0.3000000119
34176  -37.855  -38.685  -14.684 0.3000000119
34215  -40.086  -38.758  -17.295 0.2000000030
34317  -33.719  -38.257  -23.090 0.1000000015
35288  -36.399  -37.882  -9.249 0.2000000030
35307  -35.716  -37.752  -9.879 0.2000000030
35309  -36.791  -37.642  -9.602 0.1000000015
35338  -39.552  -37.178  -11.284 0.1000000015
35355  -35.664  -37.933  -10.814 0.2000000030
35359  -38.984  -37.015  -11.728 0.1000000015
35379  -35.844  -38.146  -11.544 0.2000000030
35401  -36.428  -38.019  -13.257 0.2000000030
35402  -36.651  -37.633  -13.747 0.2000000030
35481  -41.353  -37.160  -18.540 0.1000000015
35542  -33.614  -37.129  -22.145 0.1000000015
35543  -33.808  -36.957  -22.687 0.1000000015
36438  -40.902  -36.671  -10.098 0.1000000015
36469  -39.305  -37.059  -12.261 0.1000000015
36471  -40.852  -36.681  -11.423 0.1000000015
36574  -41.126  -35.481  -18.227 0.1000000015
36598  -42.403  -36.502  -18.763 0.1000000015
36644  -33.695  -36.615  -21.679 0.1000000015
36662  -33.636  -36.782  -21.880 0.1000000015
37619  -38.866  -35.539  -15.905 0.2000000030
37627  -46.629  -34.310  -15.785 0.1000000015
37659  -42.771  -35.730  -18.587 0.1000000015
38701  -47.148  -34.463  -15.644 0.1000000015
38702  -47.637  -34.599  -15.663 0.1000000015
144612  -36.006  -60.740  -26.724 0.1000000015
144622  -26.486  -57.327  -21.403 0.1000000015
144628  -34.889  -58.635  -25.712 0.1000000015
144668  -34.811  -59.952  -30.210 0.1000000015
144669  -35.073  -59.502  -29.184 0.1000000015
144670  -34.782  -59.592  -29.591 0.1000000015
144672  -34.613  -59.410  -29.589 0.1000000015
144676  -34.293  -59.697  -31.050 0.1000000015
144678  -34.094  -59.460  -30.849 0.1000000015
144679  -35.832  -57.446  -31.039 0.1000000015
144682  -35.561  -57.365  -32.089 0.1000000015
144695  -37.049  -54.912  -33.044 0.1000000015
144696  -36.914  -54.460  -33.023 0.1000000015
144697  -37.282  -54.670  -32.900 0.1000000015
144699  -37.092  -53.817  -32.849 0.1000000015
144701  -37.760  -53.932  -32.272 0.1000000015
144705  -37.525  -54.780  -32.602 0.1000000015
144717  -37.528  -55.199  -32.818 0.1000000015
144735  -38.571  -53.951  -28.863 0.1000000015
144758  -38.957  -51.567  -29.979 0.1000000015
