#!ascii label  , from subject 3610 vox2ras=TkReg
1162
108500  -46.500  18.581  53.769 0.0000000000
124497  -41.374  39.768  41.725 0.0000000000
115749  -36.614  27.517  46.054 0.0000000000
114831  -46.921  27.319  47.954 0.0000000000
118509  -42.195  30.428  38.584 0.0000000000
118488  -44.804  30.667  41.821 0.0000000000
115769  -47.832  27.396  41.061 0.0000000000
113959  -41.821  25.647  45.447 0.0000000000
103737  -40.984  13.696  51.170 0.0000000000
108516  -41.641  19.158  51.359 0.0000000000
123933  -35.752  38.810  37.187 0.0000000000
123941  -43.799  37.357  36.911 0.0000000000
119335  -45.684  31.051  33.735 0.0000000000
114745  -40.247  26.529  53.081 0.0000000000
119989  -39.055  33.002  41.874 0.0000000000
116613  -41.884  28.853  47.244 0.0000000000
113874  -44.696  25.462  53.048 0.0000000000
112349  -42.423  23.127  50.026 0.0000000000
109413  -39.498  20.197  46.613 0.0000000000
107598  -46.994  17.682  52.084 0.0000000000
116759  -45.460  28.443  37.247 0.0000000000
117631  -46.710  29.881  39.515 0.0000000000
114911  -47.556  27.183  38.592 0.0000000000
114033  -44.791  25.269  41.338 0.0000000000
106653  -41.608  16.503  50.652 0.0000000000
109366  -38.312  19.424  50.226 0.0000000000
123917  -31.574  37.977  38.426 0.0000000000
120713  -45.246  33.990  36.482 0.0000000000
114759  -36.994  26.762  51.872 0.0000000000
116579  -37.824  27.833  50.107 0.0000000000
125128  -39.292  41.036  40.688 0.0000000000
122669  -40.512  36.937  43.233 0.0000000000
116678  -46.287  28.275  44.715 0.0000000000
116675  -43.018  28.615  44.420 0.0000000000
117539  -44.821  29.373  48.142 0.0000000000
116566  -43.280  28.994  50.862 0.0000000000
114797  -44.943  27.022  50.390 0.0000000000
112308  -44.229  23.824  51.492 0.0000000000
114795  -43.444  26.491  49.584 0.0000000000
112357  -39.323  23.805  47.314 0.0000000000
121355  -40.918  34.701  40.383 0.0000000000
122029  -43.770  36.043  42.903 0.0000000000
120682  -45.402  33.062  40.927 0.0000000000
117623  -47.558  29.224  41.763 0.0000000000
114848  -47.568  26.485  45.152 0.0000000000
114842  -44.942  25.941  46.539 0.0000000000
113989  -44.711  25.662  43.939 0.0000000000
113999  -42.332  25.319  42.603 0.0000000000
104699  -43.223  13.635  52.510 0.0000000000
106625  -44.519  16.353  52.527 0.0000000000
109344  -43.835  19.613  52.573 0.0000000000
124504  -33.009  40.465  40.586 0.0000000000
126461  -35.778  42.242  39.072 0.0000000000
125821  -40.320  42.557  39.172 0.0000000000
123921  -42.092  38.708  38.815 0.0000000000
120702  -41.365  34.271  37.541 0.0000000000
117700  -42.951  29.735  35.067 0.0000000000
115855  -45.319  27.666  34.619 0.0000000000
116844  -46.685  28.105  32.113 0.0000000000
112326  -37.820  23.374  50.699 0.0000000000
112307  -40.851  23.322  52.079 0.0000000000
111564  -43.428  22.887  53.922 0.0000000000
118458  -37.735  30.002  43.295 0.0000000000
119271  -42.176  31.754  42.256 0.0000000000
117590  -40.030  29.206  43.414 0.0000000000
115752  -39.047  28.113  46.116 0.0000000000
116564  -40.571  28.787  50.689 0.0000000000
114736  -42.366  26.476  53.705 0.0000000000
111558  -45.750  22.103  54.066 0.0000000000
110838  -46.100  21.303  51.544 0.0000000000
110151  -44.167  20.227  49.933 0.0000000000
109409  -42.709  19.105  47.764 0.0000000000
113135  -41.207  24.920  48.706 0.0000000000
110160  -40.846  20.878  48.106 0.0000000000
108589  -41.394  18.251  45.290 0.0000000000
107582  -46.472  17.643  53.738 0.0000000000
107590  -47.434  17.530  53.187 0.0000000000
109340  -47.125  18.830  53.195 0.0000000000
115819  -46.418  27.675  36.753 0.0000000000
116761  -46.847  27.693  37.909 0.0000000000
114910  -46.886  26.583  38.240 0.0000000000
114909  -45.757  26.325  38.402 0.0000000000
115722  -36.655  27.395  48.065 0.0000000000
125110  -40.756  40.444  41.909 0.0000000000
116634  -47.046  28.195  46.216 0.0000000000
116632  -45.148  28.753  46.559 0.0000000000
116598  -46.252  28.876  48.621 0.0000000000
117510  -45.458  28.862  49.527 0.0000000000
115703  -45.796  27.820  49.207 0.0000000000
114796  -44.255  26.747  49.807 0.0000000000
114816  -45.140  27.307  48.997 0.0000000000
120013  -41.531  32.591  39.889 0.0000000000
120005  -43.204  33.028  40.624 0.0000000000
119309  -43.810  31.297  39.932 0.0000000000
116726  -48.375  28.574  40.535 0.0000000000
118495  -47.823  30.293  40.837 0.0000000000
116709  -48.091  28.297  41.568 0.0000000000
116707  -47.504  28.098  42.788 0.0000000000
114855  -47.488  26.519  42.943 0.0000000000
113991  -46.825  25.693  44.356 0.0000000000
114854  -46.720  26.089  42.653 0.0000000000
114016  -44.145  25.234  42.024 0.0000000000
107609  -42.059  17.447  50.899 0.0000000000
106636  -43.072  16.202  51.507 0.0000000000
108534  -43.066  17.979  51.133 0.0000000000
108506  -44.356  18.373  52.405 0.0000000000
109354  -42.795  19.836  51.927 0.0000000000
123931  -33.446  38.730  37.852 0.0000000000
125156  -34.177  40.613  39.054 0.0000000000
125158  -35.685  40.805  38.262 0.0000000000
126464  -38.230  42.722  39.489 0.0000000000
125174  -37.435  40.435  37.912 0.0000000000
123939  -42.158  38.663  37.043 0.0000000000
124549  -41.747  39.635  37.729 0.0000000000
123922  -43.207  38.132  38.154 0.0000000000
122693  -41.763  36.793  38.379 0.0000000000
135843  -43.675  36.311  38.078 0.0000000000
120037  -44.934  31.966  34.508 0.0000000000
120030  -44.117  32.378  35.121 0.0000000000
118535  -43.919  30.161  34.203 0.0000000000
116810  -43.783  28.784  35.000 0.0000000000
116830  -44.852  28.709  33.776 0.0000000000
116831  -45.503  28.136  33.342 0.0000000000
117710  -46.128  28.965  32.727 0.0000000000
113902  -33.184  25.754  51.249 0.0000000000
113129  -34.158  24.299  50.152 0.0000000000
113104  -34.586  25.005  50.666 0.0000000000
111603  -36.472  22.921  50.136 0.0000000000
113106  -36.433  24.687  50.757 0.0000000000
113870  -38.836  26.261  52.454 0.0000000000
113083  -39.702  24.705  51.749 0.0000000000
113067  -40.173  25.326  52.358 0.0000000000
111573  -42.328  22.688  52.878 0.0000000000
113069  -41.827  24.624  53.095 0.0000000000
119988  -38.309  32.610  41.810 0.0000000000
119266  -36.964  31.328  42.295 0.0000000000
119268  -38.760  31.683  42.219 0.0000000000
120649  -44.590  33.818  43.123 0.0000000000
120639  -43.329  34.636  43.438 0.0000000000
119272  -43.467  31.698  42.226 0.0000000000
116629  -42.210  28.860  46.370 0.0000000000
116693  -41.303  28.767  43.445 0.0000000000
116650  -40.634  28.425  45.653 0.0000000000
116671  -39.119  28.316  44.935 0.0000000000
116627  -40.351  28.445  46.674 0.0000000000
116595  -39.918  28.523  48.728 0.0000000000
116596  -40.860  28.755  48.476 0.0000000000
115651  -44.018  27.258  52.108 0.0000000000
115636  -42.967  27.419  53.010 0.0000000000
114738  -43.765  25.969  53.678 0.0000000000
113051  -43.875  24.540  54.202 0.0000000000
113071  -45.260  23.852  53.254 0.0000000000
111577  -46.338  21.657  52.658 0.0000000000
112298  -45.194  23.697  52.501 0.0000000000
111608  -43.167  22.839  50.389 0.0000000000
110852  -44.163  21.281  50.438 0.0000000000
110876  -43.362  21.630  50.117 0.0000000000
109403  -42.968  19.460  48.424 0.0000000000
110149  -42.214  20.635  49.194 0.0000000000
113950  -42.879  25.846  46.565 0.0000000000
113944  -42.804  25.810  47.474 0.0000000000
113942  -41.157  25.165  47.254 0.0000000000
110171  -39.276  21.068  46.937 0.0000000000
111641  -39.829  22.287  48.301 0.0000000000
110165  -39.815  20.553  47.233 0.0000000000
109415  -41.013  19.539  46.598 0.0000000000
108588  -40.356  19.038  45.628 0.0000000000
108602  -40.539  18.189  44.833 0.0000000000
104702  -46.261  14.777  53.253 0.0000000000
107611  -46.189  17.863  51.017 0.0000000000
117639  -44.182  29.475  38.332 0.0000000000
118511  -44.616  30.024  39.007 0.0000000000
117641  -46.082  29.449  38.926 0.0000000000
116740  -48.024  28.220  38.980 0.0000000000
114871  -47.330  26.736  40.300 0.0000000000
114859  -46.094  25.837  41.714 0.0000000000
114870  -46.358  26.205  40.590 0.0000000000
105686  -41.298  15.404  50.610 0.0000000000
106651  -39.816  16.556  50.075 0.0000000000
109367  -39.455  19.556  50.636 0.0000000000
123329  -33.092  37.440  36.260 0.0000000000
122064  -44.856  35.772  37.512 0.0000000000
119337  -47.320  31.996  33.848 0.0000000000
118545  -47.570  30.084  32.700 0.0000000000
113884  -36.443  26.166  51.486 0.0000000000
115647  -37.328  27.302  51.609 0.0000000000
116546  -38.719  27.633  51.579 0.0000000000
121329  -39.848  34.805  42.392 0.0000000000
117613  -45.460  29.202  42.381 0.0000000000
117611  -43.466  29.306  42.533 0.0000000000
116676  -44.125  28.451  44.524 0.0000000000
116631  -43.936  28.873  46.601 0.0000000000
117537  -43.153  29.147  47.528 0.0000000000
117494  -42.482  29.369  49.451 0.0000000000
117508  -44.038  29.444  49.487 0.0000000000
116552  -44.456  28.120  51.354 0.0000000000
114761  -44.511  26.177  52.209 0.0000000000
113086  -44.669  24.248  52.145 0.0000000000
113888  -44.378  25.705  51.623 0.0000000000
113111  -42.967  24.841  50.482 0.0000000000
112329  -42.164  24.211  50.136 0.0000000000
113144  -40.002  24.789  46.871 0.0000000000
116667  -35.183  28.331  44.625 0.0000000000
123283  -41.057  37.642  40.922 0.0000000000
123255  -42.458  37.133  42.786 0.0000000000
121343  -42.386  35.283  41.376 0.0000000000
120663  -44.857  34.071  41.648 0.0000000000
119275  -46.023  32.656  41.915 0.0000000000
119312  -46.351  31.181  40.213 0.0000000000
119295  -46.912  31.692  41.082 0.0000000000
117622  -46.302  29.783  41.918 0.0000000000
116706  -46.635  28.460  43.007 0.0000000000
116679  -47.098  27.781  44.801 0.0000000000
114844  -47.138  26.697  46.072 0.0000000000
114836  -45.857  26.259  47.175 0.0000000000
113963  -46.116  25.860  45.834 0.0000000000
113976  -44.951  25.630  44.945 0.0000000000
113975  -43.867  25.740  44.756 0.0000000000
114017  -45.225  25.474  42.181 0.0000000000
113988  -43.658  25.576  43.738 0.0000000000
105671  -42.615  15.246  51.497 0.0000000000
105659  -44.016  15.357  52.353 0.0000000000
105660  -44.880  15.378  52.584 0.0000000000
106626  -45.391  16.434  53.184 0.0000000000
107580  -45.529  17.554  53.353 0.0000000000
108508  -45.471  19.486  53.690 0.0000000000
125763  -35.072  41.341  40.971 0.0000000000
125795  -34.412  41.579  39.947 0.0000000000
125779  -36.441  42.044  40.326 0.0000000000
125799  -37.512  42.186  40.121 0.0000000000
127025  -39.137  43.524  40.797 0.0000000000
125784  -41.304  42.030  41.033 0.0000000000
123935  -37.614  38.905  37.244 0.0000000000
125176  -39.691  40.796  37.855 0.0000000000
125164  -41.547  41.144  39.095 0.0000000000
124510  -41.213  39.102  40.128 0.0000000000
122690  -40.543  36.846  39.502 0.0000000000
120695  -40.269  34.137  38.866 0.0000000000
118514  -40.856  31.267  37.774 0.0000000000
121383  -43.379  34.061  36.963 0.0000000000
120028  -42.037  32.109  35.807 0.0000000000
117653  -41.902  30.070  37.199 0.0000000000
117676  -43.152  29.153  36.351 0.0000000000
116792  -44.947  28.128  35.642 0.0000000000
115857  -46.325  26.629  34.368 0.0000000000
114963  -46.446  26.693  32.906 0.0000000000
117724  -46.982  28.806  31.947 0.0000000000
110849  -37.966  21.361  50.558 0.0000000000
110851  -39.566  21.575  51.011 0.0000000000
113081  -37.805  25.149  51.438 0.0000000000
112328  -39.547  22.930  51.217 0.0000000000
110836  -41.042  21.561  51.689 0.0000000000
110100  -42.476  21.011  52.327 0.0000000000
110102  -44.180  20.817  53.444 0.0000000000
110086  -45.384  20.706  54.089 0.0000000000
116669  -37.014  28.267  44.616 0.0000000000
122659  -42.076  36.864  43.388 0.0000000000
121331  -41.657  34.618  43.151 0.0000000000
119968  -40.623  32.765  42.405 0.0000000000
117610  -42.280  29.577  42.409 0.0000000000
118477  -41.488  30.622  42.193 0.0000000000
118475  -39.255  30.692  42.594 0.0000000000
117589  -39.122  29.323  43.434 0.0000000000
116670  -38.085  28.005  44.893 0.0000000000
115750  -37.503  27.607  46.164 0.0000000000
115724  -38.388  28.126  47.884 0.0000000000
116580  -38.745  28.147  50.031 0.0000000000
116536  -39.682  27.832  52.459 0.0000000000
116565  -41.999  28.899  50.321 0.0000000000
116538  -41.060  28.110  52.330 0.0000000000
114735  -41.521  26.690  53.625 0.0000000000
113059  -42.998  24.636  53.853 0.0000000000
111556  -44.318  22.941  54.491 0.0000000000
110088  -46.304  20.181  53.925 0.0000000000
110104  -46.748  20.361  52.631 0.0000000000
109357  -46.642  19.861  52.049 0.0000000000
108536  -45.677  18.779  50.954 0.0000000000
111587  -45.165  22.586  51.411 0.0000000000
110853  -45.046  21.421  50.818 0.0000000000
108558  -44.626  18.657  49.785 0.0000000000
108569  -43.770  18.468  48.715 0.0000000000
107648  -43.301  17.388  46.632 0.0000000000
113940  -43.676  26.260  48.028 0.0000000000
113925  -42.170  25.676  49.224 0.0000000000
112348  -41.631  23.476  49.581 0.0000000000
112353  -40.123  23.577  48.388 0.0000000000
111642  -40.690  22.521  48.813 0.0000000000
110886  -41.225  21.664  48.905 0.0000000000
109401  -41.562  20.053  47.900 0.0000000000
108574  -41.864  19.050  46.892 0.0000000000
107583  -47.077  17.574  53.707 0.0000000000
108501  -47.162  18.372  53.525 0.0000000000
115820  -46.802  27.243  36.803 0.0000000000
114927  -46.678  26.512  37.058 0.0000000000
115736  -36.078  27.160  46.958 0.0000000000
125111  -41.161  40.337  42.025 0.0000000000
125094  -40.974  40.138  43.070 0.0000000000
124485  -41.518  39.651  42.582 0.0000000000
115726  -47.203  27.695  47.085 0.0000000000
116617  -46.879  28.331  47.099 0.0000000000
115705  -46.753  28.115  48.337 0.0000000000
115704  -46.273  28.153  48.931 0.0000000000
114817  -46.183  27.549  48.600 0.0000000000
114830  -46.071  26.845  47.982 0.0000000000
119318  -41.966  31.198  39.160 0.0000000000
120014  -42.442  32.296  40.127 0.0000000000
118499  -43.268  30.691  39.369 0.0000000000
116714  -48.387  28.642  41.009 0.0000000000
115766  -47.880  27.289  42.253 0.0000000000
103717  -41.481  13.321  51.864 0.0000000000
108532  -41.411  18.771  51.093 0.0000000000
108533  -42.442  18.266  51.201 0.0000000000
108517  -42.138  19.039  51.507 0.0000000000
108518  -43.333  18.617  51.708 0.0000000000
124543  -35.367  39.638  37.745 0.0000000000
124542  -34.391  39.479  38.020 0.0000000000
125159  -36.727  41.100  38.343 0.0000000000
124544  -36.195  39.557  37.440 0.0000000000
123338  -42.542  37.248  36.587 0.0000000000
123337  -41.614  37.322  36.635 0.0000000000
123940  -43.042  37.961  36.741 0.0000000000
124550  -43.020  38.921  37.264 0.0000000000
124535  -43.431  38.448  37.658 0.0000000000
123303  -43.498  37.357  38.137 0.0000000000
123923  -43.841  37.455  37.569 0.0000000000
119334  -44.225  31.187  34.204 0.0000000000
118536  -44.768  30.150  33.614 0.0000000000
117702  -44.421  29.286  33.983 0.0000000000
117709  -45.216  29.177  33.429 0.0000000000
118543  -45.807  29.874  33.251 0.0000000000
115659  -33.432  26.857  50.695 0.0000000000
114774  -33.956  26.388  51.029 0.0000000000
113903  -34.173  25.730  50.951 0.0000000000
113904  -35.082  25.649  50.922 0.0000000000
113105  -35.508  24.871  50.696 0.0000000000
114744  -39.417  26.741  52.800 0.0000000000
113871  -39.742  26.083  52.673 0.0000000000
113068  -41.105  25.055  52.598 0.0000000000
113872  -40.645  25.854  52.912 0.0000000000
120659  -38.775  33.640  41.744 0.0000000000
119290  -38.106  31.847  42.014 0.0000000000
119273  -44.693  32.179  42.381 0.0000000000
119971  -44.083  32.938  42.707 0.0000000000
119292  -44.339  31.334  41.930 0.0000000000
116651  -41.591  28.592  45.504 0.0000000000
116628  -41.297  28.530  46.500 0.0000000000
116612  -41.054  28.540  47.489 0.0000000000
114747  -43.999  26.343  53.148 0.0000000000
113061  -44.783  24.573  53.535 0.0000000000
113070  -45.005  24.570  52.826 0.0000000000
111634  -42.788  22.242  49.982 0.0000000000
111635  -43.279  22.250  50.297 0.0000000000
110875  -42.586  21.367  49.602 0.0000000000
113960  -42.894  25.832  45.586 0.0000000000
113949  -41.877  25.680  46.427 0.0000000000
109414  -40.472  19.553  46.372 0.0000000000
109420  -39.702  19.526  46.032 0.0000000000
108587  -39.101  18.995  45.640 0.0000000000
104690  -46.499  15.355  53.397 0.0000000000
106638  -46.946  17.307  51.639 0.0000000000
107612  -46.635  17.815  51.571 0.0000000000
117656  -44.837  29.004  37.755 0.0000000000
117640  -45.126  29.425  38.560 0.0000000000
117657  -45.702  28.756  38.069 0.0000000000
116739  -47.485  28.219  38.520 0.0000000000
115803  -47.789  27.682  38.568 0.0000000000
115789  -47.938  27.629  39.168 0.0000000000
114888  -47.467  26.926  39.253 0.0000000000
114887  -46.674  26.228  39.373 0.0000000000
114886  -45.317  25.974  39.661 0.0000000000
106677  -39.078  16.530  49.741 0.0000000000
108531  -40.252  18.610  50.669 0.0000000000
123311  -31.912  37.639  37.151 0.0000000000
120033  -46.940  33.361  35.221 0.0000000000
120044  -47.680  32.380  33.544 0.0000000000
120736  -47.673  33.187  33.234 0.0000000000
115680  -36.866  27.657  50.152 0.0000000000
116561  -37.441  27.742  50.782 0.0000000000
115648  -38.181  27.397  51.526 0.0000000000
116562  -38.418  27.785  51.008 0.0000000000
124522  -38.447  40.428  40.315 0.0000000000
122026  -40.677  36.050  43.026 0.0000000000
116697  -45.967  28.462  43.800 0.0000000000
116696  -44.887  28.530  43.656 0.0000000000
116677  -45.262  28.490  44.647 0.0000000000
116615  -44.627  29.146  47.332 0.0000000000
116654  -44.593  28.621  45.583 0.0000000000
116614  -44.025  29.109  47.264 0.0000000000
117550  -43.146  28.944  46.899 0.0000000000
117538  -43.919  29.376  47.760 0.0000000000
117520  -43.196  29.381  48.259 0.0000000000
117521  -44.008  29.518  48.629 0.0000000000
116584  -45.388  28.510  49.748 0.0000000000
116568  -44.917  28.419  50.524 0.0000000000
115665  -44.920  27.597  51.059 0.0000000000
114778  -44.650  26.789  51.408 0.0000000000
114760  -44.509  26.272  51.563 0.0000000000
114776  -43.719  26.428  50.186 0.0000000000
113908  -43.028  25.986  50.337 0.0000000000
113907  -42.518  25.792  49.754 0.0000000000
122051  -40.949  35.910  40.964 0.0000000000
122041  -41.862  36.033  41.414 0.0000000000
122052  -41.586  35.305  41.038 0.0000000000
120006  -44.226  32.848  40.644 0.0000000000
120662  -43.784  34.375  41.397 0.0000000000
120681  -44.928  33.345  40.976 0.0000000000
120651  -45.617  33.566  41.841 0.0000000000
120664  -45.544  33.328  41.245 0.0000000000
118502  -46.052  30.451  39.642 0.0000000000
118501  -45.147  30.604  39.552 0.0000000000
118491  -47.751  30.003  41.276 0.0000000000
118494  -47.278  30.917  40.691 0.0000000000
118490  -47.085  30.634  41.372 0.0000000000
117614  -46.477  28.967  42.396 0.0000000000
117615  -47.106  28.659  42.460 0.0000000000
115762  -47.667  27.082  44.549 0.0000000000
116699  -47.439  27.593  44.003 0.0000000000
115761  -47.433  27.419  44.922 0.0000000000
115754  -47.359  27.278  45.504 0.0000000000
113965  -46.947  26.360  45.875 0.0000000000
113979  -47.133  26.191  45.503 0.0000000000
113990  -45.749  25.694  44.153 0.0000000000
113977  -45.979  25.736  45.073 0.0000000000
114858  -45.406  25.541  41.517 0.0000000000
114000  -43.399  25.323  42.771 0.0000000000
105670  -41.950  14.953  51.139 0.0000000000
105687  -42.025  15.672  50.920 0.0000000000
106637  -43.768  16.274  51.983 0.0000000000
105672  -43.378  15.301  52.007 0.0000000000
105661  -45.627  15.397  53.179 0.0000000000
107589  -44.824  17.446  52.882 0.0000000000
108507  -45.233  18.722  53.141 0.0000000000
108498  -45.736  18.171  53.538 0.0000000000
125122  -32.978  40.883  41.153 0.0000000000
125106  -33.623  40.825  41.605 0.0000000000
125108  -34.816  40.995  41.140 0.0000000000
125761  -34.275  41.324  40.935 0.0000000000
123904  -30.846  37.956  39.104 0.0000000000
123906  -32.475  39.343  39.469 0.0000000000
125157  -34.753  41.023  38.954 0.0000000000
125141  -34.652  41.456  39.469 0.0000000000
125797  -35.168  41.939  39.504 0.0000000000
126416  -35.281  42.148  40.218 0.0000000000
126417  -35.922  42.400  40.186 0.0000000000
125780  -36.930  42.486  40.145 0.0000000000
126441  -36.437  42.645  39.746 0.0000000000
125820  -39.096  42.554  38.752 0.0000000000
126444  -39.473  43.696  40.132 0.0000000000
126421  -40.661  43.251  41.376 0.0000000000
125802  -40.582  43.044  39.799 0.0000000000
124547  -39.221  39.905  37.416 0.0000000000
124548  -40.454  39.920  37.508 0.0000000000
124533  -41.806  39.863  38.481 0.0000000000
125178  -41.474  40.686  38.273 0.0000000000
124524  -41.494  39.887  39.409 0.0000000000
123911  -41.563  39.162  39.382 0.0000000000
123292  -40.692  37.771  40.055 0.0000000000
123300  -41.022  37.718  39.227 0.0000000000
121371  -41.019  35.087  37.946 0.0000000000
122062  -40.872  35.657  38.424 0.0000000000
120701  -40.416  34.006  37.962 0.0000000000
120018  -40.459  33.088  38.732 0.0000000000
120708  -40.908  33.476  37.350 0.0000000000
121385  -44.789  34.379  37.083 0.0000000000
121374  -44.303  34.691  37.440 0.0000000000
120712  -44.337  33.824  36.486 0.0000000000
119330  -43.269  31.390  34.866 0.0000000000
120029  -42.834  32.495  35.668 0.0000000000
118526  -41.836  30.839  35.749 0.0000000000
118519  -41.566  30.574  36.444 0.0000000000
118520  -42.040  30.226  35.905 0.0000000000
117691  -43.281  29.170  35.372 0.0000000000
116811  -44.600  28.356  34.553 0.0000000000
115841  -45.090  27.774  35.050 0.0000000000
115842  -45.817  27.455  35.282 0.0000000000
115856  -45.864  27.131  34.031 0.0000000000
115873  -46.319  27.297  32.702 0.0000000000
114953  -46.268  26.848  33.332 0.0000000000
114964  -46.754  26.273  32.417 0.0000000000
115894  -47.014  27.178  31.874 0.0000000000
118564  -47.566  29.296  32.183 0.0000000000
111630  -36.143  22.248  49.756 0.0000000000
112325  -36.904  23.643  50.517 0.0000000000
111604  -37.368  22.427  50.345 0.0000000000
111605  -38.311  22.331  50.679 0.0000000000
110850  -38.910  21.437  50.760 0.0000000000
111606  -39.154  22.264  50.890 0.0000000000
113906  -36.882  25.385  51.228 0.0000000000
113885  -37.371  25.994  51.741 0.0000000000
112306  -40.108  23.650  51.526 0.0000000000
113109  -39.242  23.999  51.149 0.0000000000
111583  -40.334  22.460  51.649 0.0000000000
110110  -42.022  20.782  51.973 0.0000000000
110837  -41.714  21.725  52.126 0.0000000000
112297  -42.800  23.258  53.451 0.0000000000
111574  -43.199  22.277  53.263 0.0000000000
110831  -43.738  21.639  53.586 0.0000000000
110093  -44.534  21.075  53.821 0.0000000000
110823  -44.322  21.556  53.996 0.0000000000
118473  -37.229  30.715  42.738 0.0000000000
116688  -36.714  28.928  43.930 0.0000000000
122670  -43.045  36.458  42.785 0.0000000000
123243  -42.228  37.296  43.107 0.0000000000
122660  -42.910  36.579  43.184 0.0000000000
119970  -42.914  32.880  42.645 0.0000000000
120647  -42.418  34.023  43.264 0.0000000000
119969  -41.729  32.829  42.583 0.0000000000
120646  -41.285  33.800  42.725 0.0000000000
117593  -43.100  29.083  43.033 0.0000000000
117619  -43.290  29.979  41.929 0.0000000000
117592  -42.812  29.191  42.807 0.0000000000
117591  -40.612  28.991  43.338 0.0000000000
117609  -40.873  29.539  42.781 0.0000000000
118476  -40.353  30.678  42.514 0.0000000000
117608  -39.712  29.864  42.897 0.0000000000
115760  -39.151  28.214  45.582 0.0000000000
115759  -38.752  28.082  45.498 0.0000000000
115751  -38.317  27.794  46.014 0.0000000000
115738  -37.999  27.639  47.023 0.0000000000
115739  -38.769  28.046  46.964 0.0000000000
116581  -39.719  28.511  49.815 0.0000000000
116594  -38.863  28.317  48.907 0.0000000000
116563  -39.506  28.309  50.887 0.0000000000
116548  -40.287  28.495  51.722 0.0000000000
117495  -43.164  29.552  50.012 0.0000000000
116550  -42.585  28.556  51.543 0.0000000000
115625  -42.652  26.905  53.570 0.0000000000
116539  -42.131  28.228  52.399 0.0000000000
115624  -42.053  27.180  53.590 0.0000000000
115623  -41.177  27.236  53.287 0.0000000000
113862  -41.892  25.947  53.747 0.0000000000
113863  -42.901  25.574  53.783 0.0000000000
112283  -45.193  23.150  54.236 0.0000000000
112281  -44.078  23.803  54.398 0.0000000000
111557  -44.984  22.517  54.436 0.0000000000
110817  -45.277  21.360  54.189 0.0000000000
111559  -46.139  21.420  53.972 0.0000000000
110096  -46.684  20.169  53.356 0.0000000000
111567  -46.249  21.583  53.532 0.0000000000
111589  -46.192  21.791  51.972 0.0000000000
110113  -46.500  20.737  51.991 0.0000000000
110112  -46.099  20.397  51.523 0.0000000000
109356  -46.165  19.481  51.529 0.0000000000
109371  -45.473  19.932  51.045 0.0000000000
113085  -44.228  24.797  51.622 0.0000000000
112309  -44.876  23.356  51.809 0.0000000000
111586  -44.413  22.892  51.255 0.0000000000
110126  -44.083  20.709  50.177 0.0000000000
110127  -44.587  20.467  50.394 0.0000000000
109370  -44.954  19.451  50.429 0.0000000000
109392  -44.317  19.768  49.870 0.0000000000
108570  -44.285  18.065  49.104 0.0000000000
108557  -44.051  18.792  49.283 0.0000000000
108575  -42.827  18.505  47.357 0.0000000000
108581  -42.778  17.934  46.489 0.0000000000
114835  -45.034  26.125  47.106 0.0000000000
114834  -44.341  25.980  46.976 0.0000000000
113938  -41.739  25.500  48.324 0.0000000000
113131  -41.479  24.732  49.327 0.0000000000
113130  -41.072  24.525  48.820 0.0000000000
113138  -39.730  24.473  47.041 0.0000000000
112358  -39.710  23.792  47.849 0.0000000000
110889  -40.248  21.117  47.957 0.0000000000
110885  -40.481  21.383  48.274 0.0000000000
111643  -41.248  22.307  49.122 0.0000000000
110161  -41.418  20.560  48.383 0.0000000000
110167  -41.117  20.366  47.763 0.0000000000
108579  -41.233  19.184  46.271 0.0000000000
108573  -41.444  19.329  46.803 0.0000000000
108590  -42.070  17.988  45.383 0.0000000000
106620  -46.797  16.721  53.471 0.0000000000
106621  -47.253  16.678  53.231 0.0000000000
106628  -47.510  16.517  52.560 0.0000000000
116779  -45.953  27.980  36.684 0.0000000000
116760  -46.263  27.978  37.410 0.0000000000
115802  -47.222  27.274  37.954 0.0000000000
115701  -37.353  27.686  49.091 0.0000000000
125109  -40.086  40.559  41.400 0.0000000000
124495  -40.258  39.629  42.109 0.0000000000
123241  -41.104  38.122  43.430 0.0000000000
116656  -46.623  28.157  45.572 0.0000000000
116655  -45.673  28.367  45.612 0.0000000000
116633  -46.219  28.446  46.470 0.0000000000
116616  -45.879  29.070  47.570 0.0000000000
117540  -45.520  29.264  48.521 0.0000000000
117522  -44.825  29.346  48.976 0.0000000000
115682  -45.747  28.214  49.416 0.0000000000
115681  -45.389  27.833  49.973 0.0000000000
114815  -43.988  26.563  48.658 0.0000000000
120677  -40.895  33.698  40.196 0.0000000000
120678  -41.636  33.896  40.627 0.0000000000
120004  -42.152  33.166  40.463 0.0000000000
119299  -43.458  32.088  40.327 0.0000000000
119300  -44.489  32.037  40.369 0.0000000000
117632  -47.431  29.791  39.702 0.0000000000
118504  -47.534  30.271  40.313 0.0000000000
117633  -48.041  29.577  40.190 0.0000000000
117628  -48.241  29.057  41.245 0.0000000000
117624  -48.120  28.852  41.506 0.0000000000
115764  -47.821  27.134  43.452 0.0000000000
114852  -47.589  26.300  44.134 0.0000000000
113992  -47.438  25.855  44.939 0.0000000000
114851  -47.079  26.020  43.508 0.0000000000
114003  -46.353  25.763  43.414 0.0000000000
104715  -42.962  14.247  52.290 0.0000000000
107608  -41.000  17.581  50.637 0.0000000000
106654  -42.396  16.331  51.053 0.0000000000
107597  -43.300  17.267  51.487 0.0000000000
107588  -44.104  17.374  52.087 0.0000000000
109355  -43.321  19.370  52.070 0.0000000000
124503  -32.403  40.171  41.065 0.0000000000
123930  -32.351  38.178  37.828 0.0000000000
123918  -32.657  39.056  38.738 0.0000000000
124541  -33.763  39.598  38.359 0.0000000000
124532  -34.860  40.270  38.261 0.0000000000
125817  -36.104  41.840  38.683 0.0000000000
126462  -36.282  42.477  39.124 0.0000000000
125818  -36.985  42.013  38.720 0.0000000000
125160  -37.758  41.304  38.405 0.0000000000
125161  -38.859  41.554  38.348 0.0000000000
123336  -40.609  37.381  36.641 0.0000000000
123938  -40.996  38.877  37.383 0.0000000000
124534  -42.786  39.125  38.041 0.0000000000
123301  -41.715  37.644  38.759 0.0000000000
123302  -42.774  37.291  38.371 0.0000000000
122696  -42.555  36.402  38.229 0.0000000000
121372  -42.239  35.301  37.788 0.0000000000
120031  -45.350  32.703  35.241 0.0000000000
120720  -44.756  33.333  35.800 0.0000000000
119331  -43.907  31.763  34.628 0.0000000000
118534  -43.237  30.297  34.683 0.0000000000
117701  -43.675  29.357  34.652 0.0000000000
116812  -45.280  27.783  34.131 0.0000000000
115676  -32.724  26.885  50.128 0.0000000000
114773  -32.763  26.473  50.897 0.0000000000
113901  -32.285  25.783  50.820 0.0000000000
113103  -33.644  25.076  50.716 0.0000000000
112324  -35.997  23.929  50.378 0.0000000000
113869  -37.986  26.475  52.067 0.0000000000
113886  -38.277  25.727  52.027 0.0000000000
113887  -39.215  25.526  52.201 0.0000000000
113084  -40.585  24.386  52.090 0.0000000000
111572  -41.589  23.052  52.528 0.0000000000
112295  -41.350  24.029  52.566 0.0000000000
112296  -42.064  23.646  53.037 0.0000000000
112288  -42.531  24.191  53.530 0.0000000000
119289  -37.531  31.922  41.881 0.0000000000
119267  -37.788  31.290  42.299 0.0000000000
118474  -38.139  30.430  42.825 0.0000000000
121324  -44.315  35.038  43.262 0.0000000000
121323  -43.803  35.217  43.470 0.0000000000
120640  -44.110  34.539  43.333 0.0000000000
120648  -43.600  33.808  43.163 0.0000000000
116652  -42.524  28.717  45.424 0.0000000000
116694  -42.485  28.866  43.313 0.0000000000
116674  -41.965  28.610  44.449 0.0000000000
116673  -40.971  28.451  44.611 0.0000000000
116692  -40.385  28.694  43.912 0.0000000000
116691  -39.526  28.693  44.034 0.0000000000
116672  -40.031  28.470  44.818 0.0000000000
116649  -39.668  28.368  45.807 0.0000000000
116626  -39.504  28.364  46.852 0.0000000000
116610  -39.217  28.436  47.834 0.0000000000
116611  -40.124  28.503  47.689 0.0000000000
116582  -40.765  28.832  49.542 0.0000000000
116551  -43.598  28.252  51.651 0.0000000000
116540  -42.965  28.094  52.235 0.0000000000
115650  -43.415  27.779  52.289 0.0000000000
114746  -43.469  26.812  53.223 0.0000000000
114737  -43.221  26.432  53.601 0.0000000000
113855  -43.419  25.289  53.851 0.0000000000
113857  -44.064  24.847  54.111 0.0000000000
113052  -44.451  24.283  54.146 0.0000000000
112291  -45.582  23.124  53.669 0.0000000000
111566  -46.039  22.380  53.227 0.0000000000
111576  -46.022  22.389  52.338 0.0000000000
111588  -45.776  22.123  51.584 0.0000000000
112331  -43.678  23.320  50.925 0.0000000000
111609  -43.811  22.309  50.679 0.0000000000
110150  -43.484  20.387  49.624 0.0000000000
109391  -43.832  19.247  49.315 0.0000000000
110163  -42.980  19.930  48.982 0.0000000000
110162  -42.491  20.084  48.814 0.0000000000
114841  -44.457  25.947  46.379 0.0000000000
113951  -43.692  25.942  46.775 0.0000000000
113943  -41.916  25.676  47.304 0.0000000000
113937  -41.371  25.306  47.776 0.0000000000
111647  -39.274  22.590  47.567 0.0000000000
110888  -39.771  21.423  47.757 0.0000000000
110166  -40.579  20.676  47.747 0.0000000000
109406  -40.204  20.090  47.084 0.0000000000
108578  -40.721  19.320  46.026 0.0000000000
108603  -41.091  17.954  44.710 0.0000000000
107671  -39.942  17.748  44.291 0.0000000000
103704  -46.739  14.348  52.712 0.0000000000
117638  -43.214  29.631  38.194 0.0000000000
118510  -43.596  30.103  38.862 0.0000000000
116738  -46.556  28.448  38.408 0.0000000000
117642  -47.066  29.121  39.060 0.0000000000
116725  -48.253  28.466  39.880 0.0000000000
115777  -48.073  27.425  40.024 0.0000000000
114860  -47.167  26.566  41.641 0.0000000000
114869  -45.427  25.696  40.868 0.0000000000
104732  -41.483  14.306  51.119 0.0000000000
105685  -40.298  15.530  50.196 0.0000000000
106652  -40.669  16.526  50.402 0.0000000000
107606  -39.216  17.425  50.041 0.0000000000
107607  -39.983  17.527  50.392 0.0000000000
109368  -40.647  19.734  50.998 0.0000000000
123929  -31.767  37.774  37.715 0.0000000000
123312  -32.787  37.772  37.151 0.0000000000
123932  -34.693  38.441  37.250 0.0000000000
122697  -44.908  36.687  37.362 0.0000000000
120714  -45.984  34.176  36.327 0.0000000000
120032  -46.387  32.989  35.304 0.0000000000
120038  -46.082  32.178  34.563 0.0000000000
119336  -46.798  31.688  33.848 0.0000000000
119341  -46.813  30.658  33.303 0.0000000000
119342  -47.573  31.285  33.318 0.0000000000
119343  -48.178  31.150  32.622 0.0000000000
115663  -36.687  27.655  51.099 0.0000000000
114742  -37.886  26.938  51.882 0.0000000000
115631  -38.487  27.210  51.980 0.0000000000
115632  -39.333  27.414  52.532 0.0000000000
122039  -39.117  35.101  41.987 0.0000000000
120660  -39.450  33.703  42.121 0.0000000000
117621  -45.174  29.898  41.946 0.0000000000
117620  -44.178  29.894  41.930 0.0000000000
117612  -44.491  29.334  42.383 0.0000000000
116695  -43.692  28.708  43.335 0.0000000000
116653  -43.497  28.691  45.483 0.0000000000
116630  -42.979  28.895  46.235 0.0000000000
117549  -42.716  28.885  46.648 0.0000000000
117519  -42.485  29.145  47.828 0.0000000000
116597  -41.714  28.992  48.149 0.0000000000
117506  -42.448  29.309  48.658 0.0000000000
117507  -43.214  29.546  49.092 0.0000000000
117509  -44.888  29.029  49.802 0.0000000000
117496  -44.040  29.184  50.285 0.0000000000
116567  -44.183  28.706  50.900 0.0000000000
113889  -44.662  25.190  52.267 0.0000000000
114777  -44.158  26.341  50.864 0.0000000000
113909  -43.705  25.358  51.058 0.0000000000
113112  -43.631  24.334  51.013 0.0000000000
112330  -43.039  23.793  50.431 0.0000000000
113948  -40.694  25.249  46.416 0.0000000000
113947  -40.207  25.436  45.948 0.0000000000
113143  -39.494  24.783  46.427 0.0000000000
112362  -39.010  24.070  46.819 0.0000000000
111646  -38.997  23.042  47.119 0.0000000000
110892  -39.099  21.999  47.088 0.0000000000
110170  -38.804  20.704  46.464 0.0000000000
109412  -38.954  20.297  46.340 0.0000000000
123884  -41.342  38.222  41.520 0.0000000000
123885  -41.697  38.774  42.209 0.0000000000
123270  -41.885  37.507  42.105 0.0000000000
122681  -42.288  36.644  41.956 0.0000000000
122042  -42.918  35.922  42.233 0.0000000000
121357  -42.633  34.750  41.233 0.0000000000
121344  -43.272  34.946  41.537 0.0000000000
121332  -44.241  35.190  42.662 0.0000000000
120650  -45.257  34.078  42.630 0.0000000000
119973  -45.711  33.172  42.151 0.0000000000
119274  -45.588  32.481  42.170 0.0000000000
118500  -44.216  30.643  39.474 0.0000000000
119310  -44.810  31.250  40.059 0.0000000000
119301  -45.406  32.023  40.370 0.0000000000
118503  -46.907  30.609  40.107 0.0000000000
119303  -46.748  31.501  40.550 0.0000000000
120009  -46.521  32.258  40.886 0.0000000000
119991  -46.495  32.251  41.228 0.0000000000
119294  -46.282  31.921  41.647 0.0000000000
118489  -45.835  30.747  41.658 0.0000000000
116705  -45.666  28.590  42.934 0.0000000000
116698  -46.926  28.201  43.863 0.0000000000
116657  -47.167  27.756  45.578 0.0000000000
115740  -47.264  27.385  46.401 0.0000000000
114838  -47.213  27.123  47.046 0.0000000000
114837  -46.720  26.532  46.953 0.0000000000
113953  -46.289  26.135  46.442 0.0000000000
113952  -45.601  25.946  46.489 0.0000000000
113978  -46.767  25.847  45.265 0.0000000000
113962  -45.182  25.734  45.878 0.0000000000
113961  -44.023  25.972  45.823 0.0000000000
114018  -46.025  25.650  42.621 0.0000000000
114002  -45.442  25.672  43.191 0.0000000000
114001  -44.432  25.661  42.920 0.0000000000
104714  -42.193  14.210  51.644 0.0000000000
104716  -43.574  14.768  52.325 0.0000000000
104701  -45.259  14.530  52.569 0.0000000000
106627  -45.857  15.972  53.356 0.0000000000
106618  -45.786  17.032  53.466 0.0000000000
106619  -46.171  16.596  53.493 0.0000000000
107581  -45.982  17.622  53.644 0.0000000000
108499  -45.944  18.806  53.799 0.0000000000
108489  -45.883  19.145  53.868 0.0000000000
124517  -32.546  39.768  40.100 0.0000000000
124529  -32.925  39.713  39.430 0.0000000000
124518  -33.337  40.365  39.915 0.0000000000
125123  -33.643  41.052  40.599 0.0000000000
125777  -34.894  41.898  40.450 0.0000000000
125778  -35.402  41.766  40.574 0.0000000000
125126  -35.810  41.337  40.333 0.0000000000
125798  -36.934  41.665  40.126 0.0000000000
125144  -37.375  41.081  39.889 0.0000000000
125146  -38.848  41.888  40.473 0.0000000000
126442  -37.302  42.792  39.937 0.0000000000
125781  -38.847  42.807  40.696 0.0000000000
125782  -39.226  42.231  40.794 0.0000000000
125764  -39.959  41.899  41.461 0.0000000000
125765  -40.828  41.912  41.602 0.0000000000
125130  -41.114  40.791  41.192 0.0000000000
123934  -36.622  38.672  37.152 0.0000000000
124545  -37.067  39.632  37.436 0.0000000000
125175  -38.530  40.595  37.967 0.0000000000
125162  -40.004  41.694  38.385 0.0000000000
125177  -40.901  40.941  37.758 0.0000000000
125822  -41.055  41.944  39.158 0.0000000000
125147  -41.372  41.036  40.205 0.0000000000
123899  -41.339  39.064  41.375 0.0000000000
123898  -41.091  38.627  40.605 0.0000000000
122688  -40.662  36.790  40.479 0.0000000000
122055  -40.401  35.716  39.750 0.0000000000
122692  -41.023  36.916  38.798 0.0000000000
121364  -40.329  35.477  38.979 0.0000000000
121361  -40.374  34.787  39.414 0.0000000000
119306  -40.933  32.197  39.204 0.0000000000
118508  -41.092  31.048  38.186 0.0000000000
135839  -44.297  35.288  37.731 0.0000000000
121373  -43.364  34.709  37.436 0.0000000000
120703  -42.255  34.255  37.356 0.0000000000
120719  -43.738  33.278  35.851 0.0000000000
120025  -42.553  33.116  36.115 0.0000000000
120709  -41.642  33.528  36.995 0.0000000000
119325  -41.190  32.197  36.526 0.0000000000
118515  -41.347  30.632  37.401 0.0000000000
118516  -41.934  30.124  37.683 0.0000000000
117654  -42.564  29.681  37.439 0.0000000000
117655  -43.812  29.109  37.387 0.0000000000
116758  -44.695  28.639  37.095 0.0000000000
116791  -43.936  28.602  35.560 0.0000000000
116777  -44.261  28.614  36.432 0.0000000000
116778  -45.193  28.287  36.523 0.0000000000
116793  -45.722  27.918  36.053 0.0000000000
115831  -46.352  27.569  36.178 0.0000000000
114954  -46.408  26.333  33.637 0.0000000000
118544  -46.790  29.660  32.790 0.0000000000
110122  -37.613  20.349  50.267 0.0000000000
111631  -36.809  22.092  49.928 0.0000000000
110123  -38.680  20.466  50.551 0.0000000000
110124  -39.882  20.665  50.915 0.0000000000
109352  -40.954  19.988  51.222 0.0000000000
113905  -35.961  25.533  51.100 0.0000000000
113107  -37.341  24.424  50.949 0.0000000000
113108  -38.264  24.188  51.117 0.0000000000
113082  -38.742  24.931  51.595 0.0000000000
112327  -38.749  23.196  50.832 0.0000000000
111607  -39.734  22.116  51.241 0.0000000000
110835  -40.216  21.407  51.263 0.0000000000
109353  -41.487  19.689  51.404 0.0000000000
110111  -42.598  20.431  52.088 0.0000000000
110101  -43.017  20.646  52.424 0.0000000000
110829  -42.491  21.609  52.542 0.0000000000
110830  -43.341  21.413  53.046 0.0000000000
109345  -44.996  20.022  53.580 0.0000000000
109338  -45.506  19.932  53.922 0.0000000000
109328  -45.909  19.440  53.972 0.0000000000
116687  -35.731  28.881  43.840 0.0000000000
116668  -36.100  28.398  44.534 0.0000000000
116646  -36.339  27.955  45.231 0.0000000000
123870  -41.790  38.876  43.020 0.0000000000
122658  -41.165  37.049  43.438 0.0000000000
121322  -43.076  35.324  43.510 0.0000000000
121321  -42.235  35.188  43.532 0.0000000000
122027  -41.454  35.363  43.203 0.0000000000
121330  -40.942  34.767  42.674 0.0000000000
120645  -40.264  33.751  42.477 0.0000000000
119967  -39.579  32.717  42.211 0.0000000000
119291  -43.730  31.124  41.791 0.0000000000
118478  -42.534  30.748  41.998 0.0000000000
116702  -41.878  28.989  42.914 0.0000000000
119270  -41.014  31.729  42.214 0.0000000000
119269  -39.912  31.711  42.444 0.0000000000
117607  -38.774  29.964  42.994 0.0000000000
117588  -38.216  29.680  43.487 0.0000000000
116690  -38.605  28.771  44.099 0.0000000000
116689  -37.659  28.906  44.114 0.0000000000
116647  -37.212  27.826  45.399 0.0000000000
115737  -37.077  27.471  47.033 0.0000000000
115723  -37.575  27.775  47.958 0.0000000000
116593  -38.148  28.066  49.369 0.0000000000
116547  -39.313  28.003  51.898 0.0000000000
115621  -39.903  27.390  52.931 0.0000000000
116583  -41.670  29.149  49.112 0.0000000000
116549  -41.429  28.533  51.523 0.0000000000
115634  -40.741  27.636  52.800 0.0000000000
115622  -40.401  27.306  53.067 0.0000000000
114734  -40.704  26.877  53.349 0.0000000000
113873  -41.472  25.514  53.265 0.0000000000
113058  -42.322  25.130  53.498 0.0000000000
112289  -43.176  23.764  53.935 0.0000000000
113050  -43.442  24.888  53.942 0.0000000000
112290  -43.724  23.348  54.314 0.0000000000
111565  -43.958  22.462  54.329 0.0000000000
110816  -44.602  22.044  54.340 0.0000000000
110087  -45.749  20.291  54.139 0.0000000000
109329  -46.161  19.443  53.934 0.0000000000
109339  -46.665  19.227  53.522 0.0000000000
109347  -47.067  19.291  52.829 0.0000000000
108509  -47.099  18.845  52.592 0.0000000000
110832  -46.576  21.027  52.458 0.0000000000
108520  -46.752  18.727  51.974 0.0000000000
108519  -46.241  19.028  51.488 0.0000000000
112310  -45.526  22.923  52.029 0.0000000000
110854  -45.578  21.578  51.215 0.0000000000
111610  -44.707  22.090  50.952 0.0000000000
110128  -45.530  20.889  51.051 0.0000000000
108535  -45.082  18.984  50.407 0.0000000000
107630  -45.176  17.716  49.849 0.0000000000
107642  -44.638  17.583  49.297 0.0000000000
107641  -44.187  17.521  48.625 0.0000000000
107645  -43.602  17.515  47.822 0.0000000000
114829  -45.087  26.558  47.916 0.0000000000
114814  -43.253  26.376  49.006 0.0000000000
113945  -43.603  26.071  47.516 0.0000000000
113939  -42.984  26.038  48.440 0.0000000000
113926  -42.799  26.170  49.405 0.0000000000
113110  -42.245  25.264  49.995 0.0000000000
112352  -39.475  23.217  48.026 0.0000000000
112347  -40.963  23.765  48.966 0.0000000000
111632  -41.271  22.850  49.198 0.0000000000
111633  -41.846  22.250  49.492 0.0000000000
110874  -41.773  21.136  49.211 0.0000000000
109402  -41.983  19.835  48.079 0.0000000000
109408  -42.281  19.299  47.605 0.0000000000
109407  -41.268  19.790  47.275 0.0000000000
104691  -46.819  15.290  53.326 0.0000000000
105650  -46.190  15.620  53.407 0.0000000000
106655  -46.127  17.403  50.549 0.0000000000
106694  -44.110  16.997  48.139 0.0000000000
107596  -42.712  16.959  51.204 0.0000000000
107610  -42.725  17.578  51.107 0.0000000000
108490  -46.060  19.127  53.896 0.0000000000
108537  -46.362  18.324  51.380 0.0000000000
109337  -45.220  20.259  53.857 0.0000000000
109343  -43.227  20.044  52.280 0.0000000000
109346  -45.302  19.946  53.733 0.0000000000
109348  -47.217  18.864  52.985 0.0000000000
109369  -41.179  19.402  51.148 0.0000000000
109405  -39.806  20.219  47.009 0.0000000000
109421  -40.198  19.398  45.966 0.0000000000
110094  -44.968  20.748  53.941 0.0000000000
110095  -45.424  20.425  54.036 0.0000000000
110103  -44.744  20.544  53.699 0.0000000000
110108  -40.280  20.880  51.134 0.0000000000
110109  -40.766  20.560  51.280 0.0000000000
110125  -40.421  20.317  51.059 0.0000000000
110148  -41.775  20.733  48.971 0.0000000000
110818  -46.007  21.054  54.190 0.0000000000
110819  -46.403  20.919  53.784 0.0000000000
110824  -44.796  21.436  54.150 0.0000000000
110825  -46.623  20.985  53.110 0.0000000000
110839  -46.389  21.324  52.069 0.0000000000
110884  -39.982  21.660  48.158 0.0000000000
111575  -43.712  22.159  53.891 0.0000000000
111584  -41.219  22.398  52.063 0.0000000000
111585  -41.850  22.287  52.432 0.0000000000
111611  -45.312  21.983  51.160 0.0000000000
111651  -39.037  22.588  47.071 0.0000000000
112282  -44.642  23.416  54.392 0.0000000000
112299  -45.713  23.130  52.839 0.0000000000
113053  -44.830  23.681  54.222 0.0000000000
113060  -43.547  24.174  54.162 0.0000000000
113062  -45.073  23.824  53.927 0.0000000000
113856  -43.746  25.100  54.009 0.0000000000
113861  -41.073  26.271  53.387 0.0000000000
113864  -43.537  25.628  53.822 0.0000000000
113865  -44.167  25.326  53.796 0.0000000000
113954  -46.622  26.305  46.358 0.0000000000
113964  -46.662  26.178  45.876 0.0000000000
114733  -39.926  27.094  53.158 0.0000000000
114743  -38.635  26.875  52.349 0.0000000000
114794  -32.292  26.551  50.323 0.0000000000
114818  -46.587  27.785  48.479 0.0000000000
114828  -44.272  26.292  47.651 0.0000000000
114832  -47.142  27.515  47.467 0.0000000000
114843  -46.820  26.402  46.214 0.0000000000
115630  -37.948  27.164  51.699 0.0000000000
115633  -40.007  27.658  52.778 0.0000000000
115635  -41.683  27.721  53.017 0.0000000000
115637  -43.619  26.949  52.896 0.0000000000
115649  -38.820  27.535  51.915 0.0000000000
115664  -37.571  27.579  51.223 0.0000000000
115702  -38.037  28.080  48.644 0.0000000000
115725  -47.108  27.943  47.712 0.0000000000
115753  -47.302  27.562  45.202 0.0000000000
115874  -46.631  26.859  32.462 0.0000000000
115893  -46.787  27.610  32.069 0.0000000000
116537  -40.144  28.068  52.430 0.0000000000
116585  -45.839  28.660  49.276 0.0000000000
116599  -46.639  28.503  47.898 0.0000000000
116618  -47.193  27.870  46.585 0.0000000000
116635  -47.234  27.666  46.009 0.0000000000
116648  -37.785  27.749  45.585 0.0000000000
116658  -47.272  27.567  45.712 0.0000000000
116680  -47.460  27.450  44.565 0.0000000000
116701  -41.546  29.155  42.822 0.0000000000
116703  -44.063  28.993  42.738 0.0000000000
116704  -44.692  28.846  42.872 0.0000000000
116710  -48.250  28.726  41.326 0.0000000000
116713  -48.320  28.106  40.674 0.0000000000
116724  -47.977  29.050  39.188 0.0000000000
116845  -47.011  27.728  31.792 0.0000000000
117497  -44.538  28.865  50.404 0.0000000000
117523  -45.543  29.123  49.177 0.0000000000
117536  -42.596  28.940  47.090 0.0000000000
117551  -43.626  29.076  47.235 0.0000000000
117587  -37.332  29.624  43.593 0.0000000000
117606  -38.361  30.025  43.101 0.0000000000
117618  -42.806  30.219  41.962 0.0000000000
117627  -48.159  29.631  41.046 0.0000000000
117634  -48.347  29.030  40.637 0.0000000000
117674  -41.705  30.255  36.896 0.0000000000
117675  -42.160  29.893  36.555 0.0000000000
117690  -42.582  29.688  35.718 0.0000000000
118457  -37.273  30.178  43.161 0.0000000000
118486  -43.264  30.717  41.853 0.0000000000
118487  -43.926  30.600  41.733 0.0000000000
118507  -40.823  31.350  38.055 0.0000000000
118512  -45.412  30.016  39.122 0.0000000000
118527  -42.543  30.502  35.318 0.0000000000
119293  -45.306  31.576  41.988 0.0000000000
119302  -46.199  31.926  40.398 0.0000000000
119307  -41.780  31.799  39.495 0.0000000000
119308  -42.664  31.335  39.647 0.0000000000
119311  -45.694  31.229  40.109 0.0000000000
119316  -40.702  31.804  38.203 0.0000000000
119317  -41.361  31.358  38.838 0.0000000000
119321  -40.762  31.703  37.073 0.0000000000
119322  -41.187  31.075  36.734 0.0000000000
119326  -41.485  31.584  36.180 0.0000000000
119329  -42.276  31.494  35.526 0.0000000000
119333  -43.592  30.770  34.421 0.0000000000
119340  -46.282  30.297  33.277 0.0000000000
119966  -38.944  32.475  41.991 0.0000000000
119972  -45.033  33.150  42.529 0.0000000000
119990  -46.128  32.817  41.470 0.0000000000
120003  -41.335  33.230  40.235 0.0000000000
120007  -45.098  32.713  40.672 0.0000000000
120008  -45.866  32.714  40.759 0.0000000000
120012  -40.830  33.069  39.664 0.0000000000
120021  -40.561  32.789  37.657 0.0000000000
120023  -40.987  32.771  36.851 0.0000000000
120024  -41.858  32.728  36.269 0.0000000000
120036  -44.268  31.866  34.573 0.0000000000
120039  -47.229  32.725  34.464 0.0000000000
120043  -47.493  32.103  33.821 0.0000000000
120638  -42.776  34.805  43.477 0.0000000000
120641  -44.668  34.498  43.131 0.0000000000
120661  -43.346  34.495  41.310 0.0000000000
120679  -42.905  34.129  41.000 0.0000000000
120680  -44.031  33.698  40.974 0.0000000000
120689  -40.503  33.880  39.565 0.0000000000
120710  -42.684  33.687  36.715 0.0000000000
120711  -43.510  33.755  36.517 0.0000000000
120718  -43.021  33.354  36.077 0.0000000000
120721  -45.746  33.511  35.852 0.0000000000
120724  -47.394  33.742  35.243 0.0000000000
121333  -44.665  34.839  42.941 0.0000000000
121342  -39.166  34.356  41.952 0.0000000000
121345  -44.107  34.761  42.025 0.0000000000
121346  -44.633  34.573  42.453 0.0000000000
121356  -41.979  34.658  40.981 0.0000000000
121360  -40.320  35.356  39.230 0.0000000000
121365  -40.367  35.063  38.670 0.0000000000
121375  -44.959  35.038  37.485 0.0000000000
121376  -45.322  35.387  37.299 0.0000000000
121384  -43.960  34.167  37.077 0.0000000000
122015  -41.185  36.438  43.385 0.0000000000
122016  -41.635  36.157  43.529 0.0000000000
122017  -42.624  36.055  43.542 0.0000000000
122018  -43.459  35.924  43.359 0.0000000000
122019  -44.006  35.566  43.290 0.0000000000
122028  -43.292  36.188  42.719 0.0000000000
122030  -44.239  35.344  43.067 0.0000000000
122040  -41.386  36.252  41.239 0.0000000000
122043  -43.706  35.403  42.286 0.0000000000
122054  -40.339  35.532  39.416 0.0000000000
122057  -40.337  35.605  39.215 0.0000000000
122058  -40.494  35.970  38.920 0.0000000000
122059  -41.109  36.256  38.516 0.0000000000
122063  -41.577  35.915  38.211 0.0000000000
122661  -43.425  36.216  43.175 0.0000000000
122671  -43.356  36.378  43.059 0.0000000000
122680  -41.412  36.802  41.336 0.0000000000
122682  -42.710  36.481  42.413 0.0000000000
123254  -41.763  37.867  42.738 0.0000000000
123269  -41.409  37.558  41.490 0.0000000000
123271  -42.489  36.842  42.467 0.0000000000
123299  -30.774  37.583  38.059 0.0000000000
123313  -33.677  37.864  37.035 0.0000000000
123319  -41.327  38.049  36.928 0.0000000000
123320  -42.176  37.879  36.794 0.0000000000
123910  -41.233  38.624  39.589 0.0000000000
123919  -33.333  39.380  38.473 0.0000000000
123920  -41.540  38.205  39.097 0.0000000000
123950  -43.057  37.211  36.578 0.0000000000
123951  -43.283  37.239  36.667 0.0000000000
124496  -40.691  39.988  42.630 0.0000000000
124511  -41.311  39.737  40.562 0.0000000000
124523  -41.388  39.317  39.807 0.0000000000
124530  -33.502  40.099  38.958 0.0000000000
124531  -34.230  40.205  38.580 0.0000000000
124546  -38.095  39.710  37.597 0.0000000000
124551  -43.459  38.087  37.273 0.0000000000
125080  -41.102  39.899  43.305 0.0000000000
125081  -41.287  39.992  43.184 0.0000000000
125095  -41.276  40.151  42.791 0.0000000000
125127  -38.742  40.638  40.386 0.0000000000
125129  -40.687  40.949  41.442 0.0000000000
125140  -34.169  41.119  39.681 0.0000000000
125143  -36.468  41.039  39.933 0.0000000000
125145  -38.371  41.227  40.146 0.0000000000
125163  -40.987  41.576  38.565 0.0000000000
125172  -35.919  40.122  37.714 0.0000000000
125173  -36.490  40.320  37.750 0.0000000000
125762  -34.808  41.437  41.023 0.0000000000
125766  -41.089  42.455  41.403 0.0000000000
125776  -34.359  41.537  40.265 0.0000000000
125783  -41.007  41.480  41.362 0.0000000000
125796  -34.804  41.808  39.860 0.0000000000
125800  -38.497  42.346  40.309 0.0000000000
125801  -38.834  42.381  40.570 0.0000000000
125803  -41.167  42.350  39.932 0.0000000000
125815  -34.940  41.656  39.366 0.0000000000
125816  -35.391  41.784  39.037 0.0000000000
125819  -38.009  42.175  38.845 0.0000000000
126396  -39.915  42.791  41.459 0.0000000000
126397  -40.373  42.783  41.549 0.0000000000
126398  -40.898  42.722  41.533 0.0000000000
126415  -35.071  42.103  40.389 0.0000000000
126418  -36.594  42.551  40.081 0.0000000000
126419  -38.945  43.201  40.756 0.0000000000
126420  -39.391  42.989  41.157 0.0000000000
126422  -41.161  42.912  41.196 0.0000000000
126439  -35.121  42.151  40.160 0.0000000000
126440  -35.530  42.318  39.665 0.0000000000
126443  -38.511  43.209  40.281 0.0000000000
126445  -40.528  43.464  40.547 0.0000000000
126446  -41.184  42.780  40.692 0.0000000000
126463  -37.174  42.580  39.308 0.0000000000
126465  -39.232  43.279  39.466 0.0000000000
126466  -40.064  43.428  39.710 0.0000000000
127011  -39.932  43.252  41.459 0.0000000000
127012  -40.299  43.273  41.461 0.0000000000
127026  -39.654  43.631  41.132 0.0000000000
127027  -40.209  43.615  41.255 0.0000000000
127038  -39.150  43.648  40.482 0.0000000000
127039  -39.611  43.831  40.677 0.0000000000
127040  -40.015  43.876  40.944 0.0000000000
135840  -43.075  36.692  38.305 0.0000000000
135844  -44.728  37.101  37.103 0.0000000000
