#!ascii label  , from subject 3610 vox2ras=TkReg
1846
58672  -31.049  -25.191  75.227 0.0000000000
80304  -44.397  -8.807  59.781 0.0000000000
67766  -31.835  -19.255  57.838 0.0000000000
48488  -5.086  -35.717  69.311 0.0000000000
49571  -19.045  -32.844  76.459 0.0000000000
60002  -1.220  -27.030  66.844 0.0000000000
55262  1.697  -29.170  73.992 0.0000000000
67786  -40.405  -19.033  57.790 0.0000000000
57747  -5.525  -27.649  60.461 0.0000000000
43128  -1.033  -39.578  75.154 0.0000000000
59972  -30.344  -25.378  70.719 0.0000000000
51895  -28.520  -30.507  75.324 0.0000000000
51872  -26.602  -32.195  76.888 0.0000000000
81482  -47.066  -6.453  56.915 0.0000000000
65239  -36.510  -20.182  58.226 0.0000000000
49640  -15.006  -33.441  73.062 0.0000000000
63933  -7.703  -22.265  64.681 0.0000000000
50875  -2.342  -31.740  67.779 0.0000000000
53109  -1.264  -31.268  63.644 0.0000000000
47487  -5.008  -36.338  64.440 0.0000000000
49511  -5.394  -34.397  79.244 0.0000000000
49520  -2.875  -35.431  78.623 0.0000000000
67702  -31.272  -19.386  61.714 0.0000000000
51834  -23.222  -32.574  80.812 0.0000000000
48384  -21.385  -32.535  74.622 0.0000000000
56454  0.286  -27.502  69.998 0.0000000000
50838  -0.366  -33.050  70.653 0.0000000000
73081  -43.163  -13.897  59.341 0.0000000000
49543  -8.766  -34.054  77.710 0.0000000000
49597  -11.907  -33.889  75.187 0.0000000000
58847  -3.792  -27.674  64.150 0.0000000000
53153  -3.055  -31.390  60.553 0.0000000000
52965  -0.800  -31.998  74.138 0.0000000000
48372  -0.970  -35.259  73.967 0.0000000000
46364  -2.605  -38.372  72.165 0.0000000000
61115  -31.325  -23.551  73.614 0.0000000000
55256  -31.001  -27.123  73.993 0.0000000000
57603  -31.416  -25.666  72.684 0.0000000000
54080  -30.068  -27.972  75.296 0.0000000000
52997  -29.745  -29.392  73.959 0.0000000000
54055  -28.768  -27.928  76.810 0.0000000000
81470  -45.654  -7.332  58.138 0.0000000000
77987  -41.865  -10.537  58.447 0.0000000000
80320  -43.486  -8.659  56.867 0.0000000000
79188  -45.101  -8.010  55.005 0.0000000000
66572  -34.969  -19.675  57.592 0.0000000000
66548  -29.999  -20.981  58.567 0.0000000000
65274  -31.303  -21.836  57.829 0.0000000000
64012  -33.924  -22.093  57.226 0.0000000000
49712  -3.171  -33.231  67.915 0.0000000000
49752  -3.629  -33.229  65.525 0.0000000000
48527  -6.301  -35.449  66.209 0.0000000000
45396  -6.575  -38.305  65.097 0.0000000000
45385  -6.028  -38.698  67.523 0.0000000000
46220  -5.815  -36.704  77.400 0.0000000000
45137  -3.794  -37.675  78.101 0.0000000000
66481  -31.958  -19.909  64.333 0.0000000000
62538  -31.494  -22.654  69.140 0.0000000000
61185  -29.820  -24.044  68.384 0.0000000000
63920  -31.541  -21.321  65.992 0.0000000000
63960  -31.530  -21.587  63.189 0.0000000000
55166  -25.481  -29.415  82.639 0.0000000000
50795  -24.519  -30.758  75.748 0.0000000000
49592  -23.196  -31.925  76.288 0.0000000000
81528  -47.286  -5.805  52.408 0.0000000000
84851  -48.475  -3.888  52.297 0.0000000000
56411  1.505  -27.788  72.554 0.0000000000
53026  0.408  -30.507  70.942 0.0000000000
53014  1.018  -30.930  72.273 0.0000000000
69905  -41.818  -16.231  58.733 0.0000000000
64098  -37.814  -21.877  54.705 0.0000000000
67820  -38.754  -19.113  55.484 0.0000000000
72012  -40.521  -15.690  56.262 0.0000000000
51824  -8.333  -32.554  79.012 0.0000000000
50755  -10.230  -32.975  77.473 0.0000000000
61208  -2.800  -25.683  67.523 0.0000000000
60007  -4.950  -25.687  66.171 0.0000000000
60020  -2.431  -27.243  66.045 0.0000000000
48600  -2.141  -33.843  62.696 0.0000000000
54275  -1.430  -30.342  62.519 0.0000000000
50950  -2.881  -33.609  60.575 0.0000000000
51900  -2.638  -32.879  74.199 0.0000000000
45171  -1.116  -37.916  77.190 0.0000000000
48335  -1.967  -35.737  76.204 0.0000000000
46275  -1.314  -37.181  74.863 0.0000000000
47324  -1.153  -36.587  73.361 0.0000000000
44217  -1.722  -39.159  73.029 0.0000000000
62505  -31.371  -23.157  71.087 0.0000000000
54010  -27.893  -29.343  81.163 0.0000000000
54040  -28.563  -29.316  78.527 0.0000000000
51883  -27.489  -30.664  76.353 0.0000000000
83678  -48.686  -4.650  55.763 0.0000000000
80361  -46.382  -7.329  53.599 0.0000000000
65258  -38.511  -20.674  58.345 0.0000000000
62738  -35.845  -23.294  56.180 0.0000000000
49643  -18.966  -33.250  72.927 0.0000000000
49617  -16.968  -33.223  74.548 0.0000000000
61299  -6.949  -24.660  61.860 0.0000000000
55357  -0.552  -29.211  66.885 0.0000000000
56510  -0.917  -29.096  64.997 0.0000000000
52026  -1.818  -31.439  65.196 0.0000000000
48566  -2.900  -33.569  64.027 0.0000000000
47506  -4.239  -36.040  63.265 0.0000000000
52904  -4.946  -32.964  79.037 0.0000000000
51858  -2.837  -32.927  78.009 0.0000000000
49500  -2.372  -34.787  80.106 0.0000000000
44141  -2.403  -37.848  78.186 0.0000000000
68855  -29.591  -18.906  59.132 0.0000000000
65224  -30.424  -21.344  60.590 0.0000000000
49536  -21.192  -33.304  78.628 0.0000000000
51853  -25.461  -32.646  79.618 0.0000000000
49574  -22.339  -32.690  76.982 0.0000000000
49605  -20.282  -32.994  75.634 0.0000000000
62529  -2.248  -25.078  69.003 0.0000000000
61157  -0.414  -25.571  70.754 0.0000000000
58791  -0.402  -27.050  68.411 0.0000000000
54184  -0.452  -29.745  68.831 0.0000000000
49698  -1.529  -32.974  69.602 0.0000000000
48464  -2.418  -34.796  70.383 0.0000000000
76722  -43.945  -11.824  60.292 0.0000000000
74286  -40.804  -13.378  58.027 0.0000000000
52895  -6.742  -32.280  80.195 0.0000000000
49523  -7.020  -34.422  78.677 0.0000000000
47287  -6.897  -36.081  76.117 0.0000000000
48381  -15.398  -34.048  75.209 0.0000000000
49566  -13.927  -32.755  76.127 0.0000000000
50774  -11.772  -33.063  76.630 0.0000000000
49578  -10.156  -33.831  75.972 0.0000000000
48373  -8.447  -35.338  74.601 0.0000000000
62575  -7.477  -23.458  66.070 0.0000000000
60025  -6.878  -25.850  64.664 0.0000000000
57724  -4.720  -28.309  62.521 0.0000000000
57720  -1.373  -28.866  63.674 0.0000000000
56561  -2.255  -29.091  62.200 0.0000000000
56600  -3.757  -29.383  60.890 0.0000000000
54081  0.702  -30.289  75.630 0.0000000000
50789  -2.268  -34.407  76.198 0.0000000000
50792  -0.575  -33.426  74.814 0.0000000000
51914  1.139  -32.263  74.002 0.0000000000
49638  -0.041  -34.659  72.733 0.0000000000
48450  -2.195  -35.721  71.475 0.0000000000
46389  -3.642  -37.926  70.779 0.0000000000
40904  -1.441  -42.040  73.206 0.0000000000
42130  -2.093  -41.283  72.157 0.0000000000
44268  -4.196  -39.902  68.654 0.0000000000
59856  -31.414  -24.630  74.537 0.0000000000
61080  -31.370  -24.049  75.275 0.0000000000
56379  -30.826  -26.332  74.749 0.0000000000
58711  -31.656  -25.720  74.071 0.0000000000
56367  -30.763  -26.847  75.900 0.0000000000
55237  -30.390  -27.480  75.130 0.0000000000
58661  -31.074  -25.856  76.298 0.0000000000
57555  -30.924  -26.563  76.864 0.0000000000
80305  -45.229  -7.979  59.851 0.0000000000
79165  -42.820  -9.653  58.822 0.0000000000
79168  -42.347  -9.534  57.822 0.0000000000
80312  -43.419  -8.691  57.986 0.0000000000
81469  -44.807  -7.687  57.830 0.0000000000
67783  -33.740  -19.507  57.683 0.0000000000
68860  -34.355  -18.498  58.869 0.0000000000
68871  -33.187  -18.832  58.171 0.0000000000
66567  -30.673  -21.174  57.940 0.0000000000
67781  -31.745  -20.067  57.609 0.0000000000
66570  -33.462  -20.372  57.397 0.0000000000
48505  -3.950  -34.120  68.286 0.0000000000
48525  -4.878  -33.842  67.104 0.0000000000
48507  -6.036  -35.976  67.794 0.0000000000
47439  -6.485  -36.935  67.012 0.0000000000
47418  -5.863  -37.283  68.508 0.0000000000
45174  -5.412  -37.332  76.184 0.0000000000
45173  -4.871  -37.546  76.615 0.0000000000
63898  -32.372  -21.394  67.858 0.0000000000
62566  -32.011  -21.921  67.446 0.0000000000
63921  -32.174  -21.002  65.966 0.0000000000
63935  -31.787  -20.747  65.061 0.0000000000
83709  -48.776  -4.801  53.617 0.0000000000
82627  -47.381  -5.324  52.203 0.0000000000
85945  -49.884  -3.504  52.687 0.0000000000
56397  1.451  -28.083  73.644 0.0000000000
54146  1.188  -29.705  71.875 0.0000000000
54130  1.483  -30.047  73.120 0.0000000000
68872  -40.804  -17.594  58.434 0.0000000000
69886  -42.082  -16.638  59.955 0.0000000000
65309  -38.658  -20.186  56.622 0.0000000000
66604  -38.017  -20.245  55.182 0.0000000000
66606  -38.855  -19.405  56.361 0.0000000000
69912  -40.204  -17.891  56.512 0.0000000000
52910  -9.963  -32.092  78.043 0.0000000000
51826  -10.707  -32.138  77.834 0.0000000000
49553  -19.689  -32.490  77.055 0.0000000000
49570  -17.991  -32.540  75.834 0.0000000000
60061  -5.751  -25.479  60.521 0.0000000000
61207  -2.186  -25.633  67.457 0.0000000000
61226  -2.701  -26.033  67.061 0.0000000000
60019  -1.776  -27.389  66.166 0.0000000000
46498  -2.708  -35.342  61.904 0.0000000000
48620  -2.427  -33.923  61.650 0.0000000000
48610  -3.614  -35.118  61.035 0.0000000000
52993  -3.215  -32.070  73.178 0.0000000000
51880  -3.394  -32.301  75.932 0.0000000000
43127  -1.118  -39.081  76.012 0.0000000000
45193  -1.352  -37.819  76.103 0.0000000000
44190  -1.184  -38.812  74.575 0.0000000000
45244  -1.760  -38.099  74.036 0.0000000000
43137  -0.979  -39.855  74.177 0.0000000000
61151  -31.368  -23.486  72.541 0.0000000000
59940  -30.799  -24.557  72.178 0.0000000000
62506  -31.833  -22.901  71.457 0.0000000000
62522  -31.981  -22.537  70.546 0.0000000000
52960  -29.468  -30.592  76.332 0.0000000000
52952  -28.665  -30.370  76.875 0.0000000000
51884  -28.481  -31.112  76.041 0.0000000000
51904  -26.520  -30.208  74.893 0.0000000000
82581  -47.905  -5.654  56.053 0.0000000000
80324  -46.263  -7.266  55.761 0.0000000000
80349  -45.582  -7.964  54.076 0.0000000000
80336  -46.650  -7.081  55.229 0.0000000000
81501  -47.990  -6.117  54.954 0.0000000000
65257  -37.668  -21.107  58.156 0.0000000000
66531  -38.376  -19.756  59.080 0.0000000000
66514  -37.210  -19.105  58.815 0.0000000000
65278  -35.522  -21.249  57.371 0.0000000000
64034  -34.506  -22.768  56.772 0.0000000000
64014  -35.900  -22.179  57.322 0.0000000000
64037  -37.486  -22.414  56.804 0.0000000000
65196  -7.006  -21.630  63.424 0.0000000000
62638  -6.535  -23.723  61.652 0.0000000000
62620  -7.479  -23.462  62.978 0.0000000000
54203  -1.106  -29.977  67.322 0.0000000000
54217  -1.200  -29.816  66.140 0.0000000000
52012  -2.042  -31.120  66.648 0.0000000000
48548  -4.871  -34.411  65.129 0.0000000000
48546  -3.470  -33.556  64.855 0.0000000000
47485  -4.376  -35.103  64.039 0.0000000000
47505  -3.533  -35.094  63.516 0.0000000000
47499  -4.531  -36.466  63.677 0.0000000000
46474  -5.150  -37.077  64.114 0.0000000000
51804  -5.299  -33.480  79.641 0.0000000000
50729  -3.373  -34.015  79.120 0.0000000000
49502  -3.896  -34.302  78.658 0.0000000000
44159  -3.737  -39.035  78.071 0.0000000000
45135  -3.051  -37.747  78.774 0.0000000000
44158  -3.068  -38.990  78.215 0.0000000000
43072  -2.139  -39.222  77.936 0.0000000000
67715  -29.749  -19.195  60.354 0.0000000000
65208  -31.560  -21.127  62.529 0.0000000000
63959  -31.586  -22.049  62.377 0.0000000000
67717  -30.966  -20.175  61.185 0.0000000000
66510  -29.776  -19.994  60.306 0.0000000000
51815  -22.581  -32.139  81.109 0.0000000000
50744  -21.299  -33.258  79.832 0.0000000000
50745  -22.275  -33.394  80.065 0.0000000000
52933  -27.350  -30.816  79.272 0.0000000000
52919  -26.336  -31.107  80.309 0.0000000000
50770  -25.906  -32.796  78.198 0.0000000000
48385  -22.209  -32.371  74.996 0.0000000000
49575  -23.246  -32.444  77.012 0.0000000000
48367  -21.671  -32.466  75.529 0.0000000000
48351  -21.219  -32.446  76.190 0.0000000000
48366  -20.684  -32.748  75.220 0.0000000000
49630  -20.294  -34.186  73.283 0.0000000000
57606  0.881  -26.570  71.490 0.0000000000
58758  0.078  -26.352  70.340 0.0000000000
59963  -0.350  -26.075  70.181 0.0000000000
57632  0.012  -26.898  69.941 0.0000000000
56467  -0.143  -28.005  68.993 0.0000000000
55330  0.232  -28.524  69.851 0.0000000000
51956  0.096  -31.602  70.458 0.0000000000
50850  -0.448  -32.073  69.740 0.0000000000
49686  -1.039  -33.345  70.431 0.0000000000
48484  -1.954  -33.769  69.546 0.0000000000
48463  -1.915  -34.169  70.295 0.0000000000
74267  -43.181  -12.898  59.706 0.0000000000
75490  -45.037  -12.391  61.161 0.0000000000
74249  -44.216  -13.164  61.073 0.0000000000
71987  -41.260  -15.060  57.875 0.0000000000
73109  -40.711  -15.214  56.651 0.0000000000
73079  -41.768  -13.827  58.700 0.0000000000
75519  -42.610  -12.375  59.268 0.0000000000
54029  -7.441  -31.076  78.651 0.0000000000
49525  -8.933  -33.630  78.479 0.0000000000
49513  -7.999  -33.561  78.928 0.0000000000
49542  -7.558  -34.492  78.149 0.0000000000
48336  -7.222  -35.351  77.403 0.0000000000
48337  -7.843  -35.251  77.002 0.0000000000
49626  -16.133  -33.493  73.816 0.0000000000
49616  -15.889  -34.033  74.742 0.0000000000
49625  -15.284  -34.061  74.054 0.0000000000
48377  -12.995  -33.860  74.266 0.0000000000
48361  -13.800  -33.641  74.763 0.0000000000
49581  -13.205  -33.498  75.618 0.0000000000
49546  -12.543  -33.227  76.478 0.0000000000
49580  -12.312  -33.877  75.887 0.0000000000
50784  -11.508  -33.327  76.534 0.0000000000
49579  -11.285  -34.030  76.028 0.0000000000
48374  -9.298  -34.626  74.237 0.0000000000
62551  -7.528  -23.242  68.056 0.0000000000
60023  -4.566  -26.443  65.445 0.0000000000
60008  -6.095  -25.534  65.789 0.0000000000
58832  -5.220  -26.944  64.600 0.0000000000
58849  -5.873  -27.136  63.382 0.0000000000
57707  -4.262  -28.061  63.356 0.0000000000
54229  -0.692  -30.012  64.078 0.0000000000
56525  -0.751  -28.973  64.130 0.0000000000
55397  -0.014  -29.728  62.986 0.0000000000
54294  -2.204  -30.604  61.741 0.0000000000
55426  -1.898  -29.971  62.107 0.0000000000
56598  -2.676  -29.759  61.633 0.0000000000
56581  -2.901  -29.171  61.394 0.0000000000
55469  -3.614  -30.063  60.673 0.0000000000
54313  -4.336  -30.364  60.084 0.0000000000
52964  -0.292  -31.632  74.909 0.0000000000
50749  -2.486  -34.764  78.848 0.0000000000
51869  -2.753  -33.783  76.946 0.0000000000
50781  -2.414  -34.661  76.949 0.0000000000
47298  -1.402  -35.993  74.746 0.0000000000
49576  -1.800  -35.023  75.325 0.0000000000
49610  -0.717  -34.589  74.231 0.0000000000
50796  0.419  -33.176  74.627 0.0000000000
49623  0.080  -34.028  74.126 0.0000000000
50801  0.609  -33.441  73.290 0.0000000000
48390  -0.603  -35.322  73.348 0.0000000000
46342  -2.363  -37.735  72.454 0.0000000000
47342  -1.493  -36.342  72.548 0.0000000000
46343  -2.308  -37.263  72.017 0.0000000000
47377  -2.901  -36.838  71.168 0.0000000000
45333  -3.075  -38.499  71.337 0.0000000000
39876  -1.258  -43.273  71.642 0.0000000000
40927  -1.112  -42.078  72.185 0.0000000000
61141  -32.608  -23.086  73.084 0.0000000000
55292  -30.533  -27.729  72.935 0.0000000000
56422  -31.237  -26.784  72.589 0.0000000000
57602  -31.630  -26.183  72.929 0.0000000000
59920  -31.007  -24.231  73.029 0.0000000000
52972  -29.460  -29.829  75.188 0.0000000000
52973  -29.805  -29.135  74.863 0.0000000000
54108  -30.350  -28.368  74.118 0.0000000000
54067  -29.121  -27.935  76.312 0.0000000000
82565  -46.812  -6.534  58.198 0.0000000000
78015  -42.017  -9.566  55.299 0.0000000000
78016  -42.836  -9.146  55.028 0.0000000000
78031  -43.588  -9.049  54.148 0.0000000000
79186  -43.670  -8.596  55.422 0.0000000000
81480  -45.414  -7.518  56.998 0.0000000000
65238  -35.874  -20.004  58.089 0.0000000000
67718  -36.573  -18.705  58.935 0.0000000000
67742  -35.199  -18.734  58.945 0.0000000000
69882  -34.967  -17.552  59.563 0.0000000000
63983  -29.816  -22.200  59.715 0.0000000000
65272  -30.256  -21.832  58.463 0.0000000000
65273  -30.640  -21.871  58.034 0.0000000000
64009  -30.832  -22.456  57.522 0.0000000000
64031  -32.110  -23.187  56.820 0.0000000000
64011  -32.920  -22.385  57.417 0.0000000000
65277  -34.425  -21.044  57.209 0.0000000000
49711  -2.721  -32.560  67.866 0.0000000000
49729  -2.998  -32.346  66.943 0.0000000000
49731  -3.771  -33.135  66.647 0.0000000000
49732  -4.425  -33.376  66.595 0.0000000000
48549  -5.724  -35.129  65.246 0.0000000000
47489  -5.926  -37.028  64.555 0.0000000000
47457  -6.783  -36.783  66.035 0.0000000000
45391  -6.756  -38.439  66.034 0.0000000000
47255  -5.676  -35.542  78.354 0.0000000000
47253  -4.177  -35.816  78.092 0.0000000000
45138  -4.265  -36.951  77.455 0.0000000000
66491  -31.520  -20.090  62.740 0.0000000000
62520  -30.884  -23.380  69.769 0.0000000000
61172  -29.781  -24.368  69.402 0.0000000000
62537  -31.103  -23.150  68.742 0.0000000000
62564  -31.498  -23.132  67.031 0.0000000000
62576  -30.796  -22.809  65.557 0.0000000000
63934  -31.424  -21.229  65.308 0.0000000000
65209  -31.575  -20.790  63.435 0.0000000000
52891  -24.355  -30.776  81.972 0.0000000000
51881  -25.783  -31.931  76.187 0.0000000000
50786  -25.181  -32.479  76.616 0.0000000000
50794  -23.746  -31.283  76.061 0.0000000000
48386  -22.681  -32.302  74.805 0.0000000000
82625  -46.887  -6.676  50.916 0.0000000000
83726  -46.700  -5.462  51.092 0.0000000000
84848  -46.869  -4.159  50.840 0.0000000000
85963  -47.699  -3.010  50.712 0.0000000000
56425  1.384  -27.426  71.493 0.0000000000
54161  0.764  -29.155  70.735 0.0000000000
50824  0.231  -32.598  70.986 0.0000000000
70946  -42.431  -15.292  58.857 0.0000000000
69888  -43.196  -15.510  59.948 0.0000000000
66630  -37.982  -19.798  53.682 0.0000000000
67833  -38.192  -18.756  53.624 0.0000000000
69951  -38.926  -17.439  54.027 0.0000000000
69933  -39.610  -17.367  55.504 0.0000000000
70966  -40.968  -16.059  56.841 0.0000000000
54012  -8.309  -31.518  78.867 0.0000000000
54013  -9.064  -31.847  78.128 0.0000000000
51843  -9.300  -32.724  78.355 0.0000000000
49544  -9.831  -33.509  77.615 0.0000000000
48417  -13.218  -33.657  72.981 0.0000000000
48375  -10.714  -33.992  74.126 0.0000000000
62548  -4.920  -24.779  67.899 0.0000000000
62561  -5.350  -24.685  67.474 0.0000000000
59995  -4.277  -25.661  66.820 0.0000000000
60006  -4.010  -26.161  66.305 0.0000000000
58830  -3.370  -27.322  64.982 0.0000000000
50930  -1.632  -32.910  62.981 0.0000000000
53118  -0.714  -30.669  63.048 0.0000000000
50948  -1.557  -32.763  62.328 0.0000000000
50964  -1.726  -32.857  61.413 0.0000000000
52100  -2.790  -32.222  60.671 0.0000000000
54116  -2.712  -30.874  73.035 0.0000000000
52978  -2.068  -31.956  73.639 0.0000000000
52977  -1.459  -32.001  73.790 0.0000000000
47268  -2.272  -36.647  77.928 0.0000000000
48326  -2.306  -35.911  76.891 0.0000000000
46243  -1.644  -37.206  76.636 0.0000000000
46262  -1.420  -36.921  75.488 0.0000000000
46274  -1.237  -36.689  74.446 0.0000000000
47310  -1.259  -35.976  73.870 0.0000000000
46292  -1.413  -37.342  74.121 0.0000000000
45272  -2.027  -38.139  73.470 0.0000000000
44231  -1.998  -39.161  72.533 0.0000000000
58771  -30.412  -26.274  70.933 0.0000000000
57614  -31.219  -26.039  72.164 0.0000000000
59957  -30.681  -24.881  71.535 0.0000000000
59956  -30.616  -24.545  71.083 0.0000000000
62521  -31.324  -23.060  70.309 0.0000000000
63889  -32.444  -21.522  68.901 0.0000000000
51856  -27.593  -31.021  78.193 0.0000000000
54041  -28.117  -28.709  77.931 0.0000000000
52951  -27.987  -30.267  77.215 0.0000000000
51873  -27.500  -31.377  76.832 0.0000000000
51892  -25.569  -31.125  75.881 0.0000000000
79234  -45.137  -8.488  52.258 0.0000000000
81521  -46.963  -6.809  52.873 0.0000000000
82613  -48.361  -5.732  54.201 0.0000000000
66574  -39.664  -19.975  57.703 0.0000000000
67747  -40.372  -18.438  59.354 0.0000000000
66517  -39.447  -19.314  59.558 0.0000000000
62735  -33.248  -23.387  56.128 0.0000000000
64056  -36.756  -23.252  55.558 0.0000000000
65292  -38.420  -21.342  56.627 0.0000000000
49603  -18.907  -33.511  75.248 0.0000000000
49602  -17.810  -32.955  75.210 0.0000000000
49618  -18.192  -33.315  74.491 0.0000000000
49641  -16.537  -32.855  72.593 0.0000000000
61298  -6.065  -24.497  61.143 0.0000000000
58878  -6.178  -26.253  60.880 0.0000000000
57682  -0.606  -28.276  66.548 0.0000000000
58826  -0.966  -28.159  66.254 0.0000000000
55367  -0.986  -29.350  65.849 0.0000000000
54230  -1.029  -30.026  65.033 0.0000000000
53097  -1.262  -30.768  64.462 0.0000000000
50904  -2.393  -32.206  65.196 0.0000000000
50914  -2.101  -32.395  64.163 0.0000000000
50922  -2.053  -32.675  63.673 0.0000000000
48579  -2.301  -33.754  63.293 0.0000000000
52948  -3.058  -32.144  77.134 0.0000000000
52922  -3.922  -33.031  78.100 0.0000000000
51819  -2.552  -33.579  79.178 0.0000000000
49506  -1.741  -34.760  79.692 0.0000000000
46156  -3.178  -36.226  78.940 0.0000000000
47250  -2.327  -35.965  79.694 0.0000000000
47262  -2.217  -36.304  78.797 0.0000000000
45149  -1.464  -37.735  77.665 0.0000000000
44171  -0.970  -38.871  77.303 0.0000000000
43114  -1.178  -39.630  76.279 0.0000000000
68868  -30.680  -19.407  57.931 0.0000000000
69903  -32.448  -18.292  58.042 0.0000000000
68856  -30.244  -18.755  58.501 0.0000000000
59970  -29.308  -25.540  69.664 0.0000000000
63976  -30.289  -22.225  60.727 0.0000000000
67764  -29.646  -19.752  58.795 0.0000000000
49517  -20.653  -32.378  78.400 0.0000000000
49554  -20.403  -32.356  77.588 0.0000000000
54002  -26.567  -29.290  82.052 0.0000000000
52903  -25.663  -30.975  81.003 0.0000000000
50747  -24.174  -33.159  79.820 0.0000000000
50785  -24.236  -32.872  77.007 0.0000000000
50776  -23.789  -33.658  78.413 0.0000000000
49538  -22.831  -33.742  78.623 0.0000000000
49556  -21.648  -32.891  77.613 0.0000000000
48340  -20.689  -32.348  76.948 0.0000000000
49588  -19.625  -33.035  76.080 0.0000000000
49619  -19.217  -33.676  74.399 0.0000000000
87086  -47.997  -1.847  50.027 0.0000000000
88162  -48.316  -1.637  49.010 0.0000000000
88173  -49.510  -0.732  48.192 0.0000000000
62545  -2.285  -25.263  68.383 0.0000000000
61190  -1.495  -25.805  68.214 0.0000000000
62498  -1.463  -25.134  69.907 0.0000000000
61189  -1.193  -26.258  68.676 0.0000000000
59993  -0.820  -26.860  67.708 0.0000000000
57671  -0.235  -27.914  67.262 0.0000000000
55352  -0.421  -29.046  67.881 0.0000000000
53062  -1.144  -30.542  68.222 0.0000000000
53039  -0.300  -30.603  69.788 0.0000000000
51984  -0.771  -31.105  69.138 0.0000000000
50862  -1.601  -31.984  68.956 0.0000000000
49699  -2.036  -33.187  69.059 0.0000000000
48485  -2.426  -34.149  69.324 0.0000000000
48487  -4.017  -35.092  69.403 0.0000000000
77970  -44.396  -10.576  60.486 0.0000000000
72026  -39.301  -16.096  54.676 0.0000000000
73121  -39.455  -15.353  55.871 0.0000000000
74300  -39.585  -13.969  56.821 0.0000000000
75527  -41.126  -12.290  58.286 0.0000000000
77981  -42.823  -11.056  59.538 0.0000000000
52905  -5.380  -32.614  79.549 0.0000000000
51805  -5.817  -33.111  80.108 0.0000000000
51823  -8.055  -32.484  79.933 0.0000000000
50718  -7.159  -33.067  79.652 0.0000000000
49522  -6.242  -34.562  79.065 0.0000000000
47276  -6.313  -36.287  77.228 0.0000000000
49586  -17.412  -33.267  75.812 0.0000000000
49585  -16.416  -32.930  75.649 0.0000000000
49568  -15.937  -32.845  76.299 0.0000000000
48379  -14.359  -34.047  74.559 0.0000000000
49583  -14.536  -32.971  75.676 0.0000000000
49548  -14.286  -32.621  76.605 0.0000000000
49528  -13.517  -32.688  76.889 0.0000000000
50736  -12.933  -32.107  77.630 0.0000000000
51827  -11.723  -31.986  77.731 0.0000000000
50756  -11.253  -32.686  76.984 0.0000000000
49562  -10.464  -33.485  76.689 0.0000000000
49561  -8.979  -33.848  76.627 0.0000000000
49611  -10.306  -33.972  74.681 0.0000000000
48357  -9.025  -34.334  75.330 0.0000000000
48338  -8.370  -34.693  76.673 0.0000000000
47288  -7.741  -35.733  75.780 0.0000000000
62588  -7.686  -23.255  65.238 0.0000000000
61212  -6.769  -24.293  66.620 0.0000000000
60010  -7.483  -24.542  65.201 0.0000000000
61259  -7.675  -24.190  63.876 0.0000000000
60041  -7.335  -25.230  63.056 0.0000000000
58861  -6.512  -26.427  62.412 0.0000000000
56545  -5.449  -28.083  61.530 0.0000000000
58843  -1.419  -28.504  64.988 0.0000000000
58845  -2.310  -28.194  64.634 0.0000000000
58859  -2.401  -28.388  63.943 0.0000000000
55412  -0.441  -29.875  62.692 0.0000000000
57734  -1.869  -29.062  63.033 0.0000000000
57722  -2.879  -28.464  63.267 0.0000000000
57723  -3.754  -28.412  62.655 0.0000000000
56564  -4.729  -28.599  61.346 0.0000000000
56583  -4.682  -28.755  60.793 0.0000000000
56622  -4.441  -29.580  60.416 0.0000000000
51879  -3.130  -32.636  76.139 0.0000000000
51878  -2.825  -33.293  75.844 0.0000000000
51888  -1.919  -33.154  74.514 0.0000000000
49559  -2.058  -35.125  76.197 0.0000000000
51876  -1.816  -34.014  75.101 0.0000000000
51887  -1.106  -33.170  74.698 0.0000000000
51886  -0.012  -32.446  75.119 0.0000000000
51898  0.809  -31.931  74.917 0.0000000000
54114  1.576  -30.238  74.322 0.0000000000
51929  1.120  -32.173  72.714 0.0000000000
50810  0.647  -32.976  71.986 0.0000000000
50825  -0.009  -33.470  71.494 0.0000000000
47340  -1.127  -35.867  72.969 0.0000000000
48431  -1.408  -35.270  72.002 0.0000000000
48449  -1.776  -34.651  71.201 0.0000000000
48465  -3.012  -35.786  70.464 0.0000000000
47394  -4.142  -37.302  70.375 0.0000000000
42045  -1.452  -40.494  75.160 0.0000000000
40881  -1.544  -41.546  74.269 0.0000000000
42088  -1.291  -40.857  73.694 0.0000000000
43148  -1.320  -40.020  73.277 0.0000000000
43161  -1.971  -40.549  72.506 0.0000000000
44248  -2.452  -39.850  71.744 0.0000000000
43195  -2.607  -41.020  71.037 0.0000000000
45354  -2.834  -39.355  71.149 0.0000000000
45355  -3.274  -38.838  70.601 0.0000000000
45357  -3.881  -38.916  69.551 0.0000000000
46392  -4.738  -38.061  69.079 0.0000000000
45384  -4.981  -38.758  67.771 0.0000000000
43224  -5.774  -40.586  67.197 0.0000000000
59837  -31.260  -24.852  74.983 0.0000000000
61095  -31.401  -24.122  74.880 0.0000000000
59836  -31.198  -24.987  75.500 0.0000000000
57570  -30.697  -25.946  74.985 0.0000000000
58694  -31.210  -25.624  74.615 0.0000000000
57564  -30.846  -26.037  75.800 0.0000000000
56368  -30.729  -26.494  75.437 0.0000000000
58671  -30.975  -25.480  75.698 0.0000000000
56358  -30.832  -26.490  76.065 0.0000000000
59814  -31.161  -25.237  76.030 0.0000000000
81444  -45.985  -7.709  60.299 0.0000000000
80295  -45.337  -8.767  60.665 0.0000000000
80303  -43.815  -9.338  59.596 0.0000000000
80309  -43.567  -8.974  59.077 0.0000000000
80310  -44.100  -8.193  58.512 0.0000000000
67782  -32.636  -19.581  57.789 0.0000000000
68870  -32.538  -18.817  58.085 0.0000000000
68869  -31.237  -19.518  57.742 0.0000000000
67780  -30.858  -20.254  57.756 0.0000000000
48506  -4.945  -34.798  68.142 0.0000000000
48489  -5.571  -36.665  69.183 0.0000000000
45196  -5.478  -37.515  75.548 0.0000000000
63908  -32.284  -21.229  66.970 0.0000000000
67787  -40.666  -18.386  58.124 0.0000000000
68861  -40.751  -17.344  59.069 0.0000000000
67772  -40.597  -18.106  58.768 0.0000000000
66584  -39.167  -19.869  57.015 0.0000000000
66594  -38.695  -19.789  56.513 0.0000000000
66595  -39.323  -19.379  56.823 0.0000000000
67794  -40.174  -18.852  57.084 0.0000000000
54015  -11.046  -31.340  78.883 0.0000000000
52911  -10.958  -31.683  78.213 0.0000000000
52912  -11.948  -31.470  78.534 0.0000000000
49552  -18.651  -32.476  76.676 0.0000000000
58877  -5.833  -26.572  60.337 0.0000000000
58876  -5.351  -26.111  59.704 0.0000000000
61224  -1.543  -26.437  67.122 0.0000000000
61225  -2.100  -26.151  67.033 0.0000000000
47521  -3.334  -35.601  61.527 0.0000000000
51891  -3.704  -32.503  75.331 0.0000000000
44189  -1.239  -38.522  75.558 0.0000000000
62477  -32.456  -22.733  72.159 0.0000000000
62491  -31.930  -22.972  71.799 0.0000000000
63857  -32.638  -22.594  71.548 0.0000000000
63868  -32.643  -22.254  70.795 0.0000000000
51885  -29.386  -31.085  75.818 0.0000000000
51875  -29.074  -31.086  76.498 0.0000000000
82580  -47.514  -5.978  56.629 0.0000000000
81489  -47.017  -6.819  56.156 0.0000000000
82597  -47.626  -6.170  55.851 0.0000000000
65256  -36.785  -20.921  58.087 0.0000000000
65226  -37.466  -19.697  58.638 0.0000000000
66529  -36.862  -19.637  58.497 0.0000000000
65255  -36.072  -20.692  57.815 0.0000000000
63992  -36.362  -21.437  57.614 0.0000000000
63993  -37.110  -21.560  57.798 0.0000000000
65180  -7.116  -21.263  64.144 0.0000000000
63946  -7.401  -22.288  63.394 0.0000000000
63958  -7.270  -22.785  62.735 0.0000000000
53074  -1.520  -30.415  67.031 0.0000000000
47472  -4.906  -35.240  64.571 0.0000000000
48568  -4.267  -34.587  64.458 0.0000000000
47486  -4.673  -35.736  64.245 0.0000000000
46473  -4.832  -36.508  64.166 0.0000000000
46479  -4.741  -36.718  63.949 0.0000000000
49504  -5.127  -34.023  79.576 0.0000000000
50714  -4.162  -34.025  79.328 0.0000000000
49510  -4.660  -34.599  78.697 0.0000000000
67716  -30.495  -19.357  60.922 0.0000000000
68824  -30.008  -18.645  60.604 0.0000000000
67701  -30.963  -19.108  61.245 0.0000000000
59982  -29.956  -26.060  70.398 0.0000000000
66500  -31.344  -20.569  61.778 0.0000000000
51816  -23.533  -31.895  81.258 0.0000000000
50726  -22.657  -32.867  80.615 0.0000000000
51855  -27.245  -31.586  78.913 0.0000000000
51865  -26.690  -32.392  78.054 0.0000000000
48368  -22.192  -32.487  75.508 0.0000000000
48383  -20.925  -33.181  74.195 0.0000000000
48399  -21.373  -33.826  73.555 0.0000000000
56440  1.084  -27.137  70.638 0.0000000000
58739  0.405  -26.117  71.094 0.0000000000
57619  0.600  -26.661  70.479 0.0000000000
50837  -0.198  -32.272  70.152 0.0000000000
48448  -1.486  -33.870  71.024 0.0000000000
74280  -43.153  -13.379  59.516 0.0000000000
74248  -44.022  -12.807  60.613 0.0000000000
73049  -43.747  -13.478  60.381 0.0000000000
71982  -41.818  -14.504  58.623 0.0000000000
73089  -41.141  -14.404  58.110 0.0000000000
73080  -42.557  -13.900  58.958 0.0000000000
74279  -42.921  -13.394  59.290 0.0000000000
49524  -8.070  -34.130  78.627 0.0000000000
48330  -7.737  -34.756  77.570 0.0000000000
48331  -8.302  -34.491  77.166 0.0000000000
49613  -12.571  -33.759  74.681 0.0000000000
49598  -12.967  -33.634  75.073 0.0000000000
62550  -6.576  -23.808  68.102 0.0000000000
58831  -4.134  -26.978  64.711 0.0000000000
58848  -4.749  -27.538  63.964 0.0000000000
53096  -0.851  -30.459  63.790 0.0000000000
55386  -0.274  -29.702  63.613 0.0000000000
54241  -0.228  -30.027  63.347 0.0000000000
54295  -2.931  -30.706  60.923 0.0000000000
55446  -2.782  -30.109  61.483 0.0000000000
54310  -3.174  -30.359  61.006 0.0000000000
55447  -3.258  -29.980  61.125 0.0000000000
54311  -3.410  -30.425  60.613 0.0000000000
54312  -3.811  -30.446  60.178 0.0000000000
54296  -3.398  -30.847  60.248 0.0000000000
54098  -0.918  -30.747  73.937 0.0000000000
54083  -0.436  -30.609  74.573 0.0000000000
50771  -3.063  -34.976  78.315 0.0000000000
48355  -1.446  -35.174  74.647 0.0000000000
49624  -0.007  -34.596  73.565 0.0000000000
46365  -2.845  -37.754  71.840 0.0000000000
45332  -2.559  -38.941  71.769 0.0000000000
37675  -0.898  -45.144  71.746 0.0000000000
38744  -0.960  -44.219  72.178 0.0000000000
38757  -0.982  -44.436  71.195 0.0000000000
61128  -32.175  -23.004  73.011 0.0000000000
55276  -31.000  -27.266  73.150 0.0000000000
56408  -31.438  -26.695  73.458 0.0000000000
59875  -31.348  -24.424  73.916 0.0000000000
58712  -31.448  -25.104  73.524 0.0000000000
59900  -31.110  -23.989  73.310 0.0000000000
61140  -31.708  -23.269  72.836 0.0000000000
52962  -29.468  -29.193  75.144 0.0000000000
54093  -29.845  -28.619  75.051 0.0000000000
55255  -30.534  -27.610  74.436 0.0000000000
55275  -30.629  -27.715  73.670 0.0000000000
54125  -30.310  -28.238  73.267 0.0000000000
55220  -30.113  -27.566  76.090 0.0000000000
55209  -29.801  -27.495  76.353 0.0000000000
54079  -29.568  -28.216  75.629 0.0000000000
52961  -29.126  -29.719  75.607 0.0000000000
81471  -46.407  -6.959  58.551 0.0000000000
82553  -46.854  -6.676  58.830 0.0000000000
81459  -46.657  -6.998  59.567 0.0000000000
76733  -40.673  -11.426  57.626 0.0000000000
76741  -40.163  -11.267  56.783 0.0000000000
77995  -40.726  -10.488  56.980 0.0000000000
79169  -42.906  -9.155  57.401 0.0000000000
79177  -42.424  -9.472  56.830 0.0000000000
78005  -42.494  -9.408  55.915 0.0000000000
76752  -42.333  -9.470  54.815 0.0000000000
79185  -43.054  -8.886  55.702 0.0000000000
79179  -43.407  -8.678  56.097 0.0000000000
81479  -44.800  -7.799  57.202 0.0000000000
81481  -46.469  -6.859  57.348 0.0000000000
66550  -35.358  -19.747  57.856 0.0000000000
66527  -35.624  -19.371  58.472 0.0000000000
67769  -34.917  -19.290  58.262 0.0000000000
69881  -34.438  -17.810  59.252 0.0000000000
68842  -34.813  -18.203  59.385 0.0000000000
65236  -29.891  -21.339  59.549 0.0000000000
65253  -30.078  -21.778  59.040 0.0000000000
66568  -31.531  -20.987  57.794 0.0000000000
64010  -31.831  -22.676  57.310 0.0000000000
65275  -32.222  -21.741  57.837 0.0000000000
65276  -33.260  -21.437  57.660 0.0000000000
66571  -34.575  -19.950  57.293 0.0000000000
65254  -35.380  -20.380  57.433 0.0000000000
48526  -5.658  -34.666  66.619 0.0000000000
48551  -6.312  -36.164  65.360 0.0000000000
48528  -6.449  -36.116  65.748 0.0000000000
46442  -6.421  -37.886  67.335 0.0000000000
46458  -6.675  -37.690  66.483 0.0000000000
45388  -6.491  -38.548  66.876 0.0000000000
44279  -6.445  -39.377  66.564 0.0000000000
44275  -6.201  -39.068  67.134 0.0000000000
47269  -5.647  -36.368  78.065 0.0000000000
46196  -5.067  -36.500  77.825 0.0000000000
46219  -5.267  -36.733  77.574 0.0000000000
66492  -31.738  -20.133  63.655 0.0000000000
62578  -31.722  -21.577  66.598 0.0000000000
62565  -31.685  -22.618  66.906 0.0000000000
61237  -31.295  -22.857  66.435 0.0000000000
62577  -30.969  -22.066  65.926 0.0000000000
65198  -31.954  -20.427  64.800 0.0000000000
63948  -31.703  -20.671  64.598 0.0000000000
54000  -24.836  -29.982  82.643 0.0000000000
52892  -25.062  -30.471  81.666 0.0000000000
50791  -24.701  -31.505  76.227 0.0000000000
50797  -23.771  -31.158  75.053 0.0000000000
80378  -46.683  -6.510  51.623 0.0000000000
81532  -46.993  -6.867  50.702 0.0000000000
81533  -46.867  -6.648  51.181 0.0000000000
83721  -48.017  -4.402  52.308 0.0000000000
82633  -46.700  -5.743  51.260 0.0000000000
83720  -47.166  -5.002  51.598 0.0000000000
83719  -46.908  -4.811  51.084 0.0000000000
84849  -47.594  -4.005  51.262 0.0000000000
84850  -48.202  -3.838  51.891 0.0000000000
55299  1.399  -28.513  71.609 0.0000000000
51944  0.543  -31.819  71.563 0.0000000000
69906  -42.373  -15.597  58.915 0.0000000000
69898  -43.169  -15.294  59.644 0.0000000000
69897  -42.676  -15.782  59.387 0.0000000000
65339  -38.106  -21.298  54.116 0.0000000000
66615  -38.298  -19.690  55.080 0.0000000000
66614  -38.183  -20.275  54.419 0.0000000000
66631  -38.293  -19.395  54.384 0.0000000000
67834  -38.495  -18.803  54.326 0.0000000000
68915  -38.708  -18.033  54.220 0.0000000000
68906  -39.092  -18.145  55.214 0.0000000000
68891  -40.968  -17.093  57.439 0.0000000000
70954  -40.593  -17.105  56.727 0.0000000000
69915  -41.377  -16.361  57.928 0.0000000000
70955  -41.338  -15.819  57.642 0.0000000000
51844  -10.165  -32.556  77.817 0.0000000000
52941  -9.864  -32.586  78.011 0.0000000000
50754  -9.493  -33.142  78.182 0.0000000000
49526  -9.658  -33.422  78.024 0.0000000000
48394  -12.575  -33.715  73.544 0.0000000000
48416  -12.198  -33.668  72.518 0.0000000000
61194  -4.157  -25.174  67.869 0.0000000000
61195  -4.709  -24.991  67.642 0.0000000000
61209  -3.717  -25.528  67.439 0.0000000000
60004  -2.584  -26.558  66.530 0.0000000000
60005  -3.244  -26.406  66.472 0.0000000000
60021  -3.067  -27.028  65.896 0.0000000000
60022  -3.672  -26.663  65.604 0.0000000000
58829  -2.779  -27.707  65.281 0.0000000000
49787  -1.768  -33.457  62.875 0.0000000000
52076  -1.470  -32.112  62.848 0.0000000000
49796  -1.761  -33.398  62.382 0.0000000000
49818  -2.726  -33.914  60.920 0.0000000000
50965  -2.392  -33.065  60.806 0.0000000000
52099  -2.084  -32.119  61.172 0.0000000000
52087  -2.904  -33.056  60.355 0.0000000000
50951  -3.396  -33.660  60.514 0.0000000000
52979  -2.681  -32.436  73.535 0.0000000000
51899  -2.087  -32.846  74.045 0.0000000000
46217  -1.794  -37.391  77.507 0.0000000000
47267  -2.210  -36.654  77.133 0.0000000000
45194  -1.418  -37.571  75.435 0.0000000000
46263  -1.392  -37.391  75.167 0.0000000000
44202  -1.312  -39.015  73.700 0.0000000000
45273  -1.955  -37.934  73.663 0.0000000000
45293  -2.256  -38.441  72.850 0.0000000000
57643  -29.905  -26.869  70.313 0.0000000000
57615  -31.294  -25.685  72.442 0.0000000000
61161  -30.964  -23.727  71.692 0.0000000000
58733  -30.909  -25.351  72.039 0.0000000000
61160  -30.792  -23.816  71.163 0.0000000000
63879  -32.428  -21.740  69.970 0.0000000000
51922  -29.315  -29.364  73.716 0.0000000000
54026  -28.920  -29.326  79.541 0.0000000000
52934  -27.960  -30.584  79.028 0.0000000000
52935  -28.428  -30.128  78.503 0.0000000000
55192  -28.850  -27.252  77.463 0.0000000000
54054  -28.367  -28.596  77.194 0.0000000000
51874  -28.207  -30.724  76.706 0.0000000000
51867  -27.675  -30.858  77.400 0.0000000000
51882  -26.601  -31.314  76.307 0.0000000000
51893  -26.514  -30.626  75.783 0.0000000000
51903  -25.438  -30.345  75.366 0.0000000000
79201  -43.902  -8.608  54.780 0.0000000000
78047  -43.667  -9.253  53.485 0.0000000000
79202  -44.665  -8.432  54.446 0.0000000000
80350  -46.160  -7.239  54.507 0.0000000000
80360  -45.738  -8.185  53.361 0.0000000000
80367  -45.719  -8.250  52.656 0.0000000000
81525  -46.455  -7.448  52.622 0.0000000000
81526  -46.591  -7.100  52.421 0.0000000000
81515  -46.810  -7.004  53.245 0.0000000000
82598  -48.042  -5.823  55.401 0.0000000000
82606  -48.277  -5.762  54.827 0.0000000000
83687  -48.441  -5.220  55.253 0.0000000000
83688  -48.728  -4.629  55.079 0.0000000000
65281  -39.183  -20.601  57.835 0.0000000000
65244  -39.788  -19.852  58.848 0.0000000000
65259  -39.250  -20.438  58.636 0.0000000000
66502  -38.526  -18.845  59.786 0.0000000000
67721  -38.771  -18.865  60.038 0.0000000000
67744  -36.663  -18.381  59.155 0.0000000000
67745  -37.038  -18.346  59.283 0.0000000000
64032  -32.657  -23.042  56.830 0.0000000000
64033  -33.569  -22.869  56.803 0.0000000000
64035  -35.445  -22.794  56.761 0.0000000000
62761  -35.614  -23.542  55.592 0.0000000000
64017  -38.020  -21.781  57.498 0.0000000000
64038  -38.158  -21.997  57.074 0.0000000000
65280  -38.442  -21.334  57.593 0.0000000000
65293  -38.741  -20.533  57.006 0.0000000000
49628  -18.571  -33.327  73.675 0.0000000000
50812  -17.557  -32.728  72.200 0.0000000000
62617  -5.099  -22.828  61.943 0.0000000000
60049  -6.057  -25.194  60.937 0.0000000000
60050  -6.498  -25.526  61.574 0.0000000000
56485  -0.292  -28.589  67.071 0.0000000000
56496  -0.779  -28.853  66.234 0.0000000000
53085  -1.490  -30.550  65.702 0.0000000000
55378  -0.988  -29.631  65.462 0.0000000000
49730  -3.225  -32.718  66.546 0.0000000000
50905  -2.883  -32.433  65.960 0.0000000000
49769  -2.866  -33.329  64.262 0.0000000000
49750  -2.570  -32.816  64.435 0.0000000000
49768  -2.552  -33.012  63.977 0.0000000000
49778  -2.229  -33.263  63.444 0.0000000000
48580  -2.740  -33.793  63.687 0.0000000000
46476  -6.245  -37.503  64.738 0.0000000000
45395  -5.893  -38.184  64.412 0.0000000000
44287  -6.499  -39.059  64.635 0.0000000000
52923  -4.657  -32.875  78.496 0.0000000000
51820  -3.150  -33.670  79.046 0.0000000000
49508  -2.648  -34.402  79.501 0.0000000000
50727  -1.885  -34.050  79.731 0.0000000000
49499  -1.889  -34.896  80.352 0.0000000000
47252  -3.472  -36.051  78.416 0.0000000000
46174  -3.463  -36.543  78.587 0.0000000000
45134  -2.665  -37.517  78.593 0.0000000000
45122  -2.865  -37.139  79.042 0.0000000000
45121  -2.589  -37.010  78.749 0.0000000000
47249  -2.223  -36.068  79.330 0.0000000000
45133  -2.344  -37.275  78.181 0.0000000000
46195  -2.014  -36.778  78.287 0.0000000000
43096  -1.833  -39.889  77.301 0.0000000000
61171  -29.407  -24.963  69.328 0.0000000000
65216  -31.437  -21.514  61.659 0.0000000000
63968  -31.110  -22.365  61.619 0.0000000000
65225  -30.992  -21.862  60.965 0.0000000000
63977  -30.726  -22.280  61.150 0.0000000000
67741  -29.525  -19.474  59.662 0.0000000000
66526  -29.600  -20.450  59.500 0.0000000000
67765  -30.174  -19.946  58.144 0.0000000000
49519  -20.967  -33.103  79.213 0.0000000000
50743  -20.908  -32.532  79.520 0.0000000000
49535  -20.755  -32.619  78.219 0.0000000000
48332  -20.532  -32.479  77.438 0.0000000000
51837  -25.881  -32.037  80.318 0.0000000000
51818  -25.066  -31.566  80.621 0.0000000000
50748  -24.899  -33.080  79.540 0.0000000000
50790  -23.969  -31.823  76.764 0.0000000000
49558  -23.648  -33.199  77.237 0.0000000000
49557  -23.002  -33.466  77.765 0.0000000000
50767  -23.458  -33.589  79.027 0.0000000000
49537  -22.150  -33.698  78.451 0.0000000000
48341  -21.099  -32.334  76.935 0.0000000000
48350  -20.472  -32.666  76.236 0.0000000000
48349  -20.213  -32.605  76.734 0.0000000000
49589  -20.088  -33.099  75.829 0.0000000000
49604  -19.991  -33.558  75.224 0.0000000000
85968  -47.221  -2.582  50.044 0.0000000000
87087  -48.816  -2.190  50.625 0.0000000000
88172  -48.704  -1.193  48.127 0.0000000000
62530  -2.538  -24.936  69.243 0.0000000000
62528  -1.937  -25.240  68.671 0.0000000000
61191  -1.850  -25.378  68.009 0.0000000000
61180  -1.707  -25.487  68.514 0.0000000000
61148  -0.435  -25.104  71.573 0.0000000000
61158  -1.042  -25.184  70.622 0.0000000000
58779  -0.422  -26.736  69.509 0.0000000000
59978  -0.826  -26.327  69.483 0.0000000000
59987  -0.787  -26.678  68.652 0.0000000000
61204  -0.980  -26.553  68.169 0.0000000000
58804  -0.464  -27.348  67.535 0.0000000000
57660  -0.158  -27.609  68.166 0.0000000000
55344  -0.159  -28.875  68.862 0.0000000000
54193  -0.979  -30.112  67.909 0.0000000000
53061  -0.916  -30.221  68.223 0.0000000000
54175  -0.014  -29.573  69.851 0.0000000000
51971  -0.621  -31.886  69.552 0.0000000000
51970  -0.475  -31.477  69.602 0.0000000000
51985  -0.972  -31.437  69.068 0.0000000000
49710  -2.090  -32.479  68.759 0.0000000000
48486  -3.089  -34.598  69.416 0.0000000000
76703  -43.852  -11.271  60.373 0.0000000000
76704  -44.596  -11.685  60.620 0.0000000000
69894  -33.035  -17.830  57.990 0.0000000000
70975  -39.802  -16.452  55.414 0.0000000000
70983  -39.426  -16.377  54.776 0.0000000000
73097  -40.692  -14.197  57.586 0.0000000000
73108  -40.176  -14.847  56.766 0.0000000000
73107  -39.358  -14.617  56.385 0.0000000000
74301  -39.967  -14.097  57.080 0.0000000000
74293  -40.078  -13.020  57.350 0.0000000000
75508  -42.983  -12.187  59.634 0.0000000000
76720  -42.989  -11.743  59.712 0.0000000000
77982  -43.283  -10.696  59.878 0.0000000000
52925  -6.294  -31.616  79.226 0.0000000000
52906  -5.935  -31.902  79.824 0.0000000000
52894  -5.952  -32.605  80.167 0.0000000000
51806  -6.499  -32.776  80.064 0.0000000000
52908  -8.195  -31.843  79.666 0.0000000000
49512  -7.570  -34.009  79.057 0.0000000000
50732  -7.096  -33.516  79.252 0.0000000000
50752  -6.781  -34.111  79.167 0.0000000000
50731  -6.241  -33.937  79.534 0.0000000000
48324  -6.178  -35.033  78.419 0.0000000000
48325  -6.576  -34.846  78.237 0.0000000000
47277  -7.083  -35.960  76.994 0.0000000000
47271  -6.707  -35.759  77.509 0.0000000000
47286  -6.383  -36.342  76.613 0.0000000000
49600  -15.862  -33.561  75.367 0.0000000000
49584  -15.417  -33.100  75.702 0.0000000000
48396  -14.217  -34.090  74.067 0.0000000000
48346  -13.866  -33.385  75.077 0.0000000000
48347  -14.400  -33.407  75.226 0.0000000000
49582  -13.759  -33.053  75.589 0.0000000000
49567  -14.923  -32.737  76.234 0.0000000000
49547  -13.344  -32.919  76.461 0.0000000000
49527  -12.800  -32.925  76.659 0.0000000000
50757  -12.380  -32.483  77.050 0.0000000000
50735  -12.444  -32.056  77.607 0.0000000000
51846  -11.574  -32.342  77.224 0.0000000000
49612  -10.789  -34.167  74.712 0.0000000000
48344  -8.667  -34.513  76.059 0.0000000000
48356  -8.461  -35.101  75.341 0.0000000000
48343  -8.194  -35.270  76.281 0.0000000000
63907  -7.916  -22.473  67.285 0.0000000000
63919  -7.811  -22.537  66.013 0.0000000000
61228  -4.981  -25.265  66.553 0.0000000000
61211  -5.822  -24.733  66.866 0.0000000000
61229  -5.462  -25.147  66.431 0.0000000000
60009  -7.082  -25.081  65.491 0.0000000000
60026  -7.531  -24.859  64.656 0.0000000000
61246  -7.753  -24.037  64.827 0.0000000000
60033  -7.513  -25.151  63.788 0.0000000000
60032  -7.105  -25.834  63.540 0.0000000000
57708  -5.228  -27.904  63.087 0.0000000000
57709  -5.741  -27.550  62.716 0.0000000000
58860  -6.110  -27.121  62.247 0.0000000000
57725  -5.624  -27.880  62.066 0.0000000000
57694  -1.039  -28.578  65.862 0.0000000000
58827  -1.443  -28.093  65.848 0.0000000000
57695  -1.202  -28.665  65.093 0.0000000000
57719  -0.940  -28.942  63.841 0.0000000000
57705  -1.328  -28.615  64.216 0.0000000000
58857  -1.520  -28.543  64.132 0.0000000000
58858  -1.850  -28.450  64.054 0.0000000000
54261  -0.936  -30.514  62.923 0.0000000000
55411  -0.267  -30.046  62.607 0.0000000000
54274  -0.679  -30.016  62.453 0.0000000000
56580  -2.257  -29.586  61.965 0.0000000000
56579  -1.354  -29.958  62.549 0.0000000000
57735  -2.491  -28.758  62.636 0.0000000000
57736  -3.087  -28.521  62.329 0.0000000000
56562  -2.919  -28.737  61.764 0.0000000000
56582  -3.742  -28.968  61.149 0.0000000000
56601  -4.584  -29.088  60.537 0.0000000000
52936  -2.990  -32.465  77.565 0.0000000000
51870  -2.909  -32.809  76.997 0.0000000000
51868  -2.463  -34.267  76.445 0.0000000000
51877  -2.322  -33.957  75.599 0.0000000000
49539  -2.216  -35.404  76.707 0.0000000000
49594  -1.364  -34.463  74.770 0.0000000000
50793  -1.364  -33.963  74.889 0.0000000000
52991  1.244  -31.165  74.573 0.0000000000
53003  1.302  -31.154  73.502 0.0000000000
50811  0.256  -33.863  72.361 0.0000000000
49653  -0.382  -34.229  71.999 0.0000000000
46307  -1.099  -36.608  73.603 0.0000000000
47323  -1.195  -36.039  73.378 0.0000000000
48432  -1.646  -35.956  72.334 0.0000000000
48411  -1.285  -35.788  72.661 0.0000000000
48430  -1.149  -34.385  71.780 0.0000000000
48451  -2.614  -36.262  71.185 0.0000000000
47393  -3.440  -36.917  70.736 0.0000000000
48466  -4.180  -36.099  70.348 0.0000000000
39826  -1.808  -42.160  74.442 0.0000000000
39861  -1.148  -43.163  72.664 0.0000000000
39844  -1.356  -43.049  73.634 0.0000000000
42110  -1.961  -40.793  72.562 0.0000000000
43171  -2.253  -40.330  72.129 0.0000000000
43183  -2.469  -40.763  71.631 0.0000000000
44256  -2.721  -40.214  71.198 0.0000000000
44257  -2.954  -39.934  70.932 0.0000000000
45373  -3.087  -39.653  70.683 0.0000000000
45375  -3.660  -39.516  69.537 0.0000000000
45376  -4.080  -39.138  68.917 0.0000000000
46391  -4.321  -38.487  69.376 0.0000000000
46419  -4.523  -38.503  68.830 0.0000000000
46420  -5.053  -38.088  68.472 0.0000000000
61106  -31.330  -23.744  74.293 0.0000000000
61107  -31.564  -23.053  73.883 0.0000000000
62456  -31.476  -23.528  74.670 0.0000000000
62452  -31.613  -23.356  74.990 0.0000000000
56391  -31.249  -26.530  74.245 0.0000000000
57578  -31.265  -26.055  74.412 0.0000000000
58695  -31.577  -25.170  74.278 0.0000000000
55221  -30.425  -27.410  75.847 0.0000000000
55222  -30.632  -27.024  75.470 0.0000000000
55238  -30.715  -26.896  74.792 0.0000000000
57548  -31.116  -26.410  77.030 0.0000000000
57556  -31.002  -26.371  76.547 0.0000000000
56357  -30.757  -26.789  76.418 0.0000000000
61066  -31.094  -24.817  76.284 0.0000000000
81458  -45.781  -7.345  59.255 0.0000000000
79164  -42.176  -9.970  58.530 0.0000000000
79167  -41.887  -9.921  58.060 0.0000000000
80313  -44.183  -8.117  57.320 0.0000000000
81457  -44.880  -7.699  58.944 0.0000000000
67768  -34.077  -18.992  58.188 0.0000000000
68859  -33.683  -18.373  58.443 0.0000000000
66566  -30.391  -21.491  58.243 0.0000000000
66549  -30.342  -20.614  58.006 0.0000000000
66569  -32.455  -20.735  57.703 0.0000000000
49713  -3.788  -33.429  67.665 0.0000000000
48508  -6.459  -36.200  66.581 0.0000000000
47438  -6.184  -37.214  67.743 0.0000000000
46441  -5.852  -38.049  67.978 0.0000000000
46245  -5.755  -36.887  76.770 0.0000000000
46244  -5.232  -37.040  77.118 0.0000000000
45195  -4.783  -37.820  75.844 0.0000000000
62555  -32.063  -22.055  68.449 0.0000000000
62554  -31.839  -22.754  68.038 0.0000000000
55167  -26.068  -28.767  82.665 0.0000000000
82620  -48.065  -5.462  53.159 0.0000000000
82623  -47.733  -5.425  52.687 0.0000000000
83715  -48.308  -4.726  52.889 0.0000000000
84837  -50.347  -3.706  53.604 0.0000000000
55281  1.582  -28.899  72.785 0.0000000000
68873  -41.134  -16.976  58.217 0.0000000000
69896  -42.048  -16.455  59.368 0.0000000000
68862  -41.215  -16.847  58.886 0.0000000000
65323  -38.202  -20.648  55.582 0.0000000000
65340  -38.245  -20.768  54.849 0.0000000000
66605  -38.274  -19.778  55.850 0.0000000000
67813  -38.826  -19.174  55.889 0.0000000000
68900  -39.180  -18.637  55.861 0.0000000000
67793  -39.928  -18.576  56.572 0.0000000000
68881  -40.734  -17.770  57.566 0.0000000000
54014  -10.155  -31.532  78.162 0.0000000000
51845  -10.943  -32.434  77.461 0.0000000000
50763  -20.068  -31.986  77.980 0.0000000000
61323  -4.978  -24.738  60.546 0.0000000000
60060  -4.990  -25.415  60.016 0.0000000000
47512  -2.415  -34.653  62.513 0.0000000000
48607  -2.323  -33.989  62.333 0.0000000000
47520  -2.655  -34.750  61.519 0.0000000000
48609  -2.938  -34.782  60.905 0.0000000000
48602  -3.227  -34.653  60.711 0.0000000000
51901  -3.356  -32.692  74.179 0.0000000000
51890  -3.158  -32.743  75.178 0.0000000000
44180  -0.944  -38.615  76.584 0.0000000000
45215  -1.401  -37.919  75.498 0.0000000000
45216  -1.679  -37.848  74.923 0.0000000000
59941  -30.858  -24.385  72.631 0.0000000000
58734  -31.062  -25.312  72.495 0.0000000000
61150  -31.218  -23.597  72.131 0.0000000000
52998  -29.890  -28.974  73.450 0.0000000000
52953  -28.630  -29.529  76.427 0.0000000000
52947  -28.250  -29.569  77.142 0.0000000000
51894  -27.599  -30.279  75.610 0.0000000000
83677  -48.282  -5.195  55.879 0.0000000000
80323  -45.604  -7.461  55.871 0.0000000000
79203  -45.470  -7.846  54.668 0.0000000000
80335  -45.741  -7.480  55.210 0.0000000000
80351  -46.935  -6.895  54.651 0.0000000000
81509  -47.388  -6.613  54.288 0.0000000000
81500  -47.481  -6.489  55.117 0.0000000000
65242  -38.728  -20.234  58.974 0.0000000000
65241  -37.948  -20.188  58.673 0.0000000000
66515  -37.909  -19.287  59.028 0.0000000000
67703  -38.095  -18.414  59.666 0.0000000000
64013  -34.933  -22.059  57.277 0.0000000000
64036  -36.543  -22.928  56.598 0.0000000000
64015  -36.816  -22.159  57.361 0.0000000000
63994  -37.553  -21.592  57.820 0.0000000000
62618  -6.115  -23.029  62.078 0.0000000000
63957  -6.780  -22.505  62.590 0.0000000000
62619  -7.078  -23.080  62.126 0.0000000000
61300  -7.302  -24.383  62.403 0.0000000000
54202  -0.932  -29.563  66.696 0.0000000000
49753  -4.213  -33.447  65.638 0.0000000000
48547  -3.878  -33.932  64.956 0.0000000000
48567  -3.402  -34.003  64.236 0.0000000000
48581  -3.240  -34.431  63.800 0.0000000000
47497  -3.822  -34.806  63.838 0.0000000000
47498  -4.275  -35.506  63.721 0.0000000000
46486  -4.729  -37.007  63.624 0.0000000000
46480  -4.927  -37.271  63.730 0.0000000000
51822  -5.245  -33.059  79.536 0.0000000000
51821  -4.414  -33.617  79.180 0.0000000000
50730  -4.248  -33.779  79.293 0.0000000000
50713  -3.559  -34.154  79.030 0.0000000000
49501  -2.814  -34.522  79.146 0.0000000000
44145  -3.987  -38.357  78.064 0.0000000000
45136  -3.351  -37.779  78.613 0.0000000000
44144  -3.509  -38.388  78.340 0.0000000000
44143  -3.008  -38.319  78.478 0.0000000000
44142  -2.596  -38.128  78.359 0.0000000000
44156  -1.942  -38.500  77.934 0.0000000000
44157  -2.501  -38.802  78.179 0.0000000000
68840  -29.682  -18.540  59.912 0.0000000000
61198  -30.312  -23.609  67.622 0.0000000000
66512  -31.133  -21.015  60.948 0.0000000000
65223  -29.828  -20.902  60.222 0.0000000000
66511  -30.392  -20.472  60.716 0.0000000000
50725  -21.895  -32.717  80.614 0.0000000000
52921  -27.500  -30.457  79.710 0.0000000000
54024  -27.050  -30.199  80.265 0.0000000000
52920  -26.853  -30.860  79.702 0.0000000000
51854  -26.203  -32.388  79.117 0.0000000000
50769  -25.260  -33.119  78.730 0.0000000000
49607  -22.692  -32.388  75.666 0.0000000000
49591  -22.631  -32.449  76.347 0.0000000000
49590  -21.938  -32.619  76.288 0.0000000000
49573  -21.625  -32.521  76.832 0.0000000000
48365  -20.408  -33.436  74.466 0.0000000000
48382  -20.701  -33.908  73.778 0.0000000000
83724  -45.320  -5.662  50.098 0.0000000000
57651  -0.210  -27.289  69.165 0.0000000000
50851  -0.817  -32.409  69.799 0.0000000000
48462  -1.619  -33.627  70.173 0.0000000000
75510  -43.755  -12.387  60.221 0.0000000000
75489  -44.375  -12.326  60.634 0.0000000000
72003  -40.769  -15.560  56.555 0.0000000000
72002  -40.534  -15.445  56.316 0.0000000000
73088  -41.216  -13.789  58.320 0.0000000000
74277  -41.712  -13.145  58.653 0.0000000000
74278  -42.509  -13.292  59.068 0.0000000000
75520  -42.954  -12.911  59.455 0.0000000000
52907  -7.070  -31.636  79.868 0.0000000000
50734  -8.694  -33.101  78.730 0.0000000000
50733  -7.838  -32.952  79.293 0.0000000000
49541  -6.953  -34.665  78.230 0.0000000000
47278  -7.537  -35.645  76.444 0.0000000000
49615  -15.209  -34.222  74.514 0.0000000000
48378  -13.760  -33.951  74.353 0.0000000000
48360  -13.372  -33.750  74.578 0.0000000000
49599  -13.434  -33.486  75.133 0.0000000000
49565  -13.188  -33.214  76.172 0.0000000000
49564  -12.513  -33.544  76.296 0.0000000000
49545  -12.044  -33.410  76.549 0.0000000000
49563  -11.731  -33.603  76.395 0.0000000000
62563  -7.335  -23.611  67.000 0.0000000000
60024  -5.676  -26.262  65.243 0.0000000000
58833  -6.166  -26.496  64.207 0.0000000000
58834  -6.701  -26.187  63.933 0.0000000000
55377  -0.719  -29.600  64.645 0.0000000000
56511  -0.990  -28.834  64.604 0.0000000000
56524  -0.549  -29.441  63.948 0.0000000000
56540  -0.259  -29.580  63.369 0.0000000000
56541  -0.725  -29.470  63.395 0.0000000000
54293  -1.844  -30.836  62.136 0.0000000000
54276  -1.914  -30.220  62.067 0.0000000000
55427  -2.412  -29.821  61.818 0.0000000000
56599  -3.168  -29.681  61.221 0.0000000000
56621  -3.824  -29.750  60.647 0.0000000000
55470  -4.077  -30.003  60.248 0.0000000000
51839  -2.751  -33.977  78.614 0.0000000000
51857  -2.951  -33.854  78.034 0.0000000000
50772  -2.995  -34.416  78.123 0.0000000000
50782  -2.962  -34.282  77.513 0.0000000000
48342  -1.721  -35.547  75.463 0.0000000000
49609  -0.531  -33.930  74.538 0.0000000000
50802  0.328  -34.177  72.957 0.0000000000
46326  -1.900  -37.472  72.751 0.0000000000
47341  -1.292  -36.559  72.879 0.0000000000
47358  -1.673  -37.203  72.579 0.0000000000
47359  -1.831  -36.716  72.209 0.0000000000
47376  -2.405  -36.752  71.623 0.0000000000
46366  -3.300  -37.675  71.233 0.0000000000
40950  -1.618  -42.250  71.361 0.0000000000
44266  -3.431  -40.334  69.722 0.0000000000
54140  -30.183  -28.157  72.301 0.0000000000
55293  -30.592  -27.431  72.243 0.0000000000
57592  -31.702  -26.050  73.706 0.0000000000
57593  -31.565  -25.637  73.155 0.0000000000
58721  -31.088  -25.149  72.991 0.0000000000
62492  -31.992  -22.922  72.465 0.0000000000
51896  -29.175  -30.258  75.139 0.0000000000
52983  -29.619  -29.543  74.623 0.0000000000
54094  -30.193  -28.153  74.794 0.0000000000
52984  -30.047  -29.027  74.213 0.0000000000
55200  -29.337  -27.305  76.907 0.0000000000
56350  -30.516  -26.744  76.834 0.0000000000
55201  -29.976  -27.044  76.720 0.0000000000
54066  -28.679  -28.504  76.527 0.0000000000
54078  -28.884  -28.750  75.976 0.0000000000
52971  -29.687  -30.502  75.675 0.0000000000
82566  -47.191  -6.136  57.594 0.0000000000
82554  -47.171  -6.200  58.682 0.0000000000
79176  -41.924  -9.736  57.328 0.0000000000
78004  -41.562  -9.791  56.423 0.0000000000
78014  -41.087  -9.950  55.415 0.0000000000
78029  -41.583  -9.749  54.905 0.0000000000
78030  -42.952  -9.378  54.357 0.0000000000
78017  -43.420  -8.796  54.820 0.0000000000
80333  -44.468  -8.168  55.688 0.0000000000
80321  -44.144  -8.295  56.305 0.0000000000
80322  -44.935  -7.677  56.175 0.0000000000
81488  -46.086  -7.250  56.390 0.0000000000
66528  -36.259  -19.535  58.534 0.0000000000
67743  -36.088  -18.753  58.954 0.0000000000
68844  -36.314  -17.966  59.280 0.0000000000
68843  -35.496  -18.112  59.335 0.0000000000
62713  -30.985  -23.108  56.834 0.0000000000
50887  -2.386  -31.512  66.944 0.0000000000
50876  -2.677  -32.033  67.507 0.0000000000
49714  -4.256  -33.556  67.470 0.0000000000
47473  -5.033  -35.546  64.703 0.0000000000
47488  -5.510  -36.738  64.517 0.0000000000
47474  -5.501  -36.068  64.844 0.0000000000
47475  -6.310  -36.577  65.021 0.0000000000
46468  -6.692  -37.541  65.525 0.0000000000
44282  -6.814  -39.135  65.602 0.0000000000
43238  -6.724  -39.737  65.987 0.0000000000
48322  -5.599  -35.012  78.623 0.0000000000
48321  -4.918  -35.040  78.505 0.0000000000
47254  -4.948  -35.719  78.188 0.0000000000
46176  -4.606  -36.406  77.850 0.0000000000
45125  -3.867  -36.994  77.665 0.0000000000
45151  -4.444  -37.454  77.157 0.0000000000
45150  -4.054  -37.834  77.665 0.0000000000
44160  -4.163  -38.608  77.430 0.0000000000
67694  -31.608  -19.298  62.556 0.0000000000
61173  -30.240  -24.258  70.134 0.0000000000
59971  -29.808  -25.322  70.151 0.0000000000
62519  -30.473  -23.612  69.361 0.0000000000
62536  -30.490  -23.535  68.444 0.0000000000
62553  -31.290  -23.286  67.663 0.0000000000
62552  -30.782  -23.474  67.794 0.0000000000
61217  -31.034  -23.362  66.931 0.0000000000
61236  -30.871  -23.219  66.066 0.0000000000
62590  -30.889  -21.857  64.645 0.0000000000
63947  -31.459  -21.153  64.231 0.0000000000
52901  -24.100  -31.336  81.461 0.0000000000
51871  -25.888  -32.320  76.602 0.0000000000
50787  -25.907  -32.453  76.867 0.0000000000
49608  -23.310  -31.961  75.473 0.0000000000
49621  -22.839  -32.318  75.110 0.0000000000
48401  -21.938  -32.365  74.140 0.0000000000
48400  -21.420  -32.920  73.699 0.0000000000
82631  -45.976  -6.465  50.636 0.0000000000
82626  -46.737  -6.001  51.413 0.0000000000
82632  -46.734  -6.389  50.862 0.0000000000
83725  -46.319  -5.184  50.692 0.0000000000
83718  -46.696  -4.761  50.908 0.0000000000
84854  -46.210  -3.898  50.335 0.0000000000
85962  -46.909  -3.356  50.324 0.0000000000
84845  -48.787  -3.497  52.247 0.0000000000
55313  1.148  -28.034  70.506 0.0000000000
71984  -43.003  -14.638  59.106 0.0000000000
73069  -43.558  -14.147  59.882 0.0000000000
71985  -43.272  -14.728  59.471 0.0000000000
69887  -42.822  -16.104  59.875 0.0000000000
65359  -37.774  -21.089  53.326 0.0000000000
69939  -39.213  -17.137  54.480 0.0000000000
69922  -39.915  -17.630  56.121 0.0000000000
70964  -40.069  -16.860  56.043 0.0000000000
70977  -40.784  -15.984  56.475 0.0000000000
71995  -41.140  -15.529  57.366 0.0000000000
70944  -41.701  -14.956  58.420 0.0000000000
54030  -8.339  -31.434  78.225 0.0000000000
52909  -8.819  -32.198  78.498 0.0000000000
52927  -9.485  -32.429  78.145 0.0000000000
49656  -14.298  -33.372  72.005 0.0000000000
49639  -14.254  -33.594  72.760 0.0000000000
48418  -14.103  -33.919  73.293 0.0000000000
48395  -13.514  -33.954  73.779 0.0000000000
48376  -11.848  -33.883  74.335 0.0000000000
48359  -11.443  -34.090  74.874 0.0000000000
48393  -11.428  -33.854  73.263 0.0000000000
62549  -5.603  -24.375  68.127 0.0000000000
62560  -4.937  -24.869  67.522 0.0000000000
61210  -4.806  -25.121  67.117 0.0000000000
59996  -4.785  -25.389  66.652 0.0000000000
61227  -3.405  -25.921  66.977 0.0000000000
52063  -1.488  -32.012  63.158 0.0000000000
53108  -0.737  -30.570  63.232 0.0000000000
53119  -1.148  -31.219  63.164 0.0000000000
53128  -1.200  -31.012  62.873 0.0000000000
52086  -1.541  -31.934  62.411 0.0000000000
49803  -1.648  -33.183  62.019 0.0000000000
50963  -1.574  -32.530  61.982 0.0000000000
53139  -1.638  -31.216  62.312 0.0000000000
53151  -1.958  -31.329  61.704 0.0000000000
53152  -2.486  -31.372  61.108 0.0000000000
52101  -3.363  -31.915  60.569 0.0000000000
52992  -2.506  -31.657  73.315 0.0000000000
54115  -2.049  -30.851  73.240 0.0000000000
54099  -1.471  -30.832  73.512 0.0000000000
48327  -2.619  -36.005  77.743 0.0000000000
47275  -1.848  -36.404  76.339 0.0000000000
47285  -1.666  -36.118  75.648 0.0000000000
46291  -1.089  -36.648  73.811 0.0000000000
46308  -1.270  -37.159  73.452 0.0000000000
46293  -1.691  -37.658  74.169 0.0000000000
46309  -1.665  -37.647  73.705 0.0000000000
45313  -2.380  -38.721  72.329 0.0000000000
58770  -30.100  -26.304  70.505 0.0000000000
56437  -30.740  -26.903  71.775 0.0000000000
57628  -30.619  -26.554  71.369 0.0000000000
58751  -30.798  -25.810  71.564 0.0000000000
59973  -30.625  -25.626  71.214 0.0000000000
61174  -30.583  -23.993  70.643 0.0000000000
62539  -31.951  -22.182  69.554 0.0000000000
54025  -28.171  -29.769  80.263 0.0000000000
51866  -27.565  -31.845  77.700 0.0000000000
55190  -28.004  -28.517  78.411 0.0000000000
52946  -28.114  -29.898  77.738 0.0000000000
52945  -27.850  -30.394  78.029 0.0000000000
79217  -44.945  -8.579  53.711 0.0000000000
79226  -45.057  -8.639  52.969 0.0000000000
76822  -44.317  -9.412  51.859 0.0000000000
80369  -46.821  -6.608  52.272 0.0000000000
81522  -47.411  -6.189  52.843 0.0000000000
81517  -47.832  -6.320  53.795 0.0000000000
82619  -48.104  -5.877  53.524 0.0000000000
82614  -48.463  -5.391  53.758 0.0000000000
83700  -48.799  -4.892  54.348 0.0000000000
66575  -40.167  -19.473  58.045 0.0000000000
67771  -40.454  -18.889  58.502 0.0000000000
66553  -40.225  -19.358  58.588 0.0000000000
67746  -40.090  -18.950  59.538 0.0000000000
65228  -38.985  -19.744  59.324 0.0000000000
67720  -37.574  -18.456  59.376 0.0000000000
64078  -37.385  -22.580  54.992 0.0000000000
64057  -37.504  -22.716  55.921 0.0000000000
64058  -38.192  -22.138  56.244 0.0000000000
65307  -38.368  -21.378  55.810 0.0000000000
65308  -38.470  -20.714  56.255 0.0000000000
66583  -39.097  -20.131  57.089 0.0000000000
49587  -18.494  -32.930  75.636 0.0000000000
49627  -17.387  -33.185  73.682 0.0000000000
49642  -17.927  -32.995  72.853 0.0000000000
49657  -15.345  -33.039  71.393 0.0000000000
62637  -5.505  -23.630  61.513 0.0000000000
58815  -0.798  -27.661  66.706 0.0000000000
58816  -1.240  -27.577  66.453 0.0000000000
55368  -1.060  -29.546  65.871 0.0000000000
52013  -2.370  -31.483  66.566 0.0000000000
52027  -2.348  -31.540  66.000 0.0000000000
49751  -3.003  -33.079  65.066 0.0000000000
50903  -1.878  -32.036  64.537 0.0000000000
50913  -1.807  -32.115  64.190 0.0000000000
52039  -1.632  -31.820  64.170 0.0000000000
52051  -1.653  -32.196  63.645 0.0000000000
50921  -1.805  -33.132  63.093 0.0000000000
49777  -1.935  -33.407  63.141 0.0000000000
48591  -2.159  -33.934  63.009 0.0000000000
48592  -3.036  -34.115  63.754 0.0000000000
47504  -2.925  -34.622  63.522 0.0000000000
46490  -2.365  -34.973  63.015 0.0000000000
45413  -2.912  -35.449  62.801 0.0000000000
46475  -5.665  -37.382  64.363 0.0000000000
52937  -3.720  -32.676  77.718 0.0000000000
51859  -3.514  -32.926  78.098 0.0000000000
51841  -3.747  -33.355  78.467 0.0000000000
51840  -2.707  -33.534  78.742 0.0000000000
50750  -2.218  -34.157  78.983 0.0000000000
49521  -1.961  -34.845  78.848 0.0000000000
49505  -1.893  -35.301  78.752 0.0000000000
48320  -4.393  -35.159  78.183 0.0000000000
47236  -3.251  -35.756  78.527 0.0000000000
47235  -3.126  -36.034  79.209 0.0000000000
45123  -3.255  -37.219  78.952 0.0000000000
47251  -2.593  -36.241  79.296 0.0000000000
47234  -2.473  -35.678  80.007 0.0000000000
48319  -1.793  -35.555  80.073 0.0000000000
48318  -1.820  -35.661  79.284 0.0000000000
48323  -2.487  -36.033  78.622 0.0000000000
46218  -1.685  -37.245  78.102 0.0000000000
45148  -1.321  -37.527  77.682 0.0000000000
45172  -0.861  -38.262  77.422 0.0000000000
44170  -0.707  -38.443  77.198 0.0000000000
44181  -0.821  -39.101  76.675 0.0000000000
43113  -0.902  -39.122  76.374 0.0000000000
68858  -32.019  -18.644  57.969 0.0000000000
68857  -31.210  -18.688  57.926 0.0000000000
68841  -29.882  -18.224  59.217 0.0000000000
59980  -29.502  -26.189  69.892 0.0000000000
59969  -29.125  -25.364  69.149 0.0000000000
63984  -29.934  -22.115  60.264 0.0000000000
65237  -29.963  -21.667  60.208 0.0000000000
50724  -21.077  -32.106  80.365 0.0000000000
50742  -20.603  -32.023  78.863 0.0000000000
49534  -20.268  -32.207  77.859 0.0000000000
49572  -19.897  -32.589  76.890 0.0000000000
54001  -25.887  -29.854  81.831 0.0000000000
54008  -26.376  -30.343  80.767 0.0000000000
52902  -24.727  -31.062  81.172 0.0000000000
51817  -24.392  -31.795  80.902 0.0000000000
51835  -23.946  -32.561  80.608 0.0000000000
50779  -25.949  -32.621  77.371 0.0000000000
50778  -25.235  -33.156  77.565 0.0000000000
50777  -24.278  -33.530  77.892 0.0000000000
50768  -24.354  -33.447  78.933 0.0000000000
50746  -23.230  -33.197  80.099 0.0000000000
50766  -22.662  -33.604  79.286 0.0000000000
49555  -20.949  -32.718  77.858 0.0000000000
48334  -21.045  -32.469  77.433 0.0000000000
48333  -20.755  -32.400  77.512 0.0000000000
48339  -20.412  -32.420  77.243 0.0000000000
49629  -19.542  -33.653  73.518 0.0000000000
49620  -20.031  -33.710  74.058 0.0000000000
85967  -46.651  -3.041  49.546 0.0000000000
87092  -47.394  -2.106  49.125 0.0000000000
88171  -47.988  -1.640  48.174 0.0000000000
88177  -49.251  -0.851  46.989 0.0000000000
61181  -3.000  -25.112  68.964 0.0000000000
61193  -3.020  -25.410  68.181 0.0000000000
61192  -2.282  -25.358  67.921 0.0000000000
61206  -1.698  -25.892  67.547 0.0000000000
59994  -1.102  -26.750  67.387 0.0000000000
62513  -1.917  -24.965  69.493 0.0000000000
61166  -0.803  -25.771  70.064 0.0000000000
61167  -1.264  -25.526  69.753 0.0000000000
61179  -1.480  -25.727  69.009 0.0000000000
60001  -0.763  -27.190  67.170 0.0000000000
56475  -0.144  -28.318  67.981 0.0000000000
51999  -1.629  -31.146  68.020 0.0000000000
53049  -0.735  -30.556  68.835 0.0000000000
53050  -0.896  -30.914  68.854 0.0000000000
49700  -2.447  -33.523  68.728 0.0000000000
48504  -3.133  -33.872  68.581 0.0000000000
79154  -44.466  -9.656  60.391 0.0000000000
80294  -44.755  -9.223  60.520 0.0000000000
79155  -45.050  -9.807  60.819 0.0000000000
70982  -39.150  -16.541  54.093 0.0000000000
72025  -38.839  -15.818  54.296 0.0000000000
73122  -40.033  -15.524  55.985 0.0000000000
73142  -39.189  -15.790  55.089 0.0000000000
73141  -38.592  -15.032  55.220 0.0000000000
73106  -39.070  -14.421  56.221 0.0000000000
74299  -38.921  -13.782  56.222 0.0000000000
75535  -39.862  -13.039  57.158 0.0000000000
75534  -40.139  -12.341  57.262 0.0000000000
76734  -41.388  -11.230  58.218 0.0000000000
75518  -41.934  -12.372  58.732 0.0000000000
76725  -42.038  -11.594  58.776 0.0000000000
77988  -42.419  -10.683  59.060 0.0000000000
77989  -42.830  -10.516  59.382 0.0000000000
79160  -43.894  -9.882  60.036 0.0000000000
52893  -5.570  -32.977  79.931 0.0000000000
50716  -5.557  -33.710  79.815 0.0000000000
54011  -7.654  -31.306  79.398 0.0000000000
52896  -7.586  -32.114  80.285 0.0000000000
50717  -6.336  -33.282  79.864 0.0000000000
47264  -6.032  -35.845  78.249 0.0000000000
47270  -6.220  -36.134  77.891 0.0000000000
48329  -6.801  -35.063  77.818 0.0000000000
46264  -6.076  -36.797  75.893 0.0000000000
49601  -16.697  -33.133  75.223 0.0000000000
49569  -16.934  -32.663  76.019 0.0000000000
49549  -15.393  -32.679  76.834 0.0000000000
48419  -14.681  -34.040  73.801 0.0000000000
48397  -14.780  -34.212  74.341 0.0000000000
48380  -14.972  -34.259  74.846 0.0000000000
48362  -14.413  -33.829  74.895 0.0000000000
48348  -14.895  -33.459  75.480 0.0000000000
49529  -14.667  -32.426  77.163 0.0000000000
50759  -14.479  -32.059  77.605 0.0000000000
50758  -13.613  -32.203  77.359 0.0000000000
51828  -12.797  -31.609  77.946 0.0000000000
50783  -11.175  -33.158  76.562 0.0000000000
50773  -10.732  -33.044  76.856 0.0000000000
48358  -11.148  -34.141  74.684 0.0000000000
49596  -10.875  -34.240  75.228 0.0000000000
49595  -9.786  -33.893  75.192 0.0000000000
49577  -9.292  -33.999  75.871 0.0000000000
47300  -8.014  -35.890  74.976 0.0000000000
47299  -7.014  -35.938  75.290 0.0000000000
65167  -7.681  -21.292  65.369 0.0000000000
62562  -6.251  -24.324  67.386 0.0000000000
61213  -7.219  -23.850  66.357 0.0000000000
61230  -6.437  -24.840  66.202 0.0000000000
62600  -7.690  -23.217  64.139 0.0000000000
61278  -7.503  -24.482  63.004 0.0000000000
60040  -7.012  -25.635  62.542 0.0000000000
58850  -6.586  -26.330  63.332 0.0000000000
58869  -6.315  -26.364  61.564 0.0000000000
58868  -6.114  -27.037  61.332 0.0000000000
57737  -5.693  -27.621  61.124 0.0000000000
60018  -1.445  -27.512  66.332 0.0000000000
58828  -2.103  -27.854  65.453 0.0000000000
58844  -1.656  -28.382  64.695 0.0000000000
58846  -3.034  -28.117  64.326 0.0000000000
54251  -0.165  -30.228  62.905 0.0000000000
55398  -0.293  -29.628  62.946 0.0000000000
56560  -1.483  -29.519  62.854 0.0000000000
57733  -1.475  -29.243  63.253 0.0000000000
57721  -2.112  -28.664  63.433 0.0000000000
57706  -3.508  -28.178  63.567 0.0000000000
56563  -3.834  -28.745  61.696 0.0000000000
56543  -4.379  -28.532  61.984 0.0000000000
56565  -5.336  -28.224  61.154 0.0000000000
57746  -5.345  -28.176  60.319 0.0000000000
56623  -5.335  -28.945  59.719 0.0000000000
55471  -4.878  -29.783  60.104 0.0000000000
55241  1.606  -29.335  75.162 0.0000000000
52954  -3.310  -32.014  76.548 0.0000000000
51889  -2.632  -32.961  75.028 0.0000000000
49540  -2.732  -35.334  77.371 0.0000000000
49560  -2.238  -35.101  76.839 0.0000000000
50780  -2.150  -34.830  76.296 0.0000000000
50788  -2.041  -34.584  75.665 0.0000000000
52963  0.407  -31.245  75.107 0.0000000000
52976  0.945  -30.996  75.161 0.0000000000
54097  1.312  -30.288  75.307 0.0000000000
49671  -0.774  -33.672  71.301 0.0000000000
48410  -0.753  -35.248  72.567 0.0000000000
48467  -4.809  -36.739  69.803 0.0000000000
42067  -1.208  -40.455  74.406 0.0000000000
42068  -1.032  -40.191  74.516 0.0000000000
42109  -1.573  -41.063  72.820 0.0000000000
43160  -1.795  -40.108  72.516 0.0000000000
44240  -2.193  -39.483  72.148 0.0000000000
40972  -1.997  -42.162  71.209 0.0000000000
42146  -2.247  -41.702  71.234 0.0000000000
45374  -3.334  -39.646  70.147 0.0000000000
45356  -3.546  -39.042  69.936 0.0000000000
46390  -4.001  -38.400  70.134 0.0000000000
47395  -4.630  -37.684  69.666 0.0000000000
48468  -5.109  -37.140  69.507 0.0000000000
44278  -6.098  -39.987  66.901 0.0000000000
42046  -1.107  -40.154  74.766 0.0000000000
42131  -2.146  -40.829  72.398 0.0000000000
43129  -0.940  -39.977  74.596 0.0000000000
43138  -0.931  -40.105  74.337 0.0000000000
43172  -2.138  -40.590  72.347 0.0000000000
44265  -3.009  -40.461  70.451 0.0000000000
45120  -2.443  -37.009  78.518 0.0000000000
45124  -3.563  -37.141  78.388 0.0000000000
45245  -1.833  -37.905  73.996 0.0000000000
45334  -3.375  -38.269  71.041 0.0000000000
45353  -2.617  -39.555  71.499 0.0000000000
45377  -4.577  -38.735  68.434 0.0000000000
45394  -5.490  -37.674  64.159 0.0000000000
45405  -3.200  -35.503  62.900 0.0000000000
45426  -2.758  -35.389  62.465 0.0000000000
46155  -3.057  -36.325  79.167 0.0000000000
46171  -2.500  -36.494  78.696 0.0000000000
46172  -2.703  -36.473  79.038 0.0000000000
46173  -3.013  -36.572  79.159 0.0000000000
46482  -2.652  -34.796  63.300 0.0000000000
46491  -2.527  -35.071  62.773 0.0000000000
46497  -2.518  -35.018  62.329 0.0000000000
47237  -3.817  -35.656  78.145 0.0000000000
47263  -5.363  -36.109  78.188 0.0000000000
47396  -5.221  -37.509  69.114 0.0000000000
47484  -4.080  -34.711  64.084 0.0000000000
47495  -2.517  -33.945  63.426 0.0000000000
47496  -2.725  -34.141  63.552 0.0000000000
47503  -2.479  -34.314  63.261 0.0000000000
47511  -2.311  -34.444  62.862 0.0000000000
47518  -2.350  -34.259  62.513 0.0000000000
47519  -2.462  -34.464  61.992 0.0000000000
47530  -2.470  -34.261  61.798 0.0000000000
47531  -2.556  -34.301  61.570 0.0000000000
48314  -2.168  -35.421  80.470 0.0000000000
48315  -2.764  -35.047  80.062 0.0000000000
48316  -2.817  -34.973  78.703 0.0000000000
48317  -3.629  -35.048  78.008 0.0000000000
48345  -13.679  -33.436  75.130 0.0000000000
48363  -14.876  -33.882  75.214 0.0000000000
48364  -15.290  -33.657  75.417 0.0000000000
48412  -1.419  -36.140  72.675 0.0000000000
48483  -1.775  -33.440  69.670 0.0000000000
48503  -2.740  -33.740  68.662 0.0000000000
48550  -6.158  -35.823  65.306 0.0000000000
48569  -4.622  -34.981  64.367 0.0000000000
48593  -3.186  -34.559  63.633 0.0000000000
48601  -2.129  -33.717  62.335 0.0000000000
48603  -3.349  -34.847  60.783 0.0000000000
48608  -2.355  -33.864  61.916 0.0000000000
48621  -2.632  -34.204  61.325 0.0000000000
49503  -4.710  -34.172  79.269 0.0000000000
49507  -2.074  -34.371  79.993 0.0000000000
49509  -4.235  -34.705  78.271 0.0000000000
49514  -8.333  -33.298  78.818 0.0000000000
49518  -20.823  -32.716  78.813 0.0000000000
49593  -0.954  -33.957  74.759 0.0000000000
49606  -22.225  -32.543  75.861 0.0000000000
49614  -13.023  -33.744  74.624 0.0000000000
49659  -18.489  -32.855  72.412 0.0000000000
49797  -2.031  -33.551  62.006 0.0000000000
49798  -3.473  -34.632  60.706 0.0000000000
49799  -3.592  -34.811  60.811 0.0000000000
49804  -1.918  -33.431  61.830 0.0000000000
49805  -3.182  -34.273  60.636 0.0000000000
49817  -2.303  -33.569  61.327 0.0000000000
50715  -4.949  -33.989  79.718 0.0000000000
50728  -2.473  -33.974  79.372 0.0000000000
50751  -2.341  -33.741  79.136 0.0000000000
50753  -7.172  -34.058  79.107 0.0000000000
50764  -20.474  -32.182  78.251 0.0000000000
50765  -21.888  -33.659  79.297 0.0000000000
50775  -12.335  -32.979  76.640 0.0000000000
50888  -2.729  -31.931  66.724 0.0000000000
50889  -2.946  -32.367  66.526 0.0000000000
50941  -1.572  -32.970  62.727 0.0000000000
50949  -1.553  -33.001  61.894 0.0000000000
51803  -4.664  -33.864  79.489 0.0000000000
51807  -7.319  -32.577  79.978 0.0000000000
51825  -10.319  -32.254  77.872 0.0000000000
51836  -24.873  -32.443  80.273 0.0000000000
51838  -26.545  -31.640  79.709 0.0000000000
51842  -4.530  -33.293  78.765 0.0000000000
51860  -9.806  -32.758  78.025 0.0000000000
51861  -9.978  -32.584  77.935 0.0000000000
51897  -29.372  -29.827  74.800 0.0000000000
51921  -28.853  -29.397  73.402 0.0000000000
52040  -1.653  -31.984  64.119 0.0000000000
52052  -1.841  -32.281  63.918 0.0000000000
52098  -1.676  -31.991  61.811 0.0000000000
52926  -6.966  -31.277  79.229 0.0000000000
52928  -9.845  -32.394  78.021 0.0000000000
52940  -9.647  -32.609  78.146 0.0000000000
52985  -30.166  -28.706  73.604 0.0000000000
53127  -0.609  -30.658  62.833 0.0000000000
54023  -26.588  -30.592  80.218 0.0000000000
54039  -28.764  -30.005  79.221 0.0000000000
54053  -28.177  -29.223  77.720 0.0000000000
54107  -30.048  -28.718  74.633 0.0000000000
54192  -0.798  -29.760  67.831 0.0000000000
54216  -1.047  -29.510  66.145 0.0000000000
54260  -0.515  -30.251  62.784 0.0000000000
55199  -28.639  -27.714  77.231 0.0000000000
55210  -30.337  -27.139  76.403 0.0000000000
55424  -0.383  -30.000  62.353 0.0000000000
55425  -0.952  -29.904  62.331 0.0000000000
55445  -2.199  -30.179  61.863 0.0000000000
55468  -3.335  -30.167  60.970 0.0000000000
56542  -1.246  -29.367  63.349 0.0000000000
56544  -5.086  -28.424  61.785 0.0000000000
56559  -0.775  -29.810  63.018 0.0000000000
56578  -0.837  -29.998  62.654 0.0000000000
56584  -5.200  -28.416  60.774 0.0000000000
57547  -30.832  -26.479  77.227 0.0000000000
57704  -1.163  -28.660  64.366 0.0000000000
58657  -31.170  -26.220  77.356 0.0000000000
58682  -30.856  -25.533  75.178 0.0000000000
58683  -31.227  -25.196  74.801 0.0000000000
59946  0.018  -25.808  70.847 0.0000000000
60003  -1.912  -26.723  66.551 0.0000000000
60062  -6.241  -25.762  61.036 0.0000000000
61079  -31.250  -24.487  75.705 0.0000000000
61094  -31.309  -24.522  75.282 0.0000000000
61127  -31.566  -23.293  73.131 0.0000000000
61178  -1.131  -26.037  69.451 0.0000000000
61184  -29.339  -24.665  68.779 0.0000000000
61199  -30.901  -23.459  67.481 0.0000000000
61205  -1.238  -26.393  67.736 0.0000000000
61218  -31.477  -23.021  66.718 0.0000000000
61223  -1.269  -26.637  67.234 0.0000000000
61231  -7.351  -24.184  65.795 0.0000000000
61277  -7.268  -24.894  62.533 0.0000000000
62512  -1.661  -25.351  69.301 0.0000000000
62527  -1.724  -25.434  68.857 0.0000000000
62544  -1.998  -25.201  68.111 0.0000000000
62547  -4.587  -25.000  67.870 0.0000000000
62639  -7.232  -23.858  62.170 0.0000000000
62640  -7.401  -24.032  62.615 0.0000000000
62737  -35.063  -23.327  56.214 0.0000000000
62739  -36.337  -23.331  56.034 0.0000000000
62762  -36.141  -23.434  55.706 0.0000000000
63844  -32.535  -22.676  71.920 0.0000000000
64016  -37.578  -21.964  57.496 0.0000000000
64079  -38.010  -22.055  55.393 0.0000000000
65227  -37.776  -19.729  58.772 0.0000000000
65229  -39.326  -19.654  59.308 0.0000000000
65240  -37.194  -20.292  58.357 0.0000000000
65243  -39.434  -19.956  59.099 0.0000000000
65260  -39.652  -20.073  58.680 0.0000000000
65279  -37.859  -21.598  57.741 0.0000000000
65282  -39.601  -20.192  58.271 0.0000000000
65294  -38.894  -20.143  56.876 0.0000000000
65322  -38.197  -21.339  55.043 0.0000000000
65324  -38.226  -20.240  56.141 0.0000000000
66501  -38.216  -18.756  59.522 0.0000000000
66513  -36.637  -19.075  58.772 0.0000000000
66516  -38.670  -19.229  59.585 0.0000000000
66518  -39.913  -19.165  59.606 0.0000000000
66530  -37.991  -19.754  58.892 0.0000000000
66532  -39.562  -19.578  59.274 0.0000000000
66533  -39.941  -19.397  59.128 0.0000000000
66534  -40.266  -19.042  58.865 0.0000000000
66551  -35.196  -19.685  57.734 0.0000000000
66552  -39.916  -19.802  58.464 0.0000000000
66573  -39.205  -20.220  57.334 0.0000000000
66585  -39.850  -19.470  57.375 0.0000000000
66613  -38.034  -20.596  53.647 0.0000000000
67704  -38.453  -18.527  60.054 0.0000000000
67719  -36.939  -18.645  59.004 0.0000000000
67724  -40.308  -18.210  59.971 0.0000000000
67748  -40.567  -17.783  59.212 0.0000000000
67767  -32.239  -19.082  57.995 0.0000000000
67770  -35.184  -19.553  57.945 0.0000000000
67784  -34.559  -19.479  57.747 0.0000000000
67785  -34.975  -19.553  57.809 0.0000000000
67795  -40.568  -18.566  57.633 0.0000000000
67803  -39.631  -18.607  56.373 0.0000000000
67804  -39.376  -18.897  56.432 0.0000000000
67812  -38.574  -19.382  55.483 0.0000000000
67819  -38.726  -18.981  54.959 0.0000000000
68848  -41.330  -16.833  59.428 0.0000000000
68879  -40.104  -18.284  56.528 0.0000000000
68880  -40.364  -18.209  56.831 0.0000000000
68882  -41.085  -17.000  57.737 0.0000000000
68889  -39.817  -18.266  56.302 0.0000000000
68890  -39.480  -18.535  56.173 0.0000000000
68892  -41.129  -16.688  57.516 0.0000000000
68899  -39.489  -18.102  55.874 0.0000000000
68907  -38.906  -18.828  55.501 0.0000000000
68914  -38.522  -18.019  53.482 0.0000000000
69874  -43.105  -15.606  60.306 0.0000000000
69904  -32.792  -18.442  58.097 0.0000000000
69913  -40.598  -17.527  56.876 0.0000000000
69914  -40.837  -17.239  57.193 0.0000000000
69923  -40.760  -17.039  56.906 0.0000000000
69924  -40.963  -16.709  57.117 0.0000000000
69925  -41.181  -16.250  57.351 0.0000000000
69938  -39.083  -16.950  53.963 0.0000000000
70915  -43.291  -15.076  60.541 0.0000000000
70936  -42.086  -14.857  58.668 0.0000000000
70937  -42.512  -14.976  58.841 0.0000000000
70938  -42.924  -15.185  59.204 0.0000000000
70939  -43.298  -14.963  59.659 0.0000000000
70945  -41.777  -15.452  58.411 0.0000000000
70953  -40.342  -17.269  56.480 0.0000000000
70965  -40.595  -16.603  56.592 0.0000000000
70967  -41.129  -15.860  57.195 0.0000000000
70976  -40.309  -16.137  56.110 0.0000000000
71973  -43.819  -14.030  60.036 0.0000000000
71974  -43.490  -14.416  59.911 0.0000000000
71983  -42.586  -14.456  58.897 0.0000000000
71988  -41.326  -15.474  57.813 0.0000000000
71994  -40.919  -15.295  57.068 0.0000000000
72004  -41.003  -15.658  56.957 0.0000000000
72010  -39.715  -15.913  55.333 0.0000000000
72011  -40.174  -15.824  55.934 0.0000000000
73068  -43.534  -13.878  59.911 0.0000000000
73078  -41.568  -13.609  58.574 0.0000000000
73082  -43.375  -14.299  59.566 0.0000000000
73098  -40.791  -14.867  57.262 0.0000000000
73120  -38.911  -14.655  55.982 0.0000000000
74268  -43.491  -13.267  59.939 0.0000000000
74285  -40.410  -12.858  57.682 0.0000000000
74294  -40.188  -13.683  57.326 0.0000000000
75509  -43.179  -12.361  59.730 0.0000000000
75526  -40.546  -12.240  57.726 0.0000000000
75544  -39.795  -13.504  57.058 0.0000000000
76721  -43.472  -11.764  60.058 0.0000000000
76726  -42.609  -11.513  59.318 0.0000000000
76751  -41.986  -9.608  54.712 0.0000000000
77969  -43.780  -10.784  60.316 0.0000000000
77983  -43.803  -10.485  60.232 0.0000000000
77996  -41.357  -10.348  57.629 0.0000000000
78006  -42.821  -9.137  55.727 0.0000000000
78032  -44.295  -8.728  53.890 0.0000000000
78056  -44.549  -8.986  52.431 0.0000000000
79159  -43.453  -9.705  59.495 0.0000000000
79163  -41.954  -10.094  58.399 0.0000000000
79178  -42.949  -9.080  56.331 0.0000000000
79187  -44.467  -8.298  55.136 0.0000000000
80314  -44.721  -7.894  56.770 0.0000000000
80334  -45.041  -7.810  55.495 0.0000000000
80362  -46.785  -6.896  54.122 0.0000000000
80368  -46.291  -7.776  52.915 0.0000000000
80370  -46.858  -6.295  52.212 0.0000000000
80376  -46.084  -7.696  52.193 0.0000000000
80377  -46.428  -7.040  51.559 0.0000000000
80386  -46.845  -6.876  51.194 0.0000000000
81487  -45.528  -7.462  56.330 0.0000000000
81510  -47.970  -6.246  54.520 0.0000000000
81516  -47.117  -6.723  53.538 0.0000000000
81520  -46.644  -7.244  52.951 0.0000000000
81523  -47.657  -5.746  52.756 0.0000000000
81527  -46.803  -6.205  52.042 0.0000000000
81534  -46.797  -5.981  51.936 0.0000000000
83664  -48.059  -5.152  56.652 0.0000000000
83699  -48.543  -5.257  54.726 0.0000000000
83727  -46.820  -5.425  51.326 0.0000000000
85958  -48.815  -3.068  51.994 0.0000000000
88154  -48.608  -1.545  49.519 0.0000000000
