#!ascii label  , from subject 3610 vox2ras=TkReg
408
85566  -24.042  -4.151  -5.373 0.0000000000
82259  -19.928  -7.937  -2.603 0.0000000000
81148  -26.337  -8.705  -2.323 0.0000000000
77520  -22.694  -11.895  -2.353 0.0000000000
100465  -23.860  9.929  -5.796 0.0000000000
97364  -25.520  6.189  -4.190 0.0000000000
90882  -20.745  0.702  -6.548 0.0000000000
71671  -21.743  -15.859  -0.211 0.0000000000
78793  -21.690  -10.370  -2.730 0.0000000000
77516  -19.613  -11.330  -1.301 0.0000000000
98431  -24.416  7.674  -4.857 0.0000000000
96329  -21.553  5.631  -6.658 0.0000000000
86647  -19.547  -3.963  -4.645 0.0000000000
88795  -18.385  -1.362  -4.630 0.0000000000
87791  -22.119  -1.828  -6.619 0.0000000000
91957  -24.128  1.074  -5.321 0.0000000000
88784  -25.273  -1.751  -3.966 0.0000000000
86649  -26.625  -3.330  -3.054 0.0000000000
84419  -18.418  -5.487  -2.281 0.0000000000
83366  -21.797  -6.560  -4.522 0.0000000000
83370  -24.985  -5.905  -4.200 0.0000000000
81173  -23.565  -8.287  -3.668 0.0000000000
78796  -24.318  -10.193  -2.250 0.0000000000
76292  -27.063  -12.858  -3.256 0.0000000000
94140  -18.338  3.451  -5.598 0.0000000000
94159  -22.656  3.157  -6.290 0.0000000000
94115  -25.898  3.318  -3.975 0.0000000000
75044  -19.413  -13.373  -0.099 0.0000000000
73920  -22.533  -14.072  -1.179 0.0000000000
78757  -18.894  -10.357  -0.807 0.0000000000
77498  -18.209  -11.076  -0.077 0.0000000000
97387  -21.337  6.509  -6.604 0.0000000000
97384  -19.185  5.740  -6.009 0.0000000000
86664  -21.725  -4.272  -5.531 0.0000000000
86679  -20.988  -2.886  -5.617 0.0000000000
86681  -22.948  -3.459  -6.055 0.0000000000
88821  -23.745  -1.636  -5.703 0.0000000000
87755  -24.419  -2.595  -4.858 0.0000000000
87738  -26.269  -2.584  -3.305 0.0000000000
85552  -25.479  -4.253  -4.185 0.0000000000
83339  -19.119  -6.513  -2.302 0.0000000000
84437  -19.726  -5.750  -3.802 0.0000000000
82280  -21.267  -7.567  -3.757 0.0000000000
82295  -22.530  -7.340  -4.258 0.0000000000
81171  -21.692  -8.519  -3.527 0.0000000000
77539  -22.193  -11.090  -2.547 0.0000000000
78795  -23.348  -9.948  -2.661 0.0000000000
77541  -23.945  -11.096  -2.396 0.0000000000
77543  -26.326  -11.717  -2.339 0.0000000000
76275  -25.032  -12.624  -1.908 0.0000000000
99464  -21.806  9.375  -6.067 0.0000000000
99451  -21.081  9.583  -5.323 0.0000000000
100464  -22.702  9.939  -5.860 0.0000000000
101433  -23.283  11.182  -6.260 0.0000000000
101418  -24.670  10.343  -5.356 0.0000000000
97363  -24.692  6.559  -4.639 0.0000000000
89817  -18.610  -0.252  -5.461 0.0000000000
90864  -17.867  0.508  -5.288 0.0000000000
91984  -19.313  1.722  -6.282 0.0000000000
94156  -20.383  3.535  -6.897 0.0000000000
91987  -21.705  1.749  -6.582 0.0000000000
91945  -25.903  1.254  -3.628 0.0000000000
93016  -25.441  2.286  -3.985 0.0000000000
94117  -27.054  2.751  -2.539 0.0000000000
83340  -25.650  -7.143  -3.215 0.0000000000
84422  -26.388  -5.940  -2.790 0.0000000000
72740  -20.503  -15.312  0.339 0.0000000000
73898  -20.511  -14.206  -0.551 0.0000000000
75077  -20.634  -13.571  -1.137 0.0000000000
73899  -21.352  -14.661  -0.788 0.0000000000
81143  -18.966  -8.463  -1.666 0.0000000000
81145  -20.774  -8.568  -2.863 0.0000000000
79950  -19.684  -9.375  -1.902 0.0000000000
78776  -20.488  -10.853  -1.961 0.0000000000
77518  -21.012  -11.818  -1.926 0.0000000000
99475  -22.350  8.411  -6.028 0.0000000000
99466  -24.279  8.719  -5.451 0.0000000000
98441  -22.181  7.646  -6.045 0.0000000000
97375  -22.644  6.749  -5.586 0.0000000000
95228  -23.799  5.177  -5.094 0.0000000000
86629  -18.526  -3.827  -3.316 0.0000000000
86661  -19.207  -2.770  -4.682 0.0000000000
87773  -19.984  -2.100  -5.520 0.0000000000
88839  -20.849  -0.606  -6.356 0.0000000000
90884  -22.348  0.753  -6.465 0.0000000000
89820  -23.684  -0.578  -6.008 0.0000000000
90843  -25.140  -0.110  -4.286 0.0000000000
90829  -27.121  0.083  -3.032 0.0000000000
89779  -27.083  -0.970  -3.040 0.0000000000
70611  -23.480  -17.627  -0.342 0.0000000000
71673  -23.594  -16.248  -1.072 0.0000000000
85520  -19.284  -4.892  -3.371 0.0000000000
84449  -20.154  -5.351  -4.444 0.0000000000
84452  -23.043  -5.624  -5.017 0.0000000000
84454  -24.627  -5.359  -4.852 0.0000000000
83368  -23.535  -6.529  -4.635 0.0000000000
82282  -24.282  -7.257  -3.816 0.0000000000
81175  -24.550  -7.956  -3.118 0.0000000000
79980  -22.437  -9.229  -3.408 0.0000000000
79955  -23.782  -9.339  -2.728 0.0000000000
79957  -25.885  -9.456  -2.118 0.0000000000
78798  -26.742  -10.769  -2.119 0.0000000000
77544  -27.461  -11.965  -2.872 0.0000000000
100450  -25.504  9.251  -4.208 0.0000000000
95254  -20.462  4.506  -6.952 0.0000000000
94142  -22.424  4.178  -6.275 0.0000000000
95229  -24.354  4.503  -4.757 0.0000000000
91972  -23.636  1.736  -5.811 0.0000000000
94130  -25.137  3.342  -4.551 0.0000000000
96301  -25.533  5.151  -4.014 0.0000000000
85537  -25.765  -4.664  -3.661 0.0000000000
85522  -27.672  -4.547  -2.315 0.0000000000
77477  -17.967  -11.404  0.662 0.0000000000
76251  -19.447  -12.394  -0.827 0.0000000000
76270  -20.408  -12.668  -1.424 0.0000000000
75080  -22.897  -13.442  -1.643 0.0000000000
72782  -23.455  -15.271  -1.206 0.0000000000
73921  -23.463  -14.369  -1.439 0.0000000000
75082  -24.783  -13.525  -1.872 0.0000000000
97372  -18.483  5.877  -5.593 0.0000000000
85564  -22.662  -4.100  -5.876 0.0000000000
86680  -21.970  -3.530  -5.911 0.0000000000
86682  -23.646  -3.435  -5.635 0.0000000000
87778  -23.956  -2.561  -5.447 0.0000000000
86683  -24.218  -3.389  -5.218 0.0000000000
86665  -24.701  -3.447  -4.740 0.0000000000
85567  -24.537  -4.006  -5.144 0.0000000000
82258  -19.221  -7.575  -1.973 0.0000000000
82238  -18.567  -7.217  -1.631 0.0000000000
82278  -19.701  -7.244  -2.583 0.0000000000
83353  -19.796  -6.568  -3.061 0.0000000000
82279  -20.406  -7.554  -3.173 0.0000000000
81170  -21.032  -8.077  -3.349 0.0000000000
77540  -23.049  -11.026  -2.566 0.0000000000
77521  -23.573  -11.920  -2.354 0.0000000000
77522  -24.330  -11.957  -2.096 0.0000000000
76274  -24.129  -12.692  -1.948 0.0000000000
100475  -23.597  10.652  -5.983 0.0000000000
98433  -25.844  7.589  -4.082 0.0000000000
98422  -25.754  6.969  -3.981 0.0000000000
97353  -26.027  6.425  -3.708 0.0000000000
89818  -19.486  -0.077  -5.875 0.0000000000
90866  -19.257  0.624  -6.057 0.0000000000
91970  -18.688  1.684  -5.916 0.0000000000
91985  -20.068  1.666  -6.565 0.0000000000
91986  -20.902  1.677  -6.582 0.0000000000
91946  -26.534  1.199  -3.022 0.0000000000
93018  -26.861  2.028  -2.769 0.0000000000
82261  -26.021  -7.805  -2.961 0.0000000000
83341  -26.207  -6.998  -2.722 0.0000000000
82262  -26.790  -7.869  -2.087 0.0000000000
71651  -21.601  -16.456  0.174 0.0000000000
72741  -20.971  -15.761  0.217 0.0000000000
73883  -20.204  -14.540  0.248 0.0000000000
72761  -21.045  -15.377  -0.290 0.0000000000
72762  -21.925  -15.340  -0.431 0.0000000000
81121  -18.648  -8.871  -1.231 0.0000000000
79949  -19.107  -9.195  -1.535 0.0000000000
77515  -19.220  -10.983  -0.949 0.0000000000
78774  -19.391  -10.381  -1.214 0.0000000000
77517  -20.279  -11.484  -1.753 0.0000000000
77537  -20.769  -11.147  -2.115 0.0000000000
98440  -21.448  7.654  -6.221 0.0000000000
96313  -21.795  6.182  -6.416 0.0000000000
96314  -22.478  5.727  -6.133 0.0000000000
96315  -23.334  5.795  -5.348 0.0000000000
96330  -22.226  5.196  -6.471 0.0000000000
86646  -18.749  -3.365  -4.109 0.0000000000
86662  -19.947  -3.161  -5.067 0.0000000000
87775  -21.551  -2.162  -6.262 0.0000000000
86678  -20.437  -2.553  -5.481 0.0000000000
88818  -21.029  -1.615  -6.132 0.0000000000
88817  -20.392  -1.119  -5.984 0.0000000000
88840  -21.366  -1.067  -6.396 0.0000000000
89838  -22.552  -0.364  -6.438 0.0000000000
88842  -22.710  -1.068  -6.455 0.0000000000
88798  -24.766  -1.736  -4.569 0.0000000000
89806  -24.620  -0.711  -4.876 0.0000000000
89792  -25.031  -1.013  -4.239 0.0000000000
90844  -25.823  0.219  -3.854 0.0000000000
89794  -26.335  -0.613  -3.290 0.0000000000
88786  -26.706  -1.687  -3.183 0.0000000000
87739  -27.067  -2.526  -3.113 0.0000000000
86631  -27.840  -3.516  -2.338 0.0000000000
70610  -22.539  -17.337  -0.138 0.0000000000
69565  -24.099  -18.014  -0.254 0.0000000000
84418  -17.776  -5.149  -1.883 0.0000000000
85519  -18.593  -4.512  -2.884 0.0000000000
84420  -19.235  -5.591  -2.858 0.0000000000
84438  -20.467  -6.006  -4.288 0.0000000000
84450  -21.026  -5.659  -4.752 0.0000000000
84451  -22.106  -5.640  -4.895 0.0000000000
83367  -22.732  -6.508  -4.655 0.0000000000
81188  -23.036  -7.685  -4.179 0.0000000000
82296  -23.217  -7.206  -4.323 0.0000000000
81190  -23.715  -7.837  -3.799 0.0000000000
82283  -24.713  -7.551  -3.471 0.0000000000
81174  -24.059  -7.865  -3.452 0.0000000000
79952  -21.284  -9.534  -2.825 0.0000000000
79979  -21.774  -9.244  -3.255 0.0000000000
79953  -22.046  -9.728  -3.048 0.0000000000
79954  -23.425  -9.426  -2.897 0.0000000000
79956  -24.708  -9.229  -2.609 0.0000000000
78797  -25.469  -10.420  -1.907 0.0000000000
76291  -26.005  -12.641  -2.372 0.0000000000
76293  -27.586  -12.592  -3.520 0.0000000000
98430  -23.715  8.108  -5.323 0.0000000000
99467  -25.071  8.433  -4.652 0.0000000000
87735  -17.701  -2.145  -3.205 0.0000000000
94139  -17.875  3.782  -5.141 0.0000000000
95240  -18.517  4.261  -5.676 0.0000000000
96312  -19.370  4.845  -5.974 0.0000000000
95241  -19.145  4.245  -6.113 0.0000000000
93060  -21.828  2.762  -6.560 0.0000000000
94157  -21.247  3.628  -7.014 0.0000000000
94143  -22.941  3.619  -6.015 0.0000000000
95243  -23.418  4.617  -5.526 0.0000000000
94144  -23.654  3.412  -5.335 0.0000000000
90868  -23.762  0.614  -5.963 0.0000000000
91971  -23.110  1.284  -6.255 0.0000000000
93032  -24.779  2.305  -4.589 0.0000000000
95230  -25.344  4.341  -4.288 0.0000000000
95214  -25.997  4.348  -3.690 0.0000000000
95215  -26.603  4.484  -3.194 0.0000000000
84455  -25.325  -5.074  -4.324 0.0000000000
84439  -25.542  -5.693  -3.539 0.0000000000
84423  -27.560  -5.724  -2.131 0.0000000000
75043  -18.749  -13.475  0.556 0.0000000000
76234  -18.441  -12.429  0.392 0.0000000000
76250  -18.786  -12.156  -0.263 0.0000000000
76235  -18.925  -12.808  -0.108 0.0000000000
73919  -21.685  -14.059  -1.159 0.0000000000
75078  -21.151  -13.443  -1.458 0.0000000000
76271  -21.439  -12.648  -1.785 0.0000000000
75079  -21.995  -13.397  -1.555 0.0000000000
73922  -24.460  -14.402  -1.823 0.0000000000
79914  -18.473  -9.595  -0.671 0.0000000000
79913  -17.860  -9.583  -0.143 0.0000000000
78756  -18.312  -10.399  -0.390 0.0000000000
77499  -18.793  -11.338  -0.578 0.0000000000
98449  -20.817  7.268  -6.398 0.0000000000
97386  -20.515  6.461  -6.680 0.0000000000
96328  -20.490  5.487  -6.755 0.0000000000
86663  -21.055  -3.894  -5.422 0.0000000000
87776  -22.525  -2.411  -6.308 0.0000000000
88820  -23.127  -1.519  -6.244 0.0000000000
87777  -23.341  -2.521  -5.942 0.0000000000
88785  -25.795  -1.681  -3.240 0.0000000000
87737  -25.578  -2.635  -3.779 0.0000000000
86648  -25.881  -3.610  -3.606 0.0000000000
83319  -18.765  -6.817  -1.799 0.0000000000
83354  -20.561  -6.699  -3.816 0.0000000000
83355  -21.292  -6.919  -4.161 0.0000000000
82294  -21.808  -7.249  -4.146 0.0000000000
82281  -22.058  -7.800  -3.914 0.0000000000
81172  -22.793  -8.305  -3.948 0.0000000000
78794  -22.527  -10.208  -2.818 0.0000000000
77542  -25.046  -11.505  -1.984 0.0000000000
99463  -20.942  8.863  -5.502 0.0000000000
100449  -21.392  10.033  -5.390 0.0000000000
100474  -23.036  10.561  -6.027 0.0000000000
102339  -25.494  11.098  -5.259 0.0000000000
97377  -24.100  6.999  -4.719 0.0000000000
98432  -25.258  7.355  -4.361 0.0000000000
90863  -17.465  0.827  -4.699 0.0000000000
91969  -18.026  1.582  -5.387 0.0000000000
93041  -18.305  2.497  -5.513 0.0000000000
93042  -18.836  2.565  -6.017 0.0000000000
94155  -19.645  3.466  -6.538 0.0000000000
93058  -20.257  2.598  -6.685 0.0000000000
93059  -21.060  2.664  -6.736 0.0000000000
93061  -22.440  2.816  -6.411 0.0000000000
91944  -25.057  1.123  -4.126 0.0000000000
91958  -24.552  1.452  -4.818 0.0000000000
93017  -26.075  2.266  -3.287 0.0000000000
94116  -26.558  3.341  -3.069 0.0000000000
83357  -25.128  -6.782  -3.732 0.0000000000
84421  -25.742  -6.515  -3.206 0.0000000000
83342  -27.054  -6.774  -2.295 0.0000000000
73882  -19.524  -14.179  0.528 0.0000000000
73897  -19.978  -13.876  -0.022 0.0000000000
75056  -19.937  -13.362  -0.554 0.0000000000
73900  -22.204  -14.645  -0.723 0.0000000000
81142  -18.511  -8.090  -1.471 0.0000000000
81144  -19.780  -8.574  -2.276 0.0000000000
79951  -20.445  -9.369  -2.339 0.0000000000
78791  -20.252  -9.864  -2.042 0.0000000000
79933  -19.442  -9.755  -1.502 0.0000000000
78775  -20.021  -10.412  -1.717 0.0000000000
78792  -20.780  -10.351  -2.305 0.0000000000
77538  -21.352  -11.147  -2.406 0.0000000000
77519  -21.860  -11.819  -2.052 0.0000000000
99462  -20.092  8.337  -4.832 0.0000000000
99474  -21.565  8.359  -6.087 0.0000000000
99465  -23.136  8.879  -5.864 0.0000000000
98442  -22.903  7.785  -5.302 0.0000000000
98443  -23.751  7.463  -5.034 0.0000000000
97374  -21.904  6.861  -6.385 0.0000000000
97362  -24.142  6.511  -4.778 0.0000000000
96299  -24.135  5.810  -4.850 0.0000000000
87753  -18.729  -2.346  -4.631 0.0000000000
87754  -19.285  -2.280  -5.101 0.0000000000
88796  -18.830  -1.856  -5.021 0.0000000000
88816  -19.148  -1.275  -5.425 0.0000000000
89835  -20.418  -0.074  -6.294 0.0000000000
90883  -21.512  0.681  -6.584 0.0000000000
89837  -21.839  -0.166  -6.578 0.0000000000
90867  -23.103  0.163  -6.222 0.0000000000
90853  -24.393  -0.008  -5.611 0.0000000000
89805  -24.169  -0.929  -5.497 0.0000000000
90854  -24.648  0.473  -4.835 0.0000000000
90845  -26.377  0.439  -3.399 0.0000000000
91929  -27.276  1.139  -2.509 0.0000000000
89780  -27.655  -0.893  -2.578 0.0000000000
81149  -27.458  -9.121  -2.153 0.0000000000
71652  -22.163  -16.714  -0.158 0.0000000000
71672  -22.408  -16.315  -0.443 0.0000000000
85535  -18.871  -4.271  -3.592 0.0000000000
85536  -19.458  -4.627  -4.169 0.0000000000
85547  -20.349  -4.522  -4.863 0.0000000000
85548  -21.469  -4.782  -5.118 0.0000000000
85549  -22.428  -4.684  -5.396 0.0000000000
85550  -23.065  -4.955  -5.226 0.0000000000
84470  -24.469  -4.590  -5.152 0.0000000000
84468  -23.456  -5.155  -5.215 0.0000000000
84453  -23.877  -5.802  -5.128 0.0000000000
83369  -24.349  -6.521  -4.317 0.0000000000
83356  -24.587  -7.047  -3.854 0.0000000000
82260  -25.317  -7.532  -3.288 0.0000000000
81147  -25.206  -8.302  -2.864 0.0000000000
78817  -22.830  -9.631  -3.072 0.0000000000
79981  -23.294  -9.141  -3.297 0.0000000000
79982  -23.901  -8.613  -3.052 0.0000000000
79983  -24.447  -8.355  -2.976 0.0000000000
79958  -27.075  -9.879  -2.307 0.0000000000
100466  -24.789  9.522  -5.008 0.0000000000
96326  -19.154  5.383  -5.791 0.0000000000
96327  -19.699  5.247  -6.351 0.0000000000
95255  -21.371  4.634  -6.983 0.0000000000
95256  -22.073  4.680  -6.559 0.0000000000
95242  -22.634  4.680  -6.217 0.0000000000
96300  -25.022  5.426  -4.589 0.0000000000
91988  -22.449  1.973  -6.459 0.0000000000
93043  -23.053  2.482  -6.265 0.0000000000
93031  -24.092  2.282  -5.207 0.0000000000
95244  -23.839  3.967  -4.969 0.0000000000
96288  -26.101  5.448  -3.537 0.0000000000
85551  -25.040  -4.340  -4.829 0.0000000000
85538  -26.339  -4.248  -3.085 0.0000000000
84440  -26.193  -5.097  -3.209 0.0000000000
85521  -26.882  -4.912  -2.740 0.0000000000
86630  -26.993  -3.910  -2.508 0.0000000000
77478  -18.438  -11.690  0.007 0.0000000000
77500  -19.266  -11.524  -0.927 0.0000000000
76252  -20.003  -12.958  -0.936 0.0000000000
76269  -19.835  -12.028  -1.465 0.0000000000
76272  -22.342  -12.655  -1.942 0.0000000000
72763  -22.754  -15.410  -0.760 0.0000000000
73901  -22.912  -14.716  -0.957 0.0000000000
72783  -24.170  -15.181  -1.556 0.0000000000
75081  -23.834  -13.516  -1.764 0.0000000000
76273  -23.238  -12.717  -2.087 0.0000000000
71695  -23.930  -15.673  -1.353 0.0000000000
72760  -20.541  -14.850  -0.072 0.0000000000
73918  -20.974  -14.104  -1.202 0.0000000000
75057  -20.290  -13.355  -0.915 0.0000000000
77557  -27.934  -12.401  -3.626 0.0000000000
78816  -22.480  -9.679  -3.072 0.0000000000
79932  -18.953  -9.578  -1.137 0.0000000000
81146  -21.396  -8.990  -3.135 0.0000000000
81189  -23.404  -7.799  -4.030 0.0000000000
82297  -23.801  -7.289  -4.039 0.0000000000
83365  -21.000  -6.421  -4.396 0.0000000000
84469  -23.974  -4.933  -5.241 0.0000000000
85565  -23.293  -4.394  -5.550 0.0000000000
86666  -25.297  -3.501  -4.279 0.0000000000
87722  -27.678  -2.580  -2.642 0.0000000000
87756  -24.975  -2.629  -4.330 0.0000000000
87774  -20.772  -2.056  -5.778 0.0000000000
87790  -21.798  -1.563  -6.516 0.0000000000
88797  -24.295  -1.701  -5.176 0.0000000000
88819  -22.536  -1.601  -6.463 0.0000000000
88841  -22.144  -1.108  -6.530 0.0000000000
89793  -25.495  -0.800  -3.698 0.0000000000
89819  -23.068  -0.681  -6.317 0.0000000000
89836  -21.212  -0.083  -6.524 0.0000000000
89854  -21.418  0.126  -6.538 0.0000000000
89855  -21.610  0.108  -6.557 0.0000000000
90865  -18.692  0.718  -5.794 0.0000000000
90880  -19.099  1.085  -6.177 0.0000000000
90881  -19.760  0.791  -6.318 0.0000000000
90900  -21.286  0.344  -6.552 0.0000000000
90901  -21.514  0.336  -6.550 0.0000000000
91968  -17.552  1.279  -4.959 0.0000000000
93044  -23.476  2.700  -5.714 0.0000000000
93057  -19.514  2.580  -6.389 0.0000000000
94127  -17.514  3.488  -4.691 0.0000000000
94129  -24.282  3.298  -4.812 0.0000000000
94141  -18.967  3.443  -6.119 0.0000000000
94158  -22.097  3.692  -6.448 0.0000000000
95198  -27.172  4.525  -2.766 0.0000000000
95239  -17.951  4.329  -5.310 0.0000000000
95253  -19.752  4.331  -6.565 0.0000000000
96311  -18.743  5.013  -5.493 0.0000000000
97376  -23.545  6.723  -5.010 0.0000000000
99468  -25.651  8.042  -4.339 0.0000000000
100473  -22.407  10.583  -5.811 0.0000000000
101435  -25.019  10.878  -5.430 0.0000000000
