#!ascii label  , from subject 3218 vox2ras=TkReg
1229
93318  -22.224  -3.140  -33.519 0.5555555820
94453  -23.354  -2.015  -34.182 0.7777777910
94454  -23.938  -2.384  -34.449 0.7777777910
96882  -23.451  -0.518  -34.918 0.8888888955
95701  -25.609  -0.990  -35.294 0.8888888955
93294  -21.723  -3.761  -32.873 0.5555555820
93317  -21.529  -2.878  -33.176 0.5555555820
94435  -21.853  -2.185  -33.439 0.6666666865
95667  -22.148  -1.248  -33.731 0.8888888955
95683  -24.179  -1.514  -34.711 0.8888888955
98112  -24.542  -0.085  -35.460 1.0000000000
96900  -25.685  -0.259  -35.547 0.8888888955
98145  -25.412  0.997  -36.457 1.0000000000
95666  -21.250  -1.340  -33.413 0.7777777910
96880  -21.949  0.221  -34.595 1.0000000000
98108  -21.727  1.037  -34.369 1.0000000000
98109  -22.248  0.964  -34.636 1.0000000000
98126  -23.200  1.504  -35.475 1.0000000000
99351  -23.476  1.895  -35.643 1.0000000000
99350  -22.668  2.057  -35.464 1.0000000000
99365  -23.245  2.503  -35.657 1.0000000000
99366  -23.842  2.377  -35.857 1.0000000000
99368  -25.141  1.831  -36.521 1.0000000000
100519  -23.310  3.201  -35.947 1.0000000000
100520  -24.081  2.849  -36.222 1.0000000000
100522  -25.322  2.397  -36.956 1.0000000000
101651  -24.252  4.043  -37.183 1.0000000000
101652  -24.953  3.852  -37.461 0.7777777910
99332  -20.678  2.051  -34.465 0.8888888955
99334  -21.625  1.670  -34.960 1.0000000000
100503  -22.798  2.867  -35.584 1.0000000000
100501  -21.205  2.975  -35.523 1.0000000000
100518  -22.624  3.438  -35.709 1.0000000000
101638  -23.113  3.743  -36.556 1.0000000000
101650  -23.467  4.117  -37.026 1.0000000000
102793  -24.486  4.688  -37.533 1.0000000000
102795  -25.590  4.423  -38.184 0.8888888955
103928  -25.209  4.987  -37.970 1.0000000000
102796  -26.116  4.500  -38.491 0.7777777910
102797  -26.832  4.515  -38.514 0.7777777910
101605  -20.649  4.079  -34.853 0.5555555820
103889  -20.923  5.840  -35.294 0.7777777910
101621  -21.046  4.150  -35.223 0.8888888955
102757  -22.278  4.573  -36.060 1.0000000000
101637  -22.674  4.030  -36.162 1.0000000000
102756  -21.910  4.852  -35.929 0.8888888955
102770  -21.996  5.089  -36.318 1.0000000000
102791  -23.067  5.278  -37.122 1.0000000000
102815  -23.471  6.065  -37.583 1.0000000000
164934  -24.279  5.886  -37.839 0.8888888955
164938  -24.138  6.221  -38.015 1.0000000000
105083  -25.110  6.654  -37.882 0.8888888955
105084  -25.871  6.647  -38.719 0.7777777910
105071  -26.919  6.279  -38.707 0.6666666865
106254  -26.756  6.833  -38.984 0.6666666865
103849  -19.286  5.522  -34.157 0.4444444478
102753  -19.659  5.740  -35.446 0.7777777910
105036  -19.410  6.243  -35.505 0.6666666865
105038  -21.246  6.415  -35.818 0.7777777910
105039  -21.863  6.062  -35.970 0.8888888955
103926  -22.581  6.469  -37.073 0.8888888955
103945  -23.294  6.946  -37.496 1.0000000000
164937  -23.070  6.294  -38.910 1.0000000000
105094  -22.697  6.652  -40.117 0.8888888955
105096  -24.638  7.392  -38.418 0.7777777910
105097  -25.241  7.380  -38.584 0.7777777910
106242  -27.257  7.157  -38.880 0.5555555820
107368  -25.919  7.674  -39.166 0.7777777910
107341  -26.966  7.787  -38.853 0.6666666865
106207  -19.827  7.325  -35.144 0.6666666865
106206  -19.479  6.706  -35.171 0.6666666865
106208  -20.661  7.180  -35.778 0.7777777910
106223  -20.190  8.026  -35.523 0.7777777910
105053  -21.221  6.975  -36.362 0.8888888955
105067  -21.718  7.191  -36.790 0.8888888955
106239  -21.985  7.610  -37.110 1.0000000000
164940  -22.206  6.781  -39.702 1.0000000000
164939  -22.333  6.470  -39.617 0.8888888955
107365  -23.662  8.026  -39.806 0.8888888955
107366  -24.519  7.971  -39.443 0.8888888955
106266  -24.833  7.671  -38.951 0.7777777910
107364  -22.795  7.940  -39.308 0.8888888955
107353  -24.198  8.512  -39.174 0.7777777910
107354  -25.125  8.519  -39.176 0.7777777910
107355  -26.356  8.235  -39.119 0.7777777910
107342  -27.600  8.217  -38.802 0.6666666865
107293  -18.723  8.342  -34.915 0.6666666865
106193  -19.385  7.017  -34.582 0.5555555820
107308  -19.206  8.535  -35.305 0.7777777910
106224  -20.881  7.879  -36.357 0.8888888955
106225  -21.533  8.343  -37.065 1.0000000000
164936  -23.077  8.075  -38.015 1.0000000000
107363  -22.200  7.701  -40.055 0.8888888955
108468  -24.693  9.359  -39.109 0.7777777910
108470  -26.720  9.416  -39.237 0.6666666865
108471  -27.783  9.416  -39.020 0.5555555820
107307  -17.898  8.643  -35.941 0.7777777910
107292  -17.397  8.836  -35.369 0.6666666865
107322  -18.551  8.925  -35.960 0.8888888955
107324  -20.386  9.108  -36.182 1.0000000000
108434  -22.387  8.860  -37.842 0.8888888955
164941  -23.019  8.370  -37.835 0.8888888955
108451  -22.271  9.484  -37.968 0.8888888955
107352  -23.580  8.366  -38.991 0.8888888955
109564  -25.175  10.282  -39.302 0.7777777910
110757  -25.691  11.173  -39.478 0.7777777910
109565  -26.184  10.311  -39.472 0.7777777910
109567  -28.127  10.474  -39.308 0.5555555820
110756  -24.671  11.194  -39.429 0.7777777910
110759  -27.564  11.291  -39.528 0.5555555820
111915  -27.647  11.657  -40.110 0.6666666865
164943  -17.150  9.596  -33.668 0.4444444478
107270  -16.741  9.586  -35.196 0.5555555820
111858  -16.794  11.636  -36.353 0.7777777910
108429  -19.170  9.602  -35.800 1.0000000000
109520  -17.324  10.293  -36.635 0.8888888955
108413  -19.672  9.810  -35.985 1.0000000000
107339  -20.731  9.475  -37.693 0.8888888955
108449  -20.737  9.899  -37.878 0.8888888955
108450  -21.359  9.638  -37.986 0.8888888955
109542  -22.445  10.286  -38.540 0.8888888955
109562  -23.234  10.137  -39.009 0.8888888955
111913  -26.143  11.897  -39.457 0.6666666865
111830  -17.328  12.222  -34.343 0.6666666865
109464  -17.356  10.780  -33.944 0.6666666865
110696  -18.400  11.313  -35.096 0.7777777910
109505  -19.571  10.485  -36.219 0.8888888955
110697  -19.105  11.338  -35.812 0.7777777910
109523  -20.004  10.796  -36.984 0.7777777910
109524  -20.684  10.583  -37.390 0.8888888955
110723  -21.084  11.414  -37.531 0.7777777910
109541  -21.703  10.499  -38.045 0.8888888955
110737  -21.796  11.624  -38.753 0.7777777910
110738  -22.620  11.006  -39.093 0.7777777910
110755  -23.494  11.278  -39.367 0.6666666865
113007  -23.132  13.300  -39.345 0.6666666865
113009  -25.031  12.706  -39.431 0.6666666865
111912  -25.295  11.961  -39.359 0.5555555820
111938  -25.523  13.359  -40.407 0.6666666865
111939  -26.468  12.702  -40.526 0.5555555820
111940  -27.777  12.198  -40.688 0.4444444478
111959  -27.339  13.192  -41.002 0.5555555820
115070  -15.853  14.827  -32.800 0.3333333433
114025  -15.987  14.002  -33.150 0.3333333433
112937  -17.216  13.190  -34.643 0.5555555820
111842  -17.764  12.561  -34.964 0.6666666865
112948  -18.639  13.370  -35.757 0.5555555820
111843  -18.533  12.313  -35.543 0.7777777910
111860  -19.530  12.220  -37.141 0.7777777910
111873  -19.535  13.044  -37.258 0.6666666865
110735  -20.891  12.079  -37.652 0.6666666865
111874  -20.497  12.788  -37.723 0.6666666865
111892  -21.388  12.877  -38.624 0.6666666865
113006  -22.480  13.570  -39.327 0.6666666865
111936  -24.099  14.218  -39.858 0.6666666865
111937  -24.717  13.824  -40.170 0.6666666865
111958  -26.293  13.603  -40.856 0.5555555820
113044  -27.128  14.090  -41.155 0.5555555820
115072  -17.181  14.940  -33.577 0.4444444478
116169  -15.420  15.381  -32.332 0.4444444478
114027  -17.161  14.309  -34.073 0.4444444478
115098  -17.983  15.027  -34.864 0.5555555820
114036  -17.621  14.141  -34.752 0.5555555820
112959  -19.067  13.688  -36.333 0.6666666865
112975  -19.938  13.840  -37.314 0.6666666865
111933  -21.704  13.871  -39.351 0.6666666865
111935  -23.555  14.487  -39.847 0.6666666865
113043  -26.154  14.428  -40.816 0.6666666865
114131  -27.951  14.780  -41.172 0.5555555820
116193  -18.622  15.271  -34.688 0.4444444478
114071  -20.137  14.411  -37.091 0.6666666865
114102  -21.122  14.118  -38.916 0.6666666865
111875  -21.082  13.252  -38.221 0.6666666865
112995  -21.315  13.712  -38.630 0.6666666865
111970  -24.833  14.600  -40.643 0.6666666865
96865  -22.874  -0.832  -34.625 0.8888888955
98110  -22.971  0.864  -35.177 1.0000000000
98128  -24.797  0.686  -35.812 1.0000000000
105021  -19.084  6.104  -34.556 0.5555555820
106263  -22.364  7.291  -40.150 0.8888888955
109463  -16.852  10.471  -33.550 0.5555555820
108411  -17.818  9.193  -36.359 0.7777777910
107310  -20.300  9.511  -36.351 1.0000000000
109563  -24.160  10.248  -39.232 0.8888888955
108364  -16.206  9.495  -32.969 0.2222222239
111914  -26.898  12.040  -39.836 0.6666666865
110722  -20.238  11.553  -37.456 0.7777777910
114041  -18.894  14.182  -35.674 0.6666666865
115111  -20.504  15.074  -36.977 0.6666666865
114132  -28.994  14.716  -41.378 0.5555555820
116170  -16.671  15.537  -32.747 0.2222222239
116171  -17.450  15.247  -33.519 0.3333333433
115171  -28.612  15.602  -41.361 0.5555555820
90958  -22.523  -4.981  -32.941 0.5555555820
92144  -22.815  -4.556  -33.074 0.5555555820
93295  -22.587  -3.897  -33.145 0.6666666865
93319  -23.316  -3.459  -33.590 0.5555555820
93336  -23.840  -3.128  -34.205 0.5555555820
94456  -25.534  -2.380  -34.992 0.7777777910
95685  -25.831  -1.688  -35.347 0.8888888955
92128  -21.714  -4.597  -32.586 0.5555555820
94455  -24.764  -2.402  -34.688 0.8888888955
95702  -26.093  -1.007  -35.693 0.7777777910
96901  -26.367  -0.270  -35.764 0.7777777910
98146  -26.323  0.635  -36.541 0.8888888955
93272  -20.598  -4.162  -31.720 0.4444444478
94416  -20.514  -2.134  -32.694 0.5555555820
99369  -25.767  1.570  -36.851 1.0000000000
96850  -20.417  -0.459  -32.971 0.2222222239
96862  -20.876  -0.644  -33.448 0.6666666865
100523  -25.905  2.187  -37.446 0.8888888955
100541  -26.694  3.072  -38.010 0.6666666865
99306  -20.696  1.277  -33.574 0.5555555820
103932  -27.768  5.363  -38.353 0.6666666865
100470  -20.425  2.367  -33.933 0.4444444478
106243  -28.491  7.236  -38.219 0.5555555820
102699  -19.864  5.118  -33.729 0.2222222239
105002  -19.134  6.401  -33.824 0.4444444478
108453  -28.210  8.825  -38.708 0.5555555820
106154  -19.217  7.234  -33.165 0.3333333433
108454  -28.877  9.255  -38.820 0.5555555820
107271  -17.556  8.931  -34.379 0.4444444478
109568  -29.181  10.297  -39.225 0.4444444478
107255  -16.905  8.968  -33.120 0.3333333433
110760  -28.495  11.311  -40.088 0.5555555820
110778  -28.614  11.873  -40.761 0.4444444478
114014  -15.197  14.121  -32.597 0.3333333433
112927  -15.514  13.267  -32.990 0.3333333433
111819  -15.922  12.318  -33.147 0.4444444478
111960  -28.236  13.015  -40.968 0.4444444478
113046  -29.402  13.937  -41.348 0.4444444478
115172  -29.574  15.604  -41.471 0.2222222239
117257  -17.823  15.577  -33.320 0.3333333433
116202  -19.303  14.954  -35.476 0.6666666865
114103  -21.576  14.903  -38.723 0.6666666865
113037  -22.073  14.542  -39.512 0.6666666865
111967  -23.455  14.944  -40.382 0.6666666865
114128  -25.201  15.464  -40.730 0.6666666865
114129  -26.005  15.219  -40.777 0.6666666865
115170  -27.656  15.663  -41.196 0.6666666865
115119  -20.357  15.479  -36.952 0.5555555820
93293  -21.225  -3.139  -32.811 0.5555555820
94436  -22.780  -2.285  -33.776 0.7777777910
94437  -23.498  -2.649  -34.041 0.7777777910
95668  -22.805  -1.419  -34.249 0.8888888955
95682  -23.419  -1.482  -34.562 0.8888888955
96881  -22.574  -0.009  -34.779 1.0000000000
96884  -25.041  -0.468  -35.326 1.0000000000
96883  -24.385  -0.655  -35.090 0.8888888955
95684  -25.097  -1.465  -34.942 0.8888888955
93283  -21.407  -4.176  -32.506 0.4444444478
93282  -20.914  -3.711  -32.314 0.4444444478
94417  -20.836  -2.659  -32.698 0.5555555820
94434  -21.207  -2.260  -33.129 0.6666666865
96864  -22.298  -0.560  -34.332 0.8888888955
98111  -23.979  0.235  -35.341 1.0000000000
98127  -23.777  1.173  -35.488 1.0000000000
98129  -25.885  0.371  -35.943 1.0000000000
98144  -24.968  1.378  -36.263 1.0000000000
95665  -20.662  -1.167  -33.158 0.5555555820
95652  -20.746  -1.841  -33.010 0.6666666865
96863  -21.400  -0.132  -34.060 0.8888888955
98094  -21.355  1.070  -34.160 0.8888888955
99333  -20.979  1.734  -34.886 1.0000000000
99335  -22.202  1.588  -35.080 1.0000000000
99352  -24.129  1.657  -35.745 1.0000000000
99349  -21.724  2.198  -35.412 1.0000000000
100502  -22.063  3.048  -35.563 1.0000000000
99367  -24.544  1.936  -36.139 1.0000000000
100521  -24.714  2.608  -36.545 1.0000000000
100536  -23.617  3.420  -36.496 1.0000000000
100537  -24.148  3.343  -36.732 1.0000000000
100538  -24.869  3.242  -36.945 1.0000000000
100539  -25.472  3.037  -37.438 0.8888888955
101654  -26.093  3.700  -38.227 0.7777777910
100486  -20.734  2.490  -35.387 1.0000000000
100485  -20.455  2.724  -34.841 0.5555555820
99317  -20.941  1.546  -34.150 0.6666666865
99348  -21.070  1.975  -35.695 1.0000000000
99316  -20.711  1.958  -34.146 0.5555555820
101623  -22.251  4.018  -35.585 1.0000000000
101649  -23.088  4.282  -36.952 1.0000000000
102792  -23.797  5.178  -37.509 1.0000000000
102773  -24.216  5.234  -37.680 1.0000000000
105069  -25.232  6.011  -37.993 0.8888888955
103930  -26.045  5.480  -38.800 0.7777777910
103931  -26.942  5.328  -38.573 0.6666666865
101591  -20.232  3.475  -34.137 0.5555555820
102718  -20.396  4.528  -34.156 0.6666666865
101620  -20.892  4.839  -34.843 0.6666666865
100500  -20.771  3.237  -35.261 0.7777777910
102754  -20.776  5.401  -35.000 0.7777777910
103888  -20.011  5.936  -35.391 0.6666666865
102755  -21.329  4.935  -35.351 0.8888888955
103890  -21.546  5.600  -35.672 0.8888888955
101622  -21.595  3.948  -35.476 0.8888888955
103891  -21.907  5.496  -36.037 0.8888888955
103909  -22.592  5.785  -36.975 1.0000000000
103946  -23.259  6.619  -38.300 1.0000000000
105095  -23.522  6.806  -38.809 0.8888888955
103948  -25.664  6.169  -38.491 0.7777777910
105070  -26.413  5.895  -38.704 0.7777777910
106253  -26.374  7.251  -39.022 0.6666666865
105072  -27.983  6.265  -38.394 0.5555555820
102734  -19.321  5.621  -35.233 0.5555555820
103828  -19.093  5.620  -33.479 0.3333333433
102717  -20.162  5.246  -34.360 0.4444444478
102736  -20.799  4.900  -34.522 0.6666666865
105037  -20.363  6.484  -35.466 0.7777777910
105054  -21.941  6.603  -36.531 0.8888888955
105068  -22.671  7.170  -37.321 1.0000000000
106265  -24.117  7.409  -39.587 0.7777777910
107367  -25.374  7.894  -39.206 0.7777777910
106240  -23.227  7.492  -38.198 1.0000000000
108469  -25.701  9.349  -39.254 0.7777777910
107356  -27.103  8.825  -39.028 0.6666666865
106170  -19.271  7.142  -33.753 0.4444444478
107323  -19.635  8.968  -35.541 0.8888888955
106226  -21.985  8.619  -37.773 0.8888888955
109566  -27.179  10.377  -39.322 0.6666666865
108472  -28.488  9.869  -39.078 0.5555555820
109484  -16.000  10.261  -36.003 0.6666666865
108428  -18.224  9.510  -36.151 0.8888888955
107325  -20.749  9.153  -37.155 1.0000000000
108466  -23.323  9.065  -38.210 0.8888888955
164945  -16.051  11.159  -34.807 0.5555555820
109522  -18.551  9.705  -36.054 1.0000000000
109486  -17.967  10.648  -34.917 0.7777777910
109485  -16.859  11.292  -35.343 0.7777777910
109506  -20.160  10.256  -36.929 0.8888888955
109504  -18.645  10.042  -35.566 0.7777777910
110779  -29.356  11.751  -40.711 0.5555555820
111820  -16.865  12.322  -33.541 0.5555555820
110689  -17.269  11.646  -33.747 0.5555555820
112929  -16.858  12.853  -34.069 0.4444444478
110690  -17.596  11.235  -34.373 0.6666666865
111831  -17.985  11.916  -34.812 0.6666666865
109475  -17.309  10.458  -34.430 0.7777777910
109487  -18.851  10.709  -35.416 0.7777777910
110724  -21.469  11.280  -37.973 0.7777777910
111893  -21.721  12.434  -38.900 0.6666666865
111911  -24.279  12.135  -39.437 0.6666666865
111910  -23.236  12.415  -39.327 0.6666666865
113021  -24.081  13.751  -39.556 0.6666666865
113022  -24.884  13.342  -39.741 0.6666666865
113023  -25.667  12.835  -39.940 0.5555555820
113024  -26.239  12.453  -39.915 0.5555555820
111941  -28.931  12.582  -40.843 0.4444444478
113045  -28.272  13.825  -41.255 0.5555555820
112928  -16.359  13.171  -33.532 0.4444444478
114035  -17.091  13.827  -34.243 0.5555555820
112947  -17.939  13.256  -35.246 0.6666666865
111859  -19.043  12.870  -36.516 0.7777777910
111957  -25.300  14.100  -40.687 0.6666666865
114037  -18.259  14.483  -35.236 0.5555555820
115103  -19.208  14.648  -35.629 0.6666666865
113018  -21.708  14.120  -39.346 0.6666666865
111954  -23.448  14.764  -40.148 0.6666666865
113062  -24.692  14.889  -40.676 0.6666666865
107272  -18.973  8.185  -33.806 0.4444444478
109462  -16.000  10.593  -32.838 0.3333333433
114133  -30.038  14.709  -41.433 0.3333333433
116264  -29.922  16.505  -41.912 0.3333333433
92143  -22.232  -4.544  -32.885 0.5555555820
94457  -26.212  -2.334  -35.256 0.6666666865
92127  -21.269  -4.617  -32.272 0.4444444478
90943  -21.566  -5.033  -32.386 0.5555555820
99370  -26.481  1.413  -37.158 0.7777777910
92116  -20.790  -4.697  -31.816 0.3333333433
101655  -26.716  3.783  -38.290 0.6666666865
98084  -20.979  0.699  -33.770 0.7777777910
102700  -19.873  4.209  -33.361 0.1111111119
102674  -19.514  5.136  -33.043 0.1111111119
107256  -17.704  8.635  -33.187 0.3333333433
110679  -15.892  11.520  -32.756 0.3333333433
116263  -29.065  16.379  -41.876 0.4444444478
90961  -25.673  -5.467  -33.761 0.4444444478
88420  -27.866  -7.076  -32.264 0.2222222239
89691  -22.903  -6.049  -33.221 0.4444444478
89692  -23.453  -6.121  -33.718 0.4444444478
90960  -23.697  -5.140  -33.634 0.4444444478
90978  -24.331  -4.886  -33.786 0.4444444478
89715  -25.099  -5.350  -33.857 0.4444444478
90981  -25.855  -5.003  -33.834 0.4444444478
90963  -27.448  -5.098  -33.249 0.2222222239
92167  -24.659  -3.912  -33.864 0.4444444478
92168  -25.383  -3.914  -33.934 0.4444444478
92148  -27.886  -4.293  -33.256 0.1111111119
92149  -28.467  -4.147  -33.125 0.1111111119
93321  -25.557  -3.539  -34.247 0.4444444478
93298  -26.677  -3.697  -34.029 0.3333333433
92183  -24.732  -3.546  -34.135 0.4444444478
92184  -24.974  -3.536  -34.175 0.4444444478
93297  -26.294  -3.764  -33.936 0.3333333433
93323  -26.833  -3.139  -34.736 0.3333333433
93300  -28.624  -3.593  -33.510 0.2222222239
93339  -26.035  -2.960  -34.927 0.4444444478
93337  -24.530  -3.241  -34.329 0.5555555820
93338  -25.335  -3.200  -34.499 0.4444444478
94459  -27.681  -2.050  -35.391 0.2222222239
95669  -28.756  -2.090  -35.091 0.1111111119
95671  -30.010  -1.547  -34.470 0.1111111119
94458  -27.043  -2.381  -35.224 0.3333333433
95687  -27.290  -1.617  -35.709 0.3333333433
95703  -26.753  -0.971  -35.940 0.4444444478
96903  -27.633  -0.294  -36.502 0.6666666865
96905  -28.972  0.046  -36.148 0.4444444478
96918  -26.860  0.327  -36.570 0.6666666865
99336  -29.328  1.180  -36.087 0.3333333433
98147  -26.931  0.676  -36.932 0.6666666865
99353  -28.107  1.680  -37.184 0.5555555820
100525  -27.555  2.613  -37.734 0.5555555820
100504  -28.403  2.437  -37.110 0.5555555820
100505  -28.936  2.489  -36.480 0.4444444478
101624  -28.655  2.997  -36.943 0.3333333433
100524  -26.666  2.252  -37.604 0.5555555820
102775  -28.428  4.533  -37.936 0.4444444478
103911  -28.482  5.408  -37.822 0.5555555820
101639  -28.343  3.491  -37.660 0.4444444478
105056  -28.650  6.256  -37.688 0.4444444478
114143  -22.406  14.854  -39.676 0.5555555820
114125  -22.925  15.295  -39.881 0.5555555820
114145  -23.420  15.424  -40.121 0.5555555820
114127  -24.604  15.638  -40.524 0.5555555820
115169  -26.727  15.827  -40.978 0.5555555820
116261  -27.357  16.412  -41.477 0.5555555820
89694  -25.060  -6.027  -33.718 0.4444444478
89696  -27.185  -5.849  -33.110 0.2222222239
93296  -23.056  -4.082  -33.262 0.4444444478
93299  -27.622  -3.457  -34.085 0.2222222239
94439  -28.072  -2.572  -34.795 0.2222222239
94419  -28.915  -2.877  -34.056 0.1111111119
95688  -28.302  -1.514  -35.590 0.4444444478
95689  -29.076  -0.964  -35.335 0.3333333433
95704  -27.482  -0.971  -36.203 0.4444444478
98148  -27.475  0.634  -36.881 0.6666666865
98131  -28.063  0.829  -36.743 0.4444444478
101640  -28.784  4.025  -37.446 0.3333333433
103912  -29.133  5.484  -37.191 0.4444444478
106244  -29.296  7.890  -38.016 0.4444444478
115166  -24.279  16.279  -40.604 0.5555555820
116258  -24.489  16.744  -40.949 0.5555555820
93320  -24.095  -3.572  -33.915 0.4444444478
96886  -29.547  -0.222  -35.567 0.2222222239
87137  -24.340  -8.158  -32.507 0.4444444478
88416  -24.817  -7.352  -32.781 0.4444444478
88417  -25.702  -7.543  -32.785 0.4444444478
88418  -26.537  -7.223  -32.781 0.2222222239
88419  -27.354  -7.130  -32.498 0.2222222239
88405  -28.337  -7.072  -31.737 0.1111111119
89676  -22.544  -6.308  -32.738 0.4444444478
89677  -23.058  -6.572  -33.108 0.4444444478
89697  -27.774  -5.585  -33.067 0.1111111119
92117  -28.621  -4.820  -32.479 0.1111111119
92130  -29.087  -4.173  -32.884 0.1111111119
93301  -29.374  -3.207  -33.479 0.1111111119
94420  -29.844  -2.469  -33.795 0.1111111119
96866  -29.675  -0.991  -35.057 0.1111111119
96887  -30.048  0.147  -35.277 0.2222222239
100506  -29.613  2.458  -36.190 0.1111111119
98113  -29.312  0.698  -36.020 0.2222222239
101625  -29.236  3.527  -36.651 0.2222222239
102758  -29.736  4.613  -36.622 0.2222222239
102776  -28.948  4.598  -37.276 0.3333333433
106227  -28.911  6.756  -37.584 0.4444444478
106245  -29.698  8.244  -37.967 0.3333333433
107343  -28.662  8.318  -38.542 0.4444444478
107344  -29.419  8.551  -38.393 0.3333333433
110680  -16.722  11.410  -33.139 0.4444444478
110761  -29.723  11.056  -40.038 0.4444444478
113026  -29.719  13.340  -40.956 0.3333333433
116203  -19.576  15.357  -35.707 0.4444444478
116262  -28.206  16.392  -41.667 0.5555555820
115151  -21.468  15.709  -38.514 0.5555555820
115158  -22.376  15.995  -38.994 0.5555555820
115167  -24.969  16.150  -40.661 0.5555555820
116260  -26.476  16.673  -41.289 0.5555555820
116272  -27.785  16.935  -42.088 0.5555555820
116256  -23.143  17.143  -40.516 0.5555555820
90945  -22.611  -5.792  -32.986 0.4444444478
90959  -22.947  -5.347  -33.193 0.4444444478
95686  -26.519  -1.693  -35.591 0.6666666865
98130  -26.434  0.197  -36.018 0.6666666865
100542  -27.120  3.294  -38.041 0.5555555820
101656  -27.420  3.662  -38.195 0.5555555820
102798  -27.681  4.455  -38.329 0.4444444478
108455  -29.786  9.151  -38.569 0.4444444478
92166  -23.960  -4.220  -33.621 0.4444444478
89695  -26.236  -6.349  -33.301 0.4444444478
89678  -26.607  -6.749  -33.011 0.3333333433
89679  -26.988  -6.614  -32.881 0.3333333433
89680  -27.912  -6.335  -32.544 0.1111111119
89713  -23.984  -5.591  -34.081 0.4444444478
88432  -23.946  -6.479  -33.624 0.4444444478
89693  -24.207  -6.156  -34.023 0.4444444478
89714  -24.566  -5.508  -33.989 0.4444444478
90979  -24.930  -4.761  -33.836 0.4444444478
90980  -25.462  -4.852  -33.866 0.4444444478
90962  -26.468  -5.115  -33.584 0.4444444478
92146  -26.325  -4.117  -33.723 0.4444444478
92147  -27.033  -4.230  -33.411 0.4444444478
90964  -27.953  -5.071  -33.179 0.1111111119
92118  -29.287  -4.683  -32.156 0.1111111119
94438  -27.357  -2.801  -34.902 0.3333333433
93340  -26.498  -2.706  -35.063 0.3333333433
94418  -28.322  -3.131  -34.126 0.2222222239
95670  -29.293  -1.695  -35.034 0.1111111119
94441  -29.643  -2.065  -34.544 0.1111111119
96904  -28.309  -0.037  -36.461 0.4444444478
98132  -28.696  0.578  -36.347 0.3333333433
95705  -28.119  -0.746  -36.249 0.4444444478
96885  -28.707  -0.566  -35.880 0.3333333433
99337  -29.859  1.408  -36.013 0.1111111119
99354  -28.835  1.473  -36.380 0.4444444478
99371  -27.341  1.403  -37.245 0.5555555820
105057  -29.275  6.322  -37.221 0.4444444478
114126  -24.036  15.643  -40.337 0.5555555820
115164  -22.825  15.876  -39.579 0.5555555820
115168  -25.788  15.991  -40.846 0.5555555820
88433  -24.496  -6.566  -33.366 0.4444444478
88434  -25.382  -6.768  -33.118 0.4444444478
116257  -23.613  16.987  -41.452 0.5555555820
88415  -23.820  -6.972  -32.900 0.4444444478
87140  -27.011  -7.799  -32.276 0.2222222239
88435  -25.991  -7.027  -33.085 0.4444444478
89675  -22.006  -6.348  -32.227 0.4444444478
90946  -28.162  -5.357  -32.746 0.1111111119
89665  -28.441  -6.335  -31.807 0.1111111119
93284  -29.319  -3.631  -33.202 0.1111111119
79260  -25.513  -14.661  -28.921 0.1111111119
82623  -22.083  -12.442  -30.671 0.3333333433
81521  -24.418  -13.386  -30.073 0.2222222239
80405  -24.922  -14.059  -29.394 0.2222222239
80406  -25.723  -14.035  -29.274 0.1111111119
81522  -25.377  -13.469  -29.774 0.1111111119
85985  -20.466  -9.569  -30.648 0.3333333433
83797  -21.089  -11.072  -31.424 0.3333333433
83772  -21.506  -11.785  -31.130 0.3333333433
83799  -22.918  -10.937  -31.202 0.3333333433
83775  -24.474  -11.641  -30.992 0.3333333433
82625  -24.206  -12.676  -30.559 0.2222222239
82600  -24.987  -12.978  -30.303 0.2222222239
81523  -26.059  -13.540  -29.500 0.1111111119
82626  -25.158  -12.212  -30.499 0.2222222239
88386  -20.187  -8.299  -30.753 0.2222222239
87121  -20.698  -8.706  -30.929 0.2222222239
87103  -20.207  -8.938  -30.501 0.2222222239
84934  -21.474  -10.290  -31.489 0.3333333433
83798  -21.947  -11.066  -31.452 0.3333333433
88401  -20.822  -7.505  -31.155 0.2222222239
87122  -21.469  -8.475  -31.396 0.3333333433
88402  -22.004  -7.349  -31.784 0.3333333433
87123  -22.287  -8.420  -31.781 0.3333333433
86006  -21.882  -9.377  -31.701 0.3333333433
86007  -22.983  -9.250  -31.749 0.3333333433
86008  -23.650  -9.693  -31.818 0.3333333433
84937  -24.280  -10.063  -31.877 0.3333333433
84955  -24.914  -9.669  -32.050 0.3333333433
84938  -25.053  -10.215  -31.827 0.3333333433
83802  -25.252  -10.536  -31.317 0.1111111119
84913  -25.880  -10.488  -30.885 0.2222222239
90931  -20.514  -5.545  -31.340 0.2222222239
89663  -20.751  -6.365  -31.295 0.2222222239
89664  -21.460  -6.443  -31.685 0.3333333433
88413  -22.367  -6.784  -32.271 0.3333333433
88414  -22.854  -7.256  -32.397 0.3333333433
87135  -22.986  -8.204  -31.882 0.3333333433
87136  -23.558  -8.065  -32.309 0.3333333433
86019  -24.013  -9.023  -31.826 0.3333333433
84956  -25.370  -9.712  -31.795 0.3333333433
84957  -25.596  -9.661  -31.526 0.1111111119
90944  -22.065  -5.438  -32.665 0.3333333433
87138  -25.200  -8.302  -32.510 0.3333333433
87139  -26.209  -8.370  -32.135 0.3333333433
103892  -29.904  5.687  -36.782 0.2222222239
106228  -29.405  7.118  -37.380 0.2222222239
105040  -29.771  6.584  -36.965 0.2222222239
109569  -30.275  10.537  -39.257 0.3333333433
109544  -30.056  9.809  -38.790 0.2222222239
82624  -23.147  -12.474  -30.434 0.3333333433
81532  -23.690  -12.905  -30.312 0.3333333433
82601  -26.174  -12.735  -30.035 0.1111111119
84936  -23.340  -10.217  -31.697 0.3333333433
83800  -23.885  -10.927  -31.414 0.3333333433
83801  -24.734  -10.804  -31.453 0.3333333433
86021  -25.348  -9.065  -31.995 0.3333333433
79259  -24.626  -14.794  -29.011 0.1111111119
82622  -21.187  -12.320  -30.526 0.3333333433
82597  -21.742  -12.953  -30.139 0.3333333433
82598  -22.542  -12.906  -30.145 0.3333333433
81520  -23.409  -13.296  -29.940 0.3333333433
79261  -26.163  -14.428  -28.870 0.1111111119
84912  -20.728  -10.382  -31.019 0.3333333433
80407  -26.318  -13.964  -29.132 0.1111111119
82582  -26.775  -12.866  -29.438 0.1111111119
88400  -20.297  -6.969  -31.066 0.2222222239
83777  -26.535  -11.498  -30.431 0.1111111119
84940  -26.020  -9.657  -31.144 0.1111111119
86022  -25.734  -9.225  -31.593 0.1111111119
92115  -20.281  -4.677  -31.160 0.1111111119
106229  -30.079  7.873  -37.435 0.2222222239
93271  -20.388  -3.575  -31.550 0.2222222239
96851  -20.810  -0.030  -33.498 0.5555555820
93281  -20.584  -3.203  -32.118 0.3333333433
90932  -21.263  -5.485  -31.947 0.4444444478
90933  -21.672  -5.909  -32.158 0.4444444478
107345  -30.041  8.607  -38.005 0.2222222239
80404  -24.009  -14.131  -29.522 0.1111111119
83773  -22.497  -11.769  -31.021 0.3333333433
86005  -21.073  -9.481  -31.259 0.3333333433
84911  -20.072  -10.390  -30.188 0.2222222239
83771  -20.591  -11.407  -30.636 0.3333333433
83774  -23.519  -11.773  -30.991 0.3333333433
82627  -25.830  -11.974  -30.507 0.1111111119
83776  -25.381  -11.295  -30.818 0.1111111119
88403  -22.569  -7.778  -31.868 0.3333333433
84935  -22.395  -10.211  -31.576 0.3333333433
86018  -23.411  -8.633  -31.894 0.3333333433
86020  -24.743  -8.968  -32.122 0.3333333433
90921  -19.973  -5.674  -30.833 0.2222222239
86009  -26.399  -8.865  -31.394 0.1111111119
79247  -24.401  -15.627  -28.802 0.1111111119
82621  -20.617  -12.118  -30.105 0.2222222239
81519  -22.366  -13.508  -29.715 0.3333333433
85984  -19.885  -9.508  -30.192 0.2222222239
106210  -30.004  7.072  -36.923 0.1111111119
105041  -30.355  6.373  -36.572 0.1111111119
107311  -31.521  8.495  -36.276 0.1111111119
106211  -30.900  7.361  -36.538 0.1111111119
108435  -30.988  8.880  -37.504 0.1111111119
108415  -31.664  9.107  -36.497 0.1111111119
108436  -31.463  9.352  -37.223 0.1111111119
108457  -31.242  9.722  -38.029 0.1111111119
109545  -30.894  10.044  -38.590 0.1111111119
109546  -31.766  10.323  -38.078 0.1111111119
113027  -30.650  13.292  -41.004 0.1111111119
113047  -30.375  13.897  -41.535 0.1111111119
111942  -29.970  12.569  -40.719 0.1111111119
113048  -31.226  13.789  -41.616 0.1111111119
114092  -21.355  15.254  -38.252 0.4444444478
117314  -20.721  16.679  -38.042 0.4444444478
116241  -21.475  16.292  -38.571 0.4444444478
115173  -30.458  15.586  -41.614 0.1111111119
116259  -25.356  16.707  -40.918 0.4444444478
116274  -29.367  16.887  -42.659 0.3333333433
116265  -30.750  16.682  -41.871 0.1111111119
116251  -24.713  17.014  -40.949 0.4444444478
117343  -25.864  17.300  -41.270 0.4444444478
117344  -27.022  17.584  -41.785 0.4444444478
117353  -27.481  17.279  -42.136 0.4444444478
117354  -27.892  17.704  -42.812 0.4444444478
117362  -28.866  18.045  -43.571 0.4444444478
117355  -28.566  17.465  -43.050 0.2222222239
117374  -29.461  18.381  -44.131 0.2222222239
116281  -29.503  17.481  -43.202 0.2222222239
117375  -29.971  18.364  -43.941 0.2222222239
117364  -30.391  17.943  -43.423 0.2222222239
122539  -27.781  22.226  -47.381 0.1111111119
121577  -29.637  21.257  -46.219 0.1111111119
119485  -30.543  19.364  -44.092 0.1111111119
117323  -22.375  17.392  -39.271 0.4444444478
118355  -21.903  18.232  -41.732 0.4444444478
117340  -22.286  17.575  -41.364 0.4444444478
117341  -23.739  17.566  -41.909 0.3333333433
117333  -25.191  17.206  -40.906 0.4444444478
118358  -27.545  18.430  -42.804 0.4444444478
118369  -27.882  18.588  -43.511 0.4444444478
117361  -28.269  18.206  -43.454 0.4444444478
120513  -27.691  20.095  -44.593 0.3333333433
118385  -28.635  18.779  -44.421 0.3333333433
118398  -28.893  19.165  -44.933 0.1111111119
118386  -29.207  18.786  -44.606 0.1111111119
118400  -29.690  19.554  -45.178 0.1111111119
118387  -29.880  18.938  -44.561 0.1111111119
119511  -29.844  19.930  -45.464 0.1111111119
118338  -22.574  18.007  -40.140 0.2222222239
164743  -25.200  17.726  -40.829 0.3333333433
118348  -26.011  18.143  -41.278 0.3333333433
119484  -27.739  19.372  -44.015 0.3333333433
118384  -28.143  18.910  -44.127 0.4444444478
120524  -27.801  20.052  -45.251 0.2222222239
119496  -28.090  19.446  -44.711 0.2222222239
119509  -28.752  19.638  -45.562 0.2222222239
119521  -28.650  20.028  -46.403 0.1111111119
121575  -27.265  20.701  -45.782 0.1111111119
120535  -27.781  20.361  -45.935 0.1111111119
120549  -27.777  20.648  -46.780 0.1111111119
119522  -29.059  20.007  -46.643 0.1111111119
120548  -26.671  20.589  -47.366 0.1111111119
120563  -27.779  20.916  -47.161 0.1111111119
120550  -28.624  20.515  -46.959 0.1111111119
164750  -24.086  18.034  -41.264 0.3333333433
164740  -25.282  18.070  -40.798 0.3333333433
119463  -26.787  18.726  -40.967 0.3333333433
118349  -27.278  18.591  -41.923 0.3333333433
119473  -27.676  19.376  -43.025 0.3333333433
164765  -27.593  20.166  -43.830 0.2222222239
121565  -27.596  20.485  -45.162 0.2222222239
122526  -26.715  21.488  -45.918 0.1111111119
120560  -25.782  20.692  -48.237 0.1111111119
121606  -27.526  21.225  -47.505 0.1111111119
124366  -27.544  23.958  -47.953 0.1111111119
164739  -26.061  19.636  -39.463 0.1111111119
164744  -26.564  19.944  -40.099 0.1111111119
164751  -26.837  19.412  -40.726 0.2222222239
164759  -27.948  20.991  -42.923 0.2222222239
164758  -27.564  19.697  -42.092 0.3333333433
164768  -27.550  21.345  -43.729 0.3333333433
122501  -27.159  21.714  -43.712 0.2222222239
122500  -26.469  21.971  -44.070 0.1111111119
164761  -25.476  22.101  -43.798 0.1111111119
122513  -26.124  22.256  -44.879 0.1111111119
122512  -25.506  22.804  -45.347 0.1111111119
121590  -26.280  21.281  -47.196 0.1111111119
122536  -26.027  22.105  -47.507 0.1111111119
123450  -26.282  23.261  -46.745 0.1111111119
121604  -26.517  21.709  -48.146 0.1111111119
123454  -28.442  23.240  -47.698 0.1111111119
122540  -28.465  22.598  -47.240 0.1111111119
121519  -28.075  21.186  -40.257 0.1111111119
164752  -27.469  20.374  -41.196 0.1111111119
164760  -28.149  21.188  -41.524 0.1111111119
122474  -28.095  23.095  -42.899 0.1111111119
164766  -27.559  22.318  -43.106 0.1111111119
164755  -26.932  22.086  -43.392 0.2222222239
164763  -26.557  22.939  -43.389 0.1111111119
164756  -25.901  22.442  -43.129 0.1111111119
124306  -26.247  24.152  -44.103 0.1111111119
124322  -25.137  23.642  -43.890 0.1111111119
124323  -25.684  24.406  -44.529 0.1111111119
123440  -25.139  23.125  -45.403 0.1111111119
121520  -28.954  21.906  -40.737 0.1111111119
122461  -29.003  23.138  -41.728 0.1111111119
124309  -27.880  24.597  -43.024 0.1111111119
123401  -27.952  24.124  -43.188 0.1111111119
124308  -27.613  24.924  -43.348 0.1111111119
125279  -26.980  25.299  -44.101 0.1111111119
123377  -28.972  23.919  -41.296 0.1111111119
123364  -29.430  23.850  -40.270 0.1111111119
124279  -28.664  24.679  -41.392 0.1111111119
106230  -30.709  8.032  -37.181 0.1111111119
107328  -31.080  8.430  -37.075 0.1111111119
107312  -31.746  9.007  -36.168 0.1111111119
110763  -31.278  11.658  -39.327 0.1111111119
109570  -31.166  10.756  -39.070 0.1111111119
110762  -30.649  11.229  -39.771 0.1111111119
114134  -30.963  14.637  -41.911 0.1111111119
116242  -22.011  16.664  -38.701 0.4444444478
116273  -28.533  16.939  -42.545 0.4444444478
116280  -28.947  17.255  -43.137 0.3333333433
116282  -29.950  17.642  -43.273 0.2222222239
116275  -30.172  17.240  -42.749 0.1111111119
117356  -30.696  17.553  -42.875 0.1111111119
118371  -30.368  18.613  -43.929 0.2222222239
119510  -29.353  19.823  -45.930 0.1111111119
120536  -29.805  20.396  -45.912 0.1111111119
120537  -30.088  20.333  -45.232 0.1111111119
121592  -28.278  21.372  -47.127 0.1111111119
164754  -26.324  22.168  -43.594 0.1111111119
122460  -28.595  22.708  -42.229 0.1111111119
123400  -27.433  24.233  -44.130 0.1111111119
125263  -25.973  25.641  -44.116 0.1111111119
125235  -28.037  25.467  -41.607 0.1111111119
124263  -28.865  25.088  -40.853 0.1111111119
107281  -31.806  8.430  -35.104 0.1111111119
107294  -31.681  8.259  -35.475 0.1111111119
117313  -20.537  16.259  -38.022 0.4444444478
117345  -27.285  18.034  -42.454 0.4444444478
118347  -25.400  17.596  -40.968 0.4444444478
118370  -28.367  18.486  -43.846 0.4444444478
119497  -28.536  19.370  -44.993 0.2222222239
121514  -28.750  21.698  -39.398 0.1111111119
121521  -29.267  22.538  -40.274 0.1111111119
122475  -28.653  23.275  -42.202 0.1111111119
123387  -28.514  23.937  -42.125 0.1111111119
106180  -31.752  7.892  -34.887 0.1111111119
105042  -30.895  6.100  -35.998 0.1111111119
106194  -31.548  7.555  -35.557 0.1111111119
107282  -32.074  8.615  -34.544 0.1111111119
109507  -32.212  10.062  -35.869 0.1111111119
108437  -31.846  9.782  -36.955 0.1111111119
109527  -32.131  10.323  -36.900 0.1111111119
109547  -32.258  10.971  -37.654 0.1111111119
111917  -31.756  12.380  -39.232 0.1111111119
110764  -31.719  11.739  -38.805 0.1111111119
110739  -32.089  11.313  -38.344 0.1111111119
111916  -31.284  12.314  -39.759 0.1111111119
113029  -32.235  13.485  -40.083 0.1111111119
114115  -31.581  14.456  -41.086 0.1111111119
116216  -20.514  15.919  -37.745 0.4444444478
115159  -31.120  15.480  -41.346 0.1111111119
117357  -31.059  17.591  -42.361 0.1111111119
117346  -31.272  17.401  -41.432 0.1111111119
117315  -21.482  17.282  -38.208 0.4444444478
117330  -22.623  17.698  -40.447 0.4444444478
120515  -31.079  19.916  -43.007 0.1111111119
120514  -30.683  20.231  -43.519 0.1111111119
118345  -22.530  18.344  -41.124 0.3333333433
119462  -23.137  18.474  -40.822 0.2222222239
164747  -24.674  18.290  -40.590 0.2222222239
122516  -29.882  21.620  -45.313 0.1111111119
164733  -24.418  18.905  -39.381 0.1111111119
164745  -25.764  18.924  -40.206 0.2222222239
122528  -28.879  22.155  -46.683 0.1111111119
124353  -29.153  24.036  -46.963 0.1111111119
164732  -24.934  19.195  -39.010 0.1111111119
119438  -25.826  19.770  -38.689 0.1111111119
120471  -27.274  20.640  -39.664 0.1111111119
121513  -27.975  21.204  -38.949 0.1111111119
124367  -28.382  24.209  -47.933 0.1111111119
121515  -29.266  22.352  -39.622 0.1111111119
125293  -26.170  25.363  -45.781 0.1111111119
124351  -26.689  24.907  -47.263 0.1111111119
125319  -26.933  25.277  -47.590 0.1111111119
122441  -29.393  23.063  -39.842 0.1111111119
125250  -27.377  25.684  -42.674 0.1111111119
126176  -26.492  26.837  -42.485 0.1111111119
125219  -28.496  25.666  -40.672 0.1111111119
110780  -30.309  11.784  -40.426 0.1111111119
107327  -30.603  8.523  -37.544 0.1111111119
116249  -23.989  17.091  -41.985 0.4444444478
108416  -31.882  9.510  -36.312 0.1111111119
109526  -31.825  9.944  -37.311 0.1111111119
111943  -30.902  12.623  -40.363 0.1111111119
113028  -31.587  13.463  -40.779 0.1111111119
116276  -30.682  17.262  -42.499 0.1111111119
117373  -29.041  18.436  -44.240 0.2222222239
118372  -30.867  18.679  -43.376 0.1111111119
122527  -28.300  22.075  -47.080 0.1111111119
122538  -27.099  22.363  -47.485 0.1111111119
121578  -30.004  20.900  -45.569 0.1111111119
121593  -29.117  21.080  -46.968 0.1111111119
119486  -30.906  19.469  -43.384 0.1111111119
119498  -30.123  19.687  -44.886 0.2222222239
119508  -28.222  19.831  -45.412 0.2222222239
119520  -28.271  20.112  -46.047 0.1111111119
120562  -27.081  20.655  -47.778 0.1111111119
164746  -24.023  18.400  -40.893 0.3333333433
164742  -24.746  18.749  -39.895 0.1111111119
164753  -27.270  19.313  -41.358 0.3333333433
122514  -27.364  21.195  -44.508 0.2222222239
122525  -26.251  22.585  -46.161 0.1111111119
122550  -25.971  21.750  -48.229 0.1111111119
123451  -26.852  23.083  -47.154 0.1111111119
123453  -27.865  23.408  -48.061 0.1111111119
124365  -27.115  24.318  -47.576 0.1111111119
164736  -25.628  19.390  -39.349 0.1111111119
164748  -27.890  20.824  -41.892 0.1111111119
164762  -24.964  22.816  -43.404 0.1111111119
123427  -24.956  22.924  -44.549 0.1111111119
124364  -26.621  23.808  -47.059 0.1111111119
123441  -25.520  23.480  -45.993 0.1111111119
121531  -28.381  21.979  -42.113 0.1111111119
122488  -27.361  23.380  -43.803 0.1111111119
164757  -26.651  22.445  -43.367 0.1111111119
123414  -26.943  24.564  -44.555 0.1111111119
164764  -25.603  23.232  -43.342 0.1111111119
125264  -26.558  25.607  -43.941 0.1111111119
124337  -24.984  23.847  -44.654 0.1111111119
124338  -25.533  24.385  -45.384 0.1111111119
122450  -29.217  22.960  -40.834 0.1111111119
123376  -28.707  24.157  -41.594 0.1111111119
125251  -27.739  25.422  -42.252 0.1111111119
125265  -27.168  25.583  -43.535 0.1111111119
125249  -26.848  26.164  -43.018 0.1111111119
105022  -31.331  6.505  -35.446 0.1111111119
107295  -31.844  8.848  -35.588 0.1111111119
110781  -30.867  11.930  -39.935 0.1111111119
117365  -31.003  17.949  -43.042 0.1111111119
120525  -30.356  20.260  -44.458 0.1111111119
121566  -30.120  20.988  -44.850 0.1111111119
125218  -27.659  26.184  -40.984 0.1111111119
108396  -32.271  9.440  -35.300 0.1111111119
111944  -31.731  12.835  -40.015 0.1111111119
114116  -32.091  14.049  -40.550 0.1111111119
119474  -31.163  19.291  -42.755 0.1111111119
121556  -30.253  21.091  -43.912 0.1111111119
122515  -29.500  22.368  -45.737 0.1111111119
120467  -26.508  20.243  -38.995 0.1111111119
125278  -25.799  25.473  -45.160 0.1111111119
124350  -26.254  24.519  -46.633 0.1111111119
126177  -26.984  26.429  -42.097 0.1111111119
127045  -26.140  27.405  -41.571 0.1111111119
125248  -26.258  26.407  -43.348 0.1111111119
81518  -21.422  -13.551  -29.602 0.2222222239
99295  -19.893  1.305  -32.775 0.2222222239
101581  -19.633  2.500  -32.916 0.2222222239
95651  -20.318  -1.494  -32.671 0.3333333433
98083  -20.463  0.521  -33.130 0.3333333433
100463  -20.450  1.770  -33.510 0.4444444478
100462  -19.918  2.022  -33.132 0.3333333433
117292  -20.305  16.073  -36.757 0.3333333433
116208  -19.540  15.600  -35.190 0.2222222239
118328  -22.553  17.836  -38.741 0.1111111119
111818  -15.241  12.680  -32.734 0.2222222239
109448  -15.913  11.137  -32.452 0.1111111119
98082  -20.255  0.106  -32.786 0.2222222239
110667  -15.559  11.662  -32.296 0.1111111119
116138  -15.225  15.671  -31.755 0.1111111119
116159  -16.789  16.183  -31.942 0.1111111119
117294  -20.251  15.893  -35.350 0.1111111119
117302  -21.603  16.757  -36.841 0.1111111119
164657  -18.730  15.508  -34.197 0.2222222239
117256  -17.739  15.793  -32.833 0.1111111119
94408  -20.377  -2.544  -32.178 0.2222222239
164676  -18.230  15.668  -33.301 0.1111111119
104983  -19.026  6.387  -33.185 0.3333333433
117293  -20.370  15.999  -36.521 0.3333333433
117301  -20.831  16.437  -37.115 0.3333333433
98072  -19.962  0.563  -32.571 0.2222222239
116160  -17.005  16.274  -31.226 0.1111111119
164547  -18.966  15.793  -33.246 0.1111111119
164575  -19.979  16.256  -34.212 0.1111111119
164603  -17.833  16.026  -32.424 0.1111111119
96867  -30.295  -0.394  -34.752 0.1111111119
80402  -22.036  -14.313  -29.369 0.1111111119
79257  -22.724  -15.057  -29.230 0.1111111119
80400  -20.184  -13.981  -29.259 0.1111111119
81517  -20.496  -13.437  -29.474 0.1111111119
82596  -20.949  -12.770  -29.856 0.1111111119
83770  -20.075  -11.129  -29.988 0.1111111119
84896  -19.700  -10.856  -29.897 0.1111111119
94397  -20.004  -2.729  -31.162 0.1111111119
99305  -20.288  1.294  -33.136 0.1111111119
107238  -17.776  8.092  -32.257 0.2222222239
107237  -16.843  8.616  -32.504 0.2222222239
101582  -19.771  2.982  -33.290 0.1111111119
80390  -19.896  -14.610  -29.093 0.1111111119
80401  -20.915  -14.413  -29.271 0.1111111119
80403  -23.031  -14.191  -29.429 0.1111111119
81516  -19.511  -13.429  -29.168 0.1111111119
82595  -20.086  -12.443  -29.572 0.1111111119
83752  -19.572  -11.483  -29.663 0.1111111119
84910  -19.520  -9.990  -30.167 0.1111111119
88385  -19.783  -7.608  -30.663 0.1111111119
95646  -19.973  -1.583  -31.911 0.1111111119
96849  -20.121  -0.109  -32.555 0.1111111119
100447  -19.378  2.089  -32.351 0.1111111119
107257  -18.727  8.171  -32.840 0.2222222239
107224  -17.025  8.415  -31.523 0.2222222239
108334  -15.871  10.029  -31.497 0.1111111119
79258  -23.674  -14.883  -29.026 0.1111111119
79256  -21.764  -15.155  -29.247 0.1111111119
108348  -16.118  9.086  -31.935 0.2222222239
108363  -15.724  9.985  -32.725 0.1111111119
87102  -19.755  -8.743  -30.312 0.1111111119
89662  -20.070  -6.452  -31.011 0.1111111119
83753  -20.251  -11.675  -29.910 0.1111111119
98073  -20.164  0.902  -32.869 0.1111111119
80391  -20.566  -14.987  -29.134 0.1111111119
84895  -19.175  -10.526  -29.902 0.1111111119
93270  -19.958  -3.608  -30.851 0.1111111119
94375  -19.726  -3.044  -30.671 0.1111111119
108335  -16.638  9.371  -31.146 0.1111111119
109434  -16.248  11.113  -31.513 0.1111111119
112914  -14.394  13.425  -31.938 0.1111111119
111802  -14.888  12.464  -32.222 0.1111111119
114004  -14.308  14.321  -31.753 0.1111111119
115060  -14.413  15.446  -32.015 0.1111111119
81533  -23.931  -13.110  -30.284 0.2222222239
82599  -24.536  -13.034  -30.331 0.2222222239
84939  -25.506  -10.031  -31.490 0.2222222239
84954  -24.531  -9.493  -32.001 0.3333333433
88404  -27.596  -7.552  -31.955 0.2222222239
92129  -28.325  -4.638  -32.953 0.1111111119
92145  -23.349  -4.468  -33.349 0.4444444478
92169  -25.888  -4.450  -33.837 0.4444444478
93316  -21.188  -2.720  -32.953 0.5555555820
93322  -26.017  -3.626  -34.245 0.3333333433
93324  -27.481  -3.031  -34.687 0.3333333433
94396  -19.791  -3.248  -30.774 0.1111111119
94409  -20.679  -3.016  -32.342 0.3333333433
94440  -29.147  -2.344  -34.616 0.1111111119
96902  -26.898  -0.145  -36.245 0.6666666865
96919  -27.261  0.214  -36.634 0.6666666865
96920  -27.750  0.227  -36.692 0.6666666865
98114  -29.867  0.530  -35.625 0.2222222239
99355  -29.319  1.953  -36.220 0.1111111119
100448  -19.620  1.793  -32.657 0.1111111119
100461  -19.552  2.233  -32.715 0.1111111119
100471  -20.689  1.801  -33.874 0.4444444478
100540  -25.966  2.864  -38.029 0.8888888955
101604  -20.941  4.836  -34.785 0.6666666865
101653  -25.528  3.704  -37.907 0.7777777910
102715  -18.820  5.627  -35.543 0.5555555820
102716  -18.893  5.637  -35.218 0.5555555820
102733  -19.116  5.517  -35.717 0.5555555820
102735  -20.410  5.423  -34.863 0.7777777910
102752  -19.223  5.587  -35.972 0.5555555820
102771  -22.406  4.952  -36.655 1.0000000000
102772  -24.047  5.735  -37.823 0.8888888955
102774  -24.638  5.338  -37.728 1.0000000000
102794  -25.092  4.490  -37.797 0.8888888955
102816  -23.664  6.632  -37.938 1.0000000000
103847  -18.606  5.935  -35.672 0.6666666865
103848  -18.720  5.879  -35.309 0.5555555820
103866  -18.811  5.722  -36.041 0.5555555820
103867  -18.956  5.788  -34.929 0.5555555820
103868  -19.518  5.565  -34.697 0.4444444478
103887  -19.362  5.888  -36.016 0.6666666865
103908  -22.216  5.821  -36.452 1.0000000000
103910  -25.077  5.443  -37.830 1.0000000000
103927  -22.821  6.253  -37.217 1.0000000000
103929  -25.479  5.334  -38.213 0.8888888955
103947  -25.523  5.929  -38.328 0.8888888955
103962  -22.632  6.198  -39.623 0.8888888955
104984  -19.105  6.577  -33.265 0.3333333433
105000  -18.691  6.188  -35.694 0.6666666865
105001  -18.671  6.087  -35.468 0.6666666865
105003  -19.104  6.536  -33.421 0.4444444478
105019  -18.780  6.179  -35.876 0.6666666865
105020  -18.982  6.306  -35.235 0.5555555820
105035  -18.978  6.089  -36.116 0.6666666865
105055  -24.631  6.048  -37.824 0.8888888955
105082  -22.852  6.754  -38.924 0.8888888955
105085  -26.501  6.745  -38.954 0.6666666865
106155  -19.181  6.794  -33.180 0.4444444478
106171  -19.196  6.779  -33.425 0.4444444478
106192  -19.298  6.683  -35.035 0.6666666865
106209  -29.708  6.933  -37.056 0.2222222239
106241  -26.713  7.580  -38.956 0.6666666865
106264  -23.187  7.329  -40.155 0.8888888955
106267  -25.607  7.432  -38.935 0.7777777910
107291  -16.863  9.180  -35.579 0.6666666865
107306  -16.963  8.918  -35.913 0.6666666865
107309  -20.159  9.549  -36.016 1.0000000000
107326  -21.151  9.220  -37.830 1.0000000000
107340  -20.902  9.509  -37.996 0.8888888955
108347  -15.671  9.845  -32.300 0.1111111119
108376  -16.193  10.035  -35.605 0.6666666865
108391  -16.311  9.915  -35.931 0.6666666865
108392  -16.627  9.569  -35.831 0.6666666865
108409  -16.454  9.939  -36.152 0.6666666865
108410  -16.989  9.482  -36.383 0.7777777910
108412  -19.017  9.785  -35.878 1.0000000000
108414  -20.163  9.805  -36.648 1.0000000000
108427  -17.449  9.724  -36.487 0.8888888955
108430  -19.911  9.558  -35.868 1.0000000000
108431  -20.460  9.822  -37.327 0.8888888955
108432  -21.541  9.159  -37.903 1.0000000000
108433  -21.859  9.140  -37.916 0.8888888955
108452  -22.829  8.902  -37.723 0.8888888955
108456  -30.690  9.222  -38.099 0.1111111119
108467  -23.864  9.275  -38.896 0.8888888955
109461  -15.694  10.262  -32.524 0.1111111119
109474  -15.823  10.572  -35.665 0.6666666865
109501  -16.335  10.444  -36.422 0.6666666865
109502  -16.943  10.085  -36.729 0.8888888955
109503  -17.428  10.689  -35.671 0.7777777910
109519  -16.786  10.525  -36.731 0.8888888955
109521  -17.813  10.085  -36.022 1.0000000000
109525  -21.266  10.806  -37.680 0.7777777910
109540  -21.112  10.284  -37.851 0.8888888955
109543  -29.468  9.641  -38.837 0.5555555820
109571  -31.688  11.129  -38.803 0.1111111119
110681  -17.336  11.060  -33.637 0.5555555820
110688  -15.783  10.683  -35.963 0.6666666865
110709  -16.909  11.452  -36.027 0.7777777910
110710  -19.541  11.341  -36.709 0.7777777910
110721  -17.089  11.129  -36.369 0.7777777910
110736  -21.312  11.982  -38.059 0.7777777910
110754  -22.596  11.820  -39.200 0.7777777910
110758  -26.636  11.234  -39.395 0.5555555820
111803  -15.472  12.130  -32.619 0.3333333433
111844  -19.055  11.964  -36.408 0.7777777910
111872  -16.774  11.579  -36.589 0.7777777910
111891  -21.096  12.495  -37.938 0.6666666865
111908  -21.654  13.599  -39.182 0.6666666865
111909  -22.124  12.785  -39.218 0.6666666865
111934  -21.911  13.594  -39.303 0.6666666865
111955  -23.971  14.597  -40.257 0.6666666865
111956  -24.556  14.363  -40.400 0.6666666865
111968  -23.835  14.877  -40.496 0.6666666865
111969  -24.366  14.759  -40.542 0.6666666865
112915  -14.827  13.348  -32.487 0.1111111119
112936  -16.848  13.412  -34.027 0.5555555820
112960  -19.286  14.008  -36.814 0.6666666865
112974  -19.238  13.513  -36.953 0.6666666865
112976  -20.987  13.682  -37.825 0.6666666865
113005  -21.465  13.845  -39.143 0.6666666865
113008  -23.981  13.107  -39.447 0.6666666865
113010  -25.808  12.390  -39.583 0.5555555820
113011  -26.300  12.236  -39.663 0.6666666865
113019  -22.225  14.087  -39.365 0.6666666865
113020  -23.292  14.007  -39.408 0.6666666865
113025  -28.907  13.354  -41.012 0.3333333433
113038  -22.317  14.612  -39.549 0.6666666865
113039  -22.962  14.567  -39.652 0.6666666865
113040  -24.256  15.308  -40.560 0.5555555820
113041  -24.694  15.166  -40.679 0.6666666865
113042  -25.248  14.818  -40.744 0.6666666865
113058  -22.621  14.879  -39.779 0.5555555820
113059  -23.077  14.944  -39.997 0.6666666865
113060  -23.724  15.177  -40.445 0.6666666865
113061  -24.243  15.038  -40.651 0.6666666865
113989  -14.178  15.158  -31.378 0.1111111119
114003  -13.926  14.907  -31.624 0.1111111119
114012  -13.867  14.682  -32.005 0.3333333433
114013  -14.462  14.277  -32.129 0.3333333433
114026  -16.711  13.987  -33.672 0.5555555820
114040  -18.251  13.910  -35.350 0.5555555820
114042  -19.301  14.481  -36.047 0.6666666865
114050  -19.229  14.179  -36.311 0.6666666865
114051  -19.621  14.513  -36.700 0.6666666865
114052  -20.218  14.739  -36.930 0.6666666865
114072  -20.784  14.535  -37.342 0.6666666865
114073  -21.230  15.052  -37.794 0.6666666865
114091  -21.312  14.435  -38.263 0.6666666865
114104  -23.439  13.655  -39.427 0.6666666865
114105  -23.545  13.429  -39.436 0.6666666865
114106  -31.844  14.556  -40.363 0.1111111119
114111  -21.588  14.248  -39.277 0.6666666865
114112  -21.791  14.684  -39.166 0.5555555820
114113  -23.620  13.802  -39.470 0.6666666865
114114  -23.726  13.583  -39.473 0.6666666865
114123  -21.770  14.410  -39.398 0.6666666865
114124  -22.171  14.838  -39.517 0.5555555820
114130  -26.965  14.965  -40.872 0.6666666865
114144  -23.016  15.084  -40.059 0.5555555820
115045  -13.995  15.382  -31.681 0.1111111119
115046  -14.729  15.424  -31.518 0.1111111119
115059  -13.902  15.149  -32.068 0.1111111119
115068  -14.063  14.812  -32.245 0.3333333433
115069  -14.692  14.958  -32.294 0.1111111119
115071  -16.779  14.963  -33.203 0.4444444478
115084  -16.469  14.497  -33.248 0.4444444478
115085  -16.964  14.616  -33.626 0.4444444478
115086  -17.493  14.828  -34.071 0.4444444478
115099  -18.797  14.821  -35.200 0.6666666865
115104  -19.467  14.882  -36.024 0.6666666865
115110  -19.932  15.156  -36.592 0.6666666865
115120  -20.768  15.435  -37.464 0.5555555820
115121  -20.867  15.493  -37.817 0.4444444478
115139  -20.710  15.703  -37.993 0.5555555820
115140  -20.940  15.725  -38.316 0.5555555820
115152  -21.919  16.001  -38.631 0.4444444478
115157  -21.885  15.412  -38.862 0.5555555820
115163  -22.218  15.312  -39.260 0.5555555820
115165  -23.682  16.164  -40.000 0.5555555820
115177  -23.061  15.584  -39.784 0.5555555820
115178  -23.271  15.544  -39.914 0.5555555820
116139  -15.600  15.836  -31.441 0.1111111119
116157  -15.021  15.507  -31.958 0.1111111119
116158  -15.690  15.902  -32.105 0.1111111119
116168  -14.837  15.323  -32.117 0.1111111119
116179  -18.085  15.326  -34.211 0.4444444478
116206  -20.120  15.763  -36.578 0.3333333433
116207  -19.933  15.802  -35.870 0.3333333433
116215  -20.387  15.837  -37.195 0.4444444478
116231  -20.594  15.973  -38.213 0.4444444478
116232  -20.890  16.237  -38.456 0.4444444478
116233  -21.245  16.686  -38.464 0.4444444478
116248  -22.773  16.848  -39.451 0.4444444478
116250  -24.253  17.076  -41.457 0.4444444478
116269  -22.794  17.344  -41.611 0.4444444478
116270  -22.885  17.336  -41.997 0.4444444478
116271  -27.231  16.966  -41.760 0.4444444478
117265  -17.922  15.710  -33.119 0.1111111119
117299  -20.284  16.013  -36.995 0.3333333433
117300  -20.465  16.204  -37.328 0.4444444478
117329  -21.922  17.801  -41.152 0.4444444478
117331  -24.132  17.360  -41.693 0.3333333433
117332  -24.624  17.550  -40.990 0.3333333433
117339  -21.553  17.825  -41.781 0.4444444478
117342  -24.070  17.672  -41.571 0.3333333433
117350  -21.898  18.094  -42.100 0.4444444478
117351  -22.337  17.716  -42.088 0.4444444478
117352  -23.087  17.642  -42.068 0.3333333433
117363  -29.703  17.973  -43.603 0.2222222239
118337  -22.080  17.916  -40.750 0.4444444478
118339  -25.460  17.872  -40.968 0.3333333433
118344  -21.887  18.101  -41.150 0.4444444478
118346  -23.322  18.230  -41.560 0.3333333433
118356  -22.376  18.238  -41.971 0.4444444478
118357  -22.747  18.027  -42.142 0.4444444478
118399  -29.296  19.328  -45.109 0.1111111119
120534  -27.266  20.662  -46.576 0.1111111119
120547  -25.849  20.517  -47.754 0.1111111119
120551  -29.390  20.423  -46.583 0.1111111119
120561  -26.240  20.312  -48.133 0.1111111119
120571  -25.831  20.818  -48.366 0.1111111119
120572  -26.033  20.762  -48.430 0.1111111119
120573  -26.485  20.861  -48.347 0.1111111119
121545  -28.164  22.497  -42.594 0.1111111119
121576  -27.634  20.394  -45.553 0.2222222239
121591  -26.837  20.911  -46.653 0.1111111119
121603  -25.659  21.135  -47.902 0.1111111119
121605  -26.998  21.400  -47.991 0.1111111119
121613  -25.795  21.099  -48.310 0.1111111119
121614  -26.170  21.217  -48.450 0.1111111119
121615  -26.509  21.262  -48.346 0.1111111119
122449  -28.962  22.475  -41.576 0.1111111119
122524  -25.570  23.038  -45.680 0.1111111119
122537  -26.612  22.205  -47.527 0.1111111119
122549  -25.669  21.512  -48.082 0.1111111119
123388  -28.753  23.539  -41.812 0.1111111119
123415  -27.305  24.802  -44.147 0.1111111119
123428  -25.012  23.563  -45.221 0.1111111119
123442  -28.918  23.227  -47.135 0.1111111119
123452  -27.379  23.337  -47.644 0.1111111119
123464  -27.740  23.790  -48.129 0.1111111119
124264  -29.142  24.691  -40.668 0.1111111119
124280  -28.942  24.417  -41.122 0.1111111119
124292  -27.732  25.222  -42.707 0.1111111119
124293  -28.114  24.823  -42.507 0.1111111119
124307  -26.546  24.993  -44.484 0.1111111119
124324  -27.050  25.106  -44.433 0.1111111119
124325  -27.278  25.199  -43.965 0.1111111119
125280  -27.091  25.469  -44.030 0.1111111119
126162  -26.529  27.154  -41.533 0.1111111119
164576  -19.146  15.124  -35.126 0.6666666865
164607  -19.158  15.338  -34.925 0.2222222239
164634  -18.480  15.401  -34.343 0.4444444478
164656  -18.021  15.449  -33.788 0.3333333433
164734  -24.604  18.856  -39.520 0.1111111119
164749  -23.803  17.892  -41.651 0.3333333433
164767  -27.411  22.805  -43.445 0.1111111119
164935  -23.363  6.484  -38.701 1.0000000000
164942  -22.127  7.471  -39.663 0.8888888955
164944  -16.598  10.076  -34.497 0.5555555820
164946  -16.010  10.434  -35.072 0.5555555820
164947  -15.737  10.922  -35.450 0.5555555820
164948  -16.095  11.817  -35.461 0.7777777910
164949  -15.664  10.879  -35.754 0.6666666865
164950  -16.428  11.859  -36.180 0.7777777910
164951  -15.664  11.355  -35.969 0.7777777910
164952  -16.631  11.118  -36.746 0.7777777910
164953  -17.260  10.742  -36.581 0.8888888955
164954  -16.070  10.604  -34.691 0.5555555820
