#!ascii label  , from subject 3218 vox2ras=TkReg
1135
68490  26.584  -15.315  33.953 0.0000000000
90356  42.530  1.507  12.296 0.0000000000
76888  35.562  -10.517  23.551 0.0000000000
61098  13.834  -21.874  43.366 0.0000000000
65748  25.176  -19.021  38.631 0.0000000000
79437  35.910  -7.087  20.163 0.0000000000
65706  19.630  -18.577  41.813 0.0000000000
61135  19.719  -22.250  41.575 0.0000000000
64588  22.383  -19.324  39.056 0.0000000000
92653  46.617  3.525  11.664 0.0000000000
76719  26.387  -9.095  34.825 0.0000000000
76797  28.823  -10.488  30.244 0.0000000000
75474  28.168  -11.898  34.258 0.0000000000
98627  43.671  8.898  11.020 0.0000000000
98656  46.510  8.380  7.597 0.0000000000
89254  38.627  0.762  14.857 0.0000000000
85674  43.260  -3.515  15.314 0.0000000000
83213  38.914  -4.826  16.802 0.0000000000
78175  40.307  -9.290  21.937 0.0000000000
67076  28.693  -17.851  39.006 0.0000000000
61044  13.572  -22.731  47.813 0.0000000000
56385  10.741  -26.701  47.163 0.0000000000
57566  7.955  -25.305  50.503 0.0000000000
68457  27.445  -16.619  37.935 0.0000000000
63462  26.447  -20.584  39.803 0.0000000000
78121  29.793  -8.407  26.094 0.0000000000
74364  35.222  -12.492  30.038 0.0000000000
103213  49.217  12.338  6.067 0.0000000000
91455  44.633  2.383  11.643 0.0000000000
88140  45.874  -0.416  12.806 0.0000000000
73123  24.314  -12.042  35.019 0.0000000000
74339  25.871  -11.405  32.498 0.0000000000
161431  26.573  -13.560  33.194 0.0000000000
93882  41.080  4.355  13.508 0.0000000000
97437  43.402  7.476  13.625 0.0000000000
95134  42.476  5.500  11.299 0.0000000000
96350  44.295  6.071  10.193 0.0000000000
57533  8.294  -26.207  53.655 0.0000000000
85680  37.332  -1.974  15.421 0.0000000000
85638  35.483  -2.336  17.798 0.0000000000
76951  35.427  -9.702  21.191 0.0000000000
78205  38.038  -9.213  20.310 0.0000000000
76927  37.741  -10.096  22.542 0.0000000000
75643  38.364  -11.133  25.985 0.0000000000
61159  17.281  -21.994  40.916 0.0000000000
61108  19.394  -23.118  43.822 0.0000000000
61095  15.930  -22.403  43.914 0.0000000000
61056  15.605  -22.332  47.421 0.0000000000
61070  14.179  -22.527  45.913 0.0000000000
60019  11.711  -23.816  47.696 0.0000000000
56363  9.237  -27.011  48.948 0.0000000000
67092  26.582  -18.150  37.902 0.0000000000
64629  26.529  -19.985  36.784 0.0000000000
64614  25.252  -20.123  37.275 0.0000000000
64547  22.239  -19.782  42.840 0.0000000000
63411  23.480  -20.808  41.973 0.0000000000
76759  31.633  -10.708  32.359 0.0000000000
75553  31.829  -11.750  30.496 0.0000000000
84377  35.870  -3.201  20.515 0.0000000000
79416  34.682  -5.821  21.859 0.0000000000
78156  33.463  -7.999  22.877 0.0000000000
64548  21.062  -19.737  42.971 0.0000000000
63367  20.488  -20.972  44.343 0.0000000000
63412  19.847  -20.927  41.946 0.0000000000
64579  18.157  -20.640  39.612 0.0000000000
63417  15.020  -20.700  42.650 0.0000000000
64632  23.118  -19.312  37.048 0.0000000000
67110  20.772  -17.512  37.421 0.0000000000
65720  20.639  -18.757  40.398 0.0000000000
79285  27.183  -6.627  34.444 0.0000000000
79323  27.276  -7.499  30.926 0.0000000000
78054  26.569  -9.046  32.106 0.0000000000
75509  28.332  -10.782  31.942 0.0000000000
101029  46.361  10.907  8.229 0.0000000000
99822  45.020  9.483  8.798 0.0000000000
96356  46.423  6.272  9.331 0.0000000000
90358  40.737  1.053  12.829 0.0000000000
86966  43.155  -1.439  13.049 0.0000000000
86955  40.308  -1.366  13.943 0.0000000000
84437  41.042  -3.792  16.422 0.0000000000
81917  41.671  -5.954  18.486 0.0000000000
80679  37.186  -6.219  17.929 0.0000000000
79446  39.791  -8.221  18.754 0.0000000000
67124  28.400  -17.313  35.048 0.0000000000
70819  28.711  -15.668  35.161 0.0000000000
91424  40.601  2.975  14.909 0.0000000000
62173  13.068  -21.304  45.868 0.0000000000
61045  12.613  -22.662  47.727 0.0000000000
58832  12.745  -24.383  46.415 0.0000000000
57580  12.296  -26.020  50.220 0.0000000000
55080  10.877  -27.649  49.940 0.0000000000
55069  7.821  -28.373  50.769 0.0000000000
56352  6.673  -26.488  50.827 0.0000000000
57569  5.694  -26.004  50.983 0.0000000000
69659  27.281  -15.855  35.534 0.0000000000
65791  27.530  -18.836  35.800 0.0000000000
64612  27.499  -19.789  38.501 0.0000000000
63451  23.891  -20.832  39.723 0.0000000000
76856  33.411  -10.017  25.353 0.0000000000
78102  28.124  -9.435  27.769 0.0000000000
75610  31.416  -11.742  27.114 0.0000000000
75606  35.769  -11.590  27.247 0.0000000000
74286  29.092  -13.008  36.286 0.0000000000
101050  50.913  11.220  4.648 0.0000000000
101036  47.784  11.000  7.241 0.0000000000
99847  49.547  9.577  5.818 0.0000000000
91456  43.536  2.456  11.519 0.0000000000
90353  45.396  1.366  12.486 0.0000000000
89271  44.196  0.637  12.588 0.0000000000
161422  25.722  -13.941  34.703 0.0000000000
71984  24.834  -13.317  33.671 0.0000000000
69706  26.336  -14.363  33.595 0.0000000000
92649  41.487  3.357  12.470 0.0000000000
93906  41.943  4.681  11.678 0.0000000000
92657  42.441  3.315  11.673 0.0000000000
93905  43.021  4.447  11.162 0.0000000000
57534  7.374  -25.952  53.323 0.0000000000
88097  36.170  -0.496  17.753 0.0000000000
88060  35.784  -0.964  19.174 0.0000000000
76906  35.114  -10.264  22.765 0.0000000000
76950  36.384  -9.976  21.373 0.0000000000
76904  37.135  -10.585  23.332 0.0000000000
76886  37.792  -10.761  24.104 0.0000000000
75663  37.079  -11.073  24.585 0.0000000000
61110  15.516  -21.689  42.336 0.0000000000
161361  17.079  -22.387  43.429 0.0000000000
61097  14.698  -22.131  43.771 0.0000000000
61084  15.048  -22.213  45.083 0.0000000000
61086  13.348  -22.361  44.544 0.0000000000
65747  26.017  -18.664  38.361 0.0000000000
65765  25.553  -19.353  37.475 0.0000000000
64533  22.586  -19.808  44.154 0.0000000000
80510  28.112  -5.625  30.696 0.0000000000
76778  33.037  -11.121  32.120 0.0000000000
79417  34.086  -7.052  21.784 0.0000000000
79393  33.270  -6.671  22.868 0.0000000000
64563  20.168  -19.325  41.671 0.0000000000
63390  20.210  -20.433  42.897 0.0000000000
64549  19.930  -19.709  42.278 0.0000000000
63414  18.618  -20.100  41.537 0.0000000000
63415  17.134  -20.708  42.646 0.0000000000
63437  16.946  -21.151  41.386 0.0000000000
67095  22.238  -17.487  37.802 0.0000000000
67051  19.549  -17.723  41.029 0.0000000000
67083  19.568  -18.083  39.349 0.0000000000
65721  20.042  -18.844  40.690 0.0000000000
64578  20.682  -18.944  41.138 0.0000000000
78053  27.217  -8.161  32.632 0.0000000000
76740  26.502  -9.322  33.953 0.0000000000
74331  26.722  -11.810  32.839 0.0000000000
75511  26.887  -10.789  32.105 0.0000000000
75493  27.820  -11.221  32.764 0.0000000000
76718  29.873  -11.110  33.236 0.0000000000
75472  30.088  -11.464  34.332 0.0000000000
98617  43.590  8.562  12.855 0.0000000000
99808  45.119  10.533  9.474 0.0000000000
99810  44.045  9.443  10.352 0.0000000000
93910  45.839  4.790  10.720 0.0000000000
96358  45.086  6.261  9.500 0.0000000000
95140  46.538  5.319  10.585 0.0000000000
89265  39.346  0.472  13.630 0.0000000000
86969  40.519  -0.847  13.366 0.0000000000
88132  38.807  -0.658  14.141 0.0000000000
84440  38.108  -3.097  16.260 0.0000000000
85655  39.594  -2.908  15.706 0.0000000000
84422  39.508  -4.103  16.730 0.0000000000
84406  41.257  -4.226  18.006 0.0000000000
81923  40.176  -5.445  17.586 0.0000000000
81906  36.248  -4.689  20.787 0.0000000000
81914  36.542  -4.989  19.101 0.0000000000
80671  36.950  -6.330  18.831 0.0000000000
78193  39.397  -9.142  21.086 0.0000000000
78218  39.008  -8.468  19.013 0.0000000000
78204  39.568  -8.707  19.835 0.0000000000
79434  41.370  -8.212  19.518 0.0000000000
67104  28.548  -17.962  36.558 0.0000000000
68467  28.974  -16.576  36.172 0.0000000000
89244  39.332  1.615  15.758 0.0000000000
90336  39.609  1.905  14.959 0.0000000000
91436  40.317  2.524  13.700 0.0000000000
62219  20.290  -21.592  43.450 0.0000000000
60069  20.401  -23.072  43.170 0.0000000000
61057  14.449  -22.532  47.059 0.0000000000
61042  15.889  -22.214  48.662 0.0000000000
61043  14.790  -22.548  48.292 0.0000000000
61031  14.024  -22.811  49.204 0.0000000000
63295  12.517  -20.648  48.034 0.0000000000
62163  12.608  -21.677  47.411 0.0000000000
62154  12.403  -21.446  48.547 0.0000000000
58843  11.239  -25.409  46.576 0.0000000000
60041  11.710  -24.110  45.818 0.0000000000
57620  12.141  -25.824  46.647 0.0000000000
58824  12.707  -25.409  48.230 0.0000000000
56372  11.737  -26.772  48.037 0.0000000000
56349  11.660  -26.934  50.140 0.0000000000
56373  11.121  -27.470  48.177 0.0000000000
57584  8.430  -26.153  50.032 0.0000000000
53839  8.438  -28.101  49.473 0.0000000000
56350  7.641  -26.922  49.862 0.0000000000
55070  7.350  -27.818  51.096 0.0000000000
57586  6.946  -26.214  50.619 0.0000000000
70769  27.324  -14.691  38.291 0.0000000000
70783  27.178  -14.803  37.352 0.0000000000
68464  27.378  -16.672  36.750 0.0000000000
68468  27.386  -16.558  35.662 0.0000000000
67119  27.342  -17.876  35.808 0.0000000000
63489  26.242  -20.426  37.502 0.0000000000
64613  26.863  -20.190  37.593 0.0000000000
63474  26.989  -20.146  39.393 0.0000000000
64599  22.183  -19.222  38.005 0.0000000000
63478  23.323  -20.391  37.523 0.0000000000
63452  23.042  -20.214  39.402 0.0000000000
63410  24.535  -21.228  42.274 0.0000000000
85695  43.585  -2.794  14.530 0.0000000000
86951  44.990  -1.916  13.812 0.0000000000
85672  45.375  -3.018  15.159 0.0000000000
79366  30.663  -7.863  25.609 0.0000000000
78130  31.872  -7.976  24.635 0.0000000000
76875  30.850  -9.259  25.376 0.0000000000
78079  27.126  -8.786  30.557 0.0000000000
79334  27.430  -7.902  28.686 0.0000000000
76828  28.265  -9.980  28.698 0.0000000000
75552  33.179  -12.284  30.543 0.0000000000
75591  31.485  -12.234  28.357 0.0000000000
74377  33.653  -12.594  28.397 0.0000000000
75608  33.710  -11.713  26.661 0.0000000000
75589  35.053  -11.725  27.836 0.0000000000
75605  36.863  -11.409  27.559 0.0000000000
71939  28.799  -14.027  36.138 0.0000000000
102156  50.036  12.258  5.312 0.0000000000
99831  46.310  9.985  8.002 0.0000000000
101028  46.743  11.549  8.249 0.0000000000
99839  47.366  9.837  7.232 0.0000000000
98678  49.182  8.305  6.387 0.0000000000
98677  50.449  8.401  5.743 0.0000000000
64550  19.434  -19.261  42.718 0.0000000000
92654  45.836  3.483  11.277 0.0000000000
91444  47.648  2.638  12.743 0.0000000000
90352  46.533  1.356  12.710 0.0000000000
75466  24.931  -10.133  35.306 0.0000000000
76721  25.328  -10.291  33.678 0.0000000000
74324  24.475  -11.808  33.528 0.0000000000
74332  25.791  -12.405  32.727 0.0000000000
74313  27.025  -12.285  33.434 0.0000000000
96311  43.319  6.480  14.258 0.0000000000
95113  41.797  5.845  13.020 0.0000000000
97458  42.319  7.016  11.907 0.0000000000
97457  42.824  7.531  11.301 0.0000000000
97466  43.226  7.127  10.422 0.0000000000
95133  43.490  5.452  10.787 0.0000000000
93904  44.249  4.416  10.829 0.0000000000
57532  9.222  -26.486  53.916 0.0000000000
89246  37.652  0.639  16.126 0.0000000000
86958  37.791  -0.392  14.777 0.0000000000
86931  36.602  -1.011  15.938 0.0000000000
85659  36.286  -2.015  16.591 0.0000000000
84424  37.373  -3.554  16.738 0.0000000000
79438  35.189  -8.019  20.571 0.0000000000
79449  36.274  -8.299  19.369 0.0000000000
76969  36.084  -9.610  20.525 0.0000000000
76967  37.816  -9.565  21.225 0.0000000000
76926  38.798  -9.859  22.597 0.0000000000
76902  39.482  -10.216  23.552 0.0000000000
75660  39.938  -10.906  25.759 0.0000000000
65729  28.710  -18.338  40.355 0.0000000000
61136  19.077  -22.428  40.825 0.0000000000
61124  19.592  -22.897  42.444 0.0000000000
61109  18.210  -22.608  43.226 0.0000000000
61094  17.246  -22.597  44.329 0.0000000000
61082  17.538  -22.655  45.582 0.0000000000
61069  15.305  -22.228  46.221 0.0000000000
61032  12.283  -22.055  49.199 0.0000000000
58797  11.226  -24.102  49.427 0.0000000000
57604  10.607  -25.859  47.763 0.0000000000
55103  9.886  -27.435  48.085 0.0000000000
57582  10.098  -25.326  49.459 0.0000000000
58781  9.030  -24.042  50.392 0.0000000000
58782  8.230  -24.275  50.538 0.0000000000
67091  27.312  -17.392  38.197 0.0000000000
67106  26.510  -18.626  36.683 0.0000000000
67107  26.103  -19.087  37.050 0.0000000000
64630  25.912  -19.776  36.822 0.0000000000
63476  25.488  -20.701  37.888 0.0000000000
64561  22.478  -19.891  41.614 0.0000000000
63433  23.237  -20.443  40.668 0.0000000000
63388  23.097  -20.252  42.892 0.0000000000
84418  43.555  -3.988  17.426 0.0000000000
79348  29.011  -7.316  26.803 0.0000000000
76781  29.761  -10.681  31.192 0.0000000000
76796  29.864  -10.891  30.329 0.0000000000
76779  31.997  -10.938  31.502 0.0000000000
75530  33.772  -11.461  31.759 0.0000000000
103203  48.637  12.666  6.716 0.0000000000
57536  5.511  -25.844  52.930 0.0000000000
83172  36.362  -3.725  21.393 0.0000000000
80655  35.974  -4.674  21.433 0.0000000000
79428  35.038  -6.979  21.146 0.0000000000
79429  34.706  -7.981  21.211 0.0000000000
78178  34.300  -8.578  21.965 0.0000000000
76889  34.740  -10.013  23.569 0.0000000000
64534  21.534  -19.842  44.359 0.0000000000
63344  21.016  -20.687  45.120 0.0000000000
63389  20.855  -19.984  43.653 0.0000000000
62243  19.889  -21.608  41.703 0.0000000000
63391  19.411  -19.593  42.043 0.0000000000
63434  19.692  -20.990  41.158 0.0000000000
62244  19.548  -21.626  40.753 0.0000000000
61157  17.930  -22.021  39.575 0.0000000000
161369  15.925  -21.218  41.633 0.0000000000
61127  14.196  -20.992  42.466 0.0000000000
65766  24.064  -19.275  37.742 0.0000000000
67094  22.977  -17.857  37.752 0.0000000000
64634  21.844  -18.420  37.108 0.0000000000
65752  21.370  -18.594  38.382 0.0000000000
68458  19.737  -17.330  38.866 0.0000000000
65770  19.913  -18.290  38.275 0.0000000000
65735  21.090  -18.594  39.584 0.0000000000
64577  21.552  -18.967  40.734 0.0000000000
64562  21.330  -19.425  41.837 0.0000000000
80484  27.258  -5.969  33.536 0.0000000000
80502  27.745  -6.478  31.364 0.0000000000
79313  27.443  -7.323  32.020 0.0000000000
78067  27.097  -8.352  31.576 0.0000000000
78080  27.188  -9.715  30.797 0.0000000000
76765  26.271  -10.196  32.333 0.0000000000
76784  27.135  -10.242  31.295 0.0000000000
76782  28.761  -10.582  31.098 0.0000000000
76761  29.587  -10.682  31.942 0.0000000000
76737  31.250  -10.863  33.088 0.0000000000
101021  46.062  11.386  9.111 0.0000000000
99821  45.674  10.111  8.711 0.0000000000
99832  45.810  9.096  8.179 0.0000000000
98647  44.166  8.076  9.152 0.0000000000
97490  45.401  7.091  8.631 0.0000000000
90357  41.519  1.245  12.605 0.0000000000
89272  43.266  0.505  12.488 0.0000000000
88156  41.409  -0.296  12.766 0.0000000000
86967  42.039  -1.505  13.189 0.0000000000
85697  41.813  -2.709  14.505 0.0000000000
86942  38.807  -1.871  14.564 0.0000000000
85677  40.157  -2.728  15.005 0.0000000000
84436  42.102  -3.858  16.308 0.0000000000
84419  42.581  -3.995  17.316 0.0000000000
83202  42.406  -4.707  18.408 0.0000000000
84390  35.737  -3.335  19.544 0.0000000000
83216  36.392  -4.082  17.847 0.0000000000
80683  38.054  -6.121  17.260 0.0000000000
79448  36.809  -7.629  18.693 0.0000000000
79455  38.074  -7.382  17.833 0.0000000000
80677  38.962  -6.550  17.600 0.0000000000
80670  40.957  -7.423  18.334 0.0000000000
68489  27.298  -15.867  34.211 0.0000000000
68503  27.542  -15.468  33.723 0.0000000000
69673  28.706  -16.212  34.886 0.0000000000
69648  29.121  -15.810  36.572 0.0000000000
93883  40.660  3.803  13.986 0.0000000000
91435  40.859  2.798  13.127 0.0000000000
63349  13.319  -20.499  44.356 0.0000000000
63331  13.220  -20.644  45.377 0.0000000000
62200  13.094  -21.530  44.471 0.0000000000
61072  12.692  -22.373  45.497 0.0000000000
61058  13.406  -22.933  46.737 0.0000000000
60018  12.255  -23.446  47.158 0.0000000000
60017  13.151  -23.405  46.882 0.0000000000
60009  13.381  -23.704  48.569 0.0000000000
58812  13.010  -24.629  48.697 0.0000000000
58795  13.166  -24.447  49.756 0.0000000000
56318  10.575  -27.578  52.392 0.0000000000
55091  9.818  -28.020  48.772 0.0000000000
55068  8.964  -28.558  50.573 0.0000000000
56319  9.530  -27.764  52.686 0.0000000000
56320  8.499  -27.784  52.520 0.0000000000
56321  7.465  -27.567  52.000 0.0000000000
56322  6.594  -26.994  51.984 0.0000000000
58784  6.675  -24.773  50.879 0.0000000000
56337  6.233  -26.938  51.105 0.0000000000
56338  5.673  -26.737  51.487 0.0000000000
73117  26.110  -13.481  35.845 0.0000000000
71941  26.636  -14.107  36.838 0.0000000000
69675  27.047  -15.590  34.986 0.0000000000
67126  27.617  -16.866  34.902 0.0000000000
67118  28.065  -17.944  35.628 0.0000000000
65776  28.446  -18.688  37.167 0.0000000000
65777  27.077  -19.591  35.997 0.0000000000
64639  28.082  -19.324  36.757 0.0000000000
64611  28.225  -19.143  38.636 0.0000000000
63491  23.772  -20.158  37.129 0.0000000000
63477  24.334  -20.557  37.597 0.0000000000
63463  25.654  -20.949  39.219 0.0000000000
63432  24.153  -21.099  41.008 0.0000000000
63431  25.206  -21.234  41.336 0.0000000000
63449  25.845  -20.950  40.498 0.0000000000
88142  44.393  -0.849  12.813 0.0000000000
78143  32.436  -7.777  24.249 0.0000000000
76891  33.352  -8.912  24.199 0.0000000000
75647  34.217  -10.144  25.147 0.0000000000
80511  27.550  -6.540  30.213 0.0000000000
79341  27.755  -7.924  27.855 0.0000000000
78122  29.067  -8.764  26.314 0.0000000000
76811  30.035  -11.190  29.125 0.0000000000
76826  29.684  -10.640  27.648 0.0000000000
75631  30.157  -10.345  26.179 0.0000000000
75629  31.948  -11.058  25.962 0.0000000000
75627  34.292  -10.718  26.088 0.0000000000
75646  35.038  -10.833  25.032 0.0000000000
75625  36.549  -11.603  26.425 0.0000000000
69705  27.313  -14.219  33.527 0.0000000000
161428  27.806  -13.326  34.627 0.0000000000
74311  29.033  -12.264  35.447 0.0000000000
75458  30.261  -11.951  37.144 0.0000000000
75464  30.352  -11.269  35.488 0.0000000000
103217  51.249  12.726  4.704 0.0000000000
102142  47.456  12.350  8.135 0.0000000000
102149  48.258  11.878  7.095 0.0000000000
98679  48.204  8.985  6.539 0.0000000000
101042  48.735  10.738  6.463 0.0000000000
101041  49.415  10.716  5.753 0.0000000000
101052  49.925  10.650  5.174 0.0000000000
99873  51.122  9.714  4.460 0.0000000000
90363  43.097  1.634  11.972 0.0000000000
90362  43.569  1.786  11.828 0.0000000000
90355  43.515  1.262  12.248 0.0000000000
69694  26.144  -14.641  34.406 0.0000000000
161419  25.650  -14.136  34.083 0.0000000000
68505  26.379  -14.958  33.725 0.0000000000
91448  42.178  2.620  12.199 0.0000000000
92648  41.984  3.065  12.054 0.0000000000
91457  42.841  2.170  11.795 0.0000000000
57535  6.468  -25.793  53.081 0.0000000000
76905  36.104  -10.447  22.918 0.0000000000
75678  36.323  -10.663  23.611 0.0000000000
75677  36.757  -10.793  23.967 0.0000000000
75664  36.020  -10.850  24.308 0.0000000000
61111  14.102  -21.334  42.628 0.0000000000
161363  15.701  -22.154  43.024 0.0000000000
64517  22.470  -19.774  45.415 0.0000000000
80501  28.082  -5.451  31.785 0.0000000000
64564  19.652  -19.293  42.047 0.0000000000
65722  19.618  -18.471  40.773 0.0000000000
65705  19.791  -18.871  41.222 0.0000000000
78015  27.029  -8.610  34.368 0.0000000000
74322  27.636  -11.892  33.822 0.0000000000
74329  27.603  -11.560  33.314 0.0000000000
75482  28.228  -11.595  33.733 0.0000000000
75481  29.119  -11.300  33.429 0.0000000000
75473  29.110  -11.818  34.660 0.0000000000
98628  43.229  8.391  11.704 0.0000000000
99798  43.704  9.140  12.103 0.0000000000
99797  44.071  9.660  11.443 0.0000000000
101012  44.396  10.064  10.741 0.0000000000
93902  46.198  4.146  11.086 0.0000000000
95141  45.453  5.473  10.433 0.0000000000
93909  46.481  4.691  10.928 0.0000000000
95132  46.847  4.841  10.982 0.0000000000
56302  10.803  -26.931  53.514 0.0000000000
89266  38.823  0.314  14.119 0.0000000000
88147  39.108  -0.251  13.753 0.0000000000
88148  38.742  -0.193  14.079 0.0000000000
84423  38.471  -3.945  16.580 0.0000000000
83212  39.923  -4.856  17.147 0.0000000000
81924  39.304  -5.650  17.226 0.0000000000
80662  36.523  -6.163  20.044 0.0000000000
81913  36.575  -5.275  19.638 0.0000000000
79436  36.393  -7.016  19.585 0.0000000000
78192  40.645  -8.953  20.935 0.0000000000
67090  28.752  -17.715  37.837 0.0000000000
89253  39.174  1.081  14.484 0.0000000000
90348  39.549  1.399  13.838 0.0000000000
61123  20.168  -22.374  42.585 0.0000000000
61107  20.558  -22.533  43.730 0.0000000000
57613  10.744  -26.000  47.024 0.0000000000
56395  11.415  -26.323  46.728 0.0000000000
56383  11.760  -26.385  47.088 0.0000000000
56384  11.109  -27.038  47.305 0.0000000000
57585  7.517  -26.169  50.384 0.0000000000
69638  27.434  -15.639  38.725 0.0000000000
69644  27.351  -15.672  37.603 0.0000000000
63475  26.485  -20.504  38.515 0.0000000000
63461  27.011  -20.102  40.340 0.0000000000
63466  22.766  -20.101  38.273 0.0000000000
85673  44.266  -3.156  15.229 0.0000000000
79357  30.180  -7.334  26.159 0.0000000000
80577  30.302  -6.664  26.348 0.0000000000
78131  31.053  -8.344  25.237 0.0000000000
78132  30.357  -8.562  25.674 0.0000000000
76798  27.678  -10.028  30.332 0.0000000000
76813  28.014  -9.949  29.328 0.0000000000
74356  34.123  -12.413  30.205 0.0000000000
74366  33.804  -12.643  29.463 0.0000000000
74365  34.645  -12.549  29.644 0.0000000000
74376  34.690  -12.234  28.668 0.0000000000
74375  35.307  -12.278  29.321 0.0000000000
75588  35.956  -11.717  28.603 0.0000000000
103202  49.194  13.190  6.251 0.0000000000
104257  50.015  13.421  6.056 0.0000000000
103212  49.768  12.602  5.762 0.0000000000
99840  47.102  8.778  7.280 0.0000000000
67035  19.556  -17.319  42.166 0.0000000000
65692  19.460  -18.117  43.020 0.0000000000
92655  44.917  3.410  11.186 0.0000000000
91454  45.650  2.774  11.596 0.0000000000
91446  45.631  2.042  12.134 0.0000000000
89269  45.833  0.580  12.649 0.0000000000
75467  24.386  -10.816  35.283 0.0000000000
75476  24.691  -10.618  34.298 0.0000000000
74314  24.227  -11.520  34.616 0.0000000000
161425  25.637  -13.497  33.151 0.0000000000
73152  25.330  -13.155  33.137 0.0000000000
161426  26.029  -13.281  32.883 0.0000000000
73133  26.970  -13.157  33.557 0.0000000000
95108  42.172  5.450  14.024 0.0000000000
95114  41.557  5.110  13.198 0.0000000000
95135  41.772  5.621  11.676 0.0000000000
96341  41.452  6.101  11.911 0.0000000000
96340  42.033  6.240  11.633 0.0000000000
96339  42.826  6.470  11.081 0.0000000000
92656  43.777  3.360  11.192 0.0000000000
93903  45.340  4.192  10.918 0.0000000000
88113  37.609  0.642  16.833 0.0000000000
88114  36.969  0.091  16.422 0.0000000000
86918  35.665  -1.345  17.847 0.0000000000
86932  36.278  -1.136  16.824 0.0000000000
85637  35.834  -2.234  17.269 0.0000000000
85636  36.675  -2.639  16.722 0.0000000000
84425  36.381  -3.333  17.445 0.0000000000
78208  35.256  -8.754  20.642 0.0000000000
78207  35.770  -8.738  19.998 0.0000000000
76949  37.323  -9.924  21.669 0.0000000000
76948  38.139  -9.669  21.935 0.0000000000
78177  38.693  -9.566  22.000 0.0000000000
76903  38.312  -10.383  23.402 0.0000000000
75662  38.102  -10.976  25.000 0.0000000000
76885  38.866  -10.692  24.335 0.0000000000
75661  39.155  -10.943  25.330 0.0000000000
75642  39.298  -11.008  26.280 0.0000000000
89231  38.196  0.920  16.810 0.0000000000
161364  17.977  -22.293  40.831 0.0000000000
61125  18.413  -22.483  41.831 0.0000000000
61083  16.261  -22.352  45.270 0.0000000000
61085  14.140  -22.430  44.854 0.0000000000
58826  10.931  -25.086  48.033 0.0000000000
58815  10.741  -24.833  48.984 0.0000000000
57596  10.390  -25.630  48.590 0.0000000000
58798  10.463  -24.470  49.849 0.0000000000
58800  8.764  -25.031  50.196 0.0000000000
67078  26.655  -18.070  39.075 0.0000000000
67077  27.160  -17.602  38.823 0.0000000000
67093  26.175  -18.840  37.345 0.0000000000
63490  25.865  -20.278  37.148 0.0000000000
80541  28.992  -6.192  28.026 0.0000000000
76780  30.805  -10.982  31.389 0.0000000000
75508  33.878  -11.089  32.378 0.0000000000
76777  33.619  -11.087  32.276 0.0000000000
57537  4.621  -26.088  53.079 0.0000000000
79418  33.735  -7.721  22.327 0.0000000000
78155  33.893  -8.673  22.848 0.0000000000
76907  34.350  -9.497  22.774 0.0000000000
62232  20.015  -21.390  42.522 0.0000000000
63435  19.085  -20.647  40.269 0.0000000000
63453  18.490  -21.157  39.258 0.0000000000
61148  18.366  -22.210  39.847 0.0000000000
63468  17.871  -21.167  39.345 0.0000000000
63416  15.936  -20.774  42.261 0.0000000000
62233  15.283  -20.955  42.156 0.0000000000
161367  15.322  -21.253  42.089 0.0000000000
62234  14.497  -20.760  42.575 0.0000000000
65767  23.396  -18.538  38.195 0.0000000000
67079  22.769  -17.973  38.559 0.0000000000
67109  21.683  -17.607  37.182 0.0000000000
65783  21.278  -18.041  36.866 0.0000000000
65768  21.300  -18.417  37.462 0.0000000000
65784  20.528  -18.079  37.325 0.0000000000
65736  20.192  -18.693  39.723 0.0000000000
65754  19.827  -18.376  39.067 0.0000000000
65753  20.410  -18.517  38.796 0.0000000000
80493  27.622  -6.267  32.441 0.0000000000
79298  27.300  -7.075  33.138 0.0000000000
78068  26.901  -9.335  31.298 0.0000000000
76742  25.428  -10.574  32.963 0.0000000000
76741  26.046  -9.919  33.162 0.0000000000
75495  25.783  -10.620  32.571 0.0000000000
75510  27.809  -10.793  31.879 0.0000000000
76783  27.895  -10.500  31.262 0.0000000000
76762  28.695  -10.724  31.837 0.0000000000
76717  30.657  -11.159  33.738 0.0000000000
76738  30.234  -10.896  32.773 0.0000000000
101009  46.285  12.106  10.982 0.0000000000
101010  45.514  11.341  10.400 0.0000000000
99833  45.369  8.579  8.297 0.0000000000
97476  43.810  6.767  9.851 0.0000000000
98648  43.656  7.615  9.773 0.0000000000
96357  45.894  6.293  9.449 0.0000000000
97474  45.258  6.629  8.994 0.0000000000
98658  45.361  7.775  8.319 0.0000000000
89274  41.270  0.321  12.726 0.0000000000
86968  41.056  -1.244  13.201 0.0000000000
86954  41.453  -1.914  13.858 0.0000000000
85698  40.788  -2.363  14.424 0.0000000000
86944  37.208  -1.123  15.043 0.0000000000
86943  38.335  -1.703  14.635 0.0000000000
85679  37.934  -2.174  15.097 0.0000000000
84438  40.069  -3.544  16.379 0.0000000000
85654  40.595  -3.136  15.811 0.0000000000
85653  41.394  -3.482  15.772 0.0000000000
84420  41.595  -3.974  17.279 0.0000000000
83203  41.746  -5.045  18.329 0.0000000000
83195  42.174  -5.550  18.631 0.0000000000
85608  35.424  -2.378  20.102 0.0000000000
81920  36.865  -5.566  18.581 0.0000000000
83205  36.353  -4.332  18.352 0.0000000000
81921  36.541  -4.957  18.411 0.0000000000
81926  37.194  -5.445  17.504 0.0000000000
80684  37.534  -6.143  17.513 0.0000000000
78220  37.030  -8.791  19.322 0.0000000000
79447  38.519  -8.141  18.424 0.0000000000
79454  39.381  -7.558  18.019 0.0000000000
80676  40.427  -6.807  18.124 0.0000000000
79453  40.386  -7.747  18.164 0.0000000000
68475  28.369  -16.930  34.545 0.0000000000
68488  28.030  -16.413  33.937 0.0000000000
68474  28.739  -16.773  35.134 0.0000000000
68456  29.471  -16.299  37.789 0.0000000000
68463  29.299  -16.282  36.994 0.0000000000
93876  41.029  4.110  14.483 0.0000000000
92629  40.841  3.527  14.654 0.0000000000
90347  40.148  1.665  13.339 0.0000000000
91450  40.822  1.930  12.967 0.0000000000
63345  20.916  -21.315  45.336 0.0000000000
61055  16.748  -22.552  47.722 0.0000000000
63372  13.720  -20.222  43.561 0.0000000000
63313  13.135  -20.488  46.552 0.0000000000
61087  12.795  -22.063  44.939 0.0000000000
62187  12.736  -21.809  45.465 0.0000000000
61059  12.621  -22.556  46.507 0.0000000000
61033  12.085  -22.878  48.987 0.0000000000
61046  12.090  -23.326  48.069 0.0000000000
58840  12.569  -24.402  45.614 0.0000000000
60029  12.254  -23.578  46.154 0.0000000000
58823  12.920  -24.421  47.604 0.0000000000
57595  12.306  -25.927  49.157 0.0000000000
58813  12.753  -25.264  49.440 0.0000000000
58796  12.785  -25.190  50.634 0.0000000000
55066  11.116  -27.512  50.688 0.0000000000
56334  11.360  -27.351  51.503 0.0000000000
56335  10.790  -27.626  51.702 0.0000000000
55104  9.506  -27.345  48.628 0.0000000000
53812  8.175  -28.447  50.204 0.0000000000
53826  8.541  -28.414  49.768 0.0000000000
55052  9.292  -28.256  51.853 0.0000000000
55053  8.212  -28.397  51.650 0.0000000000
56336  7.063  -27.220  51.316 0.0000000000
58785  5.838  -24.947  50.954 0.0000000000
69649  27.233  -15.589  36.470 0.0000000000
71940  26.985  -14.352  37.175 0.0000000000
69650  26.972  -15.066  36.310 0.0000000000
70802  26.658  -14.620  36.159 0.0000000000
68476  27.422  -16.225  34.893 0.0000000000
65790  28.129  -18.789  36.218 0.0000000000
65778  26.414  -19.352  36.188 0.0000000000
67120  26.680  -18.731  35.914 0.0000000000
64628  27.451  -19.766  36.989 0.0000000000
64627  28.202  -19.380  37.680 0.0000000000
64597  28.010  -19.042  39.521 0.0000000000
65780  23.457  -19.247  37.214 0.0000000000
64631  23.658  -19.672  37.150 0.0000000000
63465  23.586  -20.708  38.483 0.0000000000
63464  24.618  -20.953  38.768 0.0000000000
63409  25.556  -21.036  42.483 0.0000000000
88154  42.981  -0.456  12.636 0.0000000000
88153  44.066  -0.345  12.692 0.0000000000
86973  43.748  -0.947  12.731 0.0000000000
79378  32.278  -6.953  24.255 0.0000000000
76873  32.720  -9.007  24.620 0.0000000000
76872  33.673  -9.566  24.571 0.0000000000
78103  27.684  -9.170  28.187 0.0000000000
78113  27.915  -8.462  27.621 0.0000000000
79349  28.100  -7.925  27.289 0.0000000000
78112  28.221  -8.912  27.191 0.0000000000
76795  30.991  -11.372  30.548 0.0000000000
76810  30.736  -11.553  29.821 0.0000000000
74391  31.789  -12.236  27.753 0.0000000000
75592  30.579  -11.488  28.184 0.0000000000
75611  30.394  -10.874  26.976 0.0000000000
75630  30.897  -10.801  26.127 0.0000000000
75609  32.616  -11.727  26.728 0.0000000000
75607  34.758  -11.655  26.881 0.0000000000
75626  35.405  -11.422  26.129 0.0000000000
75645  36.228  -11.327  25.313 0.0000000000
75604  37.994  -11.441  27.721 0.0000000000
70820  28.613  -15.502  34.634 0.0000000000
69704  28.046  -15.462  33.664 0.0000000000
70834  28.349  -14.969  34.269 0.0000000000
73116  28.396  -13.738  35.196 0.0000000000
74299  28.771  -12.751  35.587 0.0000000000
75465  29.807  -11.743  36.021 0.0000000000
103218  50.894  12.480  4.985 0.0000000000
103210  51.082  13.183  5.394 0.0000000000
102168  51.287  11.780  4.476 0.0000000000
101070  51.276  10.677  4.347 0.0000000000
101020  46.721  12.456  10.158 0.0000000000
99858  49.803  10.134  5.430 0.0000000000
90361  44.048  1.978  11.706 0.0000000000
91447  45.009  1.846  12.165 0.0000000000
90354  44.415  1.517  12.209 0.0000000000
89270  45.026  0.736  12.627 0.0000000000
88152  44.910  0.009  12.674 0.0000000000
74300  24.838  -12.336  35.464 0.0000000000
73134  24.285  -12.570  34.335 0.0000000000
71974  25.042  -13.460  34.541 0.0000000000
161423  25.507  -13.733  33.552 0.0000000000
161420  26.607  -14.159  33.240 0.0000000000
93895  41.491  4.490  12.489 0.0000000000
92658  41.760  3.948  11.998 0.0000000000
88096  36.787  0.211  17.685 0.0000000000
88076  36.528  -0.077  18.602 0.0000000000
88077  35.954  -0.755  18.568 0.0000000000
86905  35.258  -1.780  18.305 0.0000000000
76930  34.750  -9.808  21.911 0.0000000000
76929  35.721  -10.234  22.016 0.0000000000
76928  36.744  -10.285  22.280 0.0000000000
76887  37.199  -10.785  24.002 0.0000000000
161365  16.223  -22.089  42.025 0.0000000000
161370  16.913  -22.046  42.295 0.0000000000
61096  14.879  -22.216  44.392 0.0000000000
58780  9.827  -23.807  50.170 0.0000000000
65764  26.109  -18.794  37.756 0.0000000000
64615  24.443  -19.894  37.165 0.0000000000
63365  22.895  -19.948  43.505 0.0000000000
80522  28.313  -5.811  29.515 0.0000000000
76758  32.620  -10.706  32.678 0.0000000000
79392  34.138  -5.824  22.575 0.0000000000
63392  18.604  -20.010  42.909 0.0000000000
63436  17.874  -20.666  40.673 0.0000000000
64580  17.763  -20.734  39.845 0.0000000000
67096  21.321  -17.126  38.060 0.0000000000
68442  19.632  -17.215  40.210 0.0000000000
68451  19.621  -17.548  39.304 0.0000000000
67067  19.482  -17.961  40.072 0.0000000000
65737  19.685  -18.501  39.919 0.0000000000
78031  27.435  -7.936  33.784 0.0000000000
78032  26.887  -9.032  33.204 0.0000000000
78033  26.374  -9.556  32.548 0.0000000000
74338  26.326  -11.431  32.503 0.0000000000
75512  26.111  -10.921  32.365 0.0000000000
74337  26.825  -11.315  32.568 0.0000000000
75492  28.538  -10.943  32.403 0.0000000000
76739  29.358  -10.893  32.609 0.0000000000
75480  29.946  -11.334  33.666 0.0000000000
76694  31.045  -10.969  34.903 0.0000000000
97447  42.848  7.772  12.408 0.0000000000
99789  44.317  9.740  12.877 0.0000000000
101011  44.844  10.644  10.590 0.0000000000
99809  44.507  9.997  9.798 0.0000000000
99823  44.303  9.068  9.374 0.0000000000
95142  44.681  5.596  10.386 0.0000000000
96359  44.397  6.371  9.761 0.0000000000
96349  44.941  5.947  10.040 0.0000000000
96348  45.799  6.060  10.117 0.0000000000
96347  46.843  6.117  9.929 0.0000000000
89264  40.179  0.579  13.099 0.0000000000
89263  40.744  0.269  12.883 0.0000000000
88146  39.939  -0.389  13.471 0.0000000000
88131  39.495  -0.793  14.014 0.0000000000
85657  37.671  -2.461  15.780 0.0000000000
85656  38.565  -2.734  15.649 0.0000000000
84439  39.059  -3.391  16.219 0.0000000000
84421  40.562  -4.105  17.213 0.0000000000
83204  40.691  -4.836  17.862 0.0000000000
81918  40.789  -5.746  18.189 0.0000000000
83183  36.171  -4.194  20.305 0.0000000000
83184  35.989  -3.784  19.919 0.0000000000
78219  38.145  -8.663  19.127 0.0000000000
79435  40.541  -8.338  19.391 0.0000000000
78203  40.959  -8.558  20.065 0.0000000000
67117  28.722  -17.345  35.826 0.0000000000
67103  29.052  -17.034  37.009 0.0000000000
67089  29.255  -16.903  38.056 0.0000000000
89229  40.182  1.845  17.122 0.0000000000
90327  39.847  2.183  15.727 0.0000000000
90335  39.894  2.308  14.358 0.0000000000
62206  20.743  -21.894  44.530 0.0000000000
59998  13.649  -23.583  50.164 0.0000000000
63294  12.784  -19.927  47.546 0.0000000000
63314  12.994  -20.942  47.261 0.0000000000
62174  12.758  -21.632  46.357 0.0000000000
58825  11.366  -24.501  47.371 0.0000000000
60030  11.703  -23.905  46.690 0.0000000000
58834  11.454  -24.678  46.509 0.0000000000
58842  11.649  -25.010  45.890 0.0000000000
58833  12.613  -25.208  47.002 0.0000000000
57612  12.278  -26.013  47.522 0.0000000000
57603  12.224  -26.156  48.380 0.0000000000
56348  11.990  -26.312  49.648 0.0000000000
56361  11.858  -26.540  49.053 0.0000000000
56362  11.361  -27.265  49.020 0.0000000000
55090  10.603  -27.759  48.905 0.0000000000
57598  9.035  -26.456  49.434 0.0000000000
56364  8.477  -27.003  49.352 0.0000000000
55093  8.068  -27.679  49.540 0.0000000000
53813  7.752  -28.287  50.214 0.0000000000
55054  7.661  -28.112  51.407 0.0000000000
55083  7.312  -27.820  50.209 0.0000000000
56351  7.103  -26.898  50.700 0.0000000000
64598  27.500  -19.640  39.862 0.0000000000
64616  22.473  -19.256  37.391 0.0000000000
63492  23.213  -19.878  37.078 0.0000000000
63479  22.735  -19.820  37.463 0.0000000000
63387  24.025  -20.753  43.181 0.0000000000
63386  25.042  -20.865  43.348 0.0000000000
86952  43.906  -2.045  13.811 0.0000000000
85694  44.646  -2.613  14.441 0.0000000000
80576  30.808  -6.486  26.087 0.0000000000
79365  31.056  -7.166  25.371 0.0000000000
76874  31.667  -9.167  25.012 0.0000000000
76857  32.370  -10.051  25.386 0.0000000000
79329  27.236  -7.706  29.781 0.0000000000
78091  27.284  -8.977  29.419 0.0000000000
75572  30.979  -11.847  29.327 0.0000000000
75571  32.236  -12.418  29.361 0.0000000000
74378  32.672  -12.571  28.350 0.0000000000
74390  32.305  -12.226  27.546 0.0000000000
74389  33.203  -12.216  27.513 0.0000000000
74388  34.231  -12.172  27.601 0.0000000000
70800  28.763  -15.229  36.053 0.0000000000
71959  28.697  -14.465  35.856 0.0000000000
71938  28.873  -14.406  36.638 0.0000000000
73115  29.059  -13.588  36.812 0.0000000000
103211  50.474  12.771  5.499 0.0000000000
102169  50.463  11.776  4.947 0.0000000000
99830  46.614  10.593  7.840 0.0000000000
97512  50.345  7.592  6.615 0.0000000000
99846  50.158  9.095  5.390 0.0000000000
68433  19.685  -16.746  41.258 0.0000000000
92647  47.185  3.283  12.282 0.0000000000
91453  46.189  3.062  11.637 0.0000000000
91445  46.568  2.593  12.225 0.0000000000
76696  25.569  -9.587  35.046 0.0000000000
76720  25.885  -9.733  34.191 0.0000000000
76697  25.340  -10.072  34.412 0.0000000000
75483  25.020  -11.130  33.181 0.0000000000
73144  24.692  -12.735  33.302 0.0000000000
96319  42.540  6.395  13.506 0.0000000000
97438  42.896  6.947  13.433 0.0000000000
95125  41.427  5.499  12.308 0.0000000000
96329  41.916  6.379  12.449 0.0000000000
97448  42.604  7.036  12.899 0.0000000000
98639  43.289  8.069  10.643 0.0000000000
96351  43.684  6.316  10.427 0.0000000000
93912  44.292  5.241  10.565 0.0000000000
93911  44.981  4.962  10.618 0.0000000000
56303  9.848  -27.193  53.394 0.0000000000
88123  38.092  0.408  14.974 0.0000000000
88134  37.923  0.021  14.850 0.0000000000
88124  37.585  0.165  15.323 0.0000000000
88115  36.479  -0.293  17.139 0.0000000000
85658  36.872  -1.906  16.039 0.0000000000
84441  37.359  -2.711  16.317 0.0000000000
83214  37.829  -4.650  16.879 0.0000000000
78221  36.377  -8.887  19.522 0.0000000000
78206  36.698  -9.298  19.955 0.0000000000
76968  37.064  -9.701  20.783 0.0000000000
78194  38.568  -9.448  21.419 0.0000000000
78176  39.276  -9.450  21.986 0.0000000000
76884  40.280  -10.672  24.704 0.0000000000
67061  28.701  -18.012  39.684 0.0000000000
89245  38.316  0.932  15.750 0.0000000000
61093  18.495  -22.856  44.640 0.0000000000
61068  16.536  -22.394  46.512 0.0000000000
60010  11.615  -23.582  48.710 0.0000000000
58814  11.316  -24.346  48.390 0.0000000000
55115  10.270  -27.066  47.504 0.0000000000
57605  10.253  -26.352  48.309 0.0000000000
57597  9.729  -26.233  48.990 0.0000000000
58799  9.639  -24.772  50.084 0.0000000000
57583  9.310  -25.700  49.752 0.0000000000
67105  27.191  -17.607  37.183 0.0000000000
65779  26.119  -19.297  36.799 0.0000000000
64576  22.530  -19.519  40.249 0.0000000000
85652  43.404  -3.700  15.849 0.0000000000
85651  43.866  -3.582  15.908 0.0000000000
80561  29.308  -6.546  27.223 0.0000000000
79358  29.470  -7.937  26.260 0.0000000000
76794  31.739  -11.291  30.946 0.0000000000
75531  32.608  -11.500  31.326 0.0000000000
75551  34.354  -12.053  30.891 0.0000000000
97488  47.020  6.919  7.900 0.0000000000
98668  47.374  7.615  7.189 0.0000000000
84366  36.213  -2.762  21.273 0.0000000000
80663  36.149  -6.037  20.693 0.0000000000
80656  35.910  -5.938  20.940 0.0000000000
78196  34.828  -8.719  21.210 0.0000000000
76952  34.823  -9.244  21.396 0.0000000000
63366  20.921  -20.326  44.313 0.0000000000
63413  19.576  -20.313  41.526 0.0000000000
62258  17.321  -21.436  40.271 0.0000000000
62259  17.113  -21.528  40.993 0.0000000000
161371  16.574  -21.885  41.669 0.0000000000
65749  24.199  -19.018  39.013 0.0000000000
65781  23.035  -18.611  37.232 0.0000000000
67108  22.422  -17.884  37.191 0.0000000000
64633  22.514  -18.842  37.209 0.0000000000
64617  21.855  -18.955  37.379 0.0000000000
64600  21.734  -18.726  37.774 0.0000000000
65751  21.963  -18.924  38.614 0.0000000000
67111  20.026  -17.720  37.757 0.0000000000
68459  19.666  -17.554  38.877 0.0000000000
67112  19.744  -18.024  37.971 0.0000000000
65785  20.051  -18.132  37.749 0.0000000000
65769  20.515  -18.373  37.924 0.0000000000
65734  21.793  -18.732  39.092 0.0000000000
64589  22.003  -18.766  39.803 0.0000000000
78055  26.362  -9.661  32.133 0.0000000000
76764  26.481  -9.899  31.714 0.0000000000
76799  27.455  -10.124  30.876 0.0000000000
76760  30.568  -10.779  32.111 0.0000000000
101022  45.571  10.916  9.159 0.0000000000
99820  45.878  10.648  8.662 0.0000000000
98638  43.748  8.582  9.982 0.0000000000
97475  44.415  6.995  9.187 0.0000000000
98659  44.808  7.580  8.717 0.0000000000
98646  44.780  8.460  8.664 0.0000000000
98657  45.964  7.950  7.950 0.0000000000
89273  42.259  0.457  12.533 0.0000000000
88155  41.981  -0.305  12.671 0.0000000000
88143  42.351  -0.954  12.771 0.0000000000
88145  40.804  -0.333  12.953 0.0000000000
88144  41.594  -0.819  12.826 0.0000000000
86953  42.668  -2.264  13.886 0.0000000000
85696  42.698  -2.996  14.662 0.0000000000
86957  38.210  -0.937  14.488 0.0000000000
86956  39.092  -1.506  14.323 0.0000000000
85699  39.859  -2.115  14.437 0.0000000000
85678  39.019  -2.316  14.843 0.0000000000
85676  41.172  -2.923  15.174 0.0000000000
85675  42.158  -3.405  15.312 0.0000000000
84452  42.779  -3.765  15.794 0.0000000000
84435  43.213  -3.841  16.381 0.0000000000
84404  42.953  -4.343  18.253 0.0000000000
84405  42.072  -4.249  18.063 0.0000000000
86890  35.359  -1.519  19.491 0.0000000000
85617  35.352  -2.530  18.917 0.0000000000
83197  36.235  -4.257  19.228 0.0000000000
84407  36.030  -3.531  18.482 0.0000000000
85626  35.636  -2.774  17.981 0.0000000000
83215  36.873  -4.356  17.238 0.0000000000
81925  38.318  -5.507  17.023 0.0000000000
79456  37.211  -6.923  17.982 0.0000000000
80678  37.794  -6.639  17.529 0.0000000000
80682  38.663  -5.975  17.272 0.0000000000
81919  39.942  -6.053  17.743 0.0000000000
80675  41.155  -6.364  18.386 0.0000000000
79445  41.039  -8.008  18.715 0.0000000000
80669  41.716  -6.966  18.734 0.0000000000
80668  42.442  -6.537  19.126 0.0000000000
69691  28.605  -16.163  34.494 0.0000000000
69658  28.822  -16.076  35.653 0.0000000000
92636  40.840  3.517  13.361 0.0000000000
91449  41.569  2.238  12.606 0.0000000000
60081  20.167  -23.291  42.901 0.0000000000
63396  14.220  -20.345  42.972 0.0000000000
62220  13.856  -20.731  42.783 0.0000000000
62210  13.436  -21.065  43.408 0.0000000000
61071  13.259  -22.860  45.582 0.0000000000
57581  12.027  -26.619  51.070 0.0000000000
55102  10.479  -27.627  48.026 0.0000000000
55081  9.978  -28.161  49.766 0.0000000000
55092  9.004  -27.745  49.030 0.0000000000
55067  10.353  -27.898  51.171 0.0000000000
55051  10.005  -28.024  52.088 0.0000000000
56304  8.863  -27.096  53.255 0.0000000000
56305  7.898  -26.883  52.928 0.0000000000
56306  7.007  -26.578  52.618 0.0000000000
56307  6.256  -26.404  52.548 0.0000000000
58783  7.473  -24.544  50.758 0.0000000000
57567  7.162  -25.496  50.646 0.0000000000
57568  6.423  -25.891  50.726 0.0000000000
56323  5.858  -26.715  52.064 0.0000000000
69676  26.492  -14.905  35.288 0.0000000000
69693  26.656  -15.340  34.512 0.0000000000
67130  27.710  -16.622  34.361 0.0000000000
67125  27.938  -17.240  34.729 0.0000000000
65792  26.961  -18.959  35.738 0.0000000000
64640  27.694  -19.375  36.205 0.0000000000
65763  28.508  -18.587  38.248 0.0000000000
65746  28.439  -18.496  39.238 0.0000000000
63450  24.890  -21.045  40.081 0.0000000000
63448  26.587  -20.492  40.911 0.0000000000
88141  44.837  -0.700  12.906 0.0000000000
86965  44.347  -1.321  13.085 0.0000000000
86964  45.421  -1.268  13.287 0.0000000000
85650  44.841  -3.516  15.969 0.0000000000
80608  32.757  -5.776  23.857 0.0000000000
79377  32.688  -6.853  23.582 0.0000000000
78142  32.962  -8.022  23.746 0.0000000000
78141  33.527  -8.477  23.286 0.0000000000
76890  33.856  -9.169  23.679 0.0000000000
76871  34.476  -10.003  24.391 0.0000000000
75665  35.137  -10.511  24.157 0.0000000000
80523  27.735  -6.759  29.009 0.0000000000
80542  27.857  -7.082  28.138 0.0000000000
79340  28.206  -7.187  27.511 0.0000000000
76812  28.920  -10.460  29.300 0.0000000000
76827  28.677  -10.023  28.081 0.0000000000
75573  30.538  -11.510  28.854 0.0000000000
76843  28.997  -9.760  26.981 0.0000000000
76861  29.309  -9.573  26.393 0.0000000000
76860  29.826  -9.411  25.963 0.0000000000
76859  30.523  -9.924  25.696 0.0000000000
76858  31.353  -10.100  25.496 0.0000000000
75628  33.065  -10.771  26.152 0.0000000000
75644  37.360  -11.426  25.629 0.0000000000
75624  37.641  -11.438  26.707 0.0000000000
75623  38.646  -11.242  26.944 0.0000000000
68504  26.877  -15.154  33.512 0.0000000000
161429  27.770  -13.652  34.342 0.0000000000
161430  27.525  -13.384  34.112 0.0000000000
74312  27.913  -12.580  34.579 0.0000000000
74285  29.763  -12.713  37.398 0.0000000000
74298  29.512  -12.426  36.298 0.0000000000
103195  48.073  13.055  7.832 0.0000000000
102158  48.964  11.647  6.248 0.0000000000
99848  48.433  9.726  6.559 0.0000000000
102157  49.663  11.650  5.461 0.0000000000
102170  50.114  11.186  5.030 0.0000000000
101051  50.559  10.677  4.754 0.0000000000
99857  50.376  9.651  4.991 0.0000000000
99874  50.686  10.055  4.630 0.0000000000
101071  50.904  10.267  4.534 0.0000000000
53827  7.977  -28.207  49.826 0.0000000000
53838  8.749  -28.228  49.369 0.0000000000
55082  9.161  -28.301  49.488 0.0000000000
55084  7.195  -27.453  50.831 0.0000000000
55114  10.462  -27.240  47.537 0.0000000000
56374  10.356  -26.696  47.704 0.0000000000
56375  9.762  -26.894  48.365 0.0000000000
56394  11.767  -26.100  46.621 0.0000000000
56396  11.079  -26.573  46.833 0.0000000000
57621  11.733  -25.741  46.323 0.0000000000
57622  11.166  -26.009  46.508 0.0000000000
58835  11.052  -25.262  47.162 0.0000000000
58841  12.306  -25.060  45.908 0.0000000000
58848  12.538  -24.397  45.327 0.0000000000
58849  12.359  -24.539  45.313 0.0000000000
58850  12.056  -24.716  45.292 0.0000000000
60028  12.685  -23.869  45.825 0.0000000000
60039  12.450  -24.169  45.312 0.0000000000
60040  12.167  -23.869  45.364 0.0000000000
60050  12.397  -24.344  45.141 0.0000000000
60051  12.187  -24.290  45.032 0.0000000000
60052  11.855  -24.352  45.291 0.0000000000
60080  20.202  -23.041  42.657 0.0000000000
61126  14.762  -21.166  42.367 0.0000000000
61158  17.673  -22.196  40.030 0.0000000000
62186  13.011  -21.474  45.232 0.0000000000
62201  12.842  -21.783  45.005 0.0000000000
62257  19.032  -21.723  39.754 0.0000000000
62267  18.149  -21.686  39.325 0.0000000000
62268  17.511  -21.758  39.943 0.0000000000
62269  17.339  -21.926  40.316 0.0000000000
63418  14.567  -20.535  42.814 0.0000000000
63454  17.405  -21.090  40.172 0.0000000000
63455  17.193  -21.212  40.776 0.0000000000
63467  18.016  -21.235  39.186 0.0000000000
63493  22.805  -19.469  37.136 0.0000000000
64590  17.998  -20.956  39.220 0.0000000000
64591  17.824  -20.898  39.434 0.0000000000
64601  17.848  -21.130  39.156 0.0000000000
64602  17.910  -20.972  38.985 0.0000000000
65782  22.124  -18.206  36.949 0.0000000000
67098  19.673  -17.780  38.582 0.0000000000
67131  27.550  -16.446  34.492 0.0000000000
68487  28.531  -16.465  34.448 0.0000000000
69660  26.957  -15.285  35.794 0.0000000000
69674  28.649  -15.906  34.641 0.0000000000
69692  28.478  -15.893  34.186 0.0000000000
70784  26.975  -14.749  36.735 0.0000000000
70801  28.612  -14.942  35.179 0.0000000000
73135  24.494  -13.223  34.137 0.0000000000
73145  24.366  -13.022  33.789 0.0000000000
74301  24.281  -11.572  35.408 0.0000000000
74323  27.212  -11.785  33.270 0.0000000000
74330  27.205  -11.462  32.882 0.0000000000
74367  33.072  -12.722  29.028 0.0000000000
74379  32.075  -12.424  28.126 0.0000000000
75475  25.139  -10.092  34.780 0.0000000000
75494  27.159  -11.189  32.553 0.0000000000
75496  25.538  -11.211  32.671 0.0000000000
75513  25.783  -11.046  32.464 0.0000000000
75532  32.040  -11.289  31.069 0.0000000000
75533  27.529  -10.517  31.503 0.0000000000
75534  27.318  -10.585  31.665 0.0000000000
75554  31.128  -11.696  30.101 0.0000000000
75570  33.055  -12.704  29.672 0.0000000000
75590  32.125  -12.452  28.582 0.0000000000
76763  28.201  -10.687  31.715 0.0000000000
76842  29.667  -10.166  26.645 0.0000000000
76876  30.363  -9.304  25.631 0.0000000000
76970  35.475  -9.250  20.599 0.0000000000
78129  32.513  -8.190  24.311 0.0000000000
78179  33.844  -8.252  22.488 0.0000000000
78195  35.116  -9.115  20.968 0.0000000000
78202  41.636  -8.370  20.024 0.0000000000
78209  35.064  -8.783  20.935 0.0000000000
79347  29.727  -6.949  26.611 0.0000000000
79356  30.675  -6.995  25.866 0.0000000000
79439  35.025  -8.460  20.917 0.0000000000
81927  36.574  -4.699  17.819 0.0000000000
83196  36.401  -4.716  19.591 0.0000000000
84376  36.205  -3.389  21.118 0.0000000000
84451  43.164  -3.752  15.818 0.0000000000
85618  35.183  -2.117  18.568 0.0000000000
85627  35.297  -2.281  18.215 0.0000000000
86891  35.183  -1.825  18.820 0.0000000000
86904  35.481  -1.316  18.696 0.0000000000
86919  35.314  -1.985  17.795 0.0000000000
86972  44.153  -0.897  12.751 0.0000000000
88133  38.306  -0.081  14.437 0.0000000000
88151  45.421  0.216  12.644 0.0000000000
89232  37.575  0.613  16.533 0.0000000000
89275  40.731  0.552  12.862 0.0000000000
92637  40.468  3.231  13.939 0.0000000000
95109  41.607  4.909  13.842 0.0000000000
95124  41.495  6.026  12.551 0.0000000000
95143  44.081  5.738  10.447 0.0000000000
96330  41.411  6.089  12.285 0.0000000000
96360  44.027  6.390  10.044 0.0000000000
97491  44.961  7.077  8.843 0.0000000000
98689  50.510  8.941  5.247 0.0000000000
99790  43.912  9.139  12.700 0.0000000000
161368  15.942  -20.903  41.723 0.0000000000
161421  26.121  -13.763  33.153 0.0000000000
161424  26.642  -13.923  33.262 0.0000000000
161427  25.734  -13.222  32.961 0.0000000000
161432  26.932  -13.926  33.276 0.0000000000
161433  26.937  -13.717  33.332 0.0000000000
