#!ascii label  , from subject 3218 vox2ras=TkReg
1126
72904  8.941  -12.884  59.388 0.0000000000
57695  8.121  -26.131  39.046 0.0000000000
65601  3.557  -18.486  54.486 0.0000000000
74132  3.539  -12.563  49.679 0.0000000000
73039  10.992  -12.373  42.053 0.0000000000
68269  5.543  -16.212  58.963 0.0000000000
72935  3.993  -12.538  57.099 0.0000000000
69487  12.901  -15.694  58.403 0.0000000000
64366  9.467  -18.473  57.987 0.0000000000
62042  6.445  -21.259  56.040 0.0000000000
80285  8.275  -8.273  52.100 0.0000000000
74161  6.967  -12.491  46.812 0.0000000000
81586  9.352  -5.461  46.502 0.0000000000
62141  3.024  -21.827  49.877 0.0000000000
64508  4.015  -19.933  46.534 0.0000000000
70689  2.234  -14.843  51.963 0.0000000000
79042  5.373  -9.616  55.012 0.0000000000
64552  5.174  -18.977  43.497 0.0000000000
67071  6.548  -17.170  40.561 0.0000000000
69646  3.365  -15.770  37.829 0.0000000000
74279  6.927  -11.266  38.344 0.0000000000
70633  6.880  -14.790  60.033 0.0000000000
71771  5.836  -13.438  58.897 0.0000000000
70628  11.252  -14.278  60.230 0.0000000000
66877  11.231  -16.722  58.545 0.0000000000
68259  9.602  -16.301  60.436 0.0000000000
65567  7.391  -18.244  59.400 0.0000000000
80302  9.496  -6.958  49.398 0.0000000000
64415  2.681  -19.541  52.240 0.0000000000
65631  2.912  -18.755  50.804 0.0000000000
68307  3.018  -16.749  53.659 0.0000000000
77731  5.657  -8.313  58.892 0.0000000000
76465  4.207  -10.267  56.086 0.0000000000
63225  4.292  -20.186  56.016 0.0000000000
62070  5.422  -21.785  54.708 0.0000000000
62072  3.656  -20.817  53.721 0.0000000000
61002  3.115  -22.627  51.711 0.0000000000
69562  2.625  -15.706  48.159 0.0000000000
64540  4.757  -19.604  45.138 0.0000000000
70726  3.763  -15.186  46.030 0.0000000000
74183  9.007  -11.904  44.616 0.0000000000
73043  6.658  -13.978  43.306 0.0000000000
73053  7.288  -13.960  41.609 0.0000000000
69634  5.507  -16.169  39.141 0.0000000000
71896  8.389  -14.386  38.860 0.0000000000
66899  4.141  -17.342  56.776 0.0000000000
69508  3.212  -15.633  55.654 0.0000000000
70653  4.588  -14.042  57.820 0.0000000000
74047  4.999  -11.593  58.600 0.0000000000
66889  14.892  -16.065  56.441 0.0000000000
64389  14.893  -18.748  54.288 0.0000000000
65585  13.339  -17.619  56.291 0.0000000000
64379  11.265  -19.078  56.212 0.0000000000
63213  8.261  -19.689  57.131 0.0000000000
64375  6.133  -19.482  57.830 0.0000000000
76516  5.869  -10.377  50.757 0.0000000000
74151  4.979  -12.322  47.813 0.0000000000
77823  7.564  -9.693  49.486 0.0000000000
77833  9.382  -8.877  47.576 0.0000000000
76575  10.469  -9.244  44.560 0.0000000000
72915  10.362  -12.191  57.618 0.0000000000
68298  18.826  -16.416  54.686 0.0000000000
70650  18.381  -14.370  57.208 0.0000000000
70644  15.329  -14.360  58.270 0.0000000000
72900  13.008  -12.870  58.633 0.0000000000
60020  4.121  -23.566  48.285 0.0000000000
60042  4.556  -23.528  46.737 0.0000000000
63296  3.528  -20.833  47.951 0.0000000000
68352  3.100  -16.755  49.756 0.0000000000
71820  2.844  -13.813  50.339 0.0000000000
71792  2.841  -13.583  55.297 0.0000000000
75292  2.727  -11.019  53.831 0.0000000000
76494  4.352  -10.719  52.602 0.0000000000
79057  7.168  -8.434  53.523 0.0000000000
60072  5.223  -23.832  44.479 0.0000000000
61141  5.376  -22.895  42.456 0.0000000000
61138  7.677  -22.422  41.321 0.0000000000
71865  5.284  -14.897  44.849 0.0000000000
65709  7.185  -18.300  43.183 0.0000000000
62270  9.011  -21.588  39.151 0.0000000000
63484  6.105  -20.300  37.818 0.0000000000
63499  5.475  -20.112  36.862 0.0000000000
81614  10.071  -5.386  44.049 0.0000000000
77887  9.945  -7.857  41.798 0.0000000000
76619  7.030  -9.202  41.325 0.0000000000
75451  10.607  -11.062  38.685 0.0000000000
70804  7.354  -13.986  35.461 0.0000000000
71750  8.048  -14.002  60.257 0.0000000000
71769  7.285  -13.458  58.821 0.0000000000
72917  7.943  -12.905  58.518 0.0000000000
71747  10.617  -13.426  60.320 0.0000000000
69472  10.832  -15.171  60.333 0.0000000000
70630  9.283  -14.299  60.697 0.0000000000
70626  8.335  -15.190  60.550 0.0000000000
55274  6.397  -27.771  38.894 0.0000000000
57707  7.454  -25.754  38.714 0.0000000000
64401  3.369  -19.412  53.593 0.0000000000
65608  3.038  -18.663  53.131 0.0000000000
66914  3.396  -17.719  53.977 0.0000000000
64395  16.670  -18.387  53.347 0.0000000000
64387  3.821  -19.638  55.716 0.0000000000
63234  4.027  -20.525  54.708 0.0000000000
63235  3.688  -20.247  54.106 0.0000000000
63238  3.337  -20.260  53.370 0.0000000000
71833  3.254  -13.942  48.306 0.0000000000
69580  3.479  -15.893  46.388 0.0000000000
71839  3.533  -14.136  47.340 0.0000000000
74192  10.190  -12.026  43.555 0.0000000000
74207  8.394  -12.049  42.861 0.0000000000
73051  8.724  -13.211  41.704 0.0000000000
73095  7.800  -14.036  39.849 0.0000000000
73070  10.276  -12.949  40.611 0.0000000000
66888  4.870  -17.150  58.218 0.0000000000
68280  4.579  -16.268  57.667 0.0000000000
69488  5.134  -15.274  58.719 0.0000000000
72920  5.532  -12.590  58.601 0.0000000000
75223  6.958  -10.194  58.950 0.0000000000
68279  14.027  -16.154  57.277 0.0000000000
66898  13.781  -17.101  56.277 0.0000000000
66884  13.056  -16.604  57.865 0.0000000000
65564  10.257  -17.554  58.703 0.0000000000
65579  11.275  -18.311  56.951 0.0000000000
65580  10.643  -18.582  57.202 0.0000000000
64367  8.520  -18.991  57.855 0.0000000000
66881  6.665  -17.446  59.663 0.0000000000
65568  6.508  -18.166  58.954 0.0000000000
65575  5.330  -18.071  58.326 0.0000000000
65582  4.730  -18.197  57.210 0.0000000000
79072  7.753  -8.753  51.424 0.0000000000
77813  6.622  -9.987  50.454 0.0000000000
79084  8.034  -8.466  50.259 0.0000000000
80318  9.737  -6.828  48.492 0.0000000000
79106  9.285  -8.342  48.520 0.0000000000
79116  9.632  -7.770  46.809 0.0000000000
76569  9.654  -9.520  46.242 0.0000000000
79128  9.480  -7.556  45.684 0.0000000000
69484  15.839  -15.060  57.952 0.0000000000
61047  3.516  -22.798  48.701 0.0000000000
61060  3.789  -22.703  47.866 0.0000000000
63281  3.147  -20.999  48.997 0.0000000000
68327  2.679  -17.159  51.622 0.0000000000
66946  2.983  -17.794  50.271 0.0000000000
69543  3.081  -15.772  50.367 0.0000000000
69553  2.938  -15.705  49.221 0.0000000000
71813  2.490  -13.793  51.352 0.0000000000
70659  3.669  -14.364  56.511 0.0000000000
70666  2.955  -14.667  55.534 0.0000000000
72945  3.432  -12.605  56.450 0.0000000000
77759  4.611  -9.771  55.560 0.0000000000
76473  3.085  -10.521  54.877 0.0000000000
76479  3.851  -9.971  54.025 0.0000000000
75297  2.947  -11.085  52.866 0.0000000000
77774  5.001  -10.125  53.719 0.0000000000
77781  5.632  -10.017  52.915 0.0000000000
79049  6.778  -8.503  54.284 0.0000000000
64390  14.180  -18.772  54.445 0.0000000000
64412  13.945  -18.937  52.229 0.0000000000
62054  7.704  -21.032  55.020 0.0000000000
60944  7.549  -21.562  53.681 0.0000000000
62068  7.292  -21.517  54.530 0.0000000000
59952  5.056  -22.690  53.185 0.0000000000
59951  5.625  -22.931  53.066 0.0000000000
62124  2.733  -21.697  50.922 0.0000000000
61034  3.277  -22.803  49.628 0.0000000000
62188  4.228  -21.688  46.878 0.0000000000
60053  4.764  -23.560  45.995 0.0000000000
62202  4.533  -21.643  46.229 0.0000000000
64554  4.759  -19.583  44.154 0.0000000000
62236  5.942  -21.566  43.689 0.0000000000
62248  6.011  -21.770  42.871 0.0000000000
60091  6.381  -23.463  41.418 0.0000000000
63420  6.432  -20.265  43.072 0.0000000000
74162  6.077  -12.746  46.994 0.0000000000
73017  4.894  -13.370  46.439 0.0000000000
74187  6.135  -13.474  45.384 0.0000000000
70751  7.000  -15.629  42.398 0.0000000000
69622  6.485  -15.945  43.379 0.0000000000
67055  7.401  -16.774  42.069 0.0000000000
64593  9.005  -19.372  40.472 0.0000000000
65755  8.503  -18.883  39.346 0.0000000000
63482  7.753  -20.389  38.070 0.0000000000
64607  6.812  -18.710  39.118 0.0000000000
68460  4.909  -16.361  38.183 0.0000000000
65773  5.529  -17.958  38.172 0.0000000000
65786  5.302  -17.886  37.350 0.0000000000
81626  8.566  -4.927  42.254 0.0000000000
79152  10.228  -7.131  43.253 0.0000000000
79167  9.192  -6.918  41.794 0.0000000000
75424  5.375  -10.552  40.105 0.0000000000
75422  7.237  -9.993  40.003 0.0000000000
75421  8.307  -9.869  39.832 0.0000000000
74278  8.042  -11.080  38.415 0.0000000000
73118  9.273  -12.459  36.868 0.0000000000
74303  7.454  -12.064  36.738 0.0000000000
69481  6.310  -15.529  59.755 0.0000000000
70640  5.427  -14.517  59.055 0.0000000000
70638  6.508  -14.346  59.644 0.0000000000
69479  12.525  -15.023  59.052 0.0000000000
68264  12.260  -16.027  58.622 0.0000000000
68257  11.425  -15.893  59.878 0.0000000000
66878  10.477  -17.049  59.491 0.0000000000
66872  9.556  -17.265  60.054 0.0000000000
65566  8.325  -18.283  59.319 0.0000000000
66873  8.588  -17.249  60.279 0.0000000000
68262  6.939  -16.455  60.279 0.0000000000
81535  9.448  -6.975  52.271 0.0000000000
80291  8.942  -7.616  50.602 0.0000000000
81542  9.908  -6.126  50.310 0.0000000000
81561  9.777  -5.883  48.802 0.0000000000
82845  9.748  -4.669  48.130 0.0000000000
63256  2.588  -20.620  51.169 0.0000000000
64440  2.803  -19.712  50.441 0.0000000000
65624  2.751  -18.743  51.684 0.0000000000
66929  2.576  -17.946  52.032 0.0000000000
69526  2.542  -15.849  52.744 0.0000000000
75235  4.405  -10.663  58.204 0.0000000000
74077  3.671  -11.674  56.728 0.0000000000
77733  4.147  -8.826  58.178 0.0000000000
79017  4.302  -8.069  56.938 0.0000000000
80252  5.611  -7.336  56.537 0.0000000000
80258  6.773  -7.984  55.901 0.0000000000
62043  5.463  -21.225  56.030 0.0000000000
62056  5.956  -21.512  55.358 0.0000000000
62057  5.015  -21.363  55.262 0.0000000000
60948  4.558  -21.966  53.956 0.0000000000
60967  3.951  -21.897  53.129 0.0000000000
61001  3.608  -23.014  52.077 0.0000000000
62105  3.240  -21.825  52.561 0.0000000000
62106  2.754  -21.486  52.120 0.0000000000
66981  2.987  -17.774  47.184 0.0000000000
64524  4.514  -19.682  45.785 0.0000000000
66994  3.560  -17.773  46.351 0.0000000000
68403  4.105  -16.855  45.295 0.0000000000
68413  4.271  -16.640  44.578 0.0000000000
74172  7.992  -12.198  45.677 0.0000000000
74186  6.775  -13.091  45.149 0.0000000000
74195  7.344  -12.247  43.997 0.0000000000
71872  7.145  -14.178  42.164 0.0000000000
71879  6.867  -14.801  41.253 0.0000000000
68444  5.872  -16.421  39.967 0.0000000000
71884  5.981  -14.833  40.324 0.0000000000
71899  5.971  -14.870  39.114 0.0000000000
71923  6.096  -15.014  38.006 0.0000000000
74281  5.097  -11.085  38.291 0.0000000000
74305  5.521  -11.803  36.397 0.0000000000
74295  4.504  -10.962  37.291 0.0000000000
65589  3.629  -18.346  55.928 0.0000000000
66905  3.501  -17.542  55.363 0.0000000000
68287  3.683  -16.503  56.293 0.0000000000
69495  4.114  -14.950  57.046 0.0000000000
71781  4.396  -13.327  57.423 0.0000000000
71772  5.161  -13.497  58.862 0.0000000000
72921  4.866  -12.534  58.413 0.0000000000
74065  4.559  -11.699  58.059 0.0000000000
75225  5.654  -9.689  59.078 0.0000000000
66904  15.700  -17.063  55.311 0.0000000000
65606  15.778  -18.586  53.789 0.0000000000
65591  15.208  -17.379  55.172 0.0000000000
65578  12.210  -17.492  57.135 0.0000000000
65586  12.383  -18.327  56.163 0.0000000000
64385  12.261  -18.648  55.239 0.0000000000
62040  8.346  -20.857  55.615 0.0000000000
62041  7.429  -21.100  55.887 0.0000000000
64368  7.688  -19.142  58.259 0.0000000000
63210  6.764  -19.756  57.733 0.0000000000
63215  6.225  -20.050  57.219 0.0000000000
63216  5.340  -19.898  56.821 0.0000000000
64381  4.003  -19.249  56.288 0.0000000000
75319  4.921  -11.168  50.682 0.0000000000
74140  4.248  -12.482  48.829 0.0000000000
75333  5.540  -10.771  49.803 0.0000000000
75343  6.640  -11.278  49.154 0.0000000000
75353  7.382  -11.339  48.723 0.0000000000
79094  8.422  -8.255  49.481 0.0000000000
77834  8.604  -9.353  48.430 0.0000000000
74147  8.543  -11.689  47.463 0.0000000000
75364  9.617  -10.840  46.225 0.0000000000
75363  9.918  -10.676  45.516 0.0000000000
75369  10.784  -10.628  44.182 0.0000000000
72903  10.016  -12.523  58.969 0.0000000000
65596  17.606  -17.031  54.136 0.0000000000
70657  20.881  -14.229  56.616 0.0000000000
71776  19.668  -13.294  57.586 0.0000000000
69498  19.485  -15.209  56.392 0.0000000000
69499  18.498  -15.483  56.348 0.0000000000
68292  17.849  -16.291  55.519 0.0000000000
66894  16.984  -16.328  55.840 0.0000000000
68270  15.142  -15.487  57.482 0.0000000000
70645  14.329  -14.429  58.459 0.0000000000
71752  13.935  -13.504  58.625 0.0000000000
70636  13.129  -14.370  58.863 0.0000000000
71754  12.366  -13.619  59.152 0.0000000000
72902  11.101  -12.433  58.787 0.0000000000
62175  3.888  -21.731  47.569 0.0000000000
64491  3.345  -19.875  47.343 0.0000000000
64457  2.943  -19.816  49.407 0.0000000000
65648  2.906  -18.800  48.786 0.0000000000
65656  2.899  -18.827  47.715 0.0000000000
68363  2.799  -16.716  48.701 0.0000000000
70708  2.891  -14.733  48.715 0.0000000000
72993  3.075  -13.042  49.901 0.0000000000
69513  3.236  -16.129  55.142 0.0000000000
69518  2.754  -15.610  53.713 0.0000000000
70681  2.410  -14.737  53.032 0.0000000000
74085  2.781  -11.716  55.398 0.0000000000
74090  2.590  -11.962  54.397 0.0000000000
71805  2.322  -13.756  52.377 0.0000000000
72979  2.428  -12.795  51.796 0.0000000000
74112  2.898  -12.052  51.320 0.0000000000
75321  3.526  -11.722  50.966 0.0000000000
76501  5.158  -10.762  51.772 0.0000000000
79066  6.652  -9.485  52.545 0.0000000000
80279  7.835  -8.051  53.088 0.0000000000
80264  7.479  -7.715  54.476 0.0000000000
80271  8.163  -7.397  53.549 0.0000000000
81528  8.946  -6.837  53.290 0.0000000000
59965  8.099  -22.976  51.639 0.0000000000
60964  6.291  -22.641  53.623 0.0000000000
62222  5.326  -21.151  45.048 0.0000000000
60071  5.416  -23.564  43.741 0.0000000000
58900  9.355  -24.733  40.170 0.0000000000
73011  4.136  -13.664  46.940 0.0000000000
71859  4.594  -14.959  45.327 0.0000000000
68412  4.734  -16.609  43.876 0.0000000000
71864  6.078  -14.604  44.010 0.0000000000
69609  5.813  -15.979  43.975 0.0000000000
65710  5.909  -18.445  43.319 0.0000000000
64582  7.791  -19.702  42.139 0.0000000000
62261  8.498  -21.489  40.625 0.0000000000
60116  8.983  -23.804  39.166 0.0000000000
61171  7.797  -23.005  37.746 0.0000000000
65772  5.800  -18.477  38.450 0.0000000000
63485  5.614  -19.911  37.694 0.0000000000
82871  9.263  -4.372  46.264 0.0000000000
84073  8.925  -3.215  44.975 0.0000000000
81602  9.401  -5.696  45.459 0.0000000000
79140  10.193  -7.254  44.322 0.0000000000
76589  10.831  -8.925  43.596 0.0000000000
76604  11.269  -9.603  42.518 0.0000000000
76617  8.987  -8.389  41.028 0.0000000000
75410  10.405  -9.624  40.549 0.0000000000
74259  11.547  -11.747  40.097 0.0000000000
71894  10.246  -13.109  38.577 0.0000000000
71944  8.070  -14.426  36.792 0.0000000000
71948  4.062  -14.711  37.360 0.0000000000
71979  4.463  -13.933  35.550 0.0000000000
71757  8.281  -13.332  59.823 0.0000000000
72905  8.237  -13.103  59.237 0.0000000000
72897  9.901  -12.803  59.962 0.0000000000
71748  9.568  -13.456  60.458 0.0000000000
71756  8.920  -13.148  60.153 0.0000000000
71749  8.742  -13.707  60.469 0.0000000000
55253  7.860  -27.692  39.530 0.0000000000
56469  7.602  -27.004  38.888 0.0000000000
56486  6.646  -26.785  38.655 0.0000000000
65607  3.381  -18.553  53.774 0.0000000000
65604  17.201  -18.119  53.541 0.0000000000
64409  17.011  -18.563  52.747 0.0000000000
64388  3.657  -19.297  55.065 0.0000000000
63230  3.756  -19.929  54.709 0.0000000000
64394  3.606  -19.315  54.283 0.0000000000
72998  3.363  -13.176  48.970 0.0000000000
74141  3.800  -12.774  48.897 0.0000000000
74205  10.570  -12.198  42.724 0.0000000000
74206  9.447  -12.357  42.624 0.0000000000
73040  10.238  -12.475  42.097 0.0000000000
73071  9.243  -13.303  40.706 0.0000000000
73049  10.602  -12.618  41.427 0.0000000000
68274  4.926  -16.146  58.405 0.0000000000
68272  13.502  -16.152  57.977 0.0000000000
65573  9.670  -18.195  58.263 0.0000000000
65572  10.252  -18.313  57.917 0.0000000000
64365  9.991  -18.589  57.677 0.0000000000
64372  10.197  -18.867  57.054 0.0000000000
64373  9.231  -18.902  57.198 0.0000000000
66882  5.884  -17.215  59.084 0.0000000000
65569  5.762  -17.919  58.788 0.0000000000
66887  5.369  -17.465  58.674 0.0000000000
80292  8.421  -8.151  51.011 0.0000000000
80331  9.650  -7.030  47.472 0.0000000000
80344  9.102  -6.677  46.230 0.0000000000
62155  3.307  -22.038  49.101 0.0000000000
69534  2.614  -16.047  51.541 0.0000000000
68338  2.906  -16.889  50.802 0.0000000000
70695  2.692  -14.810  50.892 0.0000000000
71786  3.891  -13.401  56.741 0.0000000000
71787  3.239  -13.464  56.165 0.0000000000
79033  5.419  -9.394  56.106 0.0000000000
77767  4.612  -9.893  54.611 0.0000000000
79051  5.213  -9.771  54.340 0.0000000000
79050  5.791  -9.404  54.077 0.0000000000
79041  6.283  -9.188  55.309 0.0000000000
62055  6.915  -21.459  55.294 0.0000000000
59969  4.676  -23.039  52.549 0.0000000000
61018  3.074  -22.666  50.588 0.0000000000
63332  4.060  -20.973  46.471 0.0000000000
64553  4.690  -19.212  43.741 0.0000000000
63422  5.480  -20.239  43.991 0.0000000000
64569  5.330  -19.722  43.749 0.0000000000
63441  6.428  -21.114  42.946 0.0000000000
64568  5.850  -19.617  43.360 0.0000000000
74174  6.448  -13.037  46.062 0.0000000000
68434  6.922  -16.397  41.500 0.0000000000
67054  7.608  -17.194  41.570 0.0000000000
67052  8.427  -18.066  40.782 0.0000000000
67069  7.842  -17.901  40.532 0.0000000000
65756  7.958  -18.607  39.386 0.0000000000
65741  6.758  -17.780  40.255 0.0000000000
69645  4.356  -15.796  38.132 0.0000000000
67100  4.820  -16.715  37.730 0.0000000000
68461  4.234  -16.332  37.798 0.0000000000
82920  7.877  -3.793  42.782 0.0000000000
80383  8.025  -5.561  41.862 0.0000000000
80382  9.051  -6.112  42.259 0.0000000000
80396  8.466  -6.395  41.735 0.0000000000
74265  6.088  -11.020  39.312 0.0000000000
75440  6.134  -10.645  39.855 0.0000000000
75439  6.772  -10.505  39.553 0.0000000000
75438  7.823  -10.537  39.154 0.0000000000
74291  7.666  -11.556  37.499 0.0000000000
74292  6.682  -11.595  37.459 0.0000000000
70634  6.489  -15.143  59.885 0.0000000000
70639  6.161  -14.706  59.518 0.0000000000
72918  7.306  -13.121  58.283 0.0000000000
70627  12.040  -14.306  59.576 0.0000000000
69480  11.943  -15.665  59.316 0.0000000000
69471  11.773  -15.035  59.770 0.0000000000
69473  9.613  -15.232  60.598 0.0000000000
68258  10.512  -16.207  60.228 0.0000000000
66871  10.083  -16.774  60.173 0.0000000000
65560  9.066  -17.768  59.988 0.0000000000
68260  8.816  -16.469  60.507 0.0000000000
70632  7.921  -14.859  60.418 0.0000000000
69476  7.377  -15.627  60.449 0.0000000000
68263  6.475  -15.992  60.041 0.0000000000
81543  9.677  -6.651  50.865 0.0000000000
82839  9.755  -4.987  49.255 0.0000000000
63247  2.558  -20.421  52.080 0.0000000000
64427  2.652  -19.616  51.392 0.0000000000
66915  2.955  -17.804  53.327 0.0000000000
66922  2.724  -18.045  52.714 0.0000000000
68317  2.662  -17.082  52.528 0.0000000000
76444  4.552  -9.515  58.556 0.0000000000
76445  4.001  -9.659  57.933 0.0000000000
77732  4.778  -8.345  58.536 0.0000000000
79009  4.641  -7.398  58.151 0.0000000000
79024  4.854  -7.720  56.700 0.0000000000
80251  6.358  -7.320  56.477 0.0000000000
63224  5.021  -20.516  56.377 0.0000000000
62044  4.716  -20.874  55.797 0.0000000000
62071  4.342  -21.368  54.176 0.0000000000
62083  4.067  -21.697  53.445 0.0000000000
62084  3.488  -21.288  53.042 0.0000000000
63239  2.896  -20.320  52.755 0.0000000000
62085  2.878  -20.888  52.529 0.0000000000
68374  2.682  -16.737  47.642 0.0000000000
68385  3.112  -16.768  46.689 0.0000000000
70719  3.333  -14.982  46.787 0.0000000000
68394  3.779  -16.819  46.025 0.0000000000
69589  4.041  -16.017  45.809 0.0000000000
74184  8.035  -11.894  44.745 0.0000000000
73052  7.768  -13.217  42.150 0.0000000000
73041  7.401  -12.980  42.804 0.0000000000
71878  6.833  -14.461  40.858 0.0000000000
70757  6.118  -15.363  40.518 0.0000000000
73097  6.352  -14.406  39.689 0.0000000000
71898  6.486  -14.699  39.051 0.0000000000
71924  5.213  -15.306  38.141 0.0000000000
71922  6.770  -14.973  38.102 0.0000000000
74267  4.759  -10.562  39.469 0.0000000000
74282  4.721  -10.770  38.257 0.0000000000
74294  4.948  -11.271  37.318 0.0000000000
65588  4.122  -18.287  56.548 0.0000000000
66900  3.645  -17.465  56.133 0.0000000000
69494  4.615  -15.092  57.809 0.0000000000
69501  4.288  -15.631  57.178 0.0000000000
70654  4.285  -14.191  57.174 0.0000000000
71761  5.715  -14.005  59.195 0.0000000000
75234  5.306  -10.422  58.927 0.0000000000
66896  15.354  -16.622  55.927 0.0000000000
65583  14.780  -17.056  55.772 0.0000000000
65584  14.274  -17.350  55.802 0.0000000000
66876  11.840  -16.455  58.525 0.0000000000
66885  12.339  -16.879  57.982 0.0000000000
66886  11.570  -17.009  57.957 0.0000000000
65587  11.679  -18.572  56.301 0.0000000000
64378  11.940  -18.722  56.016 0.0000000000
64386  11.382  -19.027  54.896 0.0000000000
63226  10.736  -19.560  55.494 0.0000000000
63221  7.883  -20.409  56.375 0.0000000000
65562  7.805  -18.142  60.014 0.0000000000
64363  8.007  -18.611  58.686 0.0000000000
64364  7.270  -18.628  58.699 0.0000000000
64369  6.692  -19.066  58.285 0.0000000000
64376  5.451  -19.163  57.386 0.0000000000
64377  4.745  -19.096  56.775 0.0000000000
76517  5.254  -10.953  50.982 0.0000000000
75334  5.052  -11.022  50.059 0.0000000000
76533  5.460  -10.628  50.421 0.0000000000
76531  6.763  -10.105  49.916 0.0000000000
76544  6.299  -10.481  49.679 0.0000000000
76543  6.923  -10.653  49.479 0.0000000000
76552  7.626  -10.313  49.054 0.0000000000
81550  9.352  -7.102  50.101 0.0000000000
80303  8.736  -7.808  49.891 0.0000000000
80319  9.296  -7.712  49.128 0.0000000000
76550  8.971  -10.196  47.968 0.0000000000
75352  8.370  -11.189  48.224 0.0000000000
75359  9.349  -11.035  47.338 0.0000000000
76560  9.520  -9.823  47.020 0.0000000000
77852  9.668  -8.717  45.802 0.0000000000
76568  9.992  -9.684  45.521 0.0000000000
75370  10.420  -10.634  44.835 0.0000000000
72928  10.199  -12.706  56.236 0.0000000000
66906  18.927  -16.656  54.303 0.0000000000
65602  18.590  -17.110  53.426 0.0000000000
66913  18.497  -17.046  53.759 0.0000000000
66907  18.164  -16.683  54.384 0.0000000000
71777  18.843  -13.833  57.533 0.0000000000
71762  19.284  -13.110  57.997 0.0000000000
70649  19.317  -14.357  56.976 0.0000000000
69489  19.194  -14.848  56.733 0.0000000000
69490  18.784  -14.916  56.779 0.0000000000
68275  17.121  -15.550  56.512 0.0000000000
68284  16.728  -16.067  56.190 0.0000000000
69485  14.781  -15.093  58.161 0.0000000000
72899  13.861  -13.010  58.511 0.0000000000
71753  13.359  -13.557  58.757 0.0000000000
70635  13.880  -13.972  58.734 0.0000000000
74043  11.482  -11.894  57.278 0.0000000000
58836  4.693  -24.317  47.725 0.0000000000
62164  3.532  -21.839  48.350 0.0000000000
66957  2.934  -17.757  49.255 0.0000000000
66968  2.780  -17.761  48.204 0.0000000000
70702  2.932  -14.738  49.787 0.0000000000
71828  3.063  -13.848  49.305 0.0000000000
72987  2.806  -12.930  50.855 0.0000000000
68293  3.415  -16.661  55.550 0.0000000000
68299  3.317  -16.685  54.670 0.0000000000
70670  2.821  -14.547  54.841 0.0000000000
70674  2.661  -14.646  53.994 0.0000000000
71795  2.698  -13.697  54.306 0.0000000000
75266  3.828  -10.789  56.520 0.0000000000
74084  3.286  -11.255  56.007 0.0000000000
75284  2.830  -11.019  54.699 0.0000000000
72964  2.579  -12.809  53.792 0.0000000000
72969  2.440  -12.769  52.811 0.0000000000
74095  2.557  -11.869  53.320 0.0000000000
76495  3.685  -10.789  52.720 0.0000000000
75307  3.549  -11.254  51.855 0.0000000000
75306  4.092  -11.203  51.591 0.0000000000
76518  4.884  -11.186  51.515 0.0000000000
76493  5.011  -10.596  52.404 0.0000000000
79058  6.447  -9.250  53.268 0.0000000000
77780  6.251  -9.756  52.756 0.0000000000
79065  7.343  -8.820  52.571 0.0000000000
80265  7.091  -8.087  54.905 0.0000000000
65599  15.343  -18.305  54.368 0.0000000000
64397  15.263  -19.006  53.633 0.0000000000
60962  7.833  -21.769  52.771 0.0000000000
62069  6.426  -21.829  54.758 0.0000000000
60946  5.906  -22.249  54.251 0.0000000000
58828  4.389  -24.549  48.676 0.0000000000
57615  4.989  -24.919  47.961 0.0000000000
60060  5.074  -23.638  45.232 0.0000000000
58859  4.803  -24.477  45.447 0.0000000000
58868  4.980  -24.569  44.683 0.0000000000
58867  5.080  -24.582  43.886 0.0000000000
63373  4.909  -20.463  45.489 0.0000000000
63398  5.186  -20.244  45.025 0.0000000000
62249  5.734  -22.286  43.020 0.0000000000
61112  5.717  -22.462  44.009 0.0000000000
60082  5.030  -23.683  42.800 0.0000000000
58890  4.849  -24.601  42.337 0.0000000000
60092  5.574  -23.624  41.769 0.0000000000
61139  6.812  -22.510  41.643 0.0000000000
58887  7.041  -24.357  41.159 0.0000000000
58886  8.004  -24.202  41.089 0.0000000000
57684  8.478  -24.949  40.879 0.0000000000
60089  8.208  -23.178  40.837 0.0000000000
74139  4.754  -12.131  48.633 0.0000000000
73004  4.010  -12.950  47.644 0.0000000000
74164  4.717  -12.856  47.160 0.0000000000
73024  5.434  -14.037  45.672 0.0000000000
73025  4.837  -14.608  45.712 0.0000000000
71866  4.928  -15.052  45.153 0.0000000000
69611  4.547  -15.942  44.844 0.0000000000
69610  4.817  -15.904  44.440 0.0000000000
73029  6.692  -13.331  43.966 0.0000000000
73030  6.202  -13.609  44.490 0.0000000000
67039  6.863  -17.329  43.208 0.0000000000
68425  6.464  -16.592  43.512 0.0000000000
67040  5.733  -17.432  43.484 0.0000000000
64583  7.260  -19.694  42.623 0.0000000000
64566  7.646  -19.105  42.829 0.0000000000
63470  9.123  -20.612  39.605 0.0000000000
63457  8.822  -20.379  40.568 0.0000000000
62260  8.892  -21.309  39.979 0.0000000000
61149  8.967  -22.553  39.801 0.0000000000
61160  8.667  -22.681  38.489 0.0000000000
61170  8.371  -23.336  37.933 0.0000000000
63483  6.900  -20.358  38.051 0.0000000000
62278  6.076  -21.407  37.240 0.0000000000
68452  5.649  -16.650  39.284 0.0000000000
65759  5.830  -17.697  38.936 0.0000000000
65760  5.670  -17.388  38.803 0.0000000000
64635  5.478  -19.053  37.400 0.0000000000
64623  5.483  -19.143  37.846 0.0000000000
63495  5.646  -20.139  37.256 0.0000000000
62283  5.689  -20.914  36.794 0.0000000000
84091  8.701  -3.226  43.944 0.0000000000
82902  9.642  -4.596  44.451 0.0000000000
82885  9.541  -5.010  45.030 0.0000000000
81601  9.729  -5.416  44.764 0.0000000000
80357  9.848  -6.430  44.829 0.0000000000
80371  10.245  -6.284  43.705 0.0000000000
79166  10.028  -7.278  42.403 0.0000000000
77877  10.405  -8.012  42.951 0.0000000000
76588  11.152  -9.724  43.150 0.0000000000
76605  10.899  -8.797  42.470 0.0000000000
76620  6.156  -9.209  41.265 0.0000000000
77906  6.616  -8.773  41.802 0.0000000000
77889  7.547  -8.180  41.896 0.0000000000
76607  8.357  -8.362  41.507 0.0000000000
76618  7.998  -9.039  41.523 0.0000000000
75436  10.243  -10.671  38.916 0.0000000000
75420  9.584  -10.001  39.977 0.0000000000
75419  10.976  -10.509  39.963 0.0000000000
75435  10.904  -11.106  39.093 0.0000000000
73092  10.945  -12.580  39.520 0.0000000000
73111  10.578  -12.304  38.397 0.0000000000
71961  8.936  -13.151  36.219 0.0000000000
71943  8.976  -13.827  36.640 0.0000000000
71963  7.370  -14.523  36.012 0.0000000000
71945  7.130  -14.974  37.001 0.0000000000
71964  6.472  -14.800  36.188 0.0000000000
74315  6.171  -12.241  35.979 0.0000000000
71751  7.431  -14.246  60.030 0.0000000000
71758  7.618  -13.734  59.600 0.0000000000
70629  10.212  -14.286  60.591 0.0000000000
69467  9.173  -15.080  60.618 0.0000000000
69474  8.971  -15.701  60.641 0.0000000000
70625  8.577  -14.970  60.553 0.0000000000
57708  6.355  -25.629  38.380 0.0000000000
64402  3.002  -19.482  52.934 0.0000000000
65616  2.799  -18.733  52.455 0.0000000000
68306  3.358  -17.188  54.223 0.0000000000
62045  4.392  -20.508  55.573 0.0000000000
63229  3.988  -20.179  55.309 0.0000000000
70713  2.931  -14.801  47.684 0.0000000000
69572  2.857  -15.763  47.138 0.0000000000
74193  9.177  -11.940  43.661 0.0000000000
74194  8.158  -11.768  43.764 0.0000000000
74228  8.520  -12.722  42.362 0.0000000000
73073  7.434  -13.898  40.793 0.0000000000
73072  8.228  -13.517  40.821 0.0000000000
73094  8.784  -13.667  39.730 0.0000000000
66893  4.559  -17.199  57.440 0.0000000000
68286  4.184  -16.400  56.970 0.0000000000
72933  5.956  -12.647  58.481 0.0000000000
74046  5.808  -11.632  58.481 0.0000000000
75233  6.293  -10.829  58.718 0.0000000000
66890  14.373  -16.314  56.574 0.0000000000
66897  14.285  -16.821  56.170 0.0000000000
66891  13.387  -16.752  57.025 0.0000000000
65577  12.893  -17.229  56.922 0.0000000000
65563  10.687  -17.144  58.625 0.0000000000
65571  11.169  -17.514  57.967 0.0000000000
64371  10.897  -18.806  56.923 0.0000000000
64374  8.720  -19.190  57.165 0.0000000000
65574  5.968  -18.470  58.546 0.0000000000
64370  5.728  -18.871  58.105 0.0000000000
65581  5.206  -18.448  57.770 0.0000000000
65576  4.895  -17.834  57.808 0.0000000000
77801  6.511  -10.057  51.277 0.0000000000
77800  7.284  -9.392  50.867 0.0000000000
77812  7.397  -9.417  50.125 0.0000000000
80332  9.723  -7.572  48.422 0.0000000000
79105  9.783  -8.025  47.626 0.0000000000
77843  9.574  -8.676  46.523 0.0000000000
77851  9.985  -8.267  44.989 0.0000000000
70641  18.165  -13.996  57.890 0.0000000000
69492  16.701  -14.992  57.403 0.0000000000
72913  12.722  -12.110  58.291 0.0000000000
66935  2.740  -17.873  51.191 0.0000000000
70665  3.197  -14.884  56.129 0.0000000000
70660  3.121  -14.194  55.955 0.0000000000
75276  3.613  -10.683  55.801 0.0000000000
76472  3.708  -10.231  55.085 0.0000000000
76480  2.977  -10.252  54.338 0.0000000000
76487  3.240  -10.381  53.427 0.0000000000
76486  4.127  -10.376  53.224 0.0000000000
77782  4.776  -10.262  52.893 0.0000000000
77773  5.542  -9.734  53.474 0.0000000000
79059  5.848  -9.580  53.401 0.0000000000
64398  14.068  -19.073  53.359 0.0000000000
62067  7.775  -20.778  54.123 0.0000000000
60945  6.939  -22.228  54.174 0.0000000000
60965  5.387  -22.530  53.666 0.0000000000
59989  3.397  -23.177  51.046 0.0000000000
60011  3.709  -23.756  49.257 0.0000000000
61088  4.538  -22.592  46.491 0.0000000000
61099  4.914  -22.582  45.768 0.0000000000
65696  4.201  -19.142  44.554 0.0000000000
63397  5.466  -20.522  44.478 0.0000000000
61140  5.910  -22.583  41.897 0.0000000000
62247  6.536  -21.701  42.262 0.0000000000
62246  7.351  -21.567  41.755 0.0000000000
74150  5.754  -12.262  47.814 0.0000000000
74163  5.287  -12.756  47.111 0.0000000000
73016  5.127  -13.297  45.963 0.0000000000
73023  5.404  -13.364  45.589 0.0000000000
71873  6.976  -14.659  42.654 0.0000000000
70746  6.698  -15.407  43.147 0.0000000000
70745  6.828  -15.617  42.753 0.0000000000
68424  7.192  -16.547  42.733 0.0000000000
67038  7.727  -17.354  42.693 0.0000000000
65708  8.167  -18.242  42.736 0.0000000000
67036  8.683  -17.939  41.448 0.0000000000
63480  9.046  -20.390  38.915 0.0000000000
63481  8.575  -20.575  38.365 0.0000000000
64619  8.337  -19.817  38.482 0.0000000000
64620  7.459  -19.644  38.492 0.0000000000
64621  6.540  -19.257  38.560 0.0000000000
69640  5.206  -15.982  38.749 0.0000000000
67086  5.507  -17.089  38.781 0.0000000000
67099  5.188  -17.097  38.088 0.0000000000
82919  9.134  -4.261  42.717 0.0000000000
81625  9.671  -5.385  42.958 0.0000000000
80381  9.912  -6.307  42.878 0.0000000000
79153  9.780  -6.709  42.462 0.0000000000
76632  5.788  -9.629  40.562 0.0000000000
76631  6.678  -9.591  40.677 0.0000000000
76630  7.632  -9.492  40.681 0.0000000000
75437  9.009  -10.569  38.976 0.0000000000
74277  9.204  -10.982  38.092 0.0000000000
74289  9.634  -11.605  37.445 0.0000000000
74290  8.696  -11.567  37.322 0.0000000000
73125  8.400  -12.545  36.337 0.0000000000
71975  7.430  -13.132  35.299 0.0000000000
69482  5.826  -15.422  59.243 0.0000000000
71760  6.232  -13.947  59.349 0.0000000000
71759  6.905  -13.999  59.482 0.0000000000
71779  6.591  -13.059  58.277 0.0000000000
68265  11.618  -16.212  59.068 0.0000000000
68266  11.091  -16.477  59.509 0.0000000000
66879  9.914  -17.486  59.337 0.0000000000
65565  9.373  -18.043  59.005 0.0000000000
64361  9.202  -18.231  58.481 0.0000000000
65561  8.528  -18.016  60.053 0.0000000000
68261  7.913  -16.482  60.482 0.0000000000
66875  6.999  -17.210  60.153 0.0000000000
68267  6.666  -16.888  59.997 0.0000000000
68268  6.292  -16.385  59.622 0.0000000000
80284  8.978  -7.662  51.586 0.0000000000
81549  9.764  -6.177  49.841 0.0000000000
82832  9.956  -5.427  50.365 0.0000000000
81572  9.658  -5.716  47.707 0.0000000000
63268  2.746  -20.777  50.101 0.0000000000
75251  4.317  -11.242  57.801 0.0000000000
75252  4.131  -10.904  57.361 0.0000000000
75236  4.116  -10.293  57.686 0.0000000000
76455  4.208  -10.007  57.097 0.0000000000
77741  4.092  -8.064  58.070 0.0000000000
77742  4.093  -8.729  57.336 0.0000000000
77751  4.454  -9.408  56.448 0.0000000000
79025  4.745  -8.557  56.552 0.0000000000
79032  6.074  -8.420  56.393 0.0000000000
79031  6.609  -8.351  55.967 0.0000000000
80259  6.192  -7.749  56.372 0.0000000000
62058  4.465  -20.782  55.132 0.0000000000
60947  4.946  -22.176  54.170 0.0000000000
60966  4.526  -22.209  53.372 0.0000000000
60986  4.347  -22.505  52.819 0.0000000000
60987  3.773  -22.374  52.610 0.0000000000
60988  3.116  -22.125  52.330 0.0000000000
65665  3.525  -18.803  46.864 0.0000000000
65673  4.115  -18.757  46.088 0.0000000000
65683  4.214  -18.812  45.249 0.0000000000
67008  3.912  -17.802  45.561 0.0000000000
67023  3.749  -17.925  44.621 0.0000000000
65695  4.025  -18.714  43.879 0.0000000000
67022  4.149  -17.576  43.841 0.0000000000
74160  7.830  -12.175  46.652 0.0000000000
74173  7.195  -12.589  45.829 0.0000000000
74185  7.360  -12.533  44.880 0.0000000000
74196  6.914  -13.079  44.236 0.0000000000
74209  7.207  -12.784  43.622 0.0000000000
74208  7.566  -12.532  43.086 0.0000000000
73042  7.075  -13.336  43.168 0.0000000000
70752  6.951  -15.361  41.660 0.0000000000
68435  6.361  -16.229  40.815 0.0000000000
67072  6.065  -16.760  40.097 0.0000000000
69628  6.249  -15.874  40.660 0.0000000000
69633  5.640  -15.931  39.642 0.0000000000
73074  6.807  -14.257  40.429 0.0000000000
71883  6.074  -14.455  39.988 0.0000000000
69639  5.516  -15.799  39.177 0.0000000000
70770  5.449  -15.420  38.742 0.0000000000
70771  4.696  -15.422  38.219 0.0000000000
71925  4.316  -15.090  37.899 0.0000000000
74249  4.624  -11.104  39.876 0.0000000000
74280  5.916  -11.184  38.314 0.0000000000
74293  5.732  -11.460  37.362 0.0000000000
74307  3.946  -11.235  36.423 0.0000000000
56468  8.425  -26.770  39.501 0.0000000000
65595  3.555  -18.400  55.201 0.0000000000
69502  3.726  -15.484  56.560 0.0000000000
70647  4.876  -14.286  58.469 0.0000000000
71780  4.707  -13.359  58.166 0.0000000000
72934  4.492  -12.518  57.764 0.0000000000
74066  4.181  -11.752  57.481 0.0000000000
76443  5.277  -9.229  58.922 0.0000000000
75224  6.146  -9.944  59.101 0.0000000000
66903  16.342  -16.929  55.086 0.0000000000
65598  16.297  -17.665  54.506 0.0000000000
65590  15.873  -17.237  54.992 0.0000000000
65600  14.662  -18.471  54.507 0.0000000000
65592  14.276  -18.104  55.154 0.0000000000
64391  13.145  -18.570  54.187 0.0000000000
68273  12.802  -16.282  58.164 0.0000000000
66892  12.720  -17.119  57.286 0.0000000000
65570  11.801  -17.208  57.732 0.0000000000
65594  12.808  -18.474  55.490 0.0000000000
64392  11.928  -18.505  53.966 0.0000000000
63228  9.080  -20.604  55.232 0.0000000000
63222  6.871  -20.589  56.519 0.0000000000
64362  8.794  -18.375  58.533 0.0000000000
63208  8.006  -19.425  57.803 0.0000000000
63209  7.471  -19.614  57.793 0.0000000000
63214  7.275  -20.091  57.172 0.0000000000
63223  5.899  -20.618  56.521 0.0000000000
63217  4.673  -19.814  56.484 0.0000000000
64382  3.639  -19.015  55.672 0.0000000000
75335  4.268  -11.528  49.995 0.0000000000
74130  4.569  -11.852  49.412 0.0000000000
75345  5.157  -11.645  49.275 0.0000000000
74138  5.465  -11.914  48.629 0.0000000000
76532  5.769  -10.313  49.953 0.0000000000
75344  5.900  -11.099  49.449 0.0000000000
74137  6.316  -11.841  48.699 0.0000000000
74149  6.697  -12.259  47.838 0.0000000000
74148  7.643  -11.941  47.646 0.0000000000
80304  8.454  -7.967  50.396 0.0000000000
79095  7.916  -8.904  49.694 0.0000000000
77822  8.281  -9.011  49.108 0.0000000000
77835  7.968  -9.663  48.872 0.0000000000
76551  8.137  -10.298  48.559 0.0000000000
74159  8.908  -12.030  46.608 0.0000000000
74171  9.016  -12.120  45.581 0.0000000000
74170  9.791  -11.503  45.343 0.0000000000
74182  9.987  -11.823  44.489 0.0000000000
74181  10.653  -11.272  44.061 0.0000000000
74191  11.010  -11.505  43.215 0.0000000000
72916  9.076  -12.734  58.074 0.0000000000
72929  9.171  -12.797  56.746 0.0000000000
65597  17.194  -17.407  54.178 0.0000000000
70648  20.173  -13.922  56.952 0.0000000000
68281  18.944  -16.030  55.917 0.0000000000
68291  18.429  -16.284  55.244 0.0000000000
66901  17.907  -16.400  55.087 0.0000000000
66902  17.272  -16.452  55.251 0.0000000000
66909  16.739  -17.218  54.561 0.0000000000
69493  15.854  -15.335  57.191 0.0000000000
68277  15.413  -15.765  56.612 0.0000000000
68278  14.670  -15.904  57.030 0.0000000000
68271  14.331  -15.750  57.830 0.0000000000
69486  13.595  -15.115  58.501 0.0000000000
72910  15.540  -12.677  58.344 0.0000000000
71767  14.669  -13.484  58.430 0.0000000000
70646  13.739  -14.481  58.684 0.0000000000
69478  13.079  -14.842  58.809 0.0000000000
70637  12.526  -14.337  59.195 0.0000000000
71745  11.979  -13.824  59.514 0.0000000000
72901  12.051  -12.733  58.631 0.0000000000
71755  11.641  -12.966  59.287 0.0000000000
71746  11.602  -13.541  59.807 0.0000000000
72896  10.867  -12.776  59.679 0.0000000000
60031  4.359  -23.509  47.468 0.0000000000
61073  4.194  -22.619  47.176 0.0000000000
63315  3.812  -20.833  47.102 0.0000000000
65639  3.070  -18.770  49.827 0.0000000000
64474  3.059  -19.871  48.339 0.0000000000
66910  3.488  -17.665  54.650 0.0000000000
68300  3.060  -16.131  54.167 0.0000000000
69509  2.913  -15.114  55.199 0.0000000000
69514  2.948  -15.569  54.685 0.0000000000
74078  3.091  -11.959  56.138 0.0000000000
72954  2.665  -12.557  55.113 0.0000000000
75277  3.156  -10.867  55.324 0.0000000000
72959  2.640  -12.914  54.583 0.0000000000
71798  2.498  -13.727  53.376 0.0000000000
74100  2.556  -11.828  52.269 0.0000000000
74122  3.232  -12.323  50.478 0.0000000000
74121  3.718  -11.814  50.214 0.0000000000
75320  4.343  -11.238  50.969 0.0000000000
77802  5.786  -10.526  51.562 0.0000000000
77790  5.536  -10.458  52.208 0.0000000000
77789  6.267  -10.134  52.213 0.0000000000
77788  6.982  -9.445  51.825 0.0000000000
79040  6.667  -8.453  55.456 0.0000000000
80273  7.215  -8.065  54.359 0.0000000000
80272  7.426  -7.930  53.903 0.0000000000
81521  7.879  -7.390  54.110 0.0000000000
80278  8.611  -7.565  52.695 0.0000000000
65605  16.277  -18.336  53.840 0.0000000000
64410  16.111  -18.993  52.587 0.0000000000
64411  15.076  -19.037  52.454 0.0000000000
60963  7.157  -22.335  53.262 0.0000000000
63350  4.432  -20.700  45.987 0.0000000000
62211  4.929  -21.508  45.590 0.0000000000
61113  5.441  -22.578  44.866 0.0000000000
62221  5.704  -21.648  44.478 0.0000000000
58877  4.945  -24.547  43.095 0.0000000000
57675  4.914  -25.418  42.686 0.0000000000
57694  8.921  -25.501  39.601 0.0000000000
74153  3.999  -12.825  48.386 0.0000000000
71846  3.944  -14.473  46.520 0.0000000000
73018  4.713  -14.222  46.338 0.0000000000
70732  4.178  -15.330  45.427 0.0000000000
69599  4.373  -15.996  45.191 0.0000000000
65694  4.662  -18.352  43.568 0.0000000000
73031  5.566  -14.320  44.867 0.0000000000
70738  5.993  -15.266  43.964 0.0000000000
70739  5.390  -15.290  44.418 0.0000000000
68411  5.460  -16.780  43.668 0.0000000000
65711  5.189  -18.023  43.422 0.0000000000
65693  5.165  -18.452  43.433 0.0000000000
63419  6.671  -20.089  42.844 0.0000000000
63440  6.996  -20.479  42.452 0.0000000000
62245  7.964  -21.641  41.173 0.0000000000
63438  8.486  -20.155  41.078 0.0000000000
63458  8.428  -20.789  40.800 0.0000000000
61137  8.216  -22.240  40.902 0.0000000000
60105  8.709  -23.305  40.286 0.0000000000
60115  9.254  -24.408  39.588 0.0000000000
57706  8.419  -25.303  38.902 0.0000000000
58919  8.051  -24.708  38.392 0.0000000000
58920  7.063  -24.640  38.573 0.0000000000
60127  6.915  -23.669  38.114 0.0000000000
67084  6.071  -17.464  39.578 0.0000000000
65771  6.047  -18.791  38.621 0.0000000000
64622  5.798  -19.320  38.185 0.0000000000
63494  5.846  -20.580  37.318 0.0000000000
84047  9.883  -3.218  47.383 0.0000000000
82856  9.488  -4.435  47.006 0.0000000000
82886  9.328  -4.396  45.421 0.0000000000
80358  9.321  -6.582  45.510 0.0000000000
79127  9.864  -7.369  44.957 0.0000000000
77863  10.442  -8.111  43.996 0.0000000000
76574  10.934  -9.947  44.084 0.0000000000
74203  11.599  -11.436  41.834 0.0000000000
77888  8.727  -7.874  41.511 0.0000000000
77903  9.699  -8.151  41.288 0.0000000000
76629  8.653  -9.258  40.579 0.0000000000
76628  9.604  -9.154  40.638 0.0000000000
76616  10.344  -8.809  41.282 0.0000000000
75409  11.220  -10.029  41.161 0.0000000000
75408  11.625  -10.875  41.525 0.0000000000
73068  11.487  -12.003  40.891 0.0000000000
73069  11.113  -12.523  40.675 0.0000000000
73093  9.855  -13.295  39.634 0.0000000000
71895  9.453  -13.886  38.674 0.0000000000
71919  9.811  -13.385  37.454 0.0000000000
71920  8.922  -14.421  37.677 0.0000000000
71921  7.814  -14.857  37.923 0.0000000000
71947  5.168  -15.042  37.203 0.0000000000
74304  6.481  -12.048  36.517 0.0000000000
73127  6.612  -12.409  35.920 0.0000000000
70806  6.006  -14.316  35.603 0.0000000000
71966  4.662  -14.497  36.288 0.0000000000
69651  2.934  -15.607  36.948 0.0000000000
56470  6.936  -27.374  38.880 0.0000000000
56485  7.347  -26.488  38.774 0.0000000000
57682  9.490  -25.273  40.040 0.0000000000
57693  9.449  -25.171  39.790 0.0000000000
57696  7.660  -26.363  38.813 0.0000000000
57705  8.909  -25.059  39.079 0.0000000000
58899  9.645  -24.943  39.902 0.0000000000
58901  8.790  -24.240  40.572 0.0000000000
58909  9.413  -24.904  39.633 0.0000000000
58910  9.140  -24.719  39.267 0.0000000000
58918  8.773  -24.581  38.776 0.0000000000
60090  7.312  -23.342  41.164 0.0000000000
60103  9.449  -24.591  39.856 0.0000000000
60104  9.199  -23.927  39.948 0.0000000000
60125  8.578  -23.839  38.341 0.0000000000
60126  7.775  -23.884  38.109 0.0000000000
61128  5.559  -22.778  43.249 0.0000000000
61150  8.544  -22.546  40.487 0.0000000000
62235  6.172  -21.398  43.323 0.0000000000
62271  8.613  -21.476  38.261 0.0000000000
62275  8.092  -20.976  37.882 0.0000000000
63421  6.093  -20.766  43.501 0.0000000000
63439  8.024  -20.591  41.256 0.0000000000
63442  6.192  -21.319  43.190 0.0000000000
63456  9.139  -20.161  40.339 0.0000000000
63469  9.215  -20.278  40.124 0.0000000000
63471  8.897  -20.941  38.868 0.0000000000
64396  16.164  -18.590  53.288 0.0000000000
64555  4.960  -19.713  44.653 0.0000000000
64565  8.352  -19.033  42.356 0.0000000000
64567  6.716  -19.512  43.044 0.0000000000
64570  5.003  -19.665  43.955 0.0000000000
64581  8.574  -19.523  41.396 0.0000000000
64592  9.278  -19.884  40.180 0.0000000000
64603  9.386  -20.088  39.787 0.0000000000
64604  9.052  -19.565  39.328 0.0000000000
64605  8.126  -19.166  38.895 0.0000000000
64606  7.320  -18.953  38.984 0.0000000000
64618  8.856  -20.046  38.649 0.0000000000
65707  8.793  -18.441  41.977 0.0000000000
65723  8.755  -18.617  41.046 0.0000000000
65738  8.585  -18.585  40.050 0.0000000000
65739  7.849  -18.207  39.947 0.0000000000
65740  7.167  -18.060  40.111 0.0000000000
65757  7.214  -18.460  39.507 0.0000000000
65758  6.393  -18.177  39.377 0.0000000000
66874  7.694  -17.354  60.292 0.0000000000
66880  7.237  -17.782  60.047 0.0000000000
66883  5.229  -16.857  58.752 0.0000000000
66908  17.183  -16.896  54.548 0.0000000000
67021  4.872  -17.437  43.527 0.0000000000
67037  8.417  -17.553  42.071 0.0000000000
67053  8.089  -17.613  41.214 0.0000000000
67068  8.206  -18.143  40.326 0.0000000000
67070  7.294  -17.598  40.742 0.0000000000
67085  5.826  -17.041  39.495 0.0000000000
67113  5.039  -17.133  37.520 0.0000000000
68283  17.440  -16.185  56.033 0.0000000000
68290  19.188  -16.154  55.159 0.0000000000
68443  6.285  -16.572  40.545 0.0000000000
68445  5.632  -16.326  39.364 0.0000000000
68453  5.386  -16.503  38.810 0.0000000000
69468  8.959  -15.186  60.621 0.0000000000
69469  8.614  -15.322  60.595 0.0000000000
69470  12.125  -14.800  59.497 0.0000000000
69475  8.254  -15.656  60.593 0.0000000000
69477  6.680  -15.579  60.165 0.0000000000
69621  6.899  -15.976  42.680 0.0000000000
69627  6.841  -15.900  41.566 0.0000000000
70624  9.020  -14.863  60.642 0.0000000000
70631  8.588  -14.434  60.564 0.0000000000
70740  4.705  -15.385  44.965 0.0000000000
70761  5.609  -15.439  39.526 0.0000000000
70762  5.248  -15.858  39.025 0.0000000000
70772  3.622  -15.274  38.184 0.0000000000
70785  3.774  -14.834  38.042 0.0000000000
70786  3.015  -14.758  37.594 0.0000000000
70803  7.618  -13.752  35.446 0.0000000000
70805  6.708  -14.344  35.513 0.0000000000
70821  7.399  -13.598  35.287 0.0000000000
70823  6.159  -13.983  35.272 0.0000000000
70824  5.838  -14.061  35.349 0.0000000000
71763  18.795  -13.314  58.015 0.0000000000
71768  7.851  -13.310  59.191 0.0000000000
71852  4.278  -14.762  45.821 0.0000000000
71858  5.122  -14.705  45.300 0.0000000000
71897  7.324  -14.592  38.995 0.0000000000
71900  5.762  -15.052  39.300 0.0000000000
71918  10.296  -12.807  37.951 0.0000000000
71942  9.340  -13.174  36.657 0.0000000000
71946  6.130  -15.006  37.160 0.0000000000
71960  9.193  -12.895  36.490 0.0000000000
71962  8.059  -13.624  35.691 0.0000000000
71965  5.570  -14.705  36.224 0.0000000000
72898  9.311  -12.962  60.093 0.0000000000
72946  2.858  -12.646  55.825 0.0000000000
73005  3.750  -13.176  47.907 0.0000000000
73010  4.166  -13.001  47.233 0.0000000000
73037  11.529  -11.781  41.739 0.0000000000
73038  11.445  -11.986  41.857 0.0000000000
73047  11.505  -11.853  41.490 0.0000000000
73048  11.244  -12.285  41.410 0.0000000000
73050  9.646  -12.871  41.643 0.0000000000
73091  11.486  -12.066  40.190 0.0000000000
73096  6.937  -14.221  39.805 0.0000000000
73112  10.171  -12.295  37.565 0.0000000000
73119  8.665  -12.103  36.808 0.0000000000
73124  8.981  -12.769  36.443 0.0000000000
73126  7.296  -12.598  35.807 0.0000000000
73137  6.486  -12.694  35.479 0.0000000000
74131  3.960  -12.119  49.483 0.0000000000
74152  4.314  -12.752  47.937 0.0000000000
74175  5.485  -13.258  46.272 0.0000000000
74176  5.001  -12.978  46.662 0.0000000000
74197  6.507  -13.350  44.771 0.0000000000
74204  11.331  -11.776  42.431 0.0000000000
74226  11.553  -11.454  41.151 0.0000000000
74227  9.072  -12.908  42.164 0.0000000000
74229  7.994  -12.581  42.604 0.0000000000
74246  11.520  -11.566  40.420 0.0000000000
74247  11.429  -11.120  40.186 0.0000000000
74248  5.268  -11.094  39.697 0.0000000000
74260  11.387  -11.558  39.725 0.0000000000
74261  10.201  -10.840  38.454 0.0000000000
74262  9.839  -10.757  38.439 0.0000000000
74263  7.687  -10.821  38.831 0.0000000000
74264  7.202  -10.826  38.908 0.0000000000
74266  5.180  -11.081  39.167 0.0000000000
74275  10.995  -11.695  38.837 0.0000000000
74276  10.365  -11.261  38.197 0.0000000000
74302  8.193  -11.899  36.858 0.0000000000
74316  5.794  -12.280  35.732 0.0000000000
75351  8.954  -11.103  47.909 0.0000000000
75376  11.060  -10.620  43.565 0.0000000000
75390  11.705  -10.959  41.931 0.0000000000
75391  11.539  -10.578  42.388 0.0000000000
75418  11.439  -10.915  40.730 0.0000000000
75423  6.318  -10.181  40.165 0.0000000000
75450  10.743  -11.287  38.682 0.0000000000
75452  8.668  -10.846  38.553 0.0000000000
75453  8.386  -10.763  38.775 0.0000000000
76502  4.442  -11.078  51.949 0.0000000000
76503  3.976  -10.913  52.268 0.0000000000
76606  8.651  -8.205  41.356 0.0000000000
76615  11.252  -9.447  41.937 0.0000000000
77890  6.310  -7.955  42.026 0.0000000000
77904  9.345  -7.950  41.339 0.0000000000
77905  7.270  -8.881  41.751 0.0000000000
79016  4.356  -7.616  57.449 0.0000000000
79048  7.142  -8.259  53.921 0.0000000000
79083  8.286  -8.105  49.846 0.0000000000
80257  7.419  -7.626  55.223 0.0000000000
80395  8.901  -6.481  41.935 0.0000000000
82903  9.339  -3.752  44.535 0.0000000000
