#!ascii label  , from subject 3218 vox2ras=TkReg
435
30590  47.791  -47.489  -6.801 0.0000000000
29357  46.116  -48.918  -11.713 0.0000000000
20437  43.862  -55.543  -3.034 0.0000000000
26717  38.914  -50.857  -5.665 0.0000000000
24254  47.341  -52.697  -8.647 0.0000000000
21741  42.723  -54.517  -7.317 0.0000000000
21783  45.738  -54.443  -8.609 0.0000000000
28027  41.919  -49.164  -9.243 0.0000000000
29312  37.597  -47.812  -7.793 0.0000000000
25460  44.878  -51.434  -3.923 0.0000000000
24175  40.443  -52.863  -3.502 0.0000000000
24238  42.117  -51.975  -7.132 0.0000000000
28023  46.882  -49.768  -9.856 0.0000000000
25565  51.411  -51.634  -11.207 0.0000000000
34370  53.753  -44.450  -6.277 0.0000000000
27961  50.292  -49.572  -6.660 0.0000000000
22986  47.725  -53.282  -3.884 0.0000000000
32007  39.966  -46.805  -5.412 0.0000000000
19289  43.003  -55.395  -8.548 0.0000000000
29323  44.782  -48.510  -9.933 0.0000000000
30654  41.524  -47.977  -10.030 0.0000000000
24171  44.855  -52.976  -3.445 0.0000000000
21694  42.170  -54.912  -3.388 0.0000000000
23032  44.778  -53.486  -7.232 0.0000000000
23009  42.400  -53.589  -6.964 0.0000000000
25509  45.228  -52.122  -7.749 0.0000000000
26763  45.328  -50.561  -8.877 0.0000000000
25556  47.058  -51.311  -9.128 0.0000000000
28042  51.859  -50.481  -12.236 0.0000000000
26710  51.578  -50.687  -6.001 0.0000000000
25483  48.492  -51.177  -4.955 0.0000000000
25455  50.024  -51.657  -4.454 0.0000000000
27896  39.975  -50.194  -3.715 0.0000000000
29213  38.933  -48.821  -4.662 0.0000000000
32085  37.590  -46.442  -9.488 0.0000000000
33285  37.413  -45.658  -7.254 0.0000000000
19267  43.283  -57.476  -5.476 0.0000000000
20481  42.326  -56.203  -4.870 0.0000000000
19278  42.322  -56.624  -6.971 0.0000000000
21761  44.358  -54.648  -7.825 0.0000000000
21781  46.733  -53.808  -8.270 0.0000000000
26768  40.421  -50.236  -7.735 0.0000000000
29262  37.958  -49.291  -6.593 0.0000000000
29310  39.176  -48.800  -8.462 0.0000000000
30656  39.565  -47.649  -9.579 0.0000000000
29387  48.844  -48.871  -13.805 0.0000000000
27933  46.924  -49.414  -5.570 0.0000000000
26666  41.578  -51.078  -3.230 0.0000000000
24197  39.545  -52.081  -4.670 0.0000000000
21714  41.248  -54.907  -5.184 0.0000000000
22997  40.547  -53.346  -5.887 0.0000000000
25496  40.553  -51.596  -6.813 0.0000000000
26766  41.927  -50.521  -8.331 0.0000000000
28003  44.762  -49.788  -9.049 0.0000000000
28037  47.395  -49.493  -10.726 0.0000000000
24266  49.807  -52.277  -9.477 0.0000000000
26787  49.871  -51.025  -10.044 0.0000000000
28035  49.871  -49.991  -11.002 0.0000000000
29354  48.953  -49.204  -12.466 0.0000000000
33251  51.474  -45.053  -6.900 0.0000000000
32055  50.380  -46.626  -7.547 0.0000000000
30614  52.888  -47.447  -7.923 0.0000000000
29256  49.740  -48.651  -6.919 0.0000000000
26714  47.660  -50.419  -5.184 0.0000000000
24195  46.874  -52.232  -4.196 0.0000000000
20456  45.347  -55.381  -3.053 0.0000000000
19245  46.847  -56.150  -4.361 0.0000000000
19247  44.904  -56.780  -4.523 0.0000000000
32009  37.826  -47.028  -5.396 0.0000000000
32057  48.818  -46.586  -7.258 0.0000000000
32027  47.653  -46.446  -6.884 0.0000000000
30591  46.916  -47.315  -6.656 0.0000000000
29339  45.485  -48.670  -10.685 0.0000000000
29340  44.222  -48.265  -10.741 0.0000000000
21673  44.215  -54.404  -2.835 0.0000000000
22942  43.587  -53.994  -2.831 0.0000000000
21693  42.902  -55.388  -3.429 0.0000000000
24234  45.833  -52.903  -7.363 0.0000000000
24235  44.722  -52.918  -7.290 0.0000000000
25508  46.237  -52.184  -7.891 0.0000000000
25532  46.542  -51.675  -8.612 0.0000000000
25531  47.284  -52.045  -8.838 0.0000000000
24363  52.349  -51.809  -13.687 0.0000000000
25481  50.451  -51.172  -5.177 0.0000000000
26669  39.285  -50.538  -4.058 0.0000000000
27910  39.320  -49.752  -4.182 0.0000000000
26690  38.435  -49.933  -5.195 0.0000000000
34412  37.479  -44.712  -9.009 0.0000000000
19268  42.474  -57.120  -5.862 0.0000000000
20529  44.060  -54.806  -8.752 0.0000000000
20513  43.528  -54.898  -8.285 0.0000000000
20511  45.082  -54.749  -8.206 0.0000000000
21760  45.430  -54.486  -7.854 0.0000000000
21782  46.280  -54.142  -8.362 0.0000000000
28006  41.272  -49.627  -8.714 0.0000000000
28007  40.123  -49.689  -8.061 0.0000000000
29308  41.053  -49.110  -9.012 0.0000000000
30655  40.570  -47.859  -9.775 0.0000000000
30678  40.150  -47.376  -10.164 0.0000000000
32099  39.374  -47.115  -10.532 0.0000000000
26716  45.811  -50.197  -4.876 0.0000000000
27904  45.183  -49.810  -4.836 0.0000000000
26685  44.097  -50.677  -4.116 0.0000000000
25436  39.972  -51.694  -3.428 0.0000000000
20493  41.608  -55.287  -5.940 0.0000000000
20482  41.634  -55.518  -5.036 0.0000000000
20503  41.780  -54.850  -6.636 0.0000000000
24217  42.020  -52.673  -6.842 0.0000000000
23010  41.479  -53.369  -6.554 0.0000000000
24218  40.802  -52.643  -6.460 0.0000000000
25495  41.390  -51.980  -7.010 0.0000000000
25514  41.120  -51.401  -7.322 0.0000000000
26742  42.861  -51.277  -7.738 0.0000000000
26790  46.338  -50.448  -9.234 0.0000000000
26764  44.317  -50.460  -8.687 0.0000000000
28002  45.342  -49.863  -9.132 0.0000000000
28024  45.575  -49.296  -9.533 0.0000000000
21868  49.462  -53.981  -13.552 0.0000000000
24294  51.921  -52.380  -12.014 0.0000000000
24295  51.237  -52.238  -11.942 0.0000000000
24263  51.150  -51.809  -11.198 0.0000000000
25552  50.821  -51.584  -10.486 0.0000000000
25554  49.352  -51.616  -9.506 0.0000000000
26796  51.114  -50.877  -10.533 0.0000000000
28056  51.847  -50.332  -12.724 0.0000000000
28044  50.625  -49.745  -11.564 0.0000000000
28057  51.056  -49.522  -12.828 0.0000000000
28045  49.256  -49.500  -11.758 0.0000000000
28058  50.007  -49.441  -12.495 0.0000000000
35597  53.315  -43.474  -6.401 0.0000000000
33250  52.502  -45.029  -7.004 0.0000000000
33280  50.901  -45.859  -7.323 0.0000000000
33279  51.950  -45.883  -7.299 0.0000000000
29286  52.701  -48.976  -7.954 0.0000000000
30613  53.394  -47.640  -7.523 0.0000000000
30637  52.282  -48.138  -8.113 0.0000000000
29289  50.298  -48.091  -7.297 0.0000000000
29255  50.687  -48.888  -7.112 0.0000000000
27932  48.043  -49.618  -5.645 0.0000000000
27931  49.014  -49.732  -5.896 0.0000000000
24194  47.628  -52.638  -4.171 0.0000000000
25484  47.703  -51.215  -4.840 0.0000000000
24169  46.701  -52.774  -3.798 0.0000000000
22963  46.429  -53.622  -3.323 0.0000000000
18050  47.173  -57.540  -6.034 0.0000000000
18030  46.529  -57.020  -5.160 0.0000000000
19246  45.855  -56.596  -4.407 0.0000000000
29294  37.666  -48.217  -7.251 0.0000000000
29263  37.662  -48.748  -6.394 0.0000000000
30597  37.464  -47.714  -6.475 0.0000000000
33263  38.684  -45.420  -6.253 0.0000000000
28026  43.019  -49.008  -9.231 0.0000000000
25431  45.317  -52.244  -3.677 0.0000000000
25461  44.209  -51.348  -3.806 0.0000000000
24172  43.846  -53.036  -3.224 0.0000000000
22968  41.189  -54.003  -3.347 0.0000000000
23008  43.457  -53.767  -7.203 0.0000000000
21742  41.716  -54.139  -6.661 0.0000000000
24215  44.013  -53.254  -7.189 0.0000000000
24236  43.700  -52.517  -7.318 0.0000000000
25510  44.223  -52.021  -7.724 0.0000000000
25535  43.849  -51.426  -7.910 0.0000000000
25534  44.553  -51.283  -8.230 0.0000000000
26762  46.045  -51.118  -8.901 0.0000000000
26789  47.556  -50.639  -9.532 0.0000000000
25570  51.574  -51.143  -11.230 0.0000000000
25606  52.429  -51.445  -12.920 0.0000000000
26818  52.352  -50.891  -13.213 0.0000000000
26727  51.045  -50.263  -6.449 0.0000000000
26728  50.351  -50.242  -6.212 0.0000000000
26711  50.807  -50.672  -5.815 0.0000000000
25456  49.099  -51.745  -4.440 0.0000000000
24193  48.687  -52.513  -4.037 0.0000000000
30559  40.124  -48.205  -4.631 0.0000000000
30574  39.592  -47.558  -4.914 0.0000000000
30640  37.567  -47.307  -8.424 0.0000000000
32059  37.118  -46.507  -7.748 0.0000000000
33295  37.265  -45.525  -8.484 0.0000000000
34411  37.777  -44.361  -8.292 0.0000000000
20480  43.047  -56.341  -4.399 0.0000000000
20459  42.624  -55.745  -3.932 0.0000000000
20492  41.946  -56.128  -5.935 0.0000000000
20502  42.174  -55.527  -6.985 0.0000000000
20514  42.890  -55.036  -7.738 0.0000000000
21763  43.037  -54.744  -7.647 0.0000000000
21739  44.778  -54.334  -7.551 0.0000000000
23030  46.213  -53.715  -7.570 0.0000000000
26730  39.319  -50.767  -6.548 0.0000000000
26731  38.700  -50.378  -6.196 0.0000000000
27987  39.292  -49.879  -7.309 0.0000000000
29292  39.070  -49.288  -7.714 0.0000000000
29326  41.140  -48.642  -9.386 0.0000000000
29328  39.448  -48.199  -9.081 0.0000000000
30639  38.327  -47.964  -8.870 0.0000000000
30658  38.000  -47.360  -9.306 0.0000000000
32100  38.186  -46.451  -10.748 0.0000000000
29372  47.604  -48.720  -12.807 0.0000000000
29224  46.866  -48.670  -6.043 0.0000000000
29259  46.451  -47.989  -6.243 0.0000000000
29225  46.091  -48.642  -5.816 0.0000000000
26668  39.748  -50.822  -3.714 0.0000000000
25462  39.300  -51.360  -5.030 0.0000000000
21696  40.740  -54.396  -4.403 0.0000000000
21726  40.774  -53.917  -5.581 0.0000000000
22987  40.393  -53.510  -5.050 0.0000000000
24207  39.913  -52.561  -5.490 0.0000000000
24208  39.577  -51.883  -5.217 0.0000000000
25497  39.923  -51.366  -6.427 0.0000000000
26729  40.032  -51.006  -6.859 0.0000000000
26767  40.940  -50.318  -8.022 0.0000000000
28005  42.513  -49.842  -8.821 0.0000000000
26765  43.261  -50.822  -8.230 0.0000000000
28004  43.683  -49.842  -8.969 0.0000000000
28025  44.232  -49.034  -9.379 0.0000000000
28039  45.717  -48.817  -10.043 0.0000000000
29338  46.576  -49.166  -11.041 0.0000000000
23051  47.183  -53.199  -8.789 0.0000000000
23112  50.527  -52.746  -13.119 0.0000000000
23062  49.413  -52.712  -9.609 0.0000000000
24253  48.053  -52.461  -9.094 0.0000000000
25555  48.142  -51.667  -9.182 0.0000000000
26788  48.776  -50.699  -9.852 0.0000000000
28021  48.622  -50.214  -10.259 0.0000000000
26803  51.263  -50.465  -11.135 0.0000000000
28036  48.724  -49.841  -10.711 0.0000000000
28046  48.090  -49.336  -11.357 0.0000000000
29355  48.291  -49.092  -12.161 0.0000000000
29371  48.495  -48.921  -12.996 0.0000000000
35599  51.750  -43.182  -6.838 0.0000000000
35598  52.740  -43.300  -6.807 0.0000000000
34372  52.094  -44.121  -6.907 0.0000000000
33252  50.390  -45.140  -6.807 0.0000000000
32056  49.521  -46.604  -7.417 0.0000000000
30618  49.146  -47.177  -7.180 0.0000000000
32004  54.654  -46.630  -5.360 0.0000000000
33277  53.572  -45.890  -6.877 0.0000000000
32054  51.393  -46.657  -7.779 0.0000000000
30617  49.904  -47.301  -7.399 0.0000000000
29257  48.621  -48.187  -6.811 0.0000000000
27964  47.505  -48.992  -5.994 0.0000000000
26715  46.584  -50.204  -5.080 0.0000000000
26683  46.305  -50.909  -4.683 0.0000000000
26713  48.778  -50.415  -5.354 0.0000000000
26682  47.090  -50.849  -4.793 0.0000000000
25459  46.059  -51.780  -4.114 0.0000000000
24170  45.797  -52.938  -3.498 0.0000000000
21691  45.045  -54.399  -2.950 0.0000000000
20457  44.416  -55.909  -3.180 0.0000000000
19226  46.096  -56.011  -3.753 0.0000000000
19227  45.163  -56.233  -3.728 0.0000000000
19228  44.351  -56.456  -3.850 0.0000000000
27938  38.010  -49.502  -5.579 0.0000000000
30575  38.581  -47.862  -4.989 0.0000000000
32008  38.867  -46.860  -5.285 0.0000000000
32037  37.373  -46.626  -6.454 0.0000000000
32036  38.203  -46.153  -5.762 0.0000000000
16845  46.695  -58.001  -6.240 0.0000000000
19225  46.546  -55.874  -3.890 0.0000000000
19249  42.898  -56.924  -4.953 0.0000000000
20435  44.719  -54.772  -2.834 0.0000000000
20436  44.309  -55.178  -2.880 0.0000000000
20458  43.508  -55.978  -3.585 0.0000000000
20479  46.990  -55.710  -4.059 0.0000000000
20512  44.659  -54.777  -8.240 0.0000000000
20528  45.013  -54.719  -8.666 0.0000000000
21672  44.647  -54.466  -2.869 0.0000000000
21674  43.324  -54.905  -2.960 0.0000000000
21675  42.654  -54.432  -3.007 0.0000000000
21690  46.040  -54.499  -3.091 0.0000000000
21692  44.594  -54.227  -2.916 0.0000000000
21715  40.800  -54.319  -4.914 0.0000000000
21725  41.218  -54.506  -5.891 0.0000000000
21738  45.123  -54.367  -7.606 0.0000000000
21740  43.915  -54.311  -7.475 0.0000000000
21758  46.919  -53.899  -7.772 0.0000000000
21759  46.472  -54.053  -7.969 0.0000000000
21762  43.441  -54.671  -7.744 0.0000000000
22941  44.049  -53.944  -2.889 0.0000000000
22943  42.953  -54.003  -2.832 0.0000000000
22961  47.868  -53.651  -3.759 0.0000000000
22962  47.352  -53.567  -3.592 0.0000000000
22964  45.449  -53.687  -3.184 0.0000000000
22965  44.492  -53.783  -3.048 0.0000000000
22966  43.887  -53.643  -2.981 0.0000000000
22969  40.514  -53.915  -4.183 0.0000000000
22985  48.298  -53.413  -3.846 0.0000000000
22996  41.042  -53.807  -6.198 0.0000000000
23006  45.052  -54.205  -7.457 0.0000000000
23007  44.506  -53.847  -7.239 0.0000000000
23011  40.935  -53.312  -6.296 0.0000000000
23031  45.268  -53.702  -7.305 0.0000000000
24152  43.468  -53.484  -2.954 0.0000000000
24153  43.207  -53.647  -2.882 0.0000000000
24168  47.376  -53.069  -3.873 0.0000000000
24176  39.691  -52.240  -3.927 0.0000000000
24196  39.958  -52.923  -4.409 0.0000000000
24214  44.524  -53.392  -7.220 0.0000000000
24216  43.082  -53.005  -7.036 0.0000000000
24233  46.762  -52.968  -7.872 0.0000000000
24237  42.801  -52.230  -7.199 0.0000000000
24255  46.857  -52.352  -8.345 0.0000000000
24264  50.698  -51.906  -10.735 0.0000000000
24267  48.904  -52.316  -9.295 0.0000000000
24274  52.145  -52.120  -11.607 0.0000000000
24275  51.615  -52.060  -11.474 0.0000000000
24276  50.909  -51.974  -11.268 0.0000000000
24320  50.682  -52.405  -12.602 0.0000000000
24337  52.378  -51.872  -13.317 0.0000000000
24364  52.162  -52.190  -13.847 0.0000000000
24386  52.342  -51.769  -14.006 0.0000000000
25430  45.987  -52.406  -3.717 0.0000000000
25432  44.252  -52.086  -3.668 0.0000000000
25437  39.419  -51.330  -4.180 0.0000000000
25457  48.144  -51.868  -4.566 0.0000000000
25458  47.122  -51.648  -4.495 0.0000000000
25482  49.480  -51.162  -5.045 0.0000000000
25485  40.132  -51.951  -6.195 0.0000000000
25486  39.570  -51.538  -5.783 0.0000000000
25511  43.335  -51.657  -7.578 0.0000000000
25512  42.539  -51.610  -7.451 0.0000000000
25513  41.805  -51.528  -7.438 0.0000000000
25530  47.727  -52.263  -8.955 0.0000000000
25533  45.661  -51.506  -8.374 0.0000000000
25551  51.008  -51.713  -10.924 0.0000000000
25553  50.262  -51.682  -9.794 0.0000000000
25557  46.488  -51.171  -9.024 0.0000000000
25564  51.888  -51.902  -11.470 0.0000000000
25566  51.223  -51.231  -10.749 0.0000000000
25571  51.344  -50.925  -10.866 0.0000000000
25589  52.482  -51.579  -12.272 0.0000000000
25624  52.424  -51.396  -13.617 0.0000000000
26684  45.242  -50.662  -4.467 0.0000000000
26689  38.895  -50.451  -4.813 0.0000000000
26712  49.831  -50.491  -5.677 0.0000000000
26718  38.468  -50.185  -5.630 0.0000000000
26725  52.482  -49.851  -6.576 0.0000000000
26726  51.857  -50.194  -6.573 0.0000000000
26743  42.294  -51.157  -7.869 0.0000000000
26744  41.413  -50.992  -7.785 0.0000000000
26745  40.539  -50.790  -7.404 0.0000000000
26746  39.827  -50.546  -7.146 0.0000000000
26785  51.030  -51.206  -10.383 0.0000000000
26786  50.682  -51.142  -10.193 0.0000000000
26791  45.654  -50.000  -9.185 0.0000000000
26797  50.489  -50.481  -10.616 0.0000000000
26798  49.459  -50.376  -10.407 0.0000000000
26799  48.915  -50.251  -10.284 0.0000000000
26801  52.248  -51.263  -12.057 0.0000000000
26802  51.901  -50.841  -11.883 0.0000000000
26804  50.765  -50.133  -11.026 0.0000000000
26810  52.234  -50.944  -12.528 0.0000000000
26811  51.993  -50.658  -12.345 0.0000000000
27895  40.628  -50.061  -3.612 0.0000000000
27897  39.559  -50.321  -3.882 0.0000000000
27911  38.535  -49.543  -4.836 0.0000000000
27930  49.744  -49.882  -6.219 0.0000000000
27934  45.761  -49.408  -5.282 0.0000000000
27939  37.718  -49.135  -5.953 0.0000000000
27959  52.112  -49.580  -7.043 0.0000000000
27960  51.290  -49.560  -6.971 0.0000000000
27962  49.230  -49.255  -6.573 0.0000000000
27963  48.285  -49.033  -6.271 0.0000000000
27965  38.839  -50.108  -6.675 0.0000000000
27966  38.277  -49.770  -6.406 0.0000000000
27967  37.833  -49.335  -6.191 0.0000000000
27983  53.084  -49.018  -7.572 0.0000000000
27984  52.446  -49.155  -7.545 0.0000000000
27985  51.759  -49.094  -7.458 0.0000000000
27986  40.034  -50.231  -7.539 0.0000000000
27988  38.695  -49.719  -6.908 0.0000000000
28000  53.316  -48.571  -7.601 0.0000000000
28001  53.168  -48.694  -7.938 0.0000000000
28008  39.423  -49.391  -7.869 0.0000000000
28022  47.977  -50.142  -10.216 0.0000000000
28028  41.343  -49.140  -9.107 0.0000000000
28034  50.486  -50.064  -11.021 0.0000000000
28038  46.260  -49.147  -10.277 0.0000000000
28043  51.585  -50.091  -11.988 0.0000000000
28047  47.496  -49.331  -11.243 0.0000000000
28055  52.146  -50.641  -12.966 0.0000000000
28059  49.394  -49.333  -12.433 0.0000000000
28071  52.128  -50.421  -13.384 0.0000000000
29212  39.757  -48.872  -4.385 0.0000000000
29231  38.160  -48.759  -5.124 0.0000000000
29232  37.762  -48.843  -5.696 0.0000000000
29254  51.241  -49.013  -7.316 0.0000000000
29258  47.471  -48.245  -6.419 0.0000000000
29287  52.212  -48.599  -7.980 0.0000000000
29288  51.241  -48.452  -7.686 0.0000000000
29290  49.419  -47.831  -7.065 0.0000000000
29291  48.887  -47.592  -6.991 0.0000000000
29293  38.353  -49.172  -7.285 0.0000000000
29305  53.220  -48.279  -7.875 0.0000000000
29306  52.858  -48.550  -8.076 0.0000000000
29307  52.507  -48.347  -8.116 0.0000000000
29309  40.460  -49.042  -8.819 0.0000000000
29311  37.961  -48.330  -8.106 0.0000000000
29322  45.433  -48.697  -9.979 0.0000000000
29325  42.251  -48.493  -9.689 0.0000000000
29327  40.057  -48.350  -9.181 0.0000000000
29337  47.173  -49.315  -11.188 0.0000000000
29356  47.242  -49.100  -11.786 0.0000000000
30558  40.608  -48.317  -4.818 0.0000000000
30560  39.383  -48.248  -4.697 0.0000000000
30576  37.714  -48.031  -5.617 0.0000000000
30612  53.741  -47.594  -6.906 0.0000000000
30615  51.968  -47.679  -8.136 0.0000000000
30616  50.812  -47.475  -7.770 0.0000000000
30619  48.441  -47.155  -7.010 0.0000000000
30620  37.378  -47.375  -7.355 0.0000000000
30635  53.037  -47.989  -8.046 0.0000000000
30636  52.605  -48.037  -8.124 0.0000000000
30638  39.039  -48.015  -9.075 0.0000000000
30657  38.717  -47.563  -9.436 0.0000000000
30677  40.882  -47.494  -10.548 0.0000000000
32010  37.475  -47.313  -5.902 0.0000000000
32023  54.594  -46.220  -5.815 0.0000000000
32024  54.202  -46.658  -6.398 0.0000000000
32051  53.710  -47.173  -7.012 0.0000000000
32052  53.437  -46.702  -7.219 0.0000000000
32053  52.468  -46.665  -7.744 0.0000000000
32058  48.336  -46.547  -7.075 0.0000000000
32072  37.245  -46.473  -8.568 0.0000000000
32083  39.016  -47.330  -9.849 0.0000000000
32084  38.415  -47.107  -9.938 0.0000000000
32098  40.233  -47.221  -10.649 0.0000000000
33248  54.057  -45.537  -6.474 0.0000000000
33249  53.370  -45.135  -6.811 0.0000000000
33264  37.865  -45.694  -6.462 0.0000000000
33278  52.915  -45.881  -7.184 0.0000000000
33281  49.908  -45.917  -7.259 0.0000000000
33283  38.990  -44.803  -6.639 0.0000000000
33284  38.173  -44.971  -6.961 0.0000000000
33294  37.670  -44.965  -7.688 0.0000000000
34371  53.038  -44.207  -6.782 0.0000000000
