#!ascii label  , from subject 3277 vox2ras=TkReg
1812
56552  52.248  -35.012  56.702 0.0000000000
37850  35.072  -55.895  70.669 0.0000000000
31868  21.714  -61.896  66.398 0.0000000000
27656  13.245  -65.283  68.444 0.0000000000
34603  31.289  -58.130  74.809 0.0000000000
37892  27.717  -56.018  65.116 0.0000000000
52921  43.988  -38.283  58.708 0.0000000000
62286  59.882  -26.658  55.661 0.0000000000
47243  48.768  -45.527  65.085 0.0000000000
40098  38.528  -53.321  62.336 0.0000000000
40157  30.735  -53.694  58.660 0.0000000000
28712  23.220  -64.721  71.119 0.0000000000
29823  17.529  -63.465  67.100 0.0000000000
26497  18.762  -66.438  72.009 0.0000000000
32718  26.952  -61.471  70.139 0.0000000000
51306  50.521  -40.872  66.706 0.0000000000
38862  37.394  -53.893  77.255 0.0000000000
37797  41.060  -55.794  72.383 0.0000000000
40029  42.524  -53.876  67.816 0.0000000000
35727  37.413  -57.095  65.762 0.0000000000
37991  35.444  -55.329  59.975 0.0000000000
37898  32.824  -55.873  64.267 0.0000000000
36848  23.139  -56.220  61.513 0.0000000000
40115  26.624  -53.332  61.285 0.0000000000
59091  56.565  -31.521  55.980 0.0000000000
60703  55.023  -29.232  52.385 0.0000000000
33780  20.450  -59.881  61.311 0.0000000000
32815  16.282  -60.869  62.579 0.0000000000
39934  32.885  -53.859  75.111 0.0000000000
40963  32.126  -52.648  68.789 0.0000000000
35680  31.159  -57.571  69.963 0.0000000000
34701  24.901  -58.906  65.367 0.0000000000
54660  48.297  -36.318  58.684 0.0000000000
25424  15.186  -67.532  75.140 0.0000000000
29754  10.611  -63.674  71.962 0.0000000000
57370  57.412  -32.928  60.711 0.0000000000
55581  52.896  -35.299  61.921 0.0000000000
52082  49.492  -39.356  62.472 0.0000000000
50609  46.213  -41.627  62.889 0.0000000000
46328  45.505  -46.641  60.602 0.0000000000
44434  48.140  -48.505  69.009 0.0000000000
43621  43.134  -49.419  64.413 0.0000000000
43674  38.579  -49.054  60.827 0.0000000000
42833  36.125  -50.923  57.310 0.0000000000
41041  30.253  -52.917  63.255 0.0000000000
28690  23.752  -65.235  73.012 0.0000000000
27617  21.165  -65.603  71.264 0.0000000000
26481  21.269  -66.464  73.709 0.0000000000
29742  26.271  -64.040  73.084 0.0000000000
37782  35.852  -55.588  74.092 0.0000000000
36704  37.359  -56.761  71.573 0.0000000000
36749  38.888  -57.063  68.514 0.0000000000
35702  35.794  -57.318  68.180 0.0000000000
36797  34.616  -56.934  64.585 0.0000000000
37870  33.899  -55.763  67.972 0.0000000000
127329  21.016  -56.749  57.073 0.0000000000
40150  21.993  -52.485  57.834 0.0000000000
57422  54.829  -34.087  56.161 0.0000000000
59097  54.936  -31.305  54.621 0.0000000000
56586  53.104  -34.519  54.895 0.0000000000
32788  20.444  -60.867  64.181 0.0000000000
33729  17.887  -59.539  62.463 0.0000000000
31906  18.647  -61.011  64.677 0.0000000000
28754  15.213  -64.684  68.329 0.0000000000
29859  14.478  -62.949  65.731 0.0000000000
29846  12.391  -63.383  66.184 0.0000000000
29829  10.994  -63.340  66.895 0.0000000000
38864  33.161  -54.144  77.505 0.0000000000
36623  32.379  -55.943  75.708 0.0000000000
37801  32.028  -55.552  72.846 0.0000000000
34634  31.679  -58.299  72.851 0.0000000000
31844  24.136  -62.073  68.051 0.0000000000
33664  25.901  -60.276  67.809 0.0000000000
32760  23.956  -61.082  66.079 0.0000000000
33726  23.080  -60.176  63.042 0.0000000000
53772  46.600  -37.424  58.955 0.0000000000
54676  47.231  -36.605  57.416 0.0000000000
53818  45.273  -37.010  56.267 0.0000000000
30786  9.537  -63.002  73.736 0.0000000000
53749  51.337  -37.531  62.138 0.0000000000
52879  52.406  -38.090  64.118 0.0000000000
49813  49.223  -42.657  66.126 0.0000000000
50592  48.323  -41.285  65.038 0.0000000000
49017  47.824  -43.268  63.750 0.0000000000
49061  46.085  -43.952  61.327 0.0000000000
46303  46.846  -46.669  62.377 0.0000000000
40053  40.206  -53.094  65.712 0.0000000000
42737  42.049  -51.119  66.119 0.0000000000
42761  40.073  -50.865  64.707 0.0000000000
43646  40.918  -49.223  62.861 0.0000000000
42800  38.454  -50.397  61.852 0.0000000000
43687  37.053  -49.328  59.376 0.0000000000
41075  37.553  -52.133  59.723 0.0000000000
39191  34.347  -54.118  57.034 0.0000000000
39030  30.521  -54.788  66.557 0.0000000000
40994  31.327  -52.933  66.403 0.0000000000
40073  29.492  -53.704  64.526 0.0000000000
41079  27.385  -52.346  60.259 0.0000000000
66759  59.082  -23.307  52.823 0.0000000000
64068  58.341  -25.638  52.866 0.0000000000
29801  22.267  -63.134  68.747 0.0000000000
30860  19.367  -62.826  67.029 0.0000000000
29791  19.849  -64.231  68.847 0.0000000000
27637  18.021  -65.288  70.075 0.0000000000
27623  15.613  -66.019  70.236 0.0000000000
32678  29.456  -60.177  74.776 0.0000000000
32696  30.264  -60.326  72.647 0.0000000000
30791  28.448  -62.367  73.139 0.0000000000
29770  25.488  -63.220  70.681 0.0000000000
52065  52.534  -38.963  66.340 0.0000000000
48102  50.304  -44.062  68.439 0.0000000000
37857  42.281  -55.286  69.345 0.0000000000
37877  40.018  -55.344  66.544 0.0000000000
37919  38.252  -55.337  63.436 0.0000000000
39102  37.178  -54.652  60.654 0.0000000000
37921  36.479  -56.238  62.857 0.0000000000
37943  33.669  -56.181  61.956 0.0000000000
37971  31.824  -55.251  61.652 0.0000000000
37904  25.284  -56.141  64.025 0.0000000000
39074  26.833  -54.820  63.453 0.0000000000
39108  24.763  -53.815  61.561 0.0000000000
60674  57.601  -29.328  55.675 0.0000000000
62300  57.037  -27.374  54.074 0.0000000000
60688  55.027  -29.225  54.663 0.0000000000
30892  17.040  -62.121  65.586 0.0000000000
39903  34.316  -53.910  76.200 0.0000000000
39959  34.270  -53.823  72.819 0.0000000000
40005  33.491  -53.375  70.081 0.0000000000
39975  32.419  -53.266  71.701 0.0000000000
38995  31.525  -54.878  69.223 0.0000000000
36766  29.407  -56.929  67.330 0.0000000000
33652  29.450  -59.466  70.311 0.0000000000
35706  28.130  -58.307  68.205 0.0000000000
35731  26.321  -57.201  65.850 0.0000000000
35754  23.991  -57.652  63.265 0.0000000000
34792  22.522  -58.193  60.533 0.0000000000
56522  50.402  -34.302  58.493 0.0000000000
56572  49.818  -34.747  54.812 0.0000000000
56539  47.917  -34.321  56.689 0.0000000000
25443  16.431  -67.485  73.624 0.0000000000
26502  13.884  -66.807  71.420 0.0000000000
26475  12.495  -66.658  73.365 0.0000000000
28718  11.153  -64.988  70.517 0.0000000000
60648  59.043  -29.944  57.438 0.0000000000
58247  57.395  -32.664  57.478 0.0000000000
56532  55.624  -34.394  58.167 0.0000000000
56508  52.000  -34.377  59.826 0.0000000000
55596  51.036  -35.411  60.711 0.0000000000
53764  49.096  -37.343  60.189 0.0000000000
52097  47.306  -39.252  61.051 0.0000000000
51316  50.299  -40.418  64.802 0.0000000000
51325  47.910  -40.429  63.009 0.0000000000
51342  44.746  -40.439  61.248 0.0000000000
49899  44.411  -42.379  60.675 0.0000000000
48225  44.481  -44.358  59.285 0.0000000000
45334  48.262  -47.879  66.452 0.0000000000
41860  45.536  -51.739  68.295 0.0000000000
43599  45.972  -50.052  66.047 0.0000000000
44486  46.311  -48.345  64.072 0.0000000000
44499  43.672  -48.372  62.757 0.0000000000
45384  41.893  -47.934  60.793 0.0000000000
39162  36.011  -53.951  58.274 0.0000000000
40044  32.879  -53.437  67.100 0.0000000000
40072  31.110  -53.706  63.929 0.0000000000
40113  30.411  -53.421  60.891 0.0000000000
41054  28.336  -53.011  62.244 0.0000000000
41946  29.007  -51.755  60.729 0.0000000000
27591  22.690  -65.694  73.186 0.0000000000
27575  22.703  -65.488  74.987 0.0000000000
36685  35.812  -55.996  72.437 0.0000000000
36660  37.070  -56.416  73.311 0.0000000000
36705  36.491  -56.484  71.752 0.0000000000
36737  36.525  -57.202  69.590 0.0000000000
36738  35.353  -56.480  69.926 0.0000000000
36762  34.594  -56.499  67.977 0.0000000000
36739  34.652  -55.999  69.421 0.0000000000
56551  53.397  -34.847  56.885 0.0000000000
57434  53.797  -34.064  54.938 0.0000000000
56570  52.193  -34.956  55.555 0.0000000000
31884  21.542  -61.603  65.665 0.0000000000
31905  19.602  -61.061  64.825 0.0000000000
31886  19.773  -61.443  65.464 0.0000000000
28755  14.307  -64.870  68.165 0.0000000000
28770  14.232  -64.440  67.393 0.0000000000
28771  13.332  -64.420  67.110 0.0000000000
29828  11.674  -63.579  66.678 0.0000000000
27657  12.178  -65.208  68.458 0.0000000000
35600  30.371  -57.754  76.563 0.0000000000
35599  31.158  -57.124  76.870 0.0000000000
36609  31.969  -56.364  76.459 0.0000000000
35631  31.873  -57.290  74.462 0.0000000000
34620  31.609  -58.212  73.904 0.0000000000
31856  22.831  -62.055  67.137 0.0000000000
31865  24.327  -61.452  67.078 0.0000000000
31867  22.705  -61.778  66.456 0.0000000000
31902  22.168  -61.399  65.177 0.0000000000
52920  45.041  -38.235  58.855 0.0000000000
53788  45.383  -36.995  57.496 0.0000000000
53789  44.417  -36.985  57.022 0.0000000000
53721  53.468  -36.716  65.221 0.0000000000
53731  53.073  -37.267  64.421 0.0000000000
52877  52.729  -38.117  64.996 0.0000000000
48146  49.181  -44.583  65.358 0.0000000000
49002  48.743  -43.593  65.036 0.0000000000
48156  48.311  -44.702  63.854 0.0000000000
48167  47.617  -44.956  62.876 0.0000000000
47252  47.933  -46.038  63.756 0.0000000000
40070  39.408  -53.241  64.420 0.0000000000
41898  39.970  -51.618  65.033 0.0000000000
41038  39.055  -51.749  63.411 0.0000000000
42774  39.161  -50.752  63.295 0.0000000000
41051  38.507  -52.193  62.056 0.0000000000
41945  38.092  -51.244  60.837 0.0000000000
40111  38.346  -52.929  61.647 0.0000000000
37890  29.535  -55.437  65.892 0.0000000000
40057  30.325  -53.856  65.743 0.0000000000
39039  29.064  -54.920  64.937 0.0000000000
64957  59.367  -24.390  54.388 0.0000000000
63164  59.290  -26.000  54.505 0.0000000000
29789  22.415  -63.688  69.453 0.0000000000
29790  20.971  -64.016  69.034 0.0000000000
28731  22.018  -64.499  70.113 0.0000000000
27601  19.574  -66.027  71.490 0.0000000000
27619  19.477  -65.577  70.741 0.0000000000
27602  18.648  -65.965  71.296 0.0000000000
27638  17.308  -65.325  69.951 0.0000000000
27604  17.049  -66.095  70.963 0.0000000000
32679  28.917  -60.717  75.222 0.0000000000
31803  29.086  -61.552  74.555 0.0000000000
30784  28.605  -62.391  74.106 0.0000000000
28698  24.864  -64.361  71.868 0.0000000000
29759  25.590  -63.619  71.425 0.0000000000
29760  24.362  -64.163  71.152 0.0000000000
29788  23.786  -63.374  69.720 0.0000000000
37780  40.228  -55.996  73.731 0.0000000000
37758  41.292  -55.146  73.831 0.0000000000
37795  42.263  -55.029  72.345 0.0000000000
38963  42.798  -54.773  71.635 0.0000000000
37833  41.532  -55.806  70.592 0.0000000000
35709  38.285  -57.164  67.443 0.0000000000
36758  39.926  -56.223  67.427 0.0000000000
36782  38.846  -56.197  65.887 0.0000000000
37887  39.170  -55.366  65.340 0.0000000000
36794  37.870  -56.442  64.589 0.0000000000
37920  37.422  -55.813  62.846 0.0000000000
36795  36.865  -56.860  64.498 0.0000000000
36798  33.598  -56.460  64.428 0.0000000000
36811  34.304  -56.638  63.602 0.0000000000
36812  33.300  -56.276  63.478 0.0000000000
37944  32.850  -55.988  62.038 0.0000000000
37923  32.113  -55.448  63.100 0.0000000000
36835  24.228  -56.268  63.044 0.0000000000
37951  25.160  -54.822  62.686 0.0000000000
37953  23.666  -55.227  61.828 0.0000000000
60663  57.149  -30.057  55.812 0.0000000000
60675  56.541  -29.546  55.493 0.0000000000
59900  55.765  -30.366  55.448 0.0000000000
59907  53.917  -30.451  53.797 0.0000000000
33818  19.453  -58.828  59.609 0.0000000000
34766  18.824  -58.848  60.578 0.0000000000
29822  18.678  -63.435  67.477 0.0000000000
30874  18.055  -62.679  66.374 0.0000000000
29841  17.394  -63.027  66.534 0.0000000000
30908  13.356  -62.069  64.601 0.0000000000
30907  14.161  -62.077  64.748 0.0000000000
39920  33.110  -54.107  76.036 0.0000000000
39904  33.476  -53.907  76.650 0.0000000000
39919  33.533  -53.731  75.646 0.0000000000
38920  34.566  -54.160  74.615 0.0000000000
39945  33.501  -53.330  73.689 0.0000000000
40920  33.301  -52.914  71.928 0.0000000000
39946  32.737  -53.642  73.660 0.0000000000
36707  31.735  -56.531  71.481 0.0000000000
37837  31.666  -55.609  70.815 0.0000000000
36740  31.257  -56.629  69.331 0.0000000000
37863  31.168  -56.049  68.428 0.0000000000
35703  30.360  -57.237  68.537 0.0000000000
32706  28.862  -61.380  71.946 0.0000000000
32704  30.014  -60.182  71.719 0.0000000000
32716  28.080  -60.569  70.462 0.0000000000
33667  25.829  -59.838  67.245 0.0000000000
34683  26.974  -59.182  68.081 0.0000000000
34687  26.642  -58.768  67.366 0.0000000000
35724  26.728  -57.667  66.569 0.0000000000
35725  26.014  -58.110  66.360 0.0000000000
35739  25.280  -57.314  64.899 0.0000000000
34721  24.433  -58.321  64.227 0.0000000000
32853  22.048  -60.244  62.005 0.0000000000
33778  22.647  -59.371  61.616 0.0000000000
33779  21.766  -59.828  61.244 0.0000000000
55612  49.287  -35.151  58.661 0.0000000000
56538  48.775  -34.048  57.302 0.0000000000
55613  48.550  -35.372  58.071 0.0000000000
55620  47.870  -35.832  56.901 0.0000000000
25434  15.911  -67.591  74.422 0.0000000000
26488  15.340  -67.229  72.366 0.0000000000
25455  14.439  -67.474  73.390 0.0000000000
28673  10.992  -64.680  74.327 0.0000000000
27586  11.547  -65.548  73.380 0.0000000000
27595  11.684  -65.845  72.004 0.0000000000
28703  10.792  -64.328  71.172 0.0000000000
28741  10.640  -64.053  69.295 0.0000000000
30829  9.978  -62.920  69.940 0.0000000000
61431  59.613  -28.659  57.634 0.0000000000
58238  58.446  -31.902  59.020 0.0000000000
57397  57.447  -33.127  59.202 0.0000000000
57407  56.628  -33.718  57.813 0.0000000000
56516  56.438  -34.210  59.382 0.0000000000
56467  54.027  -34.883  61.742 0.0000000000
56488  53.527  -34.715  60.776 0.0000000000
56489  52.406  -34.691  60.908 0.0000000000
56490  51.532  -34.644  60.518 0.0000000000
55595  51.686  -35.001  61.023 0.0000000000
52885  50.574  -38.474  62.412 0.0000000000
53756  50.236  -37.416  61.098 0.0000000000
52892  49.512  -38.287  61.404 0.0000000000
52903  48.385  -38.165  60.605 0.0000000000
52096  48.052  -39.121  61.377 0.0000000000
51309  51.290  -40.225  66.159 0.0000000000
51315  51.121  -40.191  65.231 0.0000000000
51310  50.443  -40.625  65.732 0.0000000000
50603  46.882  -41.766  63.671 0.0000000000
51319  47.804  -40.972  64.151 0.0000000000
51324  46.657  -41.028  63.186 0.0000000000
51327  46.087  -40.729  62.450 0.0000000000
50610  45.526  -41.514  62.350 0.0000000000
50625  44.351  -41.608  61.237 0.0000000000
49869  45.321  -42.066  61.977 0.0000000000
47299  45.730  -45.473  60.380 0.0000000000
48210  45.390  -44.483  60.279 0.0000000000
47313  45.234  -45.484  59.744 0.0000000000
45408  44.201  -47.251  60.063 0.0000000000
44446  48.244  -48.254  67.706 0.0000000000
40017  43.837  -53.647  68.781 0.0000000000
40959  45.379  -52.334  69.290 0.0000000000
40973  44.085  -52.453  67.728 0.0000000000
42747  42.985  -50.249  65.521 0.0000000000
42735  43.758  -50.561  66.033 0.0000000000
43608  44.220  -49.760  65.155 0.0000000000
44462  46.110  -49.102  64.953 0.0000000000
44473  44.793  -49.048  64.118 0.0000000000
44497  45.243  -48.399  63.100 0.0000000000
44489  43.795  -48.685  63.404 0.0000000000
43661  39.490  -49.206  61.781 0.0000000000
44502  40.887  -48.783  62.139 0.0000000000
44513  40.059  -48.712  61.426 0.0000000000
45397  41.506  -47.740  60.044 0.0000000000
44533  39.459  -48.141  59.823 0.0000000000
44535  38.127  -48.511  59.705 0.0000000000
42813  36.860  -50.285  59.007 0.0000000000
43698  36.487  -49.200  58.695 0.0000000000
37966  36.480  -55.255  60.704 0.0000000000
39119  36.900  -54.436  60.008 0.0000000000
38016  36.103  -54.561  59.009 0.0000000000
40175  34.929  -53.689  56.810 0.0000000000
40962  32.854  -52.799  69.273 0.0000000000
40032  33.227  -53.301  67.903 0.0000000000
40977  32.671  -52.698  68.039 0.0000000000
41025  30.388  -53.044  64.359 0.0000000000
41007  31.345  -53.201  65.448 0.0000000000
41040  30.729  -53.277  63.696 0.0000000000
40100  30.621  -53.719  62.484 0.0000000000
41052  29.930  -52.738  62.086 0.0000000000
40104  26.603  -53.723  62.074 0.0000000000
40102  28.256  -53.698  62.809 0.0000000000
41055  27.611  -53.226  61.857 0.0000000000
41078  27.884  -51.909  60.554 0.0000000000
41953  29.065  -51.499  60.142 0.0000000000
62328  55.917  -28.284  53.371 0.0000000000
62315  57.151  -27.281  53.192 0.0000000000
56603  50.932  -35.181  53.181 0.0000000000
28699  23.813  -64.848  71.822 0.0000000000
28701  21.868  -65.351  71.176 0.0000000000
27598  22.349  -65.685  72.372 0.0000000000
27593  20.965  -66.286  72.417 0.0000000000
26495  20.291  -66.471  72.491 0.0000000000
28689  24.620  -64.693  72.605 0.0000000000
37743  36.937  -55.274  76.067 0.0000000000
37719  37.976  -54.881  76.380 0.0000000000
37762  38.181  -56.050  74.992 0.0000000000
36639  38.552  -56.283  74.197 0.0000000000
36681  39.237  -56.499  72.165 0.0000000000
36701  40.175  -56.513  70.800 0.0000000000
36722  38.499  -57.038  70.404 0.0000000000
35687  37.974  -57.286  68.766 0.0000000000
35720  36.784  -57.448  66.647 0.0000000000
36785  36.333  -57.238  65.356 0.0000000000
35722  35.405  -57.359  66.551 0.0000000000
36775  34.042  -56.512  66.813 0.0000000000
37879  33.066  -55.593  66.187 0.0000000000
36873  21.924  -56.254  59.526 0.0000000000
38002  22.622  -54.477  60.169 0.0000000000
39148  21.506  -54.116  58.236 0.0000000000
58257  55.682  -33.177  56.000 0.0000000000
59096  55.371  -31.654  55.037 0.0000000000
58263  54.622  -33.049  54.976 0.0000000000
57447  53.509  -33.653  54.211 0.0000000000
32836  20.234  -60.328  62.571 0.0000000000
33755  19.309  -59.751  62.103 0.0000000000
32811  19.372  -60.300  63.274 0.0000000000
32790  18.557  -60.556  63.948 0.0000000000
32792  17.260  -60.523  63.413 0.0000000000
29807  16.188  -64.248  67.880 0.0000000000
29843  15.730  -63.346  66.473 0.0000000000
29825  14.986  -63.949  66.931 0.0000000000
29860  14.014  -63.012  65.703 0.0000000000
29862  10.558  -63.246  65.487 0.0000000000
37721  32.519  -55.479  76.254 0.0000000000
37765  32.506  -55.029  74.539 0.0000000000
38936  32.279  -54.794  73.242 0.0000000000
36662  32.361  -55.899  74.058 0.0000000000
35663  31.785  -57.442  72.169 0.0000000000
34647  31.498  -58.354  71.781 0.0000000000
31830  25.962  -61.885  69.482 0.0000000000
32722  26.768  -60.931  69.537 0.0000000000
32733  25.154  -61.222  67.807 0.0000000000
32758  25.263  -60.467  67.020 0.0000000000
33689  24.531  -59.953  65.443 0.0000000000
33704  24.359  -59.581  64.914 0.0000000000
32785  23.374  -60.690  64.730 0.0000000000
32808  22.499  -60.700  63.667 0.0000000000
54661  47.570  -36.763  58.774 0.0000000000
54664  47.878  -36.115  57.657 0.0000000000
54665  47.201  -36.478  58.044 0.0000000000
53806  46.237  -36.876  57.077 0.0000000000
28674  10.515  -64.033  75.022 0.0000000000
29745  10.517  -63.424  73.164 0.0000000000
30815  9.701  -62.723  70.646 0.0000000000
30809  8.789  -62.799  71.784 0.0000000000
55565  52.921  -35.902  62.613 0.0000000000
55566  52.363  -36.240  62.207 0.0000000000
54624  52.451  -36.696  62.647 0.0000000000
53739  51.657  -38.014  62.871 0.0000000000
52881  50.978  -38.765  63.058 0.0000000000
50574  49.660  -41.710  66.692 0.0000000000
50582  49.305  -41.379  66.040 0.0000000000
49814  48.732  -42.140  65.886 0.0000000000
49837  47.804  -42.603  64.275 0.0000000000
49849  47.258  -42.691  63.485 0.0000000000
49049  45.927  -42.903  61.719 0.0000000000
49047  47.079  -44.170  62.316 0.0000000000
48184  46.809  -44.688  61.878 0.0000000000
46314  46.380  -46.674  61.606 0.0000000000
40041  41.102  -53.367  66.843 0.0000000000
41874  42.780  -52.368  67.099 0.0000000000
41888  40.914  -52.077  66.085 0.0000000000
41896  41.069  -51.109  65.626 0.0000000000
42759  41.481  -49.971  64.668 0.0000000000
43635  41.949  -49.277  63.702 0.0000000000
42772  40.423  -49.879  63.793 0.0000000000
42786  39.445  -49.873  62.795 0.0000000000
43663  38.317  -49.887  61.372 0.0000000000
43686  37.552  -49.388  60.003 0.0000000000
42807  37.730  -50.318  60.503 0.0000000000
41960  37.255  -51.214  59.387 0.0000000000
41961  36.848  -51.292  58.684 0.0000000000
38019  33.701  -55.460  59.740 0.0000000000
38044  34.802  -54.952  58.569 0.0000000000
39165  33.105  -54.947  58.365 0.0000000000
39221  32.445  -54.513  56.996 0.0000000000
40248  31.657  -53.266  54.803 0.0000000000
40979  31.254  -53.307  67.111 0.0000000000
40978  31.783  -52.619  67.569 0.0000000000
40995  30.835  -53.383  66.258 0.0000000000
41008  30.501  -53.251  65.324 0.0000000000
41026  29.824  -53.137  64.441 0.0000000000
41080  27.107  -52.821  60.686 0.0000000000
65859  59.028  -23.530  54.074 0.0000000000
64966  58.563  -24.528  52.991 0.0000000000
64078  58.339  -25.711  52.163 0.0000000000
30857  21.967  -62.445  67.532 0.0000000000
30872  20.017  -62.266  66.638 0.0000000000
29820  20.341  -63.075  67.581 0.0000000000
29821  19.698  -63.288  67.593 0.0000000000
29804  19.062  -63.982  68.325 0.0000000000
28715  20.352  -65.159  70.225 0.0000000000
28734  19.159  -64.721  69.343 0.0000000000
28751  17.997  -64.453  68.782 0.0000000000
28737  16.234  -64.878  69.168 0.0000000000
27640  15.457  -65.491  69.588 0.0000000000
27641  14.489  -65.572  69.314 0.0000000000
34604  30.417  -58.543  75.374 0.0000000000
33619  30.652  -59.468  73.917 0.0000000000
32688  29.765  -60.645  74.144 0.0000000000
31813  29.410  -61.415  73.090 0.0000000000
31818  27.914  -61.924  71.568 0.0000000000
29741  27.132  -63.482  73.189 0.0000000000
30805  26.845  -62.795  71.482 0.0000000000
31823  26.308  -62.240  70.146 0.0000000000
30826  25.085  -62.668  69.620 0.0000000000
30841  23.971  -62.456  68.673 0.0000000000
52135  42.560  -39.681  59.300 0.0000000000
52942  42.223  -38.524  57.563 0.0000000000
52149  41.016  -39.777  57.253 0.0000000000
52873  52.884  -38.297  65.928 0.0000000000
50573  50.325  -41.480  67.302 0.0000000000
50565  50.077  -42.059  67.381 0.0000000000
48986  49.835  -43.611  66.617 0.0000000000
48133  49.716  -44.605  66.204 0.0000000000
38976  43.413  -54.356  70.242 0.0000000000
39005  42.579  -54.671  68.595 0.0000000000
36733  40.634  -56.277  68.994 0.0000000000
37859  41.123  -55.720  68.450 0.0000000000
39018  41.087  -54.568  67.236 0.0000000000
39027  40.094  -54.426  66.082 0.0000000000
39049  39.148  -54.181  64.247 0.0000000000
39084  38.520  -54.129  62.796 0.0000000000
40099  38.175  -53.704  61.649 0.0000000000
39070  38.227  -54.879  62.929 0.0000000000
37940  37.211  -55.270  61.622 0.0000000000
37967  35.218  -55.721  61.035 0.0000000000
36810  35.352  -56.729  63.673 0.0000000000
36826  35.067  -56.462  62.814 0.0000000000
37992  34.436  -55.564  60.326 0.0000000000
37993  33.466  -55.686  60.571 0.0000000000
39120  32.245  -55.325  60.339 0.0000000000
40126  31.027  -54.257  60.117 0.0000000000
37893  26.928  -56.069  64.871 0.0000000000
39055  27.248  -55.109  63.977 0.0000000000
37925  26.180  -55.095  63.534 0.0000000000
39091  25.787  -54.320  62.493 0.0000000000
40105  25.987  -53.657  61.773 0.0000000000
40118  23.759  -53.078  60.447 0.0000000000
40117  24.613  -53.020  60.795 0.0000000000
61455  58.405  -28.446  55.620 0.0000000000
62288  58.106  -27.451  54.700 0.0000000000
61456  57.275  -28.514  55.084 0.0000000000
61473  56.043  -28.268  54.404 0.0000000000
61474  55.091  -28.744  54.104 0.0000000000
59906  54.541  -30.440  54.432 0.0000000000
60689  54.373  -29.586  54.252 0.0000000000
31871  19.224  -61.798  65.885 0.0000000000
31888  17.813  -61.511  65.164 0.0000000000
31908  16.729  -61.045  63.912 0.0000000000
30893  16.067  -62.288  65.383 0.0000000000
31890  15.785  -61.749  64.686 0.0000000000
38886  35.807  -54.441  76.786 0.0000000000
38905  35.421  -54.699  75.622 0.0000000000
38933  35.127  -55.192  73.412 0.0000000000
38964  34.497  -54.587  71.418 0.0000000000
38978  34.273  -54.549  70.520 0.0000000000
39989  33.708  -53.281  71.327 0.0000000000
40933  33.146  -52.922  70.977 0.0000000000
40949  32.419  -52.870  69.840 0.0000000000
38951  31.964  -54.652  72.263 0.0000000000
39990  31.783  -53.821  70.417 0.0000000000
40006  31.575  -53.953  69.389 0.0000000000
39020  31.285  -54.921  68.001 0.0000000000
37881  30.559  -55.482  67.025 0.0000000000
36788  28.630  -56.358  66.112 0.0000000000
33628  30.819  -59.683  73.037 0.0000000000
33635  31.030  -59.075  71.453 0.0000000000
34666  30.375  -58.624  69.962 0.0000000000
33658  27.378  -59.783  69.263 0.0000000000
34676  28.594  -58.841  69.281 0.0000000000
35692  29.652  -58.094  68.912 0.0000000000
35714  29.059  -57.501  67.685 0.0000000000
36778  28.159  -56.977  66.595 0.0000000000
36790  26.906  -56.695  65.640 0.0000000000
36800  25.662  -56.674  64.833 0.0000000000
36818  24.364  -56.814  63.617 0.0000000000
36819  23.922  -56.873  63.026 0.0000000000
34722  24.022  -58.716  63.660 0.0000000000
34764  23.373  -58.031  62.108 0.0000000000
35779  22.828  -57.217  61.113 0.0000000000
34821  21.812  -58.072  59.302 0.0000000000
56536  51.202  -34.587  57.633 0.0000000000
56553  50.976  -34.810  56.440 0.0000000000
56537  49.808  -34.154  57.245 0.0000000000
55621  47.864  -35.364  57.068 0.0000000000
54684  47.414  -35.357  55.509 0.0000000000
53820  43.819  -36.973  55.414 0.0000000000
26461  21.383  -66.038  75.336 0.0000000000
26470  20.596  -66.711  74.188 0.0000000000
26472  18.905  -67.150  73.556 0.0000000000
25432  18.215  -67.439  74.442 0.0000000000
26485  18.006  -66.958  72.552 0.0000000000
26487  16.365  -67.090  72.246 0.0000000000
26517  14.794  -66.512  70.769 0.0000000000
26519  13.341  -66.419  70.349 0.0000000000
25437  13.833  -67.385  74.660 0.0000000000
26490  12.731  -66.597  72.038 0.0000000000
27605  12.288  -66.276  71.298 0.0000000000
27643  12.484  -65.608  69.146 0.0000000000
28758  11.422  -64.567  68.245 0.0000000000
62258  60.108  -26.997  56.903 0.0000000000
61443  59.420  -28.661  56.794 0.0000000000
60661  58.682  -29.660  56.761 0.0000000000
59889  58.025  -30.784  56.694 0.0000000000
59870  59.105  -30.691  58.880 0.0000000000
59076  58.336  -31.693  57.931 0.0000000000
58255  57.237  -32.183  56.835 0.0000000000
57420  56.288  -33.532  57.005 0.0000000000
56549  55.268  -34.372  57.386 0.0000000000
56534  53.563  -34.857  57.926 0.0000000000
56505  55.089  -34.676  59.894 0.0000000000
56519  53.796  -34.806  58.930 0.0000000000
56520  52.707  -34.636  58.879 0.0000000000
56521  51.566  -34.400  58.775 0.0000000000
56510  49.894  -34.751  59.081 0.0000000000
55605  49.638  -35.519  59.240 0.0000000000
54639  50.900  -36.462  61.020 0.0000000000
54651  50.217  -36.373  60.205 0.0000000000
53769  48.735  -36.788  59.409 0.0000000000
53765  47.989  -37.704  59.916 0.0000000000
52905  46.985  -38.497  59.998 0.0000000000
52132  45.566  -38.872  59.536 0.0000000000
52874  52.485  -38.726  65.356 0.0000000000
52072  51.164  -39.622  64.197 0.0000000000
52077  50.329  -39.346  63.144 0.0000000000
51317  49.322  -40.565  64.516 0.0000000000
51321  48.927  -40.522  63.934 0.0000000000
52083  48.228  -39.711  62.189 0.0000000000
52084  46.859  -40.105  61.902 0.0000000000
52098  46.147  -39.910  61.161 0.0000000000
52117  44.157  -39.662  60.237 0.0000000000
51363  43.315  -40.751  60.414 0.0000000000
49901  43.243  -41.965  59.976 0.0000000000
49062  45.539  -43.392  61.050 0.0000000000
49095  44.025  -43.383  59.471 0.0000000000
47216  49.586  -45.872  67.380 0.0000000000
46280  48.709  -46.585  65.641 0.0000000000
42722  46.694  -50.454  67.951 0.0000000000
41872  44.605  -51.540  67.178 0.0000000000
42724  45.442  -51.055  66.974 0.0000000000
43590  47.065  -49.911  67.496 0.0000000000
44454  47.652  -48.788  66.561 0.0000000000
45342  48.022  -47.722  65.587 0.0000000000
46284  47.897  -46.690  64.270 0.0000000000
46291  47.016  -47.085  62.938 0.0000000000
45379  46.157  -47.340  62.153 0.0000000000
45381  44.478  -47.695  61.546 0.0000000000
44491  42.152  -48.878  63.032 0.0000000000
45371  42.982  -48.116  61.796 0.0000000000
45395  43.496  -47.637  60.504 0.0000000000
45396  42.550  -47.706  60.208 0.0000000000
44536  37.452  -48.690  59.482 0.0000000000
45430  36.600  -47.447  57.898 0.0000000000
39118  37.487  -53.956  60.430 0.0000000000
40141  36.897  -52.825  58.633 0.0000000000
41116  36.377  -52.343  57.745 0.0000000000
39163  35.292  -54.358  57.950 0.0000000000
40174  35.558  -53.284  57.111 0.0000000000
39008  33.642  -54.228  68.687 0.0000000000
39019  33.343  -54.244  67.619 0.0000000000
39029  32.533  -54.519  65.928 0.0000000000
40993  32.241  -52.829  66.732 0.0000000000
40055  31.990  -53.786  65.520 0.0000000000
39050  31.951  -54.822  64.703 0.0000000000
37924  31.500  -54.847  63.068 0.0000000000
39104  30.789  -54.132  61.323 0.0000000000
40127  30.583  -53.592  60.134 0.0000000000
39072  28.506  -54.321  63.759 0.0000000000
40089  28.786  -53.583  63.472 0.0000000000
41042  29.362  -52.912  63.424 0.0000000000
41067  27.411  -52.851  61.266 0.0000000000
41066  28.301  -52.206  61.184 0.0000000000
41053  29.268  -52.553  62.265 0.0000000000
41077  29.484  -52.092  60.595 0.0000000000
41092  29.562  -51.910  59.913 0.0000000000
63166  57.852  -26.607  53.816 0.0000000000
63187  57.980  -26.547  52.586 0.0000000000
62331  58.458  -27.483  51.682 0.0000000000
56587  52.298  -34.710  54.409 0.0000000000
37835  35.290  -55.779  71.428 0.0000000000
36706  35.850  -56.109  71.918 0.0000000000
36725  35.751  -56.278  71.071 0.0000000000
36752  34.842  -56.360  68.980 0.0000000000
37851  34.468  -55.389  69.919 0.0000000000
56569  53.396  -34.637  55.754 0.0000000000
31885  20.650  -61.521  65.556 0.0000000000
31869  20.767  -61.861  66.201 0.0000000000
27655  14.048  -65.343  68.769 0.0000000000
28756  13.563  -64.804  67.774 0.0000000000
28757  12.650  -64.855  67.774 0.0000000000
35617  30.577  -58.011  75.923 0.0000000000
35588  30.700  -57.117  77.310 0.0000000000
35616  31.270  -57.539  75.752 0.0000000000
31857  22.132  -62.067  66.912 0.0000000000
52940  44.607  -37.458  58.043 0.0000000000
53722  53.192  -37.416  65.567 0.0000000000
48147  48.656  -44.604  64.578 0.0000000000
47259  48.102  -45.374  63.648 0.0000000000
47251  48.333  -45.606  64.275 0.0000000000
41023  39.033  -52.836  63.422 0.0000000000
41022  39.220  -52.300  63.851 0.0000000000
41039  38.860  -52.275  62.973 0.0000000000
37891  28.778  -55.687  65.477 0.0000000000
37901  28.313  -55.278  64.734 0.0000000000
63149  59.695  -26.215  55.199 0.0000000000
64047  59.671  -25.286  54.732 0.0000000000
29772  23.415  -64.133  70.449 0.0000000000
29773  22.585  -64.290  70.159 0.0000000000
28713  22.461  -64.795  70.709 0.0000000000
26496  19.621  -66.457  72.223 0.0000000000
27603  17.747  -66.000  71.134 0.0000000000
26498  17.887  -66.476  71.794 0.0000000000
33608  28.380  -60.162  75.754 0.0000000000
31795  28.584  -61.492  75.307 0.0000000000
30776  28.458  -62.237  75.024 0.0000000000
29761  23.712  -64.480  71.116 0.0000000000
36657  40.177  -56.221  72.846 0.0000000000
37759  40.765  -55.404  74.290 0.0000000000
37779  40.871  -55.667  73.397 0.0000000000
38932  41.739  -54.643  73.691 0.0000000000
37796  41.932  -55.210  72.465 0.0000000000
37816  41.693  -55.598  71.648 0.0000000000
37817  40.916  -56.079  71.288 0.0000000000
35719  37.538  -57.195  66.276 0.0000000000
36772  38.404  -56.861  66.601 0.0000000000
36783  37.989  -56.733  65.635 0.0000000000
36793  38.567  -56.090  65.121 0.0000000000
36784  37.238  -57.007  65.271 0.0000000000
36813  32.732  -55.986  63.092 0.0000000000
37922  32.610  -55.796  63.608 0.0000000000
36836  23.691  -56.341  62.418 0.0000000000
59899  56.508  -30.604  55.731 0.0000000000
33801  20.362  -59.385  60.227 0.0000000000
33781  19.292  -59.309  61.083 0.0000000000
31911  13.154  -61.941  63.908 0.0000000000
39933  33.418  -53.473  74.631 0.0000000000
40896  33.139  -53.109  73.200 0.0000000000
36726  31.541  -56.596  70.404 0.0000000000
35690  30.998  -57.248  69.368 0.0000000000
36741  30.920  -57.077  69.071 0.0000000000
35691  30.498  -57.640  69.166 0.0000000000
32714  27.869  -61.442  71.048 0.0000000000
32713  28.531  -60.985  71.180 0.0000000000
32717  27.528  -61.122  70.427 0.0000000000
34694  25.027  -59.427  65.792 0.0000000000
34688  26.117  -59.234  67.088 0.0000000000
34693  25.633  -58.947  66.360 0.0000000000
34692  26.243  -58.350  66.665 0.0000000000
34700  25.346  -58.415  65.693 0.0000000000
35733  25.198  -58.224  65.380 0.0000000000
32854  21.005  -60.282  61.925 0.0000000000
55606  49.045  -35.748  58.804 0.0000000000
25423  16.262  -67.607  75.323 0.0000000000
25435  15.176  -67.562  74.315 0.0000000000
25436  14.547  -67.505  74.503 0.0000000000
28683  10.944  -64.358  73.344 0.0000000000
28692  11.101  -64.786  72.432 0.0000000000
28693  10.871  -64.413  71.869 0.0000000000
29762  10.475  -63.581  70.892 0.0000000000
62233  59.617  -27.640  58.908 0.0000000000
61411  59.385  -28.470  59.294 0.0000000000
58214  57.710  -32.444  60.495 0.0000000000
58227  57.828  -32.480  59.690 0.0000000000
57384  57.424  -33.037  60.049 0.0000000000
57398  56.917  -33.773  58.814 0.0000000000
57385  56.996  -33.662  59.677 0.0000000000
55580  53.375  -35.091  61.873 0.0000000000
56468  53.112  -34.935  61.459 0.0000000000
56469  52.576  -35.097  61.503 0.0000000000
55582  52.041  -35.662  61.592 0.0000000000
52886  49.841  -38.731  62.058 0.0000000000
52891  50.171  -38.192  61.741 0.0000000000
52893  48.623  -38.723  61.335 0.0000000000
52887  49.158  -38.991  61.870 0.0000000000
50611  44.935  -41.551  61.828 0.0000000000
49868  45.920  -42.368  62.266 0.0000000000
46340  45.240  -46.241  60.020 0.0000000000
46341  44.551  -46.515  59.497 0.0000000000
46329  44.808  -46.851  60.181 0.0000000000
44442  48.004  -48.813  68.184 0.0000000000
40028  43.344  -53.554  68.077 0.0000000000
40961  43.856  -53.122  68.102 0.0000000000
40974  43.171  -52.902  67.551 0.0000000000
43610  42.657  -49.874  65.002 0.0000000000
42746  43.727  -50.085  65.481 0.0000000000
43609  43.438  -49.766  65.040 0.0000000000
43619  44.872  -49.416  64.755 0.0000000000
43620  44.047  -49.420  64.563 0.0000000000
44474  43.927  -49.066  63.956 0.0000000000
44475  43.254  -49.035  63.812 0.0000000000
44514  39.395  -48.825  61.182 0.0000000000
44523  39.855  -48.273  60.422 0.0000000000
44524  39.009  -48.618  60.602 0.0000000000
44534  38.909  -48.270  59.719 0.0000000000
44525  38.504  -48.743  60.356 0.0000000000
42821  36.312  -50.427  57.983 0.0000000000
42822  35.905  -49.679  57.506 0.0000000000
37990  36.218  -54.808  59.578 0.0000000000
38017  35.496  -54.892  58.915 0.0000000000
41024  30.898  -53.204  64.245 0.0000000000
40087  30.392  -53.183  62.590 0.0000000000
40103  27.486  -53.688  62.299 0.0000000000
40114  27.157  -53.381  61.720 0.0000000000
61494  55.721  -28.626  52.882 0.0000000000
28691  23.064  -65.372  72.376 0.0000000000
27584  21.986  -66.128  73.860 0.0000000000
27592  21.678  -66.182  72.908 0.0000000000
26482  20.626  -66.608  73.186 0.0000000000
28671  24.563  -64.787  74.451 0.0000000000
28670  25.289  -64.541  74.029 0.0000000000
28681  24.591  -64.805  73.523 0.0000000000
37764  36.048  -55.344  75.174 0.0000000000
37763  36.901  -56.013  74.818 0.0000000000
36683  37.226  -56.543  72.514 0.0000000000
36659  37.970  -56.482  73.340 0.0000000000
36682  38.216  -56.587  72.406 0.0000000000
36658  39.205  -56.350  73.452 0.0000000000
36703  38.344  -56.808  71.382 0.0000000000
36702  39.316  -56.722  71.125 0.0000000000
36750  36.227  -57.345  68.943 0.0000000000
35688  37.066  -57.472  68.935 0.0000000000
35701  36.365  -57.457  68.396 0.0000000000
35700  37.327  -57.468  68.118 0.0000000000
35711  36.650  -57.514  67.492 0.0000000000
35721  35.862  -57.471  66.916 0.0000000000
36773  35.550  -57.333  67.378 0.0000000000
37871  33.463  -55.417  67.316 0.0000000000
38024  21.476  -55.827  58.753 0.0000000000
38050  21.103  -55.527  57.630 0.0000000000
57432  55.211  -33.514  55.863 0.0000000000
58262  55.386  -32.600  55.345 0.0000000000
57433  54.497  -33.781  55.432 0.0000000000
57446  54.155  -33.374  54.786 0.0000000000
32810  20.326  -60.583  63.394 0.0000000000
32791  17.729  -60.530  63.695 0.0000000000
31907  17.710  -61.006  64.411 0.0000000000
28768  15.745  -64.361  67.926 0.0000000000
29824  16.100  -63.878  67.326 0.0000000000
28769  15.107  -64.385  67.680 0.0000000000
29827  13.469  -64.095  66.663 0.0000000000
29826  14.029  -64.037  66.713 0.0000000000
29845  13.432  -63.640  66.248 0.0000000000
29861  13.101  -63.023  65.661 0.0000000000
30878  12.526  -62.899  65.681 0.0000000000
30897  11.811  -62.490  65.119 0.0000000000
30879  12.013  -62.785  65.683 0.0000000000
29847  11.490  -63.045  66.230 0.0000000000
29848  10.677  -63.032  66.195 0.0000000000
38844  31.989  -54.911  78.594 0.0000000000
36608  32.343  -55.973  76.157 0.0000000000
37722  32.332  -55.794  76.860 0.0000000000
37745  32.540  -55.208  75.281 0.0000000000
36642  32.424  -55.785  74.760 0.0000000000
37783  32.438  -55.262  74.002 0.0000000000
35645  31.873  -57.369  73.266 0.0000000000
31831  25.231  -62.041  69.074 0.0000000000
31842  25.575  -61.539  68.848 0.0000000000
31843  24.908  -61.814  68.396 0.0000000000
32745  24.941  -61.064  67.243 0.0000000000
32759  24.636  -60.796  66.543 0.0000000000
32772  24.374  -60.547  65.889 0.0000000000
33690  24.010  -60.230  64.952 0.0000000000
32773  23.658  -60.883  65.451 0.0000000000
32787  21.438  -61.084  64.266 0.0000000000
32786  22.440  -61.089  64.540 0.0000000000
32809  21.338  -60.780  63.488 0.0000000000
53786  47.091  -36.817  58.561 0.0000000000
53787  46.444  -36.928  58.240 0.0000000000
53807  45.034  -36.807  56.549 0.0000000000
28684  10.623  -63.865  74.066 0.0000000000
30793  9.830  -62.897  73.257 0.0000000000
30800  10.094  -62.891  72.306 0.0000000000
30801  9.365  -62.743  72.500 0.0000000000
54609  53.028  -36.596  63.473 0.0000000000
53738  52.270  -37.540  63.162 0.0000000000
52880  51.646  -38.565  63.505 0.0000000000
52884  51.252  -38.288  62.786 0.0000000000
50575  49.012  -41.864  66.169 0.0000000000
49016  48.235  -43.696  64.051 0.0000000000
49836  48.354  -43.068  64.640 0.0000000000
49848  47.631  -43.061  63.634 0.0000000000
49028  47.016  -43.084  62.854 0.0000000000
49027  47.545  -43.806  63.079 0.0000000000
47274  47.325  -45.715  62.595 0.0000000000
48183  47.259  -44.819  62.422 0.0000000000
47275  46.929  -45.693  61.985 0.0000000000
47284  46.503  -45.568  61.306 0.0000000000
40990  41.183  -52.612  66.563 0.0000000000
40991  40.562  -52.542  65.966 0.0000000000
42750  40.286  -51.221  65.168 0.0000000000
42749  40.681  -50.851  65.230 0.0000000000
42748  41.755  -50.497  65.378 0.0000000000
42760  40.765  -50.151  64.456 0.0000000000
42773  39.714  -50.293  63.611 0.0000000000
42787  38.975  -50.322  62.665 0.0000000000
43648  39.295  -49.624  62.278 0.0000000000
42801  38.158  -50.407  61.176 0.0000000000
41063  37.916  -52.176  60.491 0.0000000000
41952  37.647  -51.223  60.127 0.0000000000
41089  37.203  -52.094  59.009 0.0000000000
38046  32.931  -55.308  59.239 0.0000000000
38045  33.889  -55.157  58.880 0.0000000000
40198  32.498  -54.017  56.145 0.0000000000
40225  31.608  -53.699  55.713 0.0000000000
40034  30.949  -54.053  66.927 0.0000000000
40980  30.916  -53.609  66.658 0.0000000000
40058  29.853  -53.763  65.167 0.0000000000
41009  29.900  -53.381  64.881 0.0000000000
64061  58.680  -25.389  53.457 0.0000000000
64958  58.924  -24.429  53.678 0.0000000000
64974  58.416  -24.775  52.345 0.0000000000
30843  22.154  -62.803  68.254 0.0000000000
30844  21.436  -62.960  67.998 0.0000000000
29802  21.618  -63.338  68.607 0.0000000000
29803  20.498  -63.478  68.157 0.0000000000
28714  21.373  -65.120  70.568 0.0000000000
28717  18.642  -65.142  69.860 0.0000000000
28716  19.388  -65.184  69.991 0.0000000000
28750  18.714  -64.497  68.944 0.0000000000
28735  18.144  -64.869  69.485 0.0000000000
28752  17.022  -64.457  68.611 0.0000000000
28736  17.179  -64.852  69.330 0.0000000000
27622  16.580  -65.902  70.500 0.0000000000
27639  16.397  -65.415  69.789 0.0000000000
33607  29.011  -59.699  75.394 0.0000000000
34606  28.845  -59.181  75.720 0.0000000000
34605  29.372  -58.968  75.612 0.0000000000
34587  29.736  -58.404  76.133 0.0000000000
33606  29.751  -59.380  74.990 0.0000000000
33620  30.072  -59.860  74.360 0.0000000000
31810  29.063  -61.876  73.557 0.0000000000
31809  29.506  -61.291  73.842 0.0000000000
31814  28.817  -61.775  72.571 0.0000000000
30797  28.328  -62.255  72.570 0.0000000000
29734  26.574  -64.036  74.079 0.0000000000
29758  26.315  -63.277  71.593 0.0000000000
30806  26.235  -63.140  71.302 0.0000000000
30811  26.634  -62.572  70.959 0.0000000000
30812  26.151  -62.811  70.756 0.0000000000
30825  25.809  -62.534  70.026 0.0000000000
30813  25.456  -62.946  70.269 0.0000000000
30828  23.446  -62.986  69.183 0.0000000000
30842  22.915  -62.768  68.654 0.0000000000
30856  22.834  -62.382  67.873 0.0000000000
52136  41.686  -39.685  58.656 0.0000000000
50564  50.536  -41.814  68.057 0.0000000000
48972  50.361  -43.344  68.174 0.0000000000
48973  50.174  -43.477  67.455 0.0000000000
48117  50.268  -43.894  67.877 0.0000000000
48118  50.085  -44.667  67.474 0.0000000000
37718  38.565  -55.016  76.117 0.0000000000
37847  42.293  -55.391  70.173 0.0000000000
38977  42.867  -54.871  70.690 0.0000000000
38992  42.845  -54.871  69.712 0.0000000000
38991  43.381  -54.339  69.283 0.0000000000
36721  39.451  -56.843  70.161 0.0000000000
36720  40.309  -56.525  69.913 0.0000000000
36734  39.642  -56.792  69.216 0.0000000000
36747  40.522  -56.080  68.033 0.0000000000
37869  40.330  -55.672  67.182 0.0000000000
37868  40.966  -55.400  67.678 0.0000000000
37876  40.638  -55.139  67.018 0.0000000000
39026  40.555  -54.493  66.684 0.0000000000
37896  38.684  -55.363  64.314 0.0000000000
39034  39.228  -54.654  64.815 0.0000000000
39069  38.714  -54.398  63.502 0.0000000000
37941  36.100  -56.055  62.047 0.0000000000
36786  35.122  -57.294  65.871 0.0000000000
36796  35.789  -57.047  64.559 0.0000000000
36827  34.024  -56.437  62.717 0.0000000000
37942  34.707  -56.202  61.934 0.0000000000
37968  34.117  -55.917  61.183 0.0000000000
37969  33.177  -55.873  61.338 0.0000000000
37970  32.445  -55.618  61.543 0.0000000000
37994  32.527  -55.524  60.815 0.0000000000
37995  32.070  -55.363  61.179 0.0000000000
39142  31.471  -54.619  59.633 0.0000000000
39121  31.572  -54.891  60.723 0.0000000000
37903  26.335  -55.632  64.205 0.0000000000
37926  25.479  -55.226  63.311 0.0000000000
39092  24.967  -54.447  62.210 0.0000000000
39107  25.403  -53.869  61.849 0.0000000000
39130  22.357  -53.812  59.583 0.0000000000
39129  23.067  -53.815  60.372 0.0000000000
40133  23.141  -52.603  59.535 0.0000000000
40132  24.330  -52.335  59.828 0.0000000000
40131  25.478  -52.563  59.911 0.0000000000
40116  25.627  -53.280  61.095 0.0000000000
60676  55.505  -29.475  55.161 0.0000000000
61457  56.217  -28.713  55.035 0.0000000000
61458  55.524  -28.824  54.744 0.0000000000
59093  55.426  -30.996  55.111 0.0000000000
33756  18.473  -59.341  61.940 0.0000000000
33782  18.306  -58.905  61.189 0.0000000000
33757  17.572  -59.271  61.812 0.0000000000
30859  20.195  -62.722  67.199 0.0000000000
30873  19.097  -62.326  66.409 0.0000000000
30891  17.919  -62.072  65.792 0.0000000000
31889  16.842  -61.572  64.899 0.0000000000
30877  15.522  -62.855  65.869 0.0000000000
31910  14.231  -61.618  64.010 0.0000000000
31891  14.870  -61.844  64.545 0.0000000000
39863  33.159  -53.931  78.226 0.0000000000
39883  33.412  -53.897  77.626 0.0000000000
39882  34.441  -53.652  77.393 0.0000000000
39902  35.048  -54.032  76.879 0.0000000000
38887  35.027  -54.254  76.214 0.0000000000
39944  34.170  -53.673  73.681 0.0000000000
38934  34.631  -54.435  73.572 0.0000000000
38950  34.691  -54.763  72.523 0.0000000000
39973  34.259  -53.853  71.858 0.0000000000
40921  32.714  -52.967  71.658 0.0000000000
40934  32.613  -52.915  70.741 0.0000000000
40935  32.177  -53.224  70.565 0.0000000000
38979  31.658  -54.733  70.136 0.0000000000
38965  31.756  -54.630  71.192 0.0000000000
40020  31.423  -54.292  68.546 0.0000000000
39009  31.412  -55.045  68.592 0.0000000000
36764  30.630  -56.454  67.992 0.0000000000
37873  30.885  -55.900  67.772 0.0000000000
36776  29.786  -56.412  67.076 0.0000000000
37882  29.928  -55.761  66.506 0.0000000000
36777  29.120  -56.542  66.662 0.0000000000
32687  30.299  -60.184  73.590 0.0000000000
32711  29.786  -60.005  71.203 0.0000000000
33636  30.648  -59.661  72.045 0.0000000000
33643  30.266  -59.458  70.907 0.0000000000
33642  30.825  -59.021  70.910 0.0000000000
33651  29.933  -59.182  70.227 0.0000000000
32731  26.368  -60.588  68.785 0.0000000000
33659  26.745  -60.255  68.946 0.0000000000
34682  27.597  -58.784  68.360 0.0000000000
34677  27.886  -59.164  69.116 0.0000000000
34681  28.267  -58.502  68.575 0.0000000000
35693  29.129  -58.370  69.023 0.0000000000
35705  28.817  -58.137  68.412 0.0000000000
35715  27.889  -57.818  67.473 0.0000000000
35723  27.526  -57.367  66.730 0.0000000000
36779  27.413  -57.013  66.296 0.0000000000
36799  26.361  -56.380  65.008 0.0000000000
36791  26.126  -56.873  65.449 0.0000000000
35753  24.424  -57.717  63.989 0.0000000000
36801  24.889  -56.965  64.346 0.0000000000
35765  23.612  -57.420  62.589 0.0000000000
33725  23.562  -59.902  63.663 0.0000000000
34710  23.992  -59.365  64.034 0.0000000000
33752  23.503  -59.407  63.066 0.0000000000
33799  22.441  -59.072  60.927 0.0000000000
34742  23.180  -58.775  62.021 0.0000000000
34765  22.963  -58.275  61.432 0.0000000000
35823  22.195  -57.090  59.696 0.0000000000
34793  22.125  -58.364  60.002 0.0000000000
57410  48.523  -33.817  56.650 0.0000000000
57411  47.845  -33.717  56.140 0.0000000000
54675  47.798  -36.254  57.201 0.0000000000
55629  47.852  -35.584  56.562 0.0000000000
54683  48.264  -35.746  55.817 0.0000000000
52963  42.430  -38.506  56.527 0.0000000000
52954  42.748  -37.981  56.581 0.0000000000
52962  42.871  -38.270  56.199 0.0000000000
27567  21.928  -65.319  75.777 0.0000000000
26462  20.656  -66.541  75.127 0.0000000000
26463  19.799  -67.045  74.835 0.0000000000
26471  19.794  -66.941  73.827 0.0000000000
26464  19.156  -67.240  74.317 0.0000000000
25442  17.545  -67.354  73.407 0.0000000000
25441  18.244  -67.306  73.622 0.0000000000
25451  17.397  -67.183  72.744 0.0000000000
26486  17.233  -66.946  72.273 0.0000000000
25452  16.808  -67.291  72.855 0.0000000000
26501  14.936  -66.880  71.632 0.0000000000
26518  13.915  -66.532  70.520 0.0000000000
27585  11.993  -66.130  74.244 0.0000000000
26457  12.689  -66.641  75.576 0.0000000000
26466  12.596  -66.672  74.567 0.0000000000
26465  13.199  -67.117  75.006 0.0000000000
26474  13.299  -67.224  74.030 0.0000000000
27606  11.701  -65.729  70.869 0.0000000000
27594  12.178  -66.275  71.866 0.0000000000
27626  12.664  -66.174  70.137 0.0000000000
27627  11.750  -65.521  69.825 0.0000000000
27644  11.746  -65.215  68.922 0.0000000000
28740  11.176  -64.817  69.495 0.0000000000
28759  10.535  -63.715  68.569 0.0000000000
30830  9.403  -62.721  69.866 0.0000000000
63122  60.204  -26.189  57.403 0.0000000000
62273  59.812  -27.721  56.408 0.0000000000
62259  59.922  -27.863  57.243 0.0000000000
60647  59.388  -29.542  58.017 0.0000000000
60660  59.289  -29.323  57.310 0.0000000000
59888  58.653  -30.439  57.229 0.0000000000
59860  59.133  -29.784  60.040 0.0000000000
59861  59.010  -30.578  59.754 0.0000000000
58239  58.009  -32.394  58.711 0.0000000000
59067  58.488  -31.742  58.665 0.0000000000
59084  57.804  -31.701  57.094 0.0000000000
58256  56.457  -32.670  56.400 0.0000000000
58248  56.741  -33.202  57.119 0.0000000000
57408  55.897  -34.017  57.354 0.0000000000
56550  54.518  -34.551  56.985 0.0000000000
56533  54.604  -34.694  58.044 0.0000000000
56504  55.924  -34.492  59.979 0.0000000000
56486  55.452  -34.563  60.681 0.0000000000
56507  53.078  -34.628  59.872 0.0000000000
56506  54.128  -34.777  59.866 0.0000000000
56509  50.823  -34.418  59.758 0.0000000000
55604  50.267  -35.355  59.773 0.0000000000
54625  51.990  -36.668  62.054 0.0000000000
54638  51.458  -36.566  61.549 0.0000000000
53755  51.023  -37.023  61.406 0.0000000000
53757  49.471  -37.788  60.894 0.0000000000
53763  49.813  -36.997  60.374 0.0000000000
54652  49.641  -36.790  60.047 0.0000000000
53770  48.155  -37.061  59.347 0.0000000000
52894  47.993  -38.735  60.944 0.0000000000
52904  47.561  -38.391  60.315 0.0000000000
52114  47.072  -38.799  60.393 0.0000000000
52131  46.140  -38.587  59.509 0.0000000000
52115  46.408  -39.029  60.154 0.0000000000
52068  52.534  -38.890  65.778 0.0000000000
52073  49.992  -40.150  63.924 0.0000000000
50583  48.661  -41.520  65.626 0.0000000000
51311  49.499  -40.871  65.445 0.0000000000
51312  48.790  -40.917  65.081 0.0000000000
51323  47.385  -40.880  63.576 0.0000000000
51322  48.296  -40.595  63.617 0.0000000000
52079  48.424  -40.281  62.974 0.0000000000
52078  49.183  -40.148  63.208 0.0000000000
51326  47.184  -40.510  62.730 0.0000000000
51341  45.595  -40.430  61.677 0.0000000000
52085  46.164  -40.314  61.819 0.0000000000
52099  45.416  -40.164  61.144 0.0000000000
52116  45.192  -39.702  60.452 0.0000000000
51361  44.490  -40.046  60.696 0.0000000000
52118  43.386  -39.956  60.070 0.0000000000
51362  43.949  -40.265  60.738 0.0000000000
50643  43.980  -41.780  60.736 0.0000000000
50644  43.499  -41.501  60.487 0.0000000000
49900  43.756  -42.171  60.293 0.0000000000
49914  42.716  -42.116  59.398 0.0000000000
49913  43.464  -42.615  59.572 0.0000000000
48224  45.047  -44.745  59.631 0.0000000000
48211  44.979  -44.135  59.950 0.0000000000
48226  43.843  -43.984  58.882 0.0000000000
46254  48.857  -47.029  67.564 0.0000000000
46253  49.226  -46.531  67.264 0.0000000000
46267  49.365  -46.239  66.831 0.0000000000
46268  48.862  -46.944  66.659 0.0000000000
41849  45.969  -51.738  69.576 0.0000000000
41859  46.279  -51.182  69.024 0.0000000000
42715  46.305  -50.973  68.341 0.0000000000
41886  42.446  -51.744  66.648 0.0000000000
41873  43.418  -52.024  67.159 0.0000000000
41885  43.514  -51.281  66.597 0.0000000000
42734  44.976  -50.547  66.224 0.0000000000
42733  46.012  -50.533  66.710 0.0000000000
42732  46.540  -50.344  67.247 0.0000000000
43598  46.814  -49.745  66.615 0.0000000000
43597  47.434  -49.379  67.172 0.0000000000
43605  46.511  -49.522  65.879 0.0000000000
44471  46.647  -48.467  64.691 0.0000000000
44470  47.290  -48.286  65.212 0.0000000000
45348  47.491  -47.666  64.677 0.0000000000
45349  46.884  -47.928  64.178 0.0000000000
45357  47.313  -47.387  63.994 0.0000000000
45358  46.650  -47.755  63.486 0.0000000000
44498  44.551  -48.397  62.905 0.0000000000
45368  45.466  -47.947  62.538 0.0000000000
45380  45.447  -47.491  61.745 0.0000000000
45369  44.537  -48.022  62.247 0.0000000000
43645  41.541  -49.146  63.143 0.0000000000
44511  41.636  -48.354  61.540 0.0000000000
44510  42.335  -48.336  61.893 0.0000000000
45383  42.628  -47.975  61.164 0.0000000000
45382  43.613  -47.826  61.311 0.0000000000
45398  40.612  -47.747  59.690 0.0000000000
44563  35.691  -47.984  57.545 0.0000000000
44550  36.358  -48.028  58.222 0.0000000000
45460  35.482  -46.939  57.036 0.0000000000
39101  37.642  -54.364  61.209 0.0000000000
39139  36.610  -53.938  58.990 0.0000000000
39138  37.250  -53.729  59.747 0.0000000000
41102  36.626  -52.437  58.203 0.0000000000
40155  36.286  -53.196  58.022 0.0000000000
39164  34.128  -54.699  58.043 0.0000000000
40196  34.555  -53.241  56.103 0.0000000000
40195  35.261  -52.826  56.382 0.0000000000
40004  33.932  -53.992  70.293 0.0000000000
39007  33.981  -54.870  69.285 0.0000000000
38994  33.591  -53.717  69.320 0.0000000000
39028  32.900  -54.442  66.774 0.0000000000
40056  31.439  -53.685  64.731 0.0000000000
39036  31.774  -54.262  64.929 0.0000000000
39051  31.553  -54.437  64.238 0.0000000000
37900  31.644  -54.909  63.614 0.0000000000
39071  31.227  -54.321  63.470 0.0000000000
40101  30.388  -53.393  61.816 0.0000000000
39087  30.746  -54.086  62.036 0.0000000000
39122  30.814  -54.095  60.634 0.0000000000
39054  28.022  -54.923  64.135 0.0000000000
39073  27.750  -54.659  63.556 0.0000000000
41043  28.709  -53.223  62.995 0.0000000000
41947  28.728  -51.889  60.930 0.0000000000
41065  29.250  -52.206  61.300 0.0000000000
41963  29.300  -51.220  59.220 0.0000000000
41091  29.870  -52.267  59.269 0.0000000000
65872  59.935  -23.413  52.369 0.0000000000
62299  57.834  -26.893  54.177 0.0000000000
62326  57.335  -27.566  52.557 0.0000000000
63190  58.032  -27.158  52.234 0.0000000000
63189  58.375  -26.463  51.921 0.0000000000
56571  50.976  -35.030  55.258 0.0000000000
28682  23.922  -65.192  74.007 0.0000000000
27590  23.281  -65.473  73.753 0.0000000000
27583  22.686  -65.722  74.165 0.0000000000
37799  35.671  -55.780  72.998 0.0000000000
37781  36.325  -56.022  73.712 0.0000000000
36684  36.338  -56.254  72.681 0.0000000000
36723  37.473  -57.052  70.575 0.0000000000
36724  36.482  -56.757  70.753 0.0000000000
36751  35.605  -57.039  68.743 0.0000000000
36761  35.413  -57.149  67.838 0.0000000000
37860  34.178  -55.538  68.798 0.0000000000
56568  54.168  -34.471  56.192 0.0000000000
31903  21.450  -61.344  65.004 0.0000000000
31904  20.546  -61.199  64.895 0.0000000000
28786  12.777  -63.880  66.474 0.0000000000
28772  12.286  -64.199  66.965 0.0000000000
28773  11.380  -63.885  67.278 0.0000000000
36592  31.276  -56.559  77.605 0.0000000000
37701  32.082  -55.894  77.454 0.0000000000
36624  32.077  -56.600  75.281 0.0000000000
36643  32.231  -56.420  74.434 0.0000000000
31855  23.697  -61.958  67.493 0.0000000000
31854  24.544  -61.624  67.656 0.0000000000
31866  23.660  -61.563  66.652 0.0000000000
31882  23.329  -61.427  66.031 0.0000000000
32774  22.855  -61.183  65.089 0.0000000000
31883  22.575  -61.521  65.717 0.0000000000
52938  46.204  -37.556  58.847 0.0000000000
52939  45.574  -37.461  58.439 0.0000000000
30787  9.168  -63.100  73.965 0.0000000000
54592  53.412  -36.579  64.255 0.0000000000
49001  49.358  -43.668  65.761 0.0000000000
49824  48.954  -43.097  65.549 0.0000000000
49026  48.042  -44.226  63.554 0.0000000000
48166  47.947  -44.785  63.322 0.0000000000
47260  47.702  -45.722  63.204 0.0000000000
41004  40.090  -52.410  65.383 0.0000000000
41005  39.624  -52.358  64.727 0.0000000000
41908  39.526  -51.401  64.338 0.0000000000
41921  39.190  -51.253  63.658 0.0000000000
41934  38.620  -51.258  62.421 0.0000000000
41944  38.356  -51.263  61.615 0.0000000000
41062  38.263  -52.168  61.259 0.0000000000
39031  30.034  -55.033  66.039 0.0000000000
39037  30.266  -54.438  66.010 0.0000000000
39038  29.692  -54.672  65.480 0.0000000000
39052  29.413  -54.285  64.886 0.0000000000
64060  59.168  -25.315  54.048 0.0000000000
28732  21.222  -64.538  69.796 0.0000000000
27600  20.529  -66.078  71.788 0.0000000000
27618  20.415  -65.605  70.992 0.0000000000
27620  18.490  -65.531  70.518 0.0000000000
27621  17.525  -65.659  70.536 0.0000000000
26515  16.457  -66.382  71.098 0.0000000000
33592  28.502  -59.456  75.819 0.0000000000
32689  29.370  -60.852  74.635 0.0000000000
28688  25.223  -64.363  72.391 0.0000000000
29752  25.774  -64.078  72.434 0.0000000000
28697  25.387  -64.142  72.010 0.0000000000
29771  24.718  -63.429  70.351 0.0000000000
37760  39.859  -55.832  74.457 0.0000000000
37739  40.401  -55.235  74.914 0.0000000000
38918  40.905  -54.887  74.879 0.0000000000
38947  42.471  -54.626  72.515 0.0000000000
38946  43.206  -54.084  72.163 0.0000000000
37815  42.309  -55.177  71.984 0.0000000000
37832  42.312  -55.357  71.133 0.0000000000
36748  39.772  -56.594  68.268 0.0000000000
36759  38.920  -56.870  67.487 0.0000000000
36771  39.388  -56.213  66.674 0.0000000000
37878  39.416  -55.652  66.061 0.0000000000
37897  38.009  -55.985  63.738 0.0000000000
36808  37.369  -56.413  63.810 0.0000000000
36809  36.468  -56.561  63.579 0.0000000000
36828  33.177  -56.203  62.642 0.0000000000
36829  32.612  -55.874  62.621 0.0000000000
37945  32.230  -55.574  62.233 0.0000000000
37927  24.725  -56.006  63.463 0.0000000000
37952  24.491  -55.336  62.652 0.0000000000
39093  24.318  -54.558  61.919 0.0000000000
59098  54.208  -31.359  53.989 0.0000000000
32838  17.310  -59.792  62.482 0.0000000000
30861  18.555  -62.987  66.839 0.0000000000
30875  17.247  -62.629  66.166 0.0000000000
30895  13.665  -62.498  65.220 0.0000000000
30894  14.793  -62.504  65.345 0.0000000000
38889  32.928  -54.494  76.645 0.0000000000
38906  34.652  -54.151  75.554 0.0000000000
39918  34.102  -53.715  75.161 0.0000000000
39932  33.984  -53.546  74.359 0.0000000000
39960  33.776  -53.320  73.052 0.0000000000
39974  33.838  -53.260  72.276 0.0000000000
40895  33.423  -53.173  73.158 0.0000000000
40908  32.893  -53.025  72.611 0.0000000000
39961  32.499  -53.373  72.330 0.0000000000
37820  31.808  -55.555  71.865 0.0000000000
37852  31.555  -55.690  69.796 0.0000000000
37862  31.386  -55.725  68.915 0.0000000000
36753  31.192  -56.292  68.777 0.0000000000
36754  30.760  -56.715  68.497 0.0000000000
36755  30.301  -57.056  68.251 0.0000000000
32705  29.445  -60.965  72.210 0.0000000000
32712  29.378  -60.409  71.338 0.0000000000
33645  28.973  -60.309  70.875 0.0000000000
33653  28.509  -59.863  70.188 0.0000000000
33663  26.507  -59.822  68.165 0.0000000000
33666  26.293  -59.409  67.451 0.0000000000
34686  27.304  -58.366  67.613 0.0000000000
35716  27.125  -58.138  67.260 0.0000000000
35732  25.665  -57.687  65.664 0.0000000000
35740  24.890  -57.986  64.796 0.0000000000
32834  22.230  -60.494  62.824 0.0000000000
33753  23.011  -59.656  62.387 0.0000000000
33800  21.676  -59.141  60.277 0.0000000000
33817  20.120  -58.997  59.458 0.0000000000
56523  49.262  -34.500  58.119 0.0000000000
56524  48.438  -34.663  57.476 0.0000000000
25453  15.900  -67.406  72.973 0.0000000000
25444  15.519  -67.535  73.711 0.0000000000
25454  14.976  -67.466  73.155 0.0000000000
26489  13.956  -67.326  72.750 0.0000000000
26476  12.050  -66.245  72.583 0.0000000000
28702  11.154  -65.054  71.484 0.0000000000
28719  10.712  -64.220  70.243 0.0000000000
29774  10.359  -63.474  70.038 0.0000000000
62245  59.832  -27.826  58.073 0.0000000000
61421  59.561  -28.591  58.460 0.0000000000
59066  58.713  -31.365  59.225 0.0000000000
58226  58.331  -31.942  59.518 0.0000000000
57406  57.352  -33.213  58.363 0.0000000000
56531  56.301  -34.211  58.630 0.0000000000
56517  55.706  -34.514  59.155 0.0000000000
56487  54.541  -34.703  60.744 0.0000000000
53750  50.588  -37.914  61.842 0.0000000000
52902  49.027  -38.078  60.878 0.0000000000
52066  52.034  -39.656  66.677 0.0000000000
52069  51.962  -39.430  65.522 0.0000000000
50593  47.795  -41.566  64.650 0.0000000000
50602  47.390  -41.391  64.110 0.0000000000
51328  45.121  -40.880  62.045 0.0000000000
51329  44.523  -41.046  61.642 0.0000000000
49883  44.974  -42.337  61.368 0.0000000000
48194  45.896  -44.475  60.869 0.0000000000
47314  44.764  -45.439  59.162 0.0000000000
45312  48.538  -47.636  67.993 0.0000000000
45324  48.499  -47.683  67.233 0.0000000000
40002  44.392  -53.331  69.356 0.0000000000
40947  44.990  -52.879  69.764 0.0000000000
40016  44.294  -53.279  68.918 0.0000000000
40960  44.592  -52.799  68.661 0.0000000000
41861  44.766  -52.209  67.895 0.0000000000
42736  42.718  -50.850  66.107 0.0000000000
42745  44.328  -50.163  65.646 0.0000000000
43607  45.027  -49.842  65.408 0.0000000000
43606  45.907  -49.587  65.450 0.0000000000
43618  45.510  -49.379  64.985 0.0000000000
44472  45.690  -48.917  64.441 0.0000000000
44487  45.614  -48.516  63.659 0.0000000000
44488  44.643  -48.706  63.511 0.0000000000
43647  40.034  -49.346  62.471 0.0000000000
44503  40.419  -48.824  61.881 0.0000000000
44512  40.799  -48.488  61.436 0.0000000000
44521  41.278  -48.131  60.899 0.0000000000
44522  40.664  -48.182  60.651 0.0000000000
44548  37.735  -48.180  59.105 0.0000000000
43699  35.944  -49.033  57.962 0.0000000000
37965  37.177  -54.958  61.020 0.0000000000
39140  35.928  -54.380  58.619 0.0000000000
39220  33.351  -54.194  56.611 0.0000000000
39219  33.950  -53.821  56.387 0.0000000000
40019  33.330  -53.205  68.852 0.0000000000
40992  32.813  -52.912  67.408 0.0000000000
40086  30.726  -53.616  63.188 0.0000000000
39090  26.734  -54.290  62.713 0.0000000000
39089  27.577  -54.295  62.951 0.0000000000
41955  27.749  -51.795  60.223 0.0000000000
62316  56.381  -27.836  53.588 0.0000000000
56573  48.708  -34.234  54.249 0.0000000000
56589  49.781  -35.083  53.812 0.0000000000
28700  22.649  -65.270  71.604 0.0000000000
27599  21.612  -65.804  71.906 0.0000000000
28669  25.906  -64.313  73.657 0.0000000000
28680  25.406  -64.443  73.088 0.0000000000
38885  36.916  -54.527  76.804 0.0000000000
37720  37.464  -54.710  76.572 0.0000000000
37742  37.927  -55.464  75.713 0.0000000000
36640  37.580  -56.340  74.107 0.0000000000
37761  39.102  -55.852  74.850 0.0000000000
36680  40.164  -56.352  71.778 0.0000000000
36735  38.700  -57.109  69.456 0.0000000000
36736  37.702  -57.255  69.634 0.0000000000
35699  38.189  -57.250  67.920 0.0000000000
35710  37.702  -57.341  67.196 0.0000000000
35728  36.897  -57.299  65.899 0.0000000000
35729  36.089  -57.425  66.165 0.0000000000
35730  35.611  -57.399  66.370 0.0000000000
36774  35.078  -57.197  67.063 0.0000000000
36787  33.800  -56.605  65.516 0.0000000000
37888  33.003  -55.901  65.135 0.0000000000
37978  22.505  -55.709  60.400 0.0000000000
37977  22.912  -55.099  60.816 0.0000000000
38003  22.146  -55.184  59.759 0.0000000000
39172  21.037  -54.711  56.325 0.0000000000
40164  21.649  -53.177  56.660 0.0000000000
58261  56.105  -32.057  55.744 0.0000000000
59092  55.866  -31.388  55.492 0.0000000000
58266  55.096  -32.010  54.782 0.0000000000
58267  54.450  -32.450  54.499 0.0000000000
58268  53.798  -32.383  53.634 0.0000000000
32855  20.394  -60.169  61.987 0.0000000000
32837  19.558  -60.094  62.592 0.0000000000
33727  19.030  -59.969  62.818 0.0000000000
33728  18.474  -59.741  62.658 0.0000000000
32789  19.484  -60.665  64.092 0.0000000000
32812  18.468  -60.157  63.275 0.0000000000
32813  17.700  -60.062  63.036 0.0000000000
32814  16.867  -60.454  62.964 0.0000000000
29806  16.804  -64.139  67.872 0.0000000000
29842  16.733  -63.209  66.591 0.0000000000
29844  14.628  -63.308  66.125 0.0000000000
30896  12.678  -62.493  65.219 0.0000000000
30880  11.375  -62.747  65.672 0.0000000000
37700  32.542  -55.232  77.167 0.0000000000
38865  32.939  -54.394  77.654 0.0000000000
38907  32.749  -54.582  75.684 0.0000000000
38921  32.593  -54.425  74.718 0.0000000000
38935  32.487  -54.521  73.930 0.0000000000
36663  32.130  -56.382  73.588 0.0000000000
36686  31.880  -56.468  72.545 0.0000000000
35672  31.539  -57.509  71.079 0.0000000000
34665  30.888  -58.194  70.092 0.0000000000
31829  26.597  -61.738  69.968 0.0000000000
32723  26.082  -61.151  68.986 0.0000000000
32732  25.737  -60.860  68.300 0.0000000000
33675  25.313  -60.010  66.610 0.0000000000
33676  24.966  -59.957  66.068 0.0000000000
33705  23.903  -59.924  64.382 0.0000000000
32807  23.214  -60.554  64.147 0.0000000000
32835  21.184  -60.531  62.685 0.0000000000
54666  46.702  -36.665  57.666 0.0000000000
54677  46.864  -36.636  57.481 0.0000000000
53805  47.236  -36.909  57.141 0.0000000000
28664  10.932  -64.873  75.404 0.0000000000
29744  10.825  -64.051  72.639 0.0000000000
30807  10.169  -62.970  71.323 0.0000000000
30808  9.510  -62.670  71.539 0.0000000000
53748  52.052  -37.143  62.464 0.0000000000
52081  50.079  -39.003  62.503 0.0000000000
51307  49.876  -41.080  66.123 0.0000000000
50584  48.180  -41.789  65.158 0.0000000000
49825  48.464  -42.514  65.284 0.0000000000
49826  48.007  -42.122  64.884 0.0000000000
50594  47.327  -41.914  64.236 0.0000000000
49838  47.274  -42.235  63.962 0.0000000000
49867  46.608  -42.494  62.902 0.0000000000
49048  46.534  -43.494  62.036 0.0000000000
48193  46.350  -44.534  61.372 0.0000000000
47298  46.129  -45.864  60.736 0.0000000000
46315  45.789  -46.982  61.172 0.0000000000
43573  47.622  -49.233  69.643 0.0000000000
40976  41.472  -53.129  66.940 0.0000000000
40975  42.096  -52.806  67.076 0.0000000000
40989  41.754  -52.154  66.647 0.0000000000
41887  41.429  -51.584  66.128 0.0000000000
41897  40.591  -51.654  65.599 0.0000000000
43622  42.118  -49.667  64.506 0.0000000000
43634  42.644  -49.231  63.958 0.0000000000
43623  41.434  -49.698  64.221 0.0000000000
43636  41.026  -49.557  63.660 0.0000000000
43637  40.381  -49.641  63.306 0.0000000000
43662  38.789  -49.451  61.522 0.0000000000
43675  38.166  -49.442  60.724 0.0000000000
42812  37.313  -50.288  59.763 0.0000000000
41971  36.581  -51.680  58.113 0.0000000000
38018  34.644  -55.297  59.386 0.0000000000
39192  33.296  -54.586  57.465 0.0000000000
40964  31.541  -53.283  68.390 0.0000000000
41068  26.946  -53.005  60.906 0.0000000000
66752  59.117  -23.153  53.131 0.0000000000
65863  58.815  -23.640  53.315 0.0000000000
65873  58.859  -23.710  52.414 0.0000000000
64980  58.546  -24.670  51.461 0.0000000000
64081  58.546  -25.714  51.310 0.0000000000
30870  21.511  -62.257  67.032 0.0000000000
30871  20.851  -62.279  66.820 0.0000000000
30858  20.963  -62.735  67.472 0.0000000000
29805  17.850  -63.998  68.026 0.0000000000
28733  20.163  -64.660  69.517 0.0000000000
29792  19.199  -64.374  68.851 0.0000000000
28753  16.076  -64.503  68.417 0.0000000000
28738  15.355  -65.005  68.948 0.0000000000
28739  14.688  -65.093  68.714 0.0000000000
34586  30.278  -58.196  76.009 0.0000000000
34621  30.970  -58.792  74.368 0.0000000000
33605  30.364  -59.203  74.600 0.0000000000
31802  29.462  -61.104  74.315 0.0000000000
32697  29.867  -60.870  73.263 0.0000000000
31817  28.506  -61.656  71.880 0.0000000000
31821  27.511  -61.758  70.993 0.0000000000
30785  28.063  -62.815  74.568 0.0000000000
30792  27.930  -62.922  73.656 0.0000000000
29751  26.538  -63.478  72.210 0.0000000000
29750  27.124  -63.203  72.472 0.0000000000
30798  27.687  -62.694  72.390 0.0000000000
30804  27.464  -62.426  71.666 0.0000000000
31819  27.334  -62.207  71.268 0.0000000000
31822  26.897  -62.100  70.658 0.0000000000
30840  24.678  -62.353  69.014 0.0000000000
30827  24.231  -62.816  69.317 0.0000000000
30855  23.501  -62.315  68.154 0.0000000000
52134  43.568  -39.188  59.445 0.0000000000
52922  42.880  -38.598  58.578 0.0000000000
52147  42.026  -39.050  58.457 0.0000000000
52943  41.724  -38.956  57.220 0.0000000000
52159  41.512  -39.291  56.991 0.0000000000
51305  51.425  -40.312  67.172 0.0000000000
51301  50.899  -40.972  67.693 0.0000000000
49803  49.863  -42.693  66.999 0.0000000000
49802  50.276  -42.665  67.753 0.0000000000
47242  49.316  -45.530  65.812 0.0000000000
40003  43.929  -53.821  69.784 0.0000000000
39004  43.283  -54.224  68.722 0.0000000000
37834  40.800  -56.238  70.485 0.0000000000
36719  41.025  -56.134  69.816 0.0000000000
36732  41.150  -56.017  69.347 0.0000000000
37858  41.777  -55.377  68.788 0.0000000000
37867  41.523  -55.229  68.237 0.0000000000
39017  41.789  -54.595  67.934 0.0000000000
40030  41.545  -53.738  67.285 0.0000000000
40031  40.923  -53.922  66.924 0.0000000000
40042  40.536  -53.506  66.354 0.0000000000
40043  40.055  -53.737  65.733 0.0000000000
37886  39.666  -55.043  65.880 0.0000000000
39033  39.629  -54.358  65.401 0.0000000000
39048  39.437  -53.945  64.812 0.0000000000
40071  39.109  -53.395  63.745 0.0000000000
40085  38.827  -53.395  63.126 0.0000000000
39085  38.022  -54.541  62.176 0.0000000000
36825  35.893  -56.406  62.996 0.0000000000
38020  32.820  -55.500  60.064 0.0000000000
39141  32.143  -55.176  59.782 0.0000000000
37902  27.404  -55.501  64.509 0.0000000000
39075  26.165  -54.706  63.147 0.0000000000
39109  23.808  -54.017  61.212 0.0000000000
41082  23.918  -51.666  58.918 0.0000000000
62287  59.309  -27.300  55.567 0.0000000000
63150  58.992  -26.656  54.813 0.0000000000
62289  57.266  -27.842  54.640 0.0000000000
61472  56.746  -28.129  54.653 0.0000000000
62301  56.136  -27.955  54.014 0.0000000000
61486  55.247  -28.637  53.449 0.0000000000
59901  55.154  -30.365  54.958 0.0000000000
60677  54.875  -29.775  54.756 0.0000000000
61475  54.152  -29.232  53.685 0.0000000000
34768  17.685  -58.546  60.091 0.0000000000
31870  19.906  -61.810  66.058 0.0000000000
31887  18.785  -61.516  65.431 0.0000000000
30890  18.609  -62.056  65.988 0.0000000000
31924  16.134  -61.067  63.265 0.0000000000
30876  16.386  -62.741  66.023 0.0000000000
31909  15.462  -61.370  63.914 0.0000000000
39881  35.745  -53.706  77.576 0.0000000000
38863  36.574  -54.022  77.329 0.0000000000
38904  36.212  -54.900  76.294 0.0000000000
37744  36.119  -55.137  75.837 0.0000000000
38919  35.238  -54.924  74.412 0.0000000000
38949  35.102  -55.334  72.849 0.0000000000
37800  35.136  -55.410  72.467 0.0000000000
37836  34.724  -55.270  70.959 0.0000000000
39988  34.097  -53.866  70.890 0.0000000000
40948  32.922  -52.867  70.170 0.0000000000
39947  32.430  -54.187  73.396 0.0000000000
39962  32.281  -53.987  72.755 0.0000000000
39976  32.078  -53.681  71.577 0.0000000000
40950  31.878  -53.188  69.570 0.0000000000
40033  31.253  -54.045  67.695 0.0000000000
39021  30.962  -54.846  67.294 0.0000000000
37872  31.272  -55.522  68.323 0.0000000000
37883  29.198  -55.975  66.105 0.0000000000
34635  31.254  -58.982  73.449 0.0000000000
33627  31.264  -59.078  72.445 0.0000000000
34656  31.079  -58.451  70.713 0.0000000000
32721  27.357  -60.531  69.815 0.0000000000
33654  27.753  -60.345  70.049 0.0000000000
33662  27.106  -59.371  68.475 0.0000000000
33657  28.073  -59.384  69.480 0.0000000000
34668  29.013  -59.295  69.903 0.0000000000
34667  29.501  -59.014  69.826 0.0000000000
34675  29.550  -58.535  69.387 0.0000000000
34674  30.048  -58.263  69.322 0.0000000000
35704  29.819  -57.466  68.291 0.0000000000
36767  28.722  -57.179  67.123 0.0000000000
36789  27.937  -56.516  65.822 0.0000000000
37905  24.790  -56.462  63.879 0.0000000000
34709  24.380  -58.958  64.471 0.0000000000
34741  23.581  -58.514  62.707 0.0000000000
35778  23.254  -57.235  61.883 0.0000000000
36849  22.676  -56.275  60.765 0.0000000000
36859  22.318  -56.279  60.118 0.0000000000
35824  21.816  -56.878  59.017 0.0000000000
34841  21.398  -57.060  57.836 0.0000000000
56554  49.720  -34.345  55.958 0.0000000000
57409  49.049  -33.842  57.002 0.0000000000
57423  49.128  -33.860  56.595 0.0000000000
56555  48.990  -34.096  55.185 0.0000000000
55630  47.186  -35.034  56.151 0.0000000000
52941  43.451  -37.616  57.441 0.0000000000
53809  43.494  -37.193  56.245 0.0000000000
53819  44.676  -36.944  55.853 0.0000000000
52960  44.608  -37.651  55.578 0.0000000000
26469  21.358  -66.386  74.509 0.0000000000
26483  19.693  -66.796  72.969 0.0000000000
26484  18.881  -66.840  72.726 0.0000000000
25431  19.017  -67.363  74.990 0.0000000000
26473  18.323  -67.193  73.137 0.0000000000
26499  16.957  -66.560  71.569 0.0000000000
26500  15.962  -66.792  71.622 0.0000000000
26516  15.729  -66.456  70.944 0.0000000000
27624  14.681  -66.140  69.994 0.0000000000
27625  13.751  -66.217  69.861 0.0000000000
27642  13.449  -65.747  69.258 0.0000000000
25425  14.287  -67.443  75.249 0.0000000000
25446  14.113  -67.485  73.853 0.0000000000
26491  12.127  -66.270  72.125 0.0000000000
26503  13.102  -66.557  70.939 0.0000000000
29808  10.710  -63.636  67.753 0.0000000000
30814  10.172  -63.051  70.568 0.0000000000
63148  60.160  -26.121  55.841 0.0000000000
63133  60.260  -26.157  56.573 0.0000000000
62272  60.084  -26.888  56.110 0.0000000000
61454  59.223  -28.239  56.102 0.0000000000
61444  58.803  -28.844  56.303 0.0000000000
60673  58.278  -29.263  56.104 0.0000000000
60662  57.825  -29.979  56.196 0.0000000000
59890  57.235  -30.777  56.109 0.0000000000
59085  57.220  -31.612  56.502 0.0000000000
60627  59.253  -29.202  59.622 0.0000000000
60637  59.379  -29.319  58.872 0.0000000000
59877  59.267  -30.055  58.589 0.0000000000
59075  58.773  -31.256  58.514 0.0000000000
59878  58.985  -30.647  57.953 0.0000000000
59879  58.410  -31.087  57.348 0.0000000000
57421  55.553  -33.797  56.593 0.0000000000
57371  57.012  -33.458  60.536 0.0000000000
56518  54.824  -34.739  58.996 0.0000000000
56535  52.407  -34.872  57.841 0.0000000000
55583  51.366  -36.014  61.206 0.0000000000
54658  49.940  -35.926  59.609 0.0000000000
54659  49.364  -36.377  59.480 0.0000000000
53771  47.221  -37.366  59.217 0.0000000000
53766  47.508  -37.893  59.786 0.0000000000
52918  46.592  -38.094  59.426 0.0000000000
52919  45.865  -38.144  59.087 0.0000000000
52133  44.589  -39.041  59.516 0.0000000000
52878  52.113  -38.799  64.593 0.0000000000
52076  51.060  -39.112  63.450 0.0000000000
51318  48.423  -40.840  64.471 0.0000000000
52074  49.378  -40.365  63.887 0.0000000000
52119  42.983  -40.271  59.867 0.0000000000
51344  43.625  -41.117  60.805 0.0000000000
50645  42.904  -41.394  59.874 0.0000000000
49882  45.541  -42.577  61.677 0.0000000000
49063  44.946  -42.824  60.802 0.0000000000
49081  45.165  -43.827  60.372 0.0000000000
49082  44.708  -43.370  60.214 0.0000000000
49912  44.109  -42.742  60.023 0.0000000000
47230  49.627  -45.535  66.635 0.0000000000
42713  47.325  -49.856  69.469 0.0000000000
43581  47.581  -49.490  68.758 0.0000000000
41884  44.205  -50.985  66.496 0.0000000000
41871  45.435  -51.383  67.461 0.0000000000
42723  46.042  -50.984  67.535 0.0000000000
43582  47.195  -49.969  68.196 0.0000000000
43589  47.559  -49.428  67.862 0.0000000000
44447  47.870  -48.848  67.415 0.0000000000
44453  48.154  -48.319  67.060 0.0000000000
44461  46.718  -48.957  65.413 0.0000000000
44460  47.468  -48.547  65.792 0.0000000000
46281  48.167  -47.023  64.967 0.0000000000
46283  48.378  -46.282  64.849 0.0000000000
46290  47.474  -46.764  63.468 0.0000000000
45359  45.899  -48.101  63.063 0.0000000000
45367  46.374  -47.531  62.730 0.0000000000
45393  45.170  -47.318  61.131 0.0000000000
44490  42.861  -48.791  63.340 0.0000000000
44501  41.729  -48.734  62.453 0.0000000000
44500  42.751  -48.444  62.493 0.0000000000
45370  43.654  -48.053  62.046 0.0000000000
45394  44.495  -47.410  60.737 0.0000000000
45409  43.494  -47.354  59.540 0.0000000000
44549  37.077  -48.286  58.887 0.0000000000
40112  37.987  -53.217  60.955 0.0000000000
40125  37.616  -53.057  60.110 0.0000000000
40140  37.297  -53.005  59.321 0.0000000000
41090  36.873  -52.071  58.514 0.0000000000
41982  36.275  -51.521  57.539 0.0000000000
38043  35.209  -54.759  58.477 0.0000000000
40156  35.806  -53.723  57.835 0.0000000000
39190  35.073  -53.911  57.191 0.0000000000
40173  36.116  -52.815  57.495 0.0000000000
37861  33.658  -55.037  68.090 0.0000000000
37880  32.593  -55.226  65.494 0.0000000000
40045  32.471  -53.597  66.321 0.0000000000
41006  32.062  -53.210  65.989 0.0000000000
39035  32.191  -54.650  65.254 0.0000000000
37889  32.413  -55.322  64.842 0.0000000000
37899  32.098  -55.289  64.078 0.0000000000
37946  31.618  -55.070  62.428 0.0000000000
39086  31.025  -54.374  62.663 0.0000000000
39103  31.244  -54.651  61.810 0.0000000000
40143  30.365  -53.187  59.434 0.0000000000
39053  28.891  -54.502  64.378 0.0000000000
40074  29.059  -53.878  63.992 0.0000000000
39088  28.240  -54.176  63.246 0.0000000000
40088  29.329  -53.353  63.980 0.0000000000
41064  29.934  -52.704  61.168 0.0000000000
41076  30.019  -52.718  60.213 0.0000000000
40158  30.222  -52.926  58.800 0.0000000000
63165  58.507  -26.291  54.113 0.0000000000
63177  58.259  -26.106  53.467 0.0000000000
63178  57.810  -26.517  53.261 0.0000000000
64069  58.086  -26.155  52.841 0.0000000000
63186  58.272  -26.216  52.255 0.0000000000
63192  58.821  -26.580  51.087 0.0000000000
60702  56.165  -29.006  52.362 0.0000000000
56588  51.012  -35.141  54.158 0.0000000000
25445  14.780  -67.536  73.817 0.0000000000
27658  11.761  -65.043  68.529 0.0000000000
28679  25.865  -64.263  73.190 0.0000000000
28785  13.054  -64.124  66.641 0.0000000000
29743  25.843  -64.226  72.942 0.0000000000
29753  10.834  -64.219  72.239 0.0000000000
29787  24.464  -63.098  69.719 0.0000000000
30799  27.072  -63.072  72.124 0.0000000000
31815  28.282  -62.096  72.183 0.0000000000
32744  25.475  -60.612  67.565 0.0000000000
33644  29.410  -59.929  70.808 0.0000000000
33754  19.960  -60.075  62.119 0.0000000000
34657  30.675  -58.916  70.617 0.0000000000
34767  18.228  -58.591  60.413 0.0000000000
34820  22.285  -57.812  59.970 0.0000000000
35681  30.763  -58.025  69.784 0.0000000000
35689  36.533  -57.414  68.977 0.0000000000
35712  35.911  -57.438  67.704 0.0000000000
35713  29.622  -57.174  67.745 0.0000000000
35798  22.499  -57.150  60.378 0.0000000000
36576  31.283  -56.252  78.126 0.0000000000
36638  39.205  -56.153  74.275 0.0000000000
36641  36.863  -56.270  73.865 0.0000000000
36661  36.548  -56.236  73.343 0.0000000000
36757  40.448  -55.871  67.565 0.0000000000
36760  38.332  -57.097  67.174 0.0000000000
36763  33.918  -56.118  67.549 0.0000000000
36765  30.196  -56.720  67.758 0.0000000000
36770  39.918  -55.886  66.948 0.0000000000
37741  38.920  -55.375  75.679 0.0000000000
37778  41.528  -55.252  73.169 0.0000000000
37784  32.274  -55.574  73.539 0.0000000000
37798  36.200  -56.104  73.179 0.0000000000
37818  35.452  -55.730  72.168 0.0000000000
37819  34.930  -55.282  71.823 0.0000000000
37848  41.626  -55.711  69.578 0.0000000000
37849  41.280  -55.854  69.020 0.0000000000
37874  30.306  -56.084  67.185 0.0000000000
38888  33.181  -54.171  77.220 0.0000000000
38917  41.418  -54.655  74.463 0.0000000000
38948  42.024  -54.803  73.071 0.0000000000
38993  33.875  -54.292  69.726 0.0000000000
39006  41.921  -54.979  68.381 0.0000000000
39016  42.298  -54.387  68.110 0.0000000000
39884  33.172  -54.081  77.850 0.0000000000
39905  33.133  -54.137  76.456 0.0000000000
40018  43.162  -54.049  68.348 0.0000000000
40046  30.640  -53.965  66.350 0.0000000000
40054  39.752  -53.294  65.182 0.0000000000
40134  22.261  -52.966  58.806 0.0000000000
40149  22.696  -52.098  58.507 0.0000000000
40907  33.383  -53.058  72.707 0.0000000000
40922  32.396  -53.175  71.248 0.0000000000
41098  22.487  -51.733  57.818 0.0000000000
41922  38.922  -51.239  63.113 0.0000000000
42714  46.898  -50.411  68.947 0.0000000000
43600  45.463  -50.021  65.755 0.0000000000
44455  47.088  -49.166  66.007 0.0000000000
45335  47.883  -48.253  66.084 0.0000000000
45341  48.516  -47.309  66.065 0.0000000000
45447  36.215  -47.183  57.527 0.0000000000
46279  49.246  -46.193  66.288 0.0000000000
46302  47.315  -46.407  62.891 0.0000000000
46327  46.153  -46.396  61.017 0.0000000000
46362  35.988  -46.380  57.061 0.0000000000
46373  35.410  -45.787  56.600 0.0000000000
47285  46.168  -45.163  60.898 0.0000000000
50626  43.876  -41.357  60.909 0.0000000000
51343  43.957  -40.916  61.140 0.0000000000
52148  41.401  -39.376  57.770 0.0000000000
52158  41.839  -39.031  56.826 0.0000000000
52917  47.194  -38.066  59.734 0.0000000000
52955  41.996  -38.769  56.880 0.0000000000
52956  41.718  -38.995  56.986 0.0000000000
52961  43.540  -37.920  55.617 0.0000000000
53730  53.465  -36.705  64.679 0.0000000000
53790  43.876  -37.055  56.663 0.0000000000
53808  44.201  -36.816  56.182 0.0000000000
53821  43.245  -37.566  55.866 0.0000000000
54691  47.787  -35.397  54.885 0.0000000000
55639  46.871  -35.058  55.106 0.0000000000
56484  56.578  -33.881  60.775 0.0000000000
56556  47.137  -34.035  55.848 0.0000000000
57424  48.560  -33.726  55.847 0.0000000000
59869  59.242  -29.959  59.291 0.0000000000
62302  55.731  -28.289  54.101 0.0000000000
62317  55.732  -28.275  53.799 0.0000000000
64079  58.240  -26.013  52.621 0.0000000000
66758  59.482  -23.103  52.878 0.0000000000
