#!ascii label  , from subject 3817 vox2ras=TkReg
970
61254  -40.015  -28.503  61.837 0.0000000000
53013  -23.219  -36.440  67.183 0.0000000000
60042  -31.372  -30.973  62.107 0.0000000000
86478  -46.317  -6.976  45.413 0.0000000000
88839  -51.707  -5.405  38.888 0.0000000000
51778  -16.615  -35.840  73.967 0.0000000000
86431  -43.526  -7.500  47.817 0.0000000000
64882  -42.410  -25.324  60.566 0.0000000000
60081  -35.376  -30.226  61.055 0.0000000000
51833  -19.116  -36.453  69.962 0.0000000000
47766  -20.777  -40.816  73.817 0.0000000000
62493  -35.345  -27.327  57.898 0.0000000000
64920  -37.324  -25.372  56.993 0.0000000000
56737  -27.240  -33.111  63.520 0.0000000000
63669  -31.247  -26.364  59.956 0.0000000000
77005  -40.457  -15.545  49.665 0.0000000000
80548  -43.128  -12.374  48.272 0.0000000000
81723  -46.871  -12.270  45.583 0.0000000000
47657  -13.927  -40.282  80.945 0.0000000000
48673  -11.797  -39.217  85.331 0.0000000000
69479  -35.202  -21.615  57.281 0.0000000000
71842  -35.643  -21.168  55.407 0.0000000000
73084  -37.816  -19.250  51.407 0.0000000000
47720  -17.280  -40.804  76.964 0.0000000000
51857  -23.823  -37.883  69.208 0.0000000000
53015  -25.636  -36.514  68.326 0.0000000000
60067  -38.430  -30.028  61.652 0.0000000000
54270  -21.066  -33.950  66.942 0.0000000000
50831  -20.877  -36.861  68.358 0.0000000000
50777  -21.765  -38.669  70.544 0.0000000000
63673  -35.303  -25.883  60.468 0.0000000000
62491  -33.706  -27.511  58.581 0.0000000000
79471  -39.422  -12.850  50.087 0.0000000000
78290  -41.735  -14.406  49.106 0.0000000000
81664  -40.517  -11.057  49.452 0.0000000000
84132  -43.963  -9.690  46.256 0.0000000000
84141  -45.902  -9.684  44.806 0.0000000000
82925  -48.857  -10.896  45.014 0.0000000000
85350  -48.169  -9.157  43.688 0.0000000000
85371  -49.193  -8.321  42.132 0.0000000000
68384  -34.340  -22.833  59.583 0.0000000000
67302  -36.462  -23.539  56.889 0.0000000000
69458  -32.757  -21.425  58.934 0.0000000000
73040  -32.865  -18.982  55.830 0.0000000000
74324  -34.518  -17.715  53.977 0.0000000000
70640  -36.822  -20.691  53.157 0.0000000000
75642  -36.012  -16.764  52.379 0.0000000000
76980  -36.898  -15.902  51.203 0.0000000000
58932  -28.717  -31.428  62.392 0.0000000000
49697  -15.015  -38.415  77.168 0.0000000000
49716  -15.999  -38.493  75.322 0.0000000000
46537  -12.778  -42.280  86.920 0.0000000000
46523  -12.306  -42.328  88.568 0.0000000000
85259  -41.954  -7.741  50.711 0.0000000000
68388  -41.687  -22.812  59.592 0.0000000000
60062  -33.437  -30.468  61.776 0.0000000000
51813  -17.551  -36.172  71.535 0.0000000000
49729  -17.480  -39.012  73.413 0.0000000000
49757  -20.043  -39.635  71.807 0.0000000000
88869  -53.202  -5.523  37.354 0.0000000000
61280  -38.057  -28.394  59.660 0.0000000000
62480  -38.812  -27.043  59.297 0.0000000000
62512  -37.190  -26.715  57.631 0.0000000000
55521  -22.604  -33.138  65.615 0.0000000000
54308  -25.460  -34.598  65.534 0.0000000000
57815  -24.781  -31.287  63.938 0.0000000000
58951  -26.110  -30.036  62.396 0.0000000000
61261  -27.948  -28.644  60.920 0.0000000000
63623  -29.196  -25.887  61.562 0.0000000000
61274  -30.518  -28.588  60.607 0.0000000000
61277  -33.079  -28.936  60.020 0.0000000000
60104  -35.344  -29.462  59.446 0.0000000000
74369  -42.658  -18.093  51.454 0.0000000000
82903  -42.346  -10.133  47.490 0.0000000000
81704  -44.273  -11.900  47.350 0.0000000000
85381  -50.641  -8.229  41.211 0.0000000000
47637  -12.783  -40.463  83.118 0.0000000000
46555  -13.824  -42.470  84.626 0.0000000000
64907  -39.354  -25.223  58.008 0.0000000000
67282  -40.006  -23.364  57.688 0.0000000000
69463  -38.693  -21.277  58.099 0.0000000000
71805  -32.298  -20.089  57.814 0.0000000000
70597  -34.572  -20.749  56.379 0.0000000000
71810  -37.631  -19.880  57.475 0.0000000000
71845  -38.869  -20.725  55.923 0.0000000000
70631  -40.272  -21.385  54.393 0.0000000000
71888  -40.634  -19.954  52.375 0.0000000000
74385  -39.524  -17.345  50.031 0.0000000000
78278  -38.882  -14.401  50.444 0.0000000000
54297  -27.428  -34.959  66.781 0.0000000000
50656  -14.251  -37.516  79.782 0.0000000000
47680  -15.667  -40.500  79.097 0.0000000000
47738  -19.191  -40.970  75.453 0.0000000000
45461  -11.376  -42.261  88.911 0.0000000000
51876  -23.477  -36.970  68.140 0.0000000000
51877  -24.682  -37.176  68.561 0.0000000000
53014  -24.430  -36.535  67.629 0.0000000000
60068  -39.137  -29.422  61.854 0.0000000000
54271  -22.227  -34.855  66.306 0.0000000000
53031  -20.930  -35.202  67.664 0.0000000000
51875  -22.170  -36.663  67.585 0.0000000000
51856  -22.528  -37.169  68.611 0.0000000000
81630  -40.199  -10.951  51.193 0.0000000000
80531  -40.542  -12.030  49.355 0.0000000000
82876  -40.293  -10.421  50.430 0.0000000000
86477  -45.768  -7.600  44.838 0.0000000000
85339  -45.364  -8.574  45.065 0.0000000000
86488  -46.120  -7.966  44.584 0.0000000000
84152  -47.172  -9.405  44.287 0.0000000000
85349  -47.338  -8.607  43.862 0.0000000000
85358  -47.510  -7.890  43.177 0.0000000000
68383  -33.821  -22.498  59.260 0.0000000000
75583  -34.336  -16.901  54.711 0.0000000000
74348  -35.521  -17.673  53.159 0.0000000000
75623  -35.635  -16.321  53.303 0.0000000000
76945  -36.311  -15.679  52.695 0.0000000000
58933  -29.883  -31.312  62.619 0.0000000000
57837  -30.499  -32.254  63.067 0.0000000000
58934  -31.156  -31.773  62.715 0.0000000000
51747  -15.179  -37.001  75.596 0.0000000000
50706  -16.057  -37.320  74.619 0.0000000000
87696  -51.403  -6.420  39.048 0.0000000000
46531  -12.749  -42.412  87.641 0.0000000000
64848  -42.506  -26.152  61.696 0.0000000000
66082  -42.434  -24.596  59.899 0.0000000000
60063  -34.336  -30.464  61.895 0.0000000000
58956  -35.583  -30.855  62.701 0.0000000000
53009  -19.236  -35.125  69.156 0.0000000000
52975  -18.554  -35.655  70.272 0.0000000000
54185  -17.975  -34.583  71.737 0.0000000000
51814  -17.981  -36.635  70.973 0.0000000000
49755  -17.857  -38.107  71.624 0.0000000000
49769  -19.030  -38.380  70.566 0.0000000000
50778  -22.932  -39.298  70.757 0.0000000000
49772  -22.097  -38.968  71.433 0.0000000000
61292  -37.344  -28.379  58.848 0.0000000000
62478  -37.590  -27.785  58.679 0.0000000000
62494  -36.268  -27.197  57.803 0.0000000000
57790  -23.212  -31.152  65.499 0.0000000000
56710  -23.520  -32.094  64.888 0.0000000000
57814  -24.086  -30.921  64.666 0.0000000000
60039  -25.365  -29.836  63.392 0.0000000000
61237  -26.465  -28.045  62.624 0.0000000000
60056  -27.338  -29.510  61.589 0.0000000000
62417  -27.125  -26.940  62.510 0.0000000000
63626  -32.375  -25.454  62.535 0.0000000000
63645  -30.329  -26.217  60.910 0.0000000000
63644  -29.490  -26.579  60.699 0.0000000000
63668  -30.491  -26.944  59.962 0.0000000000
61286  -31.649  -28.585  59.795 0.0000000000
62476  -32.257  -27.857  59.263 0.0000000000
62492  -34.493  -27.451  58.196 0.0000000000
61305  -34.474  -28.273  58.464 0.0000000000
61306  -35.415  -28.246  58.253 0.0000000000
61278  -36.697  -29.218  59.652 0.0000000000
74387  -41.861  -17.398  50.505 0.0000000000
74388  -42.947  -17.311  50.629 0.0000000000
75674  -42.225  -16.560  50.083 0.0000000000
79479  -42.198  -13.394  48.682 0.0000000000
77025  -43.532  -14.813  49.198 0.0000000000
86417  -42.819  -7.429  48.813 0.0000000000
84101  -41.492  -9.128  49.165 0.0000000000
85310  -42.469  -8.786  47.545 0.0000000000
81734  -45.528  -11.380  45.480 0.0000000000
81720  -44.336  -11.556  46.429 0.0000000000
81721  -45.389  -11.903  46.211 0.0000000000
80550  -46.379  -13.015  47.706 0.0000000000
86503  -49.604  -7.670  41.413 0.0000000000
87665  -49.093  -6.703  41.025 0.0000000000
86525  -49.919  -6.836  40.312 0.0000000000
49665  -13.531  -38.548  81.040 0.0000000000
49658  -12.961  -38.553  82.406 0.0000000000
47656  -13.192  -40.001  81.438 0.0000000000
46565  -14.213  -42.281  83.325 0.0000000000
45493  -14.484  -42.977  85.344 0.0000000000
63716  -38.528  -26.540  57.910 0.0000000000
63697  -39.327  -26.564  58.927 0.0000000000
64921  -38.358  -25.102  57.248 0.0000000000
68432  -36.125  -22.397  57.021 0.0000000000
67320  -38.167  -23.324  56.589 0.0000000000
68433  -37.229  -22.113  57.137 0.0000000000
68411  -38.977  -21.781  57.724 0.0000000000
69481  -37.826  -21.540  57.577 0.0000000000
73026  -32.519  -18.680  57.470 0.0000000000
71840  -33.820  -19.787  54.919 0.0000000000
71825  -33.623  -20.300  55.910 0.0000000000
71826  -35.180  -20.698  56.092 0.0000000000
71809  -36.760  -20.530  57.194 0.0000000000
71828  -37.240  -20.428  56.598 0.0000000000
71829  -38.291  -19.996  56.625 0.0000000000
71843  -36.780  -21.124  55.726 0.0000000000
71885  -37.465  -19.810  52.187 0.0000000000
70641  -37.714  -21.215  53.069 0.0000000000
70653  -39.110  -20.699  52.118 0.0000000000
71873  -40.791  -20.693  52.985 0.0000000000
71899  -39.674  -19.565  51.470 0.0000000000
73097  -39.524  -18.876  51.066 0.0000000000
73096  -38.475  -18.891  50.886 0.0000000000
78235  -38.189  -13.812  52.120 0.0000000000
76981  -37.685  -15.008  51.234 0.0000000000
79445  -38.517  -13.665  52.033 0.0000000000
55553  -25.893  -34.095  65.133 0.0000000000
55524  -26.378  -34.389  65.718 0.0000000000
55554  -26.893  -34.048  65.257 0.0000000000
48741  -16.147  -40.004  77.266 0.0000000000
48731  -15.244  -39.351  77.645 0.0000000000
47704  -16.198  -40.424  77.984 0.0000000000
48779  -18.873  -40.074  73.432 0.0000000000
48768  -18.374  -39.924  74.088 0.0000000000
47765  -20.060  -40.653  74.093 0.0000000000
50804  -23.888  -38.749  70.112 0.0000000000
51858  -25.003  -37.329  69.563 0.0000000000
51859  -25.971  -36.698  69.576 0.0000000000
53017  -27.226  -35.881  68.816 0.0000000000
60066  -37.376  -30.593  61.431 0.0000000000
58940  -37.300  -31.342  63.063 0.0000000000
54249  -20.119  -33.931  68.204 0.0000000000
53011  -20.184  -35.341  68.238 0.0000000000
51854  -19.862  -36.482  69.093 0.0000000000
50801  -20.214  -37.497  69.411 0.0000000000
50802  -21.491  -38.127  69.645 0.0000000000
50803  -22.645  -38.751  69.890 0.0000000000
63713  -35.337  -26.428  58.265 0.0000000000
64891  -35.654  -25.404  59.047 0.0000000000
63647  -32.268  -26.050  61.312 0.0000000000
63691  -32.205  -27.004  59.511 0.0000000000
63693  -33.953  -26.354  59.328 0.0000000000
78279  -39.746  -14.333  49.671 0.0000000000
78281  -41.555  -15.068  49.351 0.0000000000
78289  -40.556  -13.938  49.332 0.0000000000
80532  -41.625  -12.373  48.797 0.0000000000
81666  -42.022  -11.946  48.800 0.0000000000
85311  -43.160  -8.344  47.211 0.0000000000
85328  -44.380  -8.759  45.793 0.0000000000
84140  -45.242  -9.729  45.249 0.0000000000
82922  -45.806  -10.562  45.158 0.0000000000
81736  -47.363  -11.669  44.972 0.0000000000
82935  -47.603  -10.129  44.450 0.0000000000
82936  -48.489  -10.438  44.407 0.0000000000
84164  -49.503  -9.635  43.402 0.0000000000
85359  -48.503  -8.866  43.033 0.0000000000
86501  -48.016  -7.117  42.485 0.0000000000
47659  -15.835  -41.341  80.694 0.0000000000
47647  -14.384  -41.089  81.689 0.0000000000
46593  -15.960  -41.714  81.173 0.0000000000
67281  -35.747  -24.035  57.881 0.0000000000
66121  -37.371  -24.456  56.717 0.0000000000
67280  -35.316  -23.393  57.578 0.0000000000
68410  -34.505  -22.857  58.266 0.0000000000
69460  -34.423  -22.231  57.721 0.0000000000
74290  -32.582  -17.681  57.050 0.0000000000
75564  -33.531  -17.389  56.135 0.0000000000
73059  -33.968  -18.245  54.314 0.0000000000
73060  -34.603  -18.837  53.908 0.0000000000
70627  -36.088  -21.118  53.826 0.0000000000
73068  -35.392  -18.823  53.470 0.0000000000
73082  -36.496  -18.759  52.444 0.0000000000
74350  -36.548  -18.148  52.058 0.0000000000
74365  -37.842  -17.681  50.731 0.0000000000
76964  -36.583  -16.142  51.924 0.0000000000
57818  -27.904  -32.679  63.377 0.0000000000
56715  -28.802  -33.687  65.214 0.0000000000
56739  -29.340  -32.998  64.457 0.0000000000
49704  -15.367  -38.634  76.107 0.0000000000
48758  -17.155  -39.903  75.697 0.0000000000
47619  -11.956  -40.721  86.190 0.0000000000
48667  -11.599  -39.515  87.097 0.0000000000
47616  -12.162  -41.615  87.275 0.0000000000
47606  -11.579  -40.640  88.128 0.0000000000
47602  -11.267  -40.624  88.843 0.0000000000
69448  -41.313  -22.068  59.534 0.0000000000
60060  -31.463  -30.191  61.841 0.0000000000
58935  -32.207  -31.547  62.737 0.0000000000
54164  -17.782  -34.365  72.776 0.0000000000
51779  -16.798  -35.791  73.280 0.0000000000
50707  -16.671  -37.830  73.805 0.0000000000
49743  -17.764  -38.448  72.253 0.0000000000
49744  -18.783  -39.565  72.631 0.0000000000
48791  -20.363  -39.908  72.713 0.0000000000
49771  -20.923  -38.984  71.111 0.0000000000
49758  -21.453  -39.439  71.898 0.0000000000
48782  -21.971  -40.479  72.931 0.0000000000
88852  -52.392  -5.346  38.294 0.0000000000
61269  -39.029  -28.238  60.886 0.0000000000
62457  -39.419  -27.738  60.455 0.0000000000
62467  -38.310  -27.873  59.581 0.0000000000
62496  -38.158  -27.091  58.210 0.0000000000
63731  -37.446  -26.223  57.374 0.0000000000
64904  -35.859  -25.322  58.268 0.0000000000
66105  -36.349  -24.640  59.075 0.0000000000
66104  -35.895  -24.741  58.290 0.0000000000
68385  -35.216  -23.309  59.692 0.0000000000
54293  -22.987  -34.266  66.052 0.0000000000
54273  -23.962  -35.563  65.748 0.0000000000
55522  -23.730  -33.910  65.741 0.0000000000
56711  -24.408  -32.842  64.631 0.0000000000
56736  -26.093  -32.708  63.596 0.0000000000
58910  -24.637  -30.172  64.416 0.0000000000
57832  -25.293  -31.217  63.272 0.0000000000
56750  -26.500  -32.326  63.224 0.0000000000
58931  -27.607  -31.305  62.440 0.0000000000
60057  -28.355  -29.872  61.589 0.0000000000
60076  -29.459  -29.371  61.258 0.0000000000
63581  -28.049  -25.588  63.178 0.0000000000
64840  -28.112  -26.571  61.782 0.0000000000
62452  -28.715  -27.745  60.698 0.0000000000
61264  -30.534  -29.104  61.036 0.0000000000
61265  -31.248  -29.244  60.898 0.0000000000
60090  -32.759  -29.765  60.751 0.0000000000
60092  -34.463  -29.786  60.437 0.0000000000
62477  -33.067  -27.666  59.105 0.0000000000
60103  -34.428  -29.450  59.641 0.0000000000
60093  -35.398  -29.772  60.269 0.0000000000
60083  -37.410  -29.876  60.736 0.0000000000
60084  -38.235  -29.592  60.863 0.0000000000
55520  -21.690  -32.841  66.508 0.0000000000
77007  -42.595  -15.856  49.568 0.0000000000
84100  -41.096  -9.759  49.358 0.0000000000
82893  -41.372  -10.643  48.750 0.0000000000
82895  -42.699  -11.299  47.901 0.0000000000
84131  -43.029  -9.661  46.717 0.0000000000
81719  -43.622  -11.337  46.994 0.0000000000
81687  -44.063  -12.197  47.991 0.0000000000
81688  -44.994  -12.574  47.906 0.0000000000
86527  -51.147  -7.970  39.998 0.0000000000
86545  -50.658  -6.815  39.602 0.0000000000
90029  -50.550  -5.111  39.731 0.0000000000
49650  -12.862  -38.305  83.454 0.0000000000
48677  -11.970  -39.399  84.550 0.0000000000
46579  -13.884  -41.367  82.513 0.0000000000
46564  -13.149  -41.397  83.269 0.0000000000
47623  -12.376  -41.045  85.023 0.0000000000
46550  -13.606  -42.495  85.688 0.0000000000
63653  -39.952  -27.230  60.403 0.0000000000
63698  -40.019  -26.072  59.167 0.0000000000
64895  -41.036  -25.241  59.210 0.0000000000
66122  -38.408  -24.222  56.796 0.0000000000
66106  -39.627  -24.267  57.645 0.0000000000
66093  -40.769  -24.492  58.606 0.0000000000
68413  -40.583  -22.940  58.211 0.0000000000
68386  -40.217  -21.754  58.762 0.0000000000
69446  -39.604  -21.323  58.679 0.0000000000
69476  -32.427  -21.256  58.233 0.0000000000
70584  -33.370  -20.877  57.167 0.0000000000
73039  -32.750  -18.745  56.671 0.0000000000
71807  -33.575  -20.456  56.779 0.0000000000
70585  -34.281  -20.877  56.801 0.0000000000
69461  -37.097  -20.686  57.597 0.0000000000
70569  -38.012  -20.443  58.274 0.0000000000
70628  -37.052  -21.416  53.884 0.0000000000
70614  -39.529  -21.250  55.186 0.0000000000
73099  -42.053  -18.953  51.768 0.0000000000
74367  -40.156  -18.365  50.542 0.0000000000
75672  -40.014  -16.479  49.698 0.0000000000
74384  -38.501  -16.974  50.305 0.0000000000
75671  -38.913  -16.245  49.940 0.0000000000
77004  -39.361  -15.376  49.872 0.0000000000
79470  -38.980  -13.333  50.458 0.0000000000
80513  -39.750  -11.636  51.639 0.0000000000
53035  -25.497  -36.217  66.948 0.0000000000
54275  -26.928  -35.487  67.602 0.0000000000
55556  -28.612  -34.328  65.748 0.0000000000
48711  -14.178  -39.420  79.638 0.0000000000
49677  -14.224  -38.498  78.652 0.0000000000
48721  -14.077  -39.082  78.996 0.0000000000
47669  -14.813  -40.356  79.921 0.0000000000
47671  -16.627  -41.387  79.820 0.0000000000
49728  -16.464  -38.751  74.308 0.0000000000
48759  -18.078  -40.513  74.946 0.0000000000
47737  -18.104  -40.887  75.892 0.0000000000
44350  -13.438  -43.377  89.449 0.0000000000
45457  -11.923  -42.390  88.793 0.0000000000
46517  -11.083  -40.640  89.653 0.0000000000
62443  -40.690  -27.950  61.588 0.0000000000
61239  -39.836  -29.157  62.140 0.0000000000
53033  -22.776  -35.875  66.514 0.0000000000
53032  -21.639  -35.775  66.892 0.0000000000
53012  -22.397  -36.391  66.862 0.0000000000
82866  -40.457  -10.408  50.993 0.0000000000
86489  -46.592  -7.736  44.578 0.0000000000
86490  -47.110  -6.788  44.620 0.0000000000
75603  -35.748  -15.815  54.281 0.0000000000
60041  -30.546  -30.876  62.332 0.0000000000
51765  -16.309  -35.688  74.636 0.0000000000
87716  -52.067  -6.355  38.557 0.0000000000
66083  -42.718  -24.769  60.698 0.0000000000
60064  -35.292  -30.639  61.949 0.0000000000
60046  -34.964  -30.602  62.520 0.0000000000
51853  -19.437  -36.253  69.490 0.0000000000
52990  -19.123  -35.482  69.594 0.0000000000
52974  -18.067  -35.930  70.624 0.0000000000
51832  -18.521  -36.560  70.386 0.0000000000
50774  -18.585  -37.629  70.431 0.0000000000
50800  -19.214  -37.331  69.826 0.0000000000
61307  -36.324  -28.004  58.300 0.0000000000
61308  -37.010  -27.768  58.331 0.0000000000
57813  -23.683  -31.319  65.025 0.0000000000
61224  -26.928  -27.316  64.373 0.0000000000
61223  -26.099  -27.885  63.505 0.0000000000
61238  -26.710  -27.359  63.302 0.0000000000
62397  -27.201  -26.794  63.511 0.0000000000
63646  -31.198  -25.748  60.893 0.0000000000
63690  -31.427  -27.225  59.572 0.0000000000
75673  -41.151  -16.519  49.976 0.0000000000
80533  -42.629  -12.522  48.441 0.0000000000
79480  -43.354  -13.496  48.696 0.0000000000
80534  -43.816  -12.744  48.515 0.0000000000
85293  -42.252  -8.236  48.451 0.0000000000
85294  -42.807  -8.087  47.810 0.0000000000
80574  -46.024  -12.053  46.408 0.0000000000
80575  -46.481  -12.444  46.332 0.0000000000
88826  -48.911  -5.850  41.337 0.0000000000
48702  -13.123  -39.438  81.085 0.0000000000
63732  -38.153  -25.883  57.320 0.0000000000
68440  -36.799  -22.703  56.691 0.0000000000
69480  -36.768  -21.165  57.165 0.0000000000
71841  -34.614  -20.276  54.673 0.0000000000
71827  -36.264  -20.827  56.372 0.0000000000
70611  -36.355  -21.415  54.695 0.0000000000
70652  -38.171  -20.748  52.264 0.0000000000
71886  -38.674  -19.839  51.615 0.0000000000
71898  -39.091  -19.322  51.182 0.0000000000
56713  -26.521  -33.567  64.365 0.0000000000
56714  -27.616  -33.667  64.632 0.0000000000
48742  -16.741  -40.520  77.073 0.0000000000
47705  -16.863  -40.744  77.672 0.0000000000
47706  -17.858  -40.991  77.604 0.0000000000
48780  -19.858  -40.195  73.302 0.0000000000
48769  -19.232  -40.576  73.957 0.0000000000
49640  -11.904  -38.664  85.298 0.0000000000
48671  -11.753  -38.486  85.926 0.0000000000
63655  -41.460  -26.540  60.905 0.0000000000
51835  -24.167  -38.309  69.732 0.0000000000
51836  -24.564  -37.958  70.083 0.0000000000
51878  -25.390  -37.043  68.963 0.0000000000
52992  -26.326  -36.521  68.852 0.0000000000
52993  -26.883  -36.365  69.278 0.0000000000
53016  -26.616  -36.043  68.412 0.0000000000
58959  -38.125  -30.822  62.042 0.0000000000
55494  -21.012  -32.527  67.131 0.0000000000
55473  -20.588  -32.690  67.942 0.0000000000
51874  -21.090  -36.375  68.008 0.0000000000
51873  -20.349  -36.215  68.571 0.0000000000
50817  -20.498  -36.913  68.637 0.0000000000
50818  -21.343  -37.300  68.686 0.0000000000
50819  -22.513  -37.927  69.282 0.0000000000
50820  -23.235  -38.424  69.574 0.0000000000
63694  -34.783  -25.785  59.183 0.0000000000
64890  -35.265  -25.562  59.095 0.0000000000
63671  -33.228  -26.289  60.327 0.0000000000
79476  -39.570  -13.438  49.801 0.0000000000
78288  -39.935  -13.676  49.493 0.0000000000
79477  -40.022  -12.998  49.500 0.0000000000
81665  -41.307  -11.399  48.882 0.0000000000
86460  -44.004  -8.322  46.258 0.0000000000
86461  -44.465  -7.933  46.197 0.0000000000
85338  -44.869  -9.187  45.426 0.0000000000
82923  -46.808  -10.496  44.760 0.0000000000
82934  -47.026  -9.900  44.469 0.0000000000
84153  -48.117  -9.600  44.096 0.0000000000
84163  -48.661  -9.507  43.603 0.0000000000
86496  -47.393  -6.994  43.116 0.0000000000
85369  -47.724  -7.506  42.750 0.0000000000
67258  -35.161  -23.439  58.673 0.0000000000
68409  -34.112  -22.594  58.897 0.0000000000
69459  -33.688  -22.192  58.533 0.0000000000
75601  -34.563  -17.233  54.295 0.0000000000
74323  -34.205  -17.500  54.413 0.0000000000
71858  -35.129  -19.716  53.706 0.0000000000
75641  -35.592  -17.158  52.947 0.0000000000
74335  -35.583  -18.211  53.170 0.0000000000
74349  -35.880  -17.897  52.564 0.0000000000
74363  -36.321  -17.502  51.964 0.0000000000
75654  -36.559  -16.898  51.664 0.0000000000
76946  -36.950  -14.782  53.059 0.0000000000
57835  -28.288  -32.243  62.776 0.0000000000
57819  -28.864  -32.569  63.620 0.0000000000
57821  -31.335  -32.806  63.874 0.0000000000
56740  -30.360  -33.236  64.405 0.0000000000
49715  -15.580  -38.053  75.668 0.0000000000
49705  -15.722  -39.118  75.658 0.0000000000
48749  -15.961  -39.607  76.186 0.0000000000
48757  -16.172  -39.409  75.497 0.0000000000
46536  -12.209  -41.549  86.544 0.0000000000
47615  -12.031  -40.550  86.862 0.0000000000
46526  -12.827  -42.593  88.332 0.0000000000
47612  -12.144  -41.645  87.937 0.0000000000
47607  -11.953  -41.623  88.401 0.0000000000
47603  -11.809  -41.550  88.610 0.0000000000
67245  -42.362  -23.510  59.987 0.0000000000
68366  -42.809  -23.186  60.501 0.0000000000
68365  -42.314  -22.725  60.147 0.0000000000
60061  -32.348  -30.342  61.645 0.0000000000
60043  -32.355  -30.907  62.203 0.0000000000
60044  -33.367  -30.851  62.300 0.0000000000
54184  -17.582  -34.827  72.252 0.0000000000
52961  -17.509  -35.422  71.907 0.0000000000
52949  -17.259  -35.114  72.654 0.0000000000
51794  -17.195  -36.314  72.204 0.0000000000
50727  -16.920  -37.404  72.881 0.0000000000
50750  -17.491  -37.477  71.933 0.0000000000
49756  -18.651  -38.594  71.361 0.0000000000
49745  -19.761  -39.820  72.629 0.0000000000
50776  -20.545  -38.517  70.140 0.0000000000
49759  -22.510  -39.311  72.071 0.0000000000
48793  -22.194  -39.874  72.450 0.0000000000
48792  -21.145  -39.977  72.467 0.0000000000
61268  -38.496  -28.926  60.487 0.0000000000
62456  -38.627  -28.062  60.220 0.0000000000
62495  -37.397  -27.277  58.071 0.0000000000
63715  -37.809  -26.882  57.726 0.0000000000
63714  -35.866  -26.128  58.028 0.0000000000
64892  -36.176  -25.051  59.690 0.0000000000
67260  -36.112  -24.206  60.063 0.0000000000
66091  -36.196  -24.522  59.238 0.0000000000
67259  -35.813  -23.953  59.161 0.0000000000
54294  -23.774  -34.827  65.674 0.0000000000
56734  -24.268  -31.866  64.437 0.0000000000
56735  -25.084  -32.355  64.091 0.0000000000
56712  -25.411  -33.360  64.392 0.0000000000
60040  -25.581  -29.021  63.041 0.0000000000
58929  -25.621  -30.490  62.930 0.0000000000
57833  -26.019  -31.770  63.011 0.0000000000
58930  -26.533  -31.058  62.550 0.0000000000
58952  -26.928  -30.336  61.999 0.0000000000
61248  -27.433  -28.616  61.397 0.0000000000
60074  -27.876  -29.235  61.214 0.0000000000
60058  -29.289  -29.948  61.693 0.0000000000
60075  -28.598  -29.310  61.220 0.0000000000
63603  -30.104  -25.274  63.095 0.0000000000
63602  -28.937  -25.201  62.530 0.0000000000
63582  -28.858  -25.478  63.857 0.0000000000
63601  -28.021  -26.045  62.241 0.0000000000
63622  -28.443  -26.588  61.296 0.0000000000
63667  -29.734  -27.227  60.358 0.0000000000
62463  -29.169  -27.483  60.533 0.0000000000
62464  -29.679  -27.864  60.546 0.0000000000
61263  -29.570  -28.772  60.824 0.0000000000
61287  -32.327  -28.531  59.607 0.0000000000
61276  -32.362  -29.095  60.250 0.0000000000
60091  -33.441  -29.697  60.490 0.0000000000
60102  -33.712  -29.404  59.904 0.0000000000
63692  -33.194  -26.883  59.391 0.0000000000
61290  -35.368  -28.935  58.809 0.0000000000
61289  -34.453  -28.824  59.076 0.0000000000
60082  -36.382  -30.210  60.820 0.0000000000
60094  -36.351  -29.591  60.074 0.0000000000
61279  -37.437  -28.949  59.721 0.0000000000
61267  -37.785  -29.408  60.348 0.0000000000
56684  -22.161  -31.906  66.243 0.0000000000
54292  -22.061  -33.826  66.235 0.0000000000
73100  -42.658  -18.621  51.987 0.0000000000
74370  -43.653  -17.479  51.467 0.0000000000
77023  -42.038  -15.249  49.323 0.0000000000
77024  -42.758  -15.105  49.136 0.0000000000
84090  -41.655  -8.521  50.832 0.0000000000
84089  -40.859  -9.581  50.144 0.0000000000
84111  -41.807  -9.153  48.005 0.0000000000
82886  -41.323  -10.057  48.904 0.0000000000
82894  -41.799  -10.378  48.042 0.0000000000
81684  -41.603  -11.056  48.456 0.0000000000
85327  -43.478  -8.749  46.425 0.0000000000
85326  -42.771  -8.912  46.855 0.0000000000
81703  -43.443  -11.592  47.636 0.0000000000
81689  -46.165  -12.958  48.228 0.0000000000
81737  -48.404  -11.608  45.226 0.0000000000
85360  -49.843  -9.166  42.594 0.0000000000
86504  -50.350  -8.040  41.356 0.0000000000
86511  -50.986  -8.100  40.583 0.0000000000
88832  -49.790  -5.723  40.347 0.0000000000
86526  -50.312  -7.185  39.958 0.0000000000
88837  -50.291  -5.669  39.908 0.0000000000
87695  -50.874  -6.492  39.391 0.0000000000
48687  -12.664  -39.483  82.741 0.0000000000
48678  -12.366  -39.452  83.721 0.0000000000
46580  -15.088  -41.736  82.147 0.0000000000
46554  -13.116  -41.892  84.087 0.0000000000
47629  -12.245  -40.771  84.291 0.0000000000
46549  -12.839  -41.692  85.130 0.0000000000
45480  -14.070  -43.144  86.234 0.0000000000
63676  -39.439  -27.150  59.778 0.0000000000
64893  -39.680  -25.900  58.586 0.0000000000
64880  -40.754  -25.962  59.486 0.0000000000
64894  -40.250  -25.384  58.762 0.0000000000
67303  -37.248  -23.851  56.638 0.0000000000
67304  -38.721  -23.327  56.875 0.0000000000
66123  -39.083  -24.028  57.145 0.0000000000
67305  -39.362  -23.593  57.355 0.0000000000
66107  -40.287  -24.146  57.993 0.0000000000
67283  -40.665  -23.696  58.187 0.0000000000
68412  -39.625  -22.107  58.068 0.0000000000
69464  -39.328  -21.518  58.255 0.0000000000
69445  -39.166  -21.081  58.467 0.0000000000
71781  -32.013  -19.603  58.488 0.0000000000
70583  -32.505  -20.831  57.609 0.0000000000
74303  -33.084  -17.926  56.309 0.0000000000
70596  -34.111  -20.668  56.347 0.0000000000
70586  -35.669  -20.895  56.853 0.0000000000
71783  -37.107  -19.923  57.969 0.0000000000
71784  -38.042  -19.966  58.400 0.0000000000
70547  -38.439  -20.210  58.652 0.0000000000
71759  -38.414  -19.981  58.720 0.0000000000
70639  -35.972  -20.340  53.353 0.0000000000
70642  -38.918  -21.318  52.999 0.0000000000
70629  -38.137  -21.546  53.993 0.0000000000
70630  -39.250  -21.521  54.187 0.0000000000
71889  -41.163  -20.127  52.905 0.0000000000
73086  -41.627  -19.655  52.661 0.0000000000
73085  -41.011  -19.625  52.202 0.0000000000
74386  -40.738  -17.543  49.994 0.0000000000
75655  -37.128  -16.844  51.208 0.0000000000
75656  -37.679  -16.372  50.733 0.0000000000
78259  -38.328  -14.298  51.162 0.0000000000
77003  -38.578  -15.217  50.549 0.0000000000
80512  -39.112  -12.422  51.395 0.0000000000
54295  -24.703  -35.058  65.659 0.0000000000
53043  -24.985  -35.674  66.217 0.0000000000
54296  -26.046  -35.011  66.374 0.0000000000
54250  -27.176  -35.782  68.330 0.0000000000
54276  -28.179  -35.295  67.383 0.0000000000
55527  -29.444  -34.560  65.978 0.0000000000
58913  -32.975  -31.932  63.498 0.0000000000
49670  -13.954  -38.278  80.334 0.0000000000
50674  -14.719  -37.464  77.447 0.0000000000
50665  -14.510  -37.588  78.238 0.0000000000
49687  -14.503  -38.520  77.903 0.0000000000
48723  -15.546  -40.127  78.614 0.0000000000
48722  -14.910  -39.552  78.752 0.0000000000
48712  -14.757  -39.857  79.417 0.0000000000
47670  -16.071  -41.002  80.144 0.0000000000
48760  -18.920  -40.601  74.611 0.0000000000
88853  -52.858  -5.079  37.857 0.0000000000
44354  -11.963  -43.203  88.982 0.0000000000
44348  -12.183  -42.987  89.226 0.0000000000
45456  -11.412  -41.755  89.079 0.0000000000
46521  -11.398  -41.395  89.187 0.0000000000
46520  -10.911  -41.068  89.561 0.0000000000
51885  -21.266  -35.930  67.483 0.0000000000
51855  -21.778  -36.899  68.207 0.0000000000
63674  -36.138  -25.898  61.043 0.0000000000
80521  -39.648  -12.039  50.429 0.0000000000
81647  -39.794  -11.063  49.926 0.0000000000
82884  -40.285  -10.552  49.776 0.0000000000
85329  -44.821  -8.094  45.655 0.0000000000
86462  -45.391  -7.429  45.944 0.0000000000
85347  -45.826  -8.115  44.665 0.0000000000
85340  -45.999  -9.095  44.654 0.0000000000
84151  -46.529  -9.539  44.527 0.0000000000
85348  -46.360  -8.624  44.484 0.0000000000
69444  -33.944  -22.558  60.310 0.0000000000
69443  -33.173  -22.168  60.071 0.0000000000
69442  -32.699  -21.643  59.635 0.0000000000
75602  -35.095  -16.905  54.118 0.0000000000
74334  -35.089  -17.888  53.514 0.0000000000
75622  -35.434  -17.207  53.466 0.0000000000
75624  -36.415  -15.376  53.614 0.0000000000
57836  -29.401  -32.269  62.828 0.0000000000
57838  -31.127  -32.319  63.162 0.0000000000
58911  -31.430  -32.303  63.209 0.0000000000
50690  -15.588  -37.480  75.383 0.0000000000
86547  -51.964  -7.380  39.087 0.0000000000
46538  -13.392  -42.740  87.350 0.0000000000
46532  -13.357  -42.918  88.025 0.0000000000
46527  -13.515  -42.828  88.436 0.0000000000
45459  -13.409  -42.728  89.055 0.0000000000
67246  -42.796  -24.034  60.528 0.0000000000
67262  -41.868  -23.796  59.507 0.0000000000
60079  -33.508  -30.151  61.218 0.0000000000
58939  -36.277  -31.266  63.196 0.0000000000
54247  -19.281  -34.971  68.963 0.0000000000
54226  -19.191  -34.519  69.431 0.0000000000
54206  -18.656  -34.341  70.541 0.0000000000
54205  -18.186  -35.219  70.853 0.0000000000
52962  -17.782  -35.642  71.206 0.0000000000
50751  -17.988  -37.579  71.283 0.0000000000
49773  -23.085  -39.340  71.611 0.0000000000
61293  -37.894  -27.967  59.176 0.0000000000
62511  -36.657  -26.776  57.651 0.0000000000
56709  -22.826  -32.026  65.567 0.0000000000
55550  -23.079  -32.639  65.217 0.0000000000
56733  -23.872  -31.562  64.733 0.0000000000
60028  -25.218  -29.471  64.003 0.0000000000
60029  -25.773  -28.332  64.400 0.0000000000
60055  -26.447  -29.212  62.145 0.0000000000
61247  -26.953  -28.537  61.903 0.0000000000
62434  -27.301  -28.162  61.766 0.0000000000
63625  -31.242  -25.405  62.145 0.0000000000
63624  -30.111  -25.286  61.718 0.0000000000
62465  -30.516  -27.883  60.230 0.0000000000
61275  -31.266  -28.819  60.260 0.0000000000
62474  -30.875  -27.682  59.789 0.0000000000
62475  -31.456  -27.979  59.487 0.0000000000
63711  -33.854  -26.830  58.589 0.0000000000
60105  -36.088  -29.381  59.271 0.0000000000
61291  -36.452  -28.896  58.838 0.0000000000
75675  -43.281  -16.498  50.163 0.0000000000
78291  -42.918  -14.276  48.849 0.0000000000
85276  -42.133  -7.823  49.859 0.0000000000
84121  -42.235  -9.609  47.549 0.0000000000
82912  -44.264  -10.674  45.850 0.0000000000
81733  -44.758  -11.400  45.652 0.0000000000
81705  -45.002  -12.454  46.899 0.0000000000
80549  -45.824  -12.885  47.412 0.0000000000
80561  -45.876  -12.563  46.676 0.0000000000
80562  -46.758  -12.867  47.204 0.0000000000
86502  -48.710  -7.439  42.002 0.0000000000
87656  -48.804  -7.011  41.555 0.0000000000
86509  -49.718  -7.222  40.591 0.0000000000
88831  -49.330  -5.837  40.835 0.0000000000
49664  -13.127  -38.645  81.601 0.0000000000
48696  -12.950  -39.467  81.877 0.0000000000
63696  -38.570  -26.890  58.707 0.0000000000
63717  -39.222  -26.086  58.148 0.0000000000
67301  -35.697  -23.040  57.149 0.0000000000
67319  -37.546  -23.383  56.527 0.0000000000
67318  -37.022  -23.063  56.467 0.0000000000
68442  -38.137  -22.906  56.646 0.0000000000
68435  -39.238  -22.912  57.476 0.0000000000
68434  -38.431  -22.214  57.406 0.0000000000
69482  -38.304  -21.663  57.704 0.0000000000
71782  -32.271  -19.373  57.722 0.0000000000
73049  -33.371  -18.902  54.955 0.0000000000
71808  -36.001  -20.905  56.690 0.0000000000
71844  -37.848  -20.764  55.835 0.0000000000
71871  -37.020  -20.249  52.621 0.0000000000
70651  -37.412  -20.618  52.599 0.0000000000
70643  -40.027  -21.211  53.452 0.0000000000
71872  -39.886  -20.694  52.628 0.0000000000
71887  -39.689  -20.034  52.046 0.0000000000
71900  -40.186  -19.707  51.866 0.0000000000
73098  -40.718  -19.275  51.604 0.0000000000
74366  -38.975  -18.110  50.393 0.0000000000
79469  -38.521  -13.744  51.023 0.0000000000
54309  -25.947  -34.540  65.667 0.0000000000
55525  -27.110  -34.321  66.140 0.0000000000
48740  -15.474  -39.269  76.785 0.0000000000
48732  -15.602  -40.056  78.087 0.0000000000
47691  -15.903  -40.397  78.451 0.0000000000
47692  -16.484  -40.759  78.489 0.0000000000
49730  -18.367  -39.649  73.405 0.0000000000
47751  -19.775  -40.721  74.733 0.0000000000
64866  -42.011  -25.896  61.178 0.0000000000
64881  -41.741  -25.694  59.974 0.0000000000
50805  -24.819  -38.249  70.990 0.0000000000
51837  -25.720  -37.419  70.847 0.0000000000
60065  -36.341  -30.765  61.597 0.0000000000
54248  -19.521  -34.687  68.687 0.0000000000
53010  -19.591  -35.529  68.919 0.0000000000
52991  -19.532  -35.939  69.287 0.0000000000
51834  -19.524  -36.841  69.501 0.0000000000
63695  -35.346  -25.767  58.646 0.0000000000
63670  -32.187  -26.359  60.174 0.0000000000
63712  -34.555  -26.606  58.453 0.0000000000
78280  -40.924  -14.844  49.429 0.0000000000
79478  -40.981  -13.208  48.789 0.0000000000
80547  -42.849  -12.088  48.368 0.0000000000
86443  -43.821  -7.952  46.763 0.0000000000
84139  -44.589  -9.772  45.644 0.0000000000
82921  -44.963  -10.634  45.377 0.0000000000
81735  -46.401  -11.409  45.272 0.0000000000
82924  -47.922  -10.940  44.705 0.0000000000
85370  -48.204  -7.914  42.473 0.0000000000
47658  -15.172  -41.089  80.949 0.0000000000
46592  -15.263  -41.568  81.412 0.0000000000
66120  -36.446  -24.640  57.228 0.0000000000
68431  -35.081  -22.665  57.350 0.0000000000
75543  -33.247  -16.991  56.566 0.0000000000
74304  -33.442  -17.886  55.685 0.0000000000
75565  -34.097  -16.705  55.881 0.0000000000
74313  -33.683  -17.567  54.874 0.0000000000
73050  -34.110  -19.190  54.543 0.0000000000
70610  -35.464  -21.152  54.454 0.0000000000
70626  -35.349  -20.570  53.838 0.0000000000
70638  -35.526  -20.074  53.524 0.0000000000
71869  -35.773  -19.570  53.325 0.0000000000
73069  -35.991  -18.807  53.021 0.0000000000
71870  -36.521  -19.705  52.758 0.0000000000
71884  -36.932  -19.247  52.352 0.0000000000
73083  -37.168  -18.766  51.923 0.0000000000
73095  -37.620  -18.506  51.204 0.0000000000
74364  -37.059  -17.755  51.564 0.0000000000
76965  -36.899  -15.212  52.063 0.0000000000
76966  -37.595  -14.390  52.529 0.0000000000
78216  -38.337  -13.933  53.049 0.0000000000
56738  -28.275  -32.979  64.230 0.0000000000
56716  -29.827  -33.596  65.049 0.0000000000
57820  -29.968  -32.574  63.778 0.0000000000
51725  -15.078  -36.662  76.121 0.0000000000
50679  -15.029  -37.552  76.613 0.0000000000
48750  -16.843  -40.185  76.596 0.0000000000
47767  -21.720  -40.811  73.630 0.0000000000
48670  -11.720  -39.379  86.204 0.0000000000
47611  -11.752  -40.633  87.528 0.0000000000
85277  -42.956  -7.134  49.815 0.0000000000
86418  -43.710  -6.864  48.940 0.0000000000
69425  -41.164  -21.484  59.966 0.0000000000
58936  -33.259  -31.498  62.799 0.0000000000
58957  -36.349  -31.028  62.457 0.0000000000
52936  -17.482  -34.408  73.735 0.0000000000
50726  -16.446  -36.637  73.821 0.0000000000
48781  -20.954  -40.415  73.104 0.0000000000
50775  -19.469  -38.146  70.065 0.0000000000
49770  -19.777  -38.669  70.865 0.0000000000
62442  -39.768  -28.136  61.214 0.0000000000
62468  -38.807  -27.554  59.735 0.0000000000
62479  -38.170  -27.405  58.975 0.0000000000
64919  -36.467  -25.446  57.467 0.0000000000
63730  -36.528  -26.129  57.590 0.0000000000
64905  -36.302  -24.869  58.967 0.0000000000
68362  -34.745  -22.995  60.761 0.0000000000
53034  -24.069  -35.889  66.586 0.0000000000
54272  -23.292  -35.197  66.169 0.0000000000
55523  -24.232  -34.462  65.547 0.0000000000
55551  -23.589  -33.176  65.071 0.0000000000
55552  -24.698  -33.939  65.258 0.0000000000
58909  -24.260  -30.294  64.812 0.0000000000
58928  -25.090  -30.403  63.606 0.0000000000
57816  -25.393  -31.941  63.495 0.0000000000
56751  -26.748  -32.642  63.278 0.0000000000
57834  -27.157  -32.152  63.113 0.0000000000
58953  -27.991  -30.557  61.913 0.0000000000
58954  -29.026  -30.638  61.998 0.0000000000
58955  -29.838  -30.554  62.090 0.0000000000
60059  -30.386  -30.100  61.764 0.0000000000
62418  -27.374  -26.089  63.103 0.0000000000
63600  -27.815  -26.704  62.025 0.0000000000
62435  -27.711  -27.649  61.494 0.0000000000
62451  -28.170  -28.164  60.825 0.0000000000
61262  -28.704  -28.702  60.830 0.0000000000
60077  -30.167  -29.419  61.230 0.0000000000
61249  -30.811  -29.624  61.524 0.0000000000
61250  -31.394  -29.654  61.420 0.0000000000
61251  -31.883  -29.785  61.208 0.0000000000
61266  -31.982  -29.528  60.737 0.0000000000
60078  -32.630  -30.056  61.213 0.0000000000
60080  -34.410  -30.108  61.225 0.0000000000
61288  -33.365  -28.630  59.356 0.0000000000
61304  -33.756  -28.221  58.801 0.0000000000
60095  -37.117  -29.362  60.147 0.0000000000
61252  -38.750  -29.373  61.265 0.0000000000
61253  -39.306  -28.820  61.407 0.0000000000
77006  -41.556  -15.686  49.632 0.0000000000
84077  -40.579  -9.992  50.827 0.0000000000
82877  -40.468  -10.117  49.975 0.0000000000
82885  -40.832  -10.344  49.335 0.0000000000
81685  -42.278  -11.608  48.424 0.0000000000
84130  -42.570  -9.350  47.144 0.0000000000
84122  -42.593  -9.876  47.227 0.0000000000
82911  -43.634  -10.609  46.549 0.0000000000
82904  -42.838  -10.644  47.264 0.0000000000
81686  -43.289  -12.025  48.225 0.0000000000
81668  -44.520  -12.514  48.486 0.0000000000
86546  -51.028  -7.101  39.455 0.0000000000
88838  -50.862  -5.679  39.358 0.0000000000
90030  -51.207  -4.497  39.659 0.0000000000
49645  -12.582  -38.429  84.500 0.0000000000
47628  -11.802  -40.022  84.878 0.0000000000
47646  -13.351  -40.441  82.119 0.0000000000
46578  -13.279  -40.947  82.741 0.0000000000
47622  -12.001  -40.507  85.393 0.0000000000
46542  -12.214  -41.415  85.757 0.0000000000
46543  -12.824  -42.095  86.101 0.0000000000
46544  -13.497  -42.584  86.587 0.0000000000
62458  -40.013  -27.507  61.019 0.0000000000
63677  -40.210  -26.690  59.799 0.0000000000
64922  -38.993  -24.599  57.356 0.0000000000
64908  -40.033  -24.695  58.250 0.0000000000
66094  -41.566  -24.582  59.279 0.0000000000
67261  -41.193  -23.507  58.866 0.0000000000
68387  -40.877  -22.294  58.824 0.0000000000
69447  -40.673  -21.493  59.552 0.0000000000
70567  -32.517  -20.814  59.130 0.0000000000
71757  -32.077  -19.348  59.258 0.0000000000
69477  -32.906  -21.626  57.826 0.0000000000
69478  -33.958  -21.652  57.470 0.0000000000
71806  -32.957  -19.836  57.097 0.0000000000
71824  -33.073  -19.478  56.384 0.0000000000
69462  -37.577  -20.806  57.731 0.0000000000
70587  -36.645  -20.689  57.146 0.0000000000
70568  -37.118  -20.421  57.853 0.0000000000
70548  -39.197  -20.653  58.657 0.0000000000
70549  -39.928  -20.956  59.456 0.0000000000
70526  -40.311  -20.823  59.718 0.0000000000
71811  -38.959  -19.756  57.708 0.0000000000
70612  -37.442  -21.322  54.877 0.0000000000
70613  -38.512  -21.162  55.018 0.0000000000
74368  -41.422  -18.382  50.831 0.0000000000
75670  -38.266  -15.941  50.529 0.0000000000
80520  -39.251  -12.636  50.587 0.0000000000
54274  -26.177  -35.673  67.142 0.0000000000
53036  -26.097  -35.831  67.759 0.0000000000
55555  -27.890  -34.266  65.475 0.0000000000
55526  -28.269  -34.702  66.352 0.0000000000
55496  -29.086  -35.213  66.926 0.0000000000
54252  -28.914  -35.586  68.132 0.0000000000
58912  -31.994  -32.208  63.264 0.0000000000
48703  -13.555  -39.373  80.401 0.0000000000
47668  -14.168  -39.846  80.259 0.0000000000
50657  -14.418  -37.625  79.086 0.0000000000
49676  -14.032  -38.421  79.383 0.0000000000
47681  -16.781  -41.180  79.271 0.0000000000
48766  -16.466  -39.413  74.987 0.0000000000
48767  -17.228  -39.756  74.478 0.0000000000
47736  -17.496  -40.574  76.376 0.0000000000
47752  -20.643  -41.044  74.618 0.0000000000
47722  -18.955  -41.441  76.407 0.0000000000
47721  -18.141  -40.930  76.812 0.0000000000
87733  -52.369  -6.082  37.980 0.0000000000
45458  -12.630  -42.661  88.971 0.0000000000
44355  -12.513  -43.376  89.255 0.0000000000
44349  -12.747  -43.217  89.342 0.0000000000
46522  -11.736  -41.731  88.759 0.0000000000
46518  -11.399  -40.916  89.255 0.0000000000
45467  -10.746  -42.319  88.400 0.0000000000
46530  -10.285  -41.596  88.750 0.0000000000
46525  -10.679  -41.613  89.066 0.0000000000
43301  -12.986  -43.673  89.314 0.0000000000
45462  -11.889  -42.754  88.915 0.0000000000
46548  -12.301  -41.213  85.272 0.0000000000
47598  -11.050  -40.523  89.416 0.0000000000
47648  -14.950  -41.436  81.520 0.0000000000
47679  -15.072  -40.059  79.319 0.0000000000
48674  -11.774  -38.803  85.726 0.0000000000
48748  -15.502  -39.239  76.317 0.0000000000
49644  -11.973  -38.699  84.978 0.0000000000
49686  -14.495  -38.123  77.783 0.0000000000
49696  -14.617  -38.067  77.584 0.0000000000
50664  -14.399  -37.987  77.968 0.0000000000
50673  -14.517  -37.827  77.804 0.0000000000
50689  -15.261  -37.574  75.900 0.0000000000
50799  -18.818  -37.028  70.097 0.0000000000
50830  -20.707  -36.623  68.379 0.0000000000
51795  -17.643  -36.844  71.588 0.0000000000
51886  -21.495  -36.256  67.429 0.0000000000
53042  -24.429  -35.645  65.968 0.0000000000
54298  -28.084  -35.022  66.834 0.0000000000
55495  -28.426  -35.145  66.813 0.0000000000
57817  -27.444  -32.678  63.288 0.0000000000
58890  -23.873  -30.162  65.133 0.0000000000
58891  -24.382  -29.861  64.977 0.0000000000
61273  -29.958  -28.514  60.732 0.0000000000
62416  -27.133  -27.870  62.128 0.0000000000
62436  -28.198  -27.186  61.322 0.0000000000
62453  -29.473  -28.235  60.647 0.0000000000
62466  -31.081  -28.239  59.820 0.0000000000
63621  -28.069  -26.870  61.729 0.0000000000
63643  -29.047  -27.075  60.494 0.0000000000
63666  -29.383  -27.372  60.470 0.0000000000
63689  -31.045  -27.434  59.669 0.0000000000
64825  -27.997  -26.601  61.954 0.0000000000
64826  -27.954  -26.398  62.088 0.0000000000
64841  -28.119  -26.410  61.941 0.0000000000
64877  -35.308  -25.498  59.597 0.0000000000
64906  -38.791  -25.826  57.668 0.0000000000
66136  -37.742  -23.940  56.611 0.0000000000
66137  -38.146  -23.664  56.608 0.0000000000
68441  -37.530  -22.679  56.717 0.0000000000
69457  -32.523  -21.107  58.598 0.0000000000
70544  -32.128  -20.220  59.251 0.0000000000
70566  -32.294  -20.695  58.514 0.0000000000
70570  -38.521  -20.568  58.474 0.0000000000
76979  -36.764  -16.432  51.470 0.0000000000
79463  -38.473  -13.699  51.716 0.0000000000
81722  -46.179  -11.764  46.023 0.0000000000
84088  -40.551  -10.025  50.351 0.0000000000
86430  -42.791  -7.735  48.183 0.0000000000
86510  -50.492  -7.898  40.772 0.0000000000
87676  -49.610  -6.475  40.515 0.0000000000
87677  -50.076  -6.385  40.133 0.0000000000
87694  -50.493  -6.377  39.711 0.0000000000
