#!ascii label  , from subject 3817 vox2ras=TkReg
1731
10884  -36.045  -78.754  8.008 0.1000000015
10883  -35.361  -78.630  7.661 0.1000000015
9403  -33.882  -80.619  7.414 0.1000000015
10882  -34.382  -78.801  7.370 0.1000000015
10132  -33.140  -79.279  6.934 0.1000000015
10911  -33.927  -78.229  5.593 0.1000000015
10130  -31.605  -79.903  6.009 0.1000000015
10930  -33.312  -78.627  4.893 0.1000000015
10953  -33.464  -78.912  4.150 0.1000000015
10166  -32.030  -79.297  4.756 0.1000000015
10187  -32.552  -79.401  3.672 0.1000000015
10188  -33.685  -79.317  3.380 0.1000000015
9468  -32.531  -80.020  2.902 0.1000000015
9467  -31.739  -80.102  3.176 0.1000000015
9530  -33.790  -80.445  0.247 0.1000000015
9501  -32.512  -80.274  1.384 0.1000000015
9482  -32.051  -80.155  2.250 0.1000000015
11645  -37.579  -77.300  6.809 0.1000000015
11628  -36.496  -77.954  7.726 0.1000000015
10898  -34.988  -78.364  7.008 0.1000000015
11644  -36.339  -77.625  6.490 0.1000000015
11643  -35.278  -77.990  6.353 0.1000000015
11659  -36.049  -77.945  5.583 0.1000000015
10932  -35.068  -78.499  4.395 0.1000000015
10954  -34.401  -78.894  3.881 0.1000000015
10210  -33.956  -79.784  2.636 0.1000000015
11738  -37.311  -77.702  -1.989 0.1000000015
10288  -37.141  -79.154  -2.140 0.1000000015
10274  -36.814  -79.753  -1.841 0.1000000015
9564  -36.403  -80.449  -1.469 0.1000000015
9550  -35.198  -80.776  -0.544 0.1000000015
9531  -34.808  -80.635  0.254 0.1000000015
9503  -34.405  -80.414  1.012 0.1000000015
9484  -34.133  -80.228  1.847 0.1000000015
9502  -33.471  -80.302  1.218 0.1000000015
9483  -33.105  -80.102  2.189 0.1000000015
12379  -40.308  -76.186  7.417 0.1000000015
12412  -40.351  -76.896  5.690 0.2000000030
12396  -40.808  -76.319  6.256 0.2000000030
12394  -38.623  -77.020  7.012 0.1000000015
12413  -41.279  -76.665  5.335 0.1000000015
11661  -38.758  -77.492  5.170 0.1000000015
12395  -39.754  -76.670  6.729 0.1000000015
11662  -39.955  -77.546  5.090 0.1000000015
11660  -37.380  -77.616  5.257 0.1000000015
15785  -37.596  -72.500  3.294 0.1000000015
14881  -37.433  -73.027  2.657 0.1000000015
11681  -38.248  -78.121  4.605 0.1000000015
11680  -37.686  -78.108  4.658 0.1000000015
10914  -36.516  -78.163  4.824 0.1000000015
15793  -38.094  -72.832  2.094 0.1000000015
14892  -37.399  -73.380  2.210 0.1000000015
14891  -36.967  -73.880  2.024 0.1000000015
13276  -36.543  -75.275  1.409 0.1000000015
12480  -36.187  -76.441  1.249 0.1000000015
12489  -36.293  -77.010  0.649 0.1000000015
10934  -37.456  -78.700  4.202 0.1000000015
10956  -36.465  -79.068  3.571 0.1000000015
10189  -34.702  -79.385  3.143 0.1000000015
14087  -36.905  -74.739  0.988 0.1000000015
13286  -36.874  -75.294  0.286 0.1000000015
12488  -36.132  -76.368  0.432 0.1000000015
11729  -36.545  -77.718  0.003 0.1000000015
10982  -37.244  -78.342  0.424 0.1000000015
10995  -37.999  -79.463  0.724 0.1000000015
10250  -37.786  -80.032  0.361 0.1000000015
10190  -35.775  -79.520  3.037 0.1000000015
13298  -36.267  -76.223  -0.182 0.1000000015
11732  -36.632  -77.731  -1.127 0.1000000015
10993  -36.989  -78.445  -0.573 0.1000000015
10994  -37.589  -79.148  -0.024 0.1000000015
9506  -36.993  -80.762  1.163 0.1000000015
9504  -35.304  -80.684  0.999 0.1000000015
10275  -37.248  -79.414  -1.485 0.1000000015
10262  -37.500  -79.764  -0.690 0.1000000015
9552  -37.134  -80.570  -0.429 0.1000000015
9532  -35.739  -80.923  0.268 0.1000000015
10229  -35.724  -80.368  1.657 0.1000000015
12397  -41.494  -76.157  5.643 0.1000000015
13171  -41.336  -75.951  6.125 0.2000000030
13153  -42.496  -74.868  7.383 0.2000000030
13134  -41.946  -75.201  8.259 0.2000000030
11664  -41.561  -76.803  4.746 0.1000000015
11663  -40.971  -77.174  4.831 0.1000000015
16626  -38.419  -71.181  4.814 0.1000000015
16640  -38.667  -71.612  3.549 0.1000000015
11682  -39.402  -78.210  4.506 0.1000000015
10935  -38.744  -78.913  4.173 0.1000000015
10167  -38.271  -79.205  3.792 0.1000000015
14880  -36.884  -73.546  3.073 0.1000000015
13266  -36.477  -75.194  2.242 0.1000000015
13243  -36.265  -75.927  2.591 0.1000000015
12468  -36.318  -76.563  1.866 0.1000000015
11725  -36.843  -77.610  1.155 0.1000000015
11727  -38.225  -78.638  1.466 0.1000000015
10215  -38.517  -79.685  2.190 0.1000000015
10213  -37.200  -80.199  2.519 0.1000000015
10191  -36.772  -79.826  3.200 0.1000000015
10230  -36.627  -80.367  1.717 0.1000000015
10211  -35.053  -79.901  2.304 0.1000000015
14021  -43.508  -74.200  4.553 0.1000000015
13999  -43.626  -74.026  5.422 0.1000000015
14020  -43.308  -74.634  4.196 0.1000000015
13199  -43.179  -74.559  5.182 0.1000000015
13174  -43.482  -74.660  5.781 0.1000000015
13173  -42.964  -75.070  6.223 0.2000000030
13983  -43.181  -74.393  7.235 0.2000000030
13172  -41.933  -75.615  5.797 0.2000000030
13135  -42.564  -74.699  8.139 0.2000000030
11684  -41.612  -76.942  4.152 0.1000000015
12415  -42.567  -75.774  4.023 0.1000000015
11683  -40.496  -77.683  3.966 0.1000000015
16625  -37.888  -71.678  4.431 0.1000000015
15784  -36.812  -72.970  3.995 0.1000000015
14864  -36.489  -73.830  4.281 0.1000000015
10936  -39.706  -78.851  3.645 0.1000000015
17541  -39.312  -70.720  4.360 0.1000000015
13244  -36.442  -75.610  3.189 0.1000000015
12449  -37.059  -76.623  2.747 0.1000000015
12471  -38.814  -77.269  2.488 0.1000000015
10970  -39.458  -78.591  2.447 0.1000000015
10959  -40.064  -78.211  2.897 0.1000000015
10168  -38.880  -79.415  3.508 0.1000000015
12469  -36.795  -77.142  1.982 0.1000000015
11714  -38.536  -77.978  1.853 0.1000000015
10969  -38.642  -78.904  2.025 0.1000000015
10216  -38.965  -79.150  2.446 0.1000000015
10193  -38.802  -79.863  2.925 0.1000000015
17542  -40.209  -70.049  4.346 0.1000000015
18491  -40.752  -69.315  4.694 0.1000000015
18508  -41.170  -69.647  4.104 0.1000000015
19433  -41.245  -68.787  4.793 0.1000000015
14855  -42.441  -73.542  5.004 0.1000000015
14867  -43.683  -73.964  3.788 0.1000000015
14019  -42.274  -73.785  4.302 0.1000000015
14840  -44.233  -72.867  5.498 0.1000000015
13998  -43.601  -74.512  6.217 0.1000000015
13984  -43.964  -73.821  6.448 0.2000000030
14018  -41.188  -73.989  4.874 0.1000000015
14037  -42.448  -74.299  3.844 0.1000000015
13221  -42.668  -75.189  3.773 0.1000000015
13961  -43.695  -73.645  7.800 0.2000000030
13220  -41.797  -75.470  3.347 0.1000000015
18453  -38.704  -69.442  6.850 0.1000000015
17522  -38.948  -70.500  5.549 0.1000000015
17521  -38.125  -70.805  6.056 0.1000000015
16612  -37.547  -71.566  5.457 0.1000000015
15763  -37.083  -72.380  5.328 0.1000000015
15771  -36.758  -72.991  4.918 0.1000000015
14017  -39.782  -74.940  4.917 0.1000000015
14035  -40.396  -75.213  4.012 0.1000000015
11701  -41.291  -76.827  3.405 0.1000000015
16613  -38.259  -71.032  5.486 0.1000000015
14014  -36.585  -74.515  4.891 0.1000000015
13193  -36.898  -74.958  4.816 0.1000000015
13216  -37.404  -75.926  4.162 0.1000000015
12452  -40.212  -76.427  2.966 0.1000000015
12453  -40.961  -76.638  2.928 0.1000000015
11700  -40.499  -77.488  3.184 0.1000000015
18454  -39.333  -69.233  6.349 0.1000000015
14034  -36.458  -74.718  4.060 0.1000000015
13215  -36.735  -75.172  4.331 0.1000000015
12451  -39.099  -76.647  2.880 0.1000000015
11716  -40.154  -77.418  2.842 0.1000000015
18469  -39.128  -69.863  6.234 0.1000000015
17523  -39.636  -70.085  4.994 0.1000000015
18470  -39.677  -69.507  5.662 0.1000000015
18471  -40.236  -69.202  5.239 0.1000000015
19413  -40.692  -68.605  5.287 0.1000000015
19434  -42.074  -68.573  4.522 0.1000000015
19435  -43.237  -68.238  4.161 0.1000000015
14857  -43.617  -73.777  4.350 0.1000000015
14854  -41.457  -73.507  5.805 0.1000000015
14838  -42.169  -73.138  6.282 0.1000000015
14839  -43.287  -72.943  5.462 0.1000000015
14829  -44.665  -72.287  6.452 0.1000000015
13997  -40.648  -73.883  6.339 0.1000000015
15751  -44.546  -71.941  6.096 0.1000000015
14828  -44.259  -73.025  6.885 0.1000000015
13996  -39.858  -74.426  6.156 0.1000000015
14809  -44.206  -73.147  7.750 0.2000000030
17505  -38.552  -70.179  6.308 0.1000000015
16611  -37.060  -72.157  5.782 0.1000000015
14016  -38.303  -75.195  5.476 0.1000000015
13218  -39.826  -75.724  3.932 0.1000000015
15738  -45.044  -71.754  7.078 0.1000000015
14810  -44.602  -72.543  7.773 0.2000000030
17504  -37.863  -70.197  6.779 0.1000000015
14853  -36.478  -73.657  5.418 0.1000000015
13993  -36.627  -74.319  5.891 0.1000000015
13195  -37.899  -75.616  4.887 0.1000000015
12429  -39.367  -76.272  3.478 0.1000000015
19399  -39.794  -68.327  6.130 0.1000000015
19412  -40.044  -68.898  5.533 0.1000000015
19400  -40.559  -67.963  5.659 0.1000000015
20370  -40.700  -67.202  5.895 0.1000000015
20384  -41.182  -67.744  5.449 0.1000000015
20385  -41.946  -67.484  5.213 0.1000000015
19415  -42.403  -67.886  4.791 0.1000000015
14826  -40.689  -73.430  7.739 0.1000000015
14808  -40.960  -73.086  8.170 0.1000000015
14827  -41.447  -73.071  7.417 0.1000000015
14825  -39.899  -73.725  7.954 0.1000000015
14837  -41.130  -73.477  6.810 0.1000000015
15735  -42.295  -72.577  7.157 0.1000000015
15750  -43.817  -72.330  6.046 0.1000000015
13981  -39.775  -74.031  7.152 0.1000000015
15736  -43.233  -71.965  6.823 0.1000000015
14841  -44.637  -72.159  5.953 0.1000000015
13979  -37.638  -74.288  7.078 0.1000000015
13980  -38.789  -74.263  7.139 0.1000000015
15737  -44.024  -71.749  6.407 0.1000000015
18452  -38.031  -69.564  7.298 0.1000000015
16582  -37.401  -70.664  7.114 0.1000000015
16600  -37.442  -71.066  6.528 0.1000000015
15748  -36.674  -72.487  6.952 0.1000000015
14836  -36.555  -73.453  6.452 0.1000000015
13978  -36.882  -74.081  6.709 0.1000000015
13994  -37.468  -74.667  6.163 0.1000000015
13995  -38.635  -74.702  6.202 0.1000000015
16601  -44.714  -71.566  6.360 0.1000000015
18442  -38.425  -69.067  7.444 0.1000000015
15762  -36.675  -72.718  5.904 0.1000000015
16568  -45.457  -71.233  7.644 0.1000000015
19385  -38.844  -68.297  7.273 0.1000000015
19386  -39.364  -67.703  6.729 0.1000000015
20369  -39.810  -66.984  6.488 0.1000000015
21351  -40.698  -66.255  6.350 0.1000000015
21352  -41.491  -66.312  5.912 0.1000000015
22345  -41.973  -65.224  5.800 0.1000000015
14807  -40.305  -73.309  8.746 0.1000000015
15714  -40.929  -72.972  8.628 0.1000000015
15715  -41.651  -72.830  8.309 0.1000000015
14783  -39.528  -73.293  9.568 0.1000000015
15716  -42.623  -72.240  8.005 0.1000000015
14824  -38.961  -73.770  7.928 0.1000000015
14806  -39.243  -73.623  8.796 0.1000000015
16583  -43.811  -71.578  6.883 0.1000000015
14805  -38.288  -73.538  8.713 0.1000000015
16566  -43.462  -71.472  7.809 0.1000000015
18441  -37.934  -69.157  7.823 0.1000000015
16599  -37.021  -71.899  6.358 0.1000000015
14822  -36.899  -73.287  7.637 0.1000000015
14823  -37.936  -73.737  7.879 0.1000000015
16567  -44.221  -70.723  7.849 0.1000000015
16585  -45.267  -70.939  6.958 0.1000000015
19384  -38.346  -68.716  7.705 0.1000000015
17487  -37.445  -70.101  7.734 0.1000000015
16581  -37.020  -71.342  7.449 0.1000000015
17489  -45.323  -70.192  7.108 0.1000000015
19375  -38.430  -67.853  7.828 0.1000000015
21338  -38.490  -66.324  7.492 0.1000000015
20353  -38.500  -67.324  7.588 0.1000000015
21339  -39.337  -66.226  6.909 0.1000000015
21350  -40.035  -66.063  6.632 0.1000000015
22334  -41.411  -65.508  6.149 0.1000000015
22333  -40.575  -65.438  6.518 0.1000000015
15691  -38.027  -72.772  9.730 0.1000000015
14764  -39.075  -73.054  10.136 0.1000000015
14765  -39.799  -73.004  10.352 0.1000000015
15679  -41.817  -72.017  9.984 0.1000000015
15675  -37.768  -72.144  10.058 0.1000000015
15693  -42.128  -72.307  9.260 0.1000000015
16564  -36.932  -71.591  8.711 0.1000000015
16565  -36.999  -71.896  9.074 0.1000000015
15713  -37.138  -72.256  8.938 0.1000000015
15694  -42.841  -71.917  8.603 0.1000000015
19374  -38.120  -68.329  8.214 0.1000000015
19361  -37.367  -68.285  8.879 0.1000000015
17486  -37.046  -70.701  8.318 0.1000000015
15734  -36.806  -72.253  7.824 0.1000000015
15712  -36.987  -72.577  8.324 0.1000000015
20341  -38.122  -67.379  8.104 0.1000000015
16584  -44.571  -71.229  6.871 0.1000000015
17490  -45.767  -70.202  7.232 0.1000000015
21328  -38.156  -66.863  7.841 0.1000000015
21337  -38.059  -65.828  7.779 0.1000000015
22323  -38.457  -65.344  7.610 0.1000000015
22324  -39.093  -65.454  7.219 0.1000000015
23335  -38.934  -64.693  7.358 0.1000000015
24308  -38.795  -63.963  7.169 0.1000000015
23342  -40.229  -64.747  6.602 0.1000000015
14784  -40.232  -73.115  9.651 0.1000000015
15692  -40.984  -72.826  9.291 0.1000000015
16527  -41.800  -71.710  10.561 0.1000000015
16546  -42.294  -71.782  9.908 0.1000000015
18421  -37.109  -68.802  9.133 0.1000000015
17471  -36.844  -70.407  9.122 0.1000000015
16545  -37.208  -71.803  9.521 0.1000000015
21312  -37.240  -66.947  8.786 0.1000000015
20340  -37.566  -67.479  8.547 0.1000000015
18432  -37.327  -69.222  8.581 0.1000000015
18431  -36.957  -69.752  8.921 0.1000000015
16548  -43.607  -70.895  8.534 0.1000000015
21327  -37.622  -66.369  8.252 0.1000000015
22311  -37.304  -65.236  8.432 0.1000000015
22322  -37.878  -65.276  7.971 0.1000000015
23323  -37.524  -64.439  7.966 0.1000000015
23334  -38.215  -64.507  7.583 0.1000000015
24294  -37.124  -63.919  7.844 0.1000000015
24307  -37.586  -63.499  7.204 0.1000000015
16525  -38.027  -71.947  10.790 0.1000000015
15677  -39.157  -72.656  10.601 0.1000000015
14747  -40.284  -72.663  10.636 0.1000000015
14748  -40.654  -72.522  10.467 0.1000000015
16500  -40.415  -71.590  11.312 0.1000000015
16524  -37.192  -71.311  10.758 0.1000000015
21311  -36.734  -66.417  9.206 0.1000000015
21326  -37.085  -65.824  8.720 0.1000000015
23322  -36.872  -64.283  8.481 0.1000000015
25387  -36.882  -62.789  7.014 0.1000000015
15656  -38.808  -72.076  11.002 0.1000000015
20321  -37.075  -67.486  9.164 0.1000000015
20320  -36.504  -67.441  9.884 0.1000000015
18420  -36.820  -69.355  9.517 0.1000000015
16544  -36.639  -71.061  9.869 0.1000000015
22296  -36.022  -65.404  9.781 0.1000000015
22310  -36.655  -65.268  8.941 0.1000000015
24293  -36.856  -63.290  8.026 0.1000000015
24306  -36.942  -63.014  7.465 0.1000000015
16498  -38.192  -71.273  11.601 0.1000000015
17441  -36.695  -70.480  10.626 0.1000000015
17442  -36.964  -70.700  11.110 0.1000000015
16497  -37.533  -71.130  11.399 0.1000000015
21296  -36.069  -66.474  10.403 0.1000000015
19344  -36.500  -68.462  10.571 0.1000000015
18412  -36.588  -69.621  10.384 0.1000000015
24283  -36.443  -63.444  8.918 0.1000000015
25370  -36.244  -62.681  8.469 0.1000000015
25385  -35.786  -62.097  8.102 0.1000000015
18396  -36.593  -69.510  11.214 0.1000000015
20295  -36.237  -67.361  10.688 0.1000000015
19326  -36.402  -68.539  11.760 0.1000000015
23310  -36.348  -64.346  9.378 0.1000000015
25369  -35.718  -62.124  8.899 0.1000000015
26444  -35.204  -61.443  9.322 0.1000000015
22281  -35.751  -65.702  10.501 0.1000000015
23309  -35.664  -64.361  10.076 0.1000000015
24270  -35.225  -63.346  10.576 0.1000000015
24282  -35.833  -63.461  9.646 0.1000000015
25355  -35.953  -62.816  9.154 0.1000000015
25354  -35.372  -62.446  9.775 0.1000000015
26425  -34.903  -61.513  10.179 0.1000000015
23295  -35.386  -64.443  10.916 0.1000000015
24269  -34.869  -62.853  10.883 0.1000000015
25338  -35.019  -62.332  10.772 0.1000000015
10116  -34.678  -79.609  7.872 0.1000000015
9402  -33.211  -80.227  7.302 0.1000000015
10881  -33.698  -78.886  6.976 0.1000000015
10896  -33.222  -78.753  6.354 0.1000000015
11642  -34.604  -77.913  5.967 0.1000000015
10910  -32.992  -78.677  5.540 0.1000000015
10149  -32.035  -79.397  5.682 0.1000000015
10931  -34.146  -78.527  4.661 0.1000000015
12410  -38.262  -77.126  6.117 0.1000000015
11627  -35.610  -77.952  7.123 0.1000000015
10912  -34.734  -78.120  5.077 0.1000000015
10933  -36.096  -78.502  4.219 0.1000000015
10955  -35.411  -78.819  3.579 0.1000000015
11002  -37.196  -78.348  -1.481 0.1000000015
9571  -35.513  -80.336  -2.166 0.1000000015
9551  -36.179  -81.050  -0.617 0.1000000015
9563  -35.461  -80.758  -1.404 0.1000000015
12411  -39.284  -77.084  5.974 0.1000000015
13151  -41.160  -75.748  6.793 0.2000000030
15772  -37.324  -72.293  4.482 0.1000000015
14071  -36.581  -74.531  2.638 0.1000000015
12496  -36.328  -76.728  -0.446 0.1000000015
11726  -37.676  -78.220  1.246 0.1000000015
10251  -38.191  -79.872  1.065 0.1000000015
9533  -36.652  -80.948  0.366 0.1000000015
9507  -37.479  -80.532  1.231 0.1000000015
10231  -37.416  -80.353  1.722 0.1000000015
10212  -36.211  -79.992  2.404 0.1000000015
13197  -42.248  -75.759  5.127 0.1000000015
13152  -41.921  -75.316  7.090 0.2000000030
12414  -42.092  -76.230  4.761 0.1000000015
10192  -37.864  -79.718  3.304 0.1000000015
14057  -36.517  -74.469  3.488 0.1000000015
11713  -37.423  -77.633  1.674 0.1000000015
10214  -38.089  -80.286  2.403 0.1000000015
12431  -42.135  -76.123  3.540 0.1000000015
10958  -39.978  -79.042  2.965 0.1000000015
13245  -37.339  -76.407  3.419 0.1000000015
12450  -38.025  -76.845  2.930 0.1000000015
12470  -37.732  -77.333  2.335 0.1000000015
11715  -39.486  -77.723  2.457 0.1000000015
17559  -41.036  -70.237  3.598 0.1000000015
14856  -43.402  -73.430  4.534 0.1000000015
14866  -43.378  -73.784  3.809 0.1000000015
14036  -41.111  -74.866  3.988 0.1000000015
13247  -41.081  -75.919  2.806 0.1000000015
12430  -40.002  -76.078  3.340 0.1000000015
13219  -40.824  -75.473  3.406 0.1000000015
13217  -38.633  -76.101  4.269 0.1000000015
13196  -38.896  -75.559  4.756 0.1000000015
20372  -42.246  -66.945  5.376 0.1000000015
20354  -39.033  -67.149  7.050 0.1000000015
14803  -37.027  -72.994  8.211 0.1000000015
14781  -37.917  -73.111  9.235 0.1000000015
23336  -39.542  -64.759  7.011 0.1000000015
24317  -38.495  -63.501  6.228 0.1000000015
17455  -36.584  -70.214  9.902 0.1000000015
21127  -44.718  -66.723  22.414 0.5000000000
17344  -43.689  -70.798  17.650 0.5000000000
22137  -45.138  -66.229  22.232 0.5000000000
20126  -45.456  -67.493  22.364 0.5000000000
17345  -44.610  -70.904  18.087 0.5000000000
22160  -46.663  -65.226  21.854 0.5000000000
22159  -45.615  -65.493  21.759 0.5000000000
21128  -45.779  -66.820  22.558 0.5000000000
18287  -45.067  -70.175  18.257 0.5000000000
22138  -46.242  -66.073  22.328 0.5000000000
21129  -46.972  -66.826  22.424 0.5000000000
22139  -47.463  -65.772  22.521 0.4000000060
15531  -45.633  -72.985  18.397 0.5000000000
15552  -45.798  -73.214  17.765 0.5000000000
15553  -46.271  -72.707  18.170 0.5000000000
15573  -46.154  -72.517  17.398 0.5000000000
16430  -46.922  -71.246  16.799 0.5000000000
16412  -46.652  -71.844  17.693 0.5000000000
17361  -47.348  -70.506  16.601 0.4000000060
18310  -48.374  -69.273  17.227 0.4000000060
19257  -40.839  -68.709  16.702 0.1000000015
18307  -43.207  -69.603  17.293 0.5000000000
20125  -44.408  -67.079  22.199 0.5000000000
20147  -44.918  -67.658  21.746 0.4000000060
18308  -44.359  -69.716  17.744 0.5000000000
23161  -46.010  -64.358  21.204 0.5000000000
24109  -45.974  -63.054  20.881 0.5000000000
24110  -46.825  -63.370  21.311 0.5000000000
23162  -47.073  -64.327  21.707 0.5000000000
25144  -46.484  -62.365  21.061 0.4000000060
22161  -47.430  -64.947  22.010 0.4000000060
19185  -46.918  -68.355  22.437 0.6999999881
25145  -47.381  -62.505  21.409 0.3000000119
24111  -47.925  -63.676  21.800 0.3000000119
23163  -47.609  -64.403  22.048 0.3000000119
20128  -47.549  -67.727  22.782 0.5000000000
19198  -47.277  -69.275  21.913 0.6000000238
19212  -46.894  -69.274  21.029 0.6000000238
19224  -45.951  -69.317  19.696 0.6000000238
16411  -44.884  -71.578  18.359 0.5000000000
15530  -44.869  -73.160  18.328 0.3000000119
23135  -48.203  -64.816  22.305 0.3000000119
21131  -49.319  -66.631  23.009 0.4000000060
19186  -48.072  -68.916  22.703 0.5000000000
18245  -47.408  -69.805  21.183 0.6000000238
17302  -47.128  -70.670  20.411 0.6000000238
16392  -46.259  -72.181  19.162 0.5000000000
15532  -46.204  -72.527  18.633 0.5000000000
23136  -49.299  -64.826  22.849 0.4000000060
22140  -48.749  -65.754  22.877 0.4000000060
20129  -48.740  -67.725  22.919 0.5000000000
18229  -48.203  -69.598  22.171 0.5000000000
17315  -47.524  -70.946  19.812 0.5000000000
16377  -46.843  -71.624  19.397 0.5000000000
16393  -46.722  -72.115  18.707 0.5000000000
23137  -50.283  -64.690  23.060 0.4000000060
22141  -49.981  -65.592  23.167 0.4000000060
20130  -49.798  -67.382  22.524 0.5000000000
18248  -49.373  -69.173  22.016 0.5000000000
17304  -48.098  -70.329  20.738 0.4000000060
16378  -47.257  -71.487  19.061 0.5000000000
21132  -50.209  -66.379  22.886 0.4000000060
18265  -49.126  -69.245  21.455 0.5000000000
18264  -48.759  -69.594  20.674 0.4000000060
17329  -47.699  -70.632  18.765 0.4000000060
16394  -47.192  -71.375  18.239 0.5000000000
19200  -49.252  -68.314  21.388 0.5000000000
19214  -48.750  -68.683  20.413 0.4000000060
18291  -48.342  -69.532  18.577 0.4000000060
18328  -47.859  -69.785  16.718 0.4000000060
19227  -48.493  -68.471  18.993 0.4000000060
19237  -48.393  -68.737  17.758 0.3000000119
19251  -48.452  -68.707  16.710 0.3000000119
20202  -39.652  -67.531  17.361 0.1000000015
19244  -40.385  -68.189  16.957 0.1000000015
21213  -39.884  -66.887  17.690 0.1000000015
20204  -42.084  -67.525  17.890 0.4000000060
19245  -41.473  -68.447  17.028 0.4000000060
18306  -42.058  -69.413  16.888 0.4000000060
19246  -42.678  -68.503  17.358 0.4000000060
19247  -43.832  -68.607  17.674 0.5000000000
22136  -44.086  -66.127  22.315 0.5000000000
19234  -44.275  -68.422  18.366 0.5000000000
19248  -44.454  -68.913  17.968 0.5000000000
23180  -45.283  -64.401  20.852 0.5000000000
23160  -45.079  -65.058  21.071 0.5000000000
22158  -44.573  -65.670  21.777 0.5000000000
25165  -45.148  -62.398  20.617 0.5000000000
19223  -45.161  -68.642  19.337 0.6000000238
26229  -46.875  -61.676  21.176 0.2000000030
27313  -47.338  -61.241  21.032 0.2000000030
24112  -49.118  -63.410  21.879 0.4000000060
26230  -47.773  -61.700  21.433 0.3000000119
25146  -48.400  -62.542  21.538 0.3000000119
26231  -48.726  -61.627  21.220 0.3000000119
25147  -49.509  -62.590  21.542 0.4000000060
24113  -50.176  -63.356  22.056 0.4000000060
24089  -49.767  -64.103  22.434 0.4000000060
22114  -50.907  -65.472  23.030 0.4000000060
21133  -50.880  -66.034  22.488 0.4000000060
24091  -51.454  -64.228  22.426 0.3000000119
21152  -51.066  -66.146  22.110 0.3000000119
20149  -49.929  -67.683  21.910 0.4000000060
22163  -50.002  -65.934  21.558 0.3000000119
21150  -49.431  -66.784  21.536 0.3000000119
19213  -48.047  -68.005  19.940 0.4000000060
22176  -48.940  -65.787  21.057 0.2000000030
20168  -47.933  -67.421  20.244 0.3000000119
20195  -48.156  -68.110  17.975 0.3000000119
22175  -47.810  -65.594  20.266 0.1000000015
21194  -47.351  -66.253  19.866 0.2000000030
20180  -47.957  -67.872  18.721 0.4000000060
25180  -46.519  -63.019  18.953 0.1000000015
20203  -40.744  -67.217  17.688 0.1000000015
20189  -41.484  -66.846  18.572 0.2000000030
20205  -43.216  -67.774  18.111 0.4000000060
22135  -43.086  -65.971  22.310 0.5000000000
21126  -43.670  -66.501  22.192 0.4000000060
20145  -43.566  -66.732  21.849 0.4000000060
20176  -43.484  -67.416  20.105 0.4000000060
20191  -43.831  -67.761  18.937 0.5000000000
20206  -43.820  -68.090  18.251 0.5000000000
23179  -44.661  -64.363  20.765 0.5000000000
23159  -44.117  -65.025  21.263 0.5000000000
22157  -43.567  -65.545  21.944 0.4000000060
20192  -44.624  -68.262  18.933 0.4000000060
26245  -45.076  -61.549  20.846 0.4000000060
24131  -45.286  -63.662  20.706 0.5000000000
26228  -45.791  -61.575  20.867 0.4000000060
25143  -45.909  -62.291  20.706 0.5000000000
27311  -45.365  -60.919  21.067 0.3000000119
27312  -46.387  -61.065  21.008 0.3000000119
27333  -46.928  -60.776  20.651 0.2000000030
27314  -47.966  -61.304  21.189 0.2000000030
27361  -47.372  -60.442  20.166 0.1000000015
27334  -48.049  -60.947  20.722 0.3000000119
27362  -48.380  -60.385  19.970 0.1000000015
26246  -48.780  -61.145  20.823 0.3000000119
26232  -49.999  -61.972  21.190 0.3000000119
27335  -49.024  -60.717  20.559 0.2000000030
26247  -49.482  -61.346  20.759 0.2000000030
24114  -51.069  -63.471  22.068 0.2000000030
23166  -51.723  -64.716  21.813 0.2000000030
26234  -51.437  -62.448  21.046 0.2000000030
24115  -51.513  -63.861  21.701 0.2000000030
23165  -51.443  -65.172  21.585 0.2000000030
25166  -51.723  -62.944  20.818 0.2000000030
24136  -51.467  -63.883  21.040 0.1000000015
22177  -49.867  -65.206  21.213 0.2000000030
24155  -51.349  -63.489  20.186 0.1000000015
24134  -49.982  -64.065  20.289 0.1000000015
23181  -48.313  -64.633  20.336 0.1000000015
23198  -47.445  -64.804  19.916 0.1000000015
24153  -49.570  -63.512  19.720 0.1000000015
24152  -48.589  -63.499  19.678 0.1000000015
25182  -48.033  -62.824  19.229 0.1000000015
25181  -47.008  -62.947  19.051 0.1000000015
25207  -47.478  -62.180  18.325 0.1000000015
25225  -46.608  -62.016  17.733 0.1000000015
20188  -40.772  -66.719  18.421 0.3000000119
21170  -40.279  -66.305  20.788 0.3000000119
21191  -41.002  -66.509  20.077 0.3000000119
21205  -41.602  -66.649  19.443 0.3000000119
20190  -42.584  -67.101  19.215 0.3000000119
21147  -41.521  -66.400  21.711 0.3000000119
21192  -41.915  -66.695  20.277 0.3000000119
22134  -42.163  -65.889  22.127 0.4000000060
21125  -42.647  -66.230  22.110 0.5000000000
21173  -42.651  -66.601  21.554 0.4000000060
20165  -43.209  -66.842  21.181 0.4000000060
26243  -43.552  -61.709  20.697 0.4000000060
24129  -43.467  -63.389  20.549 0.4000000060
23178  -43.762  -64.288  20.747 0.5000000000
23158  -43.148  -64.854  21.388 0.5000000000
27309  -43.370  -60.659  21.096 0.4000000060
26226  -43.932  -61.150  21.224 0.4000000060
26244  -44.459  -61.610  20.826 0.4000000060
25164  -44.041  -62.460  20.574 0.5000000000
27310  -44.408  -60.827  21.152 0.4000000060
27330  -43.962  -60.431  20.836 0.4000000060
27358  -44.354  -60.256  20.396 0.3000000119
28404  -45.349  -60.402  20.244 0.3000000119
27332  -45.905  -60.635  20.599 0.3000000119
28405  -45.845  -60.283  20.060 0.3000000119
27360  -46.498  -60.371  20.161 0.2000000030
27376  -46.809  -60.244  19.665 0.1000000015
27377  -47.526  -60.269  19.393 0.1000000015
27336  -50.012  -60.933  20.290 0.2000000030
27363  -49.428  -60.427  19.872 0.1000000015
26248  -50.569  -61.507  20.751 0.2000000030
26249  -51.608  -61.835  20.530 0.2000000030
25167  -52.147  -62.324  20.102 0.1000000015
25185  -51.950  -63.065  19.921 0.1000000015
24174  -50.762  -63.285  19.166 0.1000000015
25183  -49.110  -62.949  19.191 0.1000000015
25210  -50.774  -62.875  18.535 0.1000000015
25209  -49.707  -62.531  18.645 0.1000000015
26281  -48.417  -61.855  17.990 0.1000000015
26292  -48.883  -61.829  17.307 0.1000000015
26291  -47.832  -61.668  17.344 0.1000000015
26306  -47.461  -61.548  16.357 0.1000000015
26326  -46.951  -61.312  15.463 0.1000000015
26364  -46.780  -60.684  13.662 0.1000000015
21169  -39.158  -65.968  20.357 0.2000000030
21146  -40.606  -66.238  21.656 0.3000000119
22133  -41.300  -65.826  22.008 0.4000000060
25162  -42.309  -62.430  20.618 0.3000000119
25163  -43.140  -62.522  20.538 0.3000000119
24128  -42.615  -63.393  20.556 0.4000000060
23157  -42.057  -64.664  21.211 0.4000000060
22154  -40.878  -65.487  21.875 0.3000000119
26242  -42.912  -61.893  20.572 0.3000000119
24108  -41.459  -64.404  21.017 0.4000000060
23156  -40.828  -64.764  21.378 0.4000000060
23134  -40.505  -65.211  22.031 0.3000000119
28402  -43.213  -60.210  20.609 0.3000000119
27329  -43.544  -60.462  20.908 0.3000000119
28419  -43.418  -59.765  19.884 0.3000000119
28403  -43.864  -60.079  20.343 0.3000000119
28420  -44.251  -59.913  19.758 0.3000000119
27359  -44.800  -60.315  20.136 0.3000000119
28421  -45.198  -60.182  19.568 0.3000000119
28422  -46.091  -60.058  19.575 0.2000000030
28438  -46.582  -60.057  18.774 0.1000000015
28452  -46.875  -59.573  17.698 0.1000000015
28453  -48.061  -59.338  17.484 0.1000000015
27378  -48.298  -60.174  19.157 0.1000000015
28440  -48.856  -59.684  18.570 0.1000000015
28424  -49.767  -59.963  19.187 0.1000000015
27337  -51.112  -60.984  20.202 0.2000000030
27365  -51.572  -60.282  19.665 0.2000000030
27338  -52.063  -60.801  20.294 0.2000000030
26250  -52.403  -61.411  19.933 0.1000000015
27366  -52.447  -60.297  19.532 0.1000000015
25186  -52.332  -62.159  19.329 0.1000000015
25211  -51.775  -62.652  18.628 0.1000000015
25212  -52.414  -61.903  18.182 0.1000000015
26284  -50.680  -62.417  17.992 0.1000000015
25227  -51.069  -62.504  17.631 0.1000000015
26293  -49.811  -61.967  17.449 0.1000000015
26308  -49.502  -61.964  16.577 0.1000000015
26307  -48.507  -61.613  16.421 0.1000000015
26327  -48.011  -61.367  15.442 0.1000000015
26328  -49.291  -61.676  15.419 0.1000000015
26346  -47.431  -61.007  14.466 0.1000000015
26347  -48.366  -61.310  14.428 0.1000000015
27419  -47.913  -61.045  14.033 0.1000000015
26387  -46.773  -60.883  12.684 0.1000000015
26365  -47.564  -60.936  13.477 0.1000000015
26408  -46.438  -61.254  11.457 0.1000000015
21144  -38.514  -66.027  21.310 0.2000000030
21120  -37.887  -65.824  22.136 0.2000000030
21122  -40.004  -65.942  22.222 0.3000000119
22130  -38.360  -65.246  22.540 0.2000000030
21121  -38.964  -65.812  22.224 0.3000000119
24127  -41.742  -63.718  20.708 0.3000000119
27308  -42.330  -60.599  21.251 0.3000000119
26225  -42.740  -61.310  20.976 0.3000000119
25142  -41.871  -61.812  20.896 0.3000000119
25161  -41.412  -62.665  20.707 0.3000000119
24107  -41.194  -64.217  20.920 0.3000000119
28401  -42.299  -59.732  20.693 0.3000000119
28386  -41.948  -59.977  21.232 0.3000000119
24126  -40.808  -63.730  20.791 0.3000000119
23174  -40.176  -63.980  20.791 0.3000000119
23155  -39.688  -64.187  21.245 0.2000000030
23133  -39.997  -64.898  22.162 0.2000000030
29510  -42.199  -59.457  20.164 0.2000000030
28418  -42.677  -59.672  20.048 0.2000000030
28434  -42.831  -59.405  19.368 0.3000000119
28435  -43.541  -59.419  19.051 0.3000000119
28436  -44.501  -59.622  18.776 0.3000000119
28437  -45.498  -59.848  18.795 0.1000000015
28450  -44.890  -59.527  18.081 0.2000000030
28451  -45.705  -59.581  17.845 0.1000000015
29547  -46.018  -59.000  16.967 0.1000000015
29562  -47.602  -58.410  16.585 0.1000000015
30692  -46.914  -57.451  16.246 0.1000000015
31868  -47.199  -56.404  15.697 0.1000000015
29549  -47.763  -58.958  16.910 0.1000000015
30693  -47.885  -57.702  16.301 0.1000000015
30734  -48.370  -56.965  15.212 0.1000000015
31869  -47.859  -56.294  15.304 0.1000000015
32991  -48.624  -55.334  14.266 0.1000000015
28454  -49.146  -59.015  17.658 0.1000000015
29564  -49.563  -58.121  16.751 0.1000000015
30712  -48.862  -57.491  15.612 0.1000000015
30735  -49.041  -57.223  14.824 0.1000000015
31890  -49.361  -56.384  13.939 0.1000000015
28441  -49.999  -59.399  18.453 0.1000000015
28425  -50.839  -59.750  19.118 0.1000000015
28426  -51.896  -59.466  19.154 0.2000000030
27379  -52.796  -60.323  18.666 0.1000000015
26267  -52.452  -61.150  18.985 0.1000000015
25228  -51.837  -62.370  17.408 0.1000000015
26309  -50.391  -62.226  16.926 0.1000000015
25253  -50.033  -62.091  15.352 0.1000000015
26348  -49.377  -61.753  14.149 0.1000000015
26366  -48.354  -61.275  13.428 0.1000000015
24072  -37.500  -63.348  23.255 0.2000000030
22131  -39.444  -65.362  22.403 0.3000000119
22132  -40.430  -65.563  22.177 0.3000000119
23131  -37.777  -64.455  22.770 0.2000000030
23132  -38.745  -64.378  22.189 0.2000000030
26224  -41.751  -61.164  21.276 0.3000000119
25141  -41.144  -61.798  20.939 0.3000000119
25140  -40.257  -61.813  21.005 0.3000000119
25159  -39.853  -62.577  20.820 0.3000000119
27307  -41.424  -60.434  21.494 0.3000000119
25139  -39.306  -62.055  21.259 0.3000000119
24125  -40.009  -63.402  20.719 0.3000000119
29508  -40.740  -58.575  20.039 0.2000000030
28385  -41.101  -59.601  21.417 0.3000000119
29509  -41.653  -59.183  20.223 0.2000000030
29525  -42.167  -59.195  19.568 0.2000000030
29524  -41.457  -58.387  19.333 0.2000000030
29534  -42.475  -58.526  18.583 0.3000000119
29535  -43.797  -58.942  18.220 0.3000000119
29536  -44.390  -59.266  18.025 0.2000000030
29545  -43.340  -58.143  17.768 0.2000000030
29546  -44.614  -58.587  17.333 0.2000000030
30691  -45.966  -57.317  16.418 0.1000000015
29551  -50.272  -58.602  17.009 0.1000000015
30695  -49.518  -57.759  16.178 0.1000000015
30713  -49.791  -57.742  15.475 0.1000000015
30736  -49.965  -57.878  14.215 0.1000000015
28455  -50.226  -58.962  17.646 0.1000000015
29552  -50.601  -58.701  16.825 0.1000000015
29580  -50.585  -58.515  15.239 0.1000000015
28442  -51.079  -59.265  18.340 0.1000000015
28456  -51.168  -59.008  17.116 0.1000000015
28467  -51.356  -58.799  15.931 0.1000000015
28478  -51.432  -58.843  15.022 0.1000000015
28443  -51.995  -59.356  18.247 0.1000000015
28469  -52.624  -59.752  16.549 0.1000000015
28444  -52.531  -59.857  18.084 0.1000000015
27383  -52.742  -60.505  17.825 0.1000000015
27388  -52.428  -60.656  16.877 0.1000000015
26331  -52.246  -61.248  16.178 0.1000000015
26311  -52.233  -61.586  16.787 0.1000000015
25229  -52.235  -61.951  17.202 0.1000000015
25239  -51.901  -62.089  16.552 0.1000000015
25237  -50.152  -62.293  15.957 0.1000000015
26329  -49.956  -61.935  14.890 0.1000000015
25065  -37.576  -62.609  25.398 0.3000000119
25108  -37.775  -62.348  23.413 0.3000000119
24073  -37.861  -62.697  22.936 0.3000000119
24086  -37.972  -63.814  22.537 0.2000000030
25124  -37.957  -62.077  22.655 0.3000000119
24087  -38.324  -63.072  22.409 0.3000000119
27306  -40.379  -60.254  21.873 0.3000000119
27305  -39.451  -60.529  22.005 0.3000000119
25138  -38.401  -62.014  21.783 0.3000000119
24105  -38.855  -62.769  21.659 0.3000000119
23154  -38.933  -63.539  21.694 0.2000000030
29507  -40.200  -58.362  20.538 0.2000000030
27287  -40.052  -59.826  22.120 0.3000000119
27286  -39.729  -59.967  22.367 0.3000000119
30645  -40.269  -58.067  20.101 0.2000000030
30661  -40.438  -57.561  19.567 0.2000000030
30662  -40.980  -57.872  19.298 0.2000000030
29533  -41.720  -58.041  18.812 0.2000000030
29544  -42.635  -57.832  17.939 0.3000000119
30683  -43.692  -57.687  17.206 0.2000000030
27400  -52.471  -60.448  15.710 0.1000000015
26330  -51.909  -61.712  15.872 0.1000000015
25255  -51.486  -62.214  15.584 0.1000000015
25238  -51.137  -62.479  16.425 0.1000000015
25067  -39.146  -62.413  26.186 0.1000000015
26156  -39.438  -61.726  26.179 0.2000000030
25066  -38.458  -62.260  25.714 0.3000000119
25091  -37.969  -62.184  25.138 0.3000000119
26183  -38.137  -61.615  24.811 0.3000000119
26200  -38.106  -61.433  23.572 0.3000000119
27304  -38.867  -60.709  22.069 0.3000000119
27273  -38.442  -60.420  23.260 0.3000000119
29482  -39.284  -58.534  22.024 0.3000000119
28365  -39.230  -59.345  22.427 0.3000000119
28364  -38.558  -59.465  23.065 0.3000000119
27285  -38.915  -60.219  22.506 0.3000000119
30614  -39.282  -58.079  21.623 0.2000000030
30644  -39.842  -57.624  20.430 0.2000000030
30660  -39.912  -57.152  19.946 0.1000000015
30672  -41.793  -57.854  18.535 0.2000000030
31831  -40.384  -56.678  19.103 0.1000000015
30680  -41.285  -56.883  18.321 0.2000000030
30681  -41.899  -57.356  18.052 0.2000000030
31842  -42.125  -56.330  17.511 0.3000000119
27236  -38.771  -60.577  25.488 0.3000000119
27259  -38.380  -60.562  24.285 0.3000000119
30590  -38.598  -57.593  23.160 0.3000000119
30613  -38.996  -57.591  22.113 0.2000000030
30633  -39.069  -57.122  21.615 0.2000000030
31798  -39.208  -56.676  21.313 0.1000000015
32921  -39.527  -55.937  20.023 0.1000000015
32922  -39.837  -55.785  19.454 0.1000000015
32933  -40.267  -55.570  18.926 0.1000000015
31841  -41.400  -56.261  18.067 0.1000000015
28310  -39.449  -59.723  26.027 0.3000000119
28326  -38.326  -59.560  24.748 0.3000000119
28346  -38.359  -59.733  23.824 0.3000000119
30564  -38.789  -57.526  24.308 0.3000000119
29463  -38.282  -58.672  23.822 0.3000000119
31778  -39.041  -56.190  22.943 0.2000000030
31753  -38.870  -56.706  23.472 0.2000000030
32846  -40.418  -55.220  23.164 0.1000000015
32845  -39.823  -55.457  22.959 0.1000000015
33852  -40.935  -54.782  22.915 0.1000000015
32895  -39.789  -54.987  21.807 0.1000000015
33911  -39.609  -55.295  20.806 0.1000000015
33932  -39.515  -55.551  20.359 0.1000000015
33892  -39.816  -55.012  21.349 0.1000000015
33933  -39.651  -54.914  19.948 0.1000000015
33946  -39.918  -55.096  19.331 0.1000000015
29422  -39.383  -58.626  26.021 0.2000000030
29442  -39.212  -57.840  25.220 0.2000000030
29441  -38.637  -58.580  25.108 0.2000000030
31731  -39.263  -56.621  24.218 0.2000000030
31732  -40.021  -56.288  24.576 0.1000000015
32847  -41.554  -55.129  23.221 0.1000000015
33873  -40.726  -54.775  22.471 0.1000000015
33893  -40.601  -54.608  21.683 0.1000000015
33912  -39.931  -54.376  20.801 0.1000000015
33934  -40.372  -53.842  20.017 0.1000000015
33947  -40.337  -54.328  19.086 0.1000000015
33875  -42.751  -54.494  22.023 0.1000000015
33894  -41.950  -54.254  21.373 0.1000000015
33913  -41.102  -53.824  20.704 0.1000000015
33895  -43.116  -54.578  20.912 0.1000000015
33914  -42.535  -53.847  20.290 0.1000000015
19197  -46.106  -68.402  21.779 0.4000000060
20127  -46.451  -67.556  22.525 0.5000000000
19184  -46.167  -68.018  22.427 0.6000000238
19210  -45.207  -68.385  20.236 0.5000000000
20166  -44.378  -67.606  20.846 0.4000000060
16410  -44.333  -72.015  18.161 0.5000000000
19211  -46.048  -68.799  20.685 0.6000000238
17326  -45.362  -71.063  18.509 0.5000000000
16391  -45.309  -72.209  18.574 0.3000000119
14654  -44.980  -73.398  18.171 0.5000000000
19236  -45.521  -69.250  19.048 0.5000000000
16409  -43.247  -71.877  17.565 0.5000000000
18288  -45.857  -70.072  18.853 0.5000000000
21130  -48.134  -66.756  22.960 0.4000000060
17346  -47.497  -70.580  17.612 0.4000000060
18309  -47.785  -69.860  17.945 0.4000000060
20124  -43.915  -66.843  22.071 0.5000000000
20167  -45.357  -68.102  21.064 0.4000000060
24088  -48.861  -64.166  22.255 0.4000000060
19199  -47.818  -69.562  22.179 0.6000000238
18262  -47.124  -70.201  20.532 0.6000000238
18277  -46.501  -70.256  19.871 0.6000000238
19225  -46.559  -69.574  20.357 0.6000000238
18289  -46.228  -70.536  19.435 0.5000000000
19187  -49.249  -68.573  22.696 0.5000000000
17303  -47.459  -70.378  20.593 0.6000000238
18246  -47.765  -69.987  21.512 0.5000000000
17313  -46.457  -71.571  19.459 0.5000000000
17328  -46.451  -70.823  19.621 0.5000000000
17327  -46.081  -71.298  19.301 0.5000000000
18247  -48.555  -69.767  21.581 0.5000000000
17288  -48.027  -70.170  21.277 0.5000000000
24090  -50.709  -64.056  22.589 0.3000000119
20131  -50.364  -66.637  22.548 0.5000000000
19188  -49.769  -68.524  22.267 0.5000000000
19201  -49.580  -68.716  21.724 0.5000000000
17316  -48.261  -70.185  19.623 0.4000000060
19215  -49.218  -68.979  21.140 0.4000000060
17330  -48.113  -70.144  18.907 0.4000000060
18278  -48.645  -69.356  19.650 0.4000000060
20148  -49.364  -67.667  21.533 0.4000000060
20146  -44.047  -67.122  21.716 0.4000000060
19235  -44.929  -69.164  18.536 0.5000000000
24130  -44.406  -63.417  20.576 0.5000000000
20177  -44.449  -67.968  19.742 0.5000000000
25148  -50.571  -62.704  21.635 0.3000000119
23115  -51.462  -65.219  22.818 0.3000000119
23138  -51.120  -64.667  22.979 0.3000000119
21151  -50.457  -66.574  21.911 0.3000000119
23139  -51.695  -64.976  22.555 0.3000000119
22162  -49.460  -66.167  21.390 0.3000000119
23164  -50.722  -65.248  21.358 0.2000000030
21175  -48.664  -66.709  21.117 0.3000000119
20169  -48.571  -67.606  20.963 0.4000000060
19226  -47.994  -67.907  19.252 0.4000000060
21174  -47.995  -66.669  20.505 0.3000000119
20179  -47.465  -67.200  19.337 0.2000000030
23182  -49.386  -64.680  20.734 0.2000000030
24150  -46.358  -63.503  19.185 0.1000000015
22156  -42.590  -65.419  21.935 0.4000000060
21149  -42.990  -66.510  21.827 0.5000000000
20175  -42.691  -66.896  20.514 0.4000000060
26227  -44.842  -61.162  21.171 0.4000000060
26233  -51.036  -62.092  21.311 0.2000000030
25149  -51.313  -62.901  21.480 0.2000000030
23185  -51.498  -64.618  21.435 0.2000000030
23184  -51.172  -64.636  21.105 0.2000000030
24135  -50.849  -63.973  20.608 0.1000000015
23183  -50.378  -64.665  20.829 0.2000000030
24154  -50.599  -63.473  19.819 0.1000000015
24175  -51.327  -63.232  19.357 0.1000000015
24133  -49.007  -64.027  20.178 0.1000000015
24132  -48.332  -63.955  20.029 0.1000000015
23197  -46.636  -64.535  19.552 0.1000000015
25184  -50.109  -63.119  19.169 0.1000000015
24151  -47.563  -63.811  19.664 0.1000000015
25208  -48.660  -62.331  18.614 0.1000000015
25226  -47.192  -61.796  17.666 0.1000000015
26290  -46.966  -61.715  17.099 0.1000000015
21204  -40.832  -66.535  19.098 0.3000000119
21171  -41.242  -66.603  21.035 0.3000000119
21172  -42.253  -66.698  21.205 0.3000000119
21148  -42.281  -66.472  21.833 0.3000000119
21123  -40.953  -66.000  22.003 0.3000000119
21124  -41.811  -66.148  22.014 0.3000000119
20164  -42.699  -66.785  20.994 0.3000000119
22155  -41.633  -65.422  21.806 0.4000000060
23177  -42.865  -64.220  20.677 0.4000000060
27331  -44.882  -60.568  20.717 0.3000000119
28439  -47.713  -59.945  18.487 0.1000000015
28423  -48.950  -60.106  19.390 0.1000000015
27364  -50.477  -60.509  19.618 0.2000000030
26283  -50.174  -62.197  18.114 0.1000000015
21145  -39.581  -66.097  21.587 0.2000000030
21189  -39.112  -66.183  19.418 0.2000000030
23176  -42.287  -64.056  20.693 0.4000000060
28387  -42.612  -60.289  21.002 0.3000000119
29548  -47.142  -58.979  16.950 0.1000000015
28466  -48.547  -58.917  17.215 0.1000000015
28400  -41.681  -59.472  20.968 0.3000000119
29501  -41.146  -59.163  20.750 0.3000000119
29561  -46.524  -58.234  16.541 0.1000000015
30710  -47.341  -57.129  15.977 0.1000000015
30711  -47.988  -57.166  15.741 0.1000000015
29563  -48.681  -58.440  16.832 0.1000000015
30694  -48.755  -57.751  16.276 0.1000000015
31889  -48.442  -56.322  14.686 0.1000000015
32992  -49.276  -55.079  13.718 0.1000000015
29550  -49.582  -58.607  17.199 0.1000000015
31905  -49.807  -55.508  13.435 0.1000000015
28427  -52.546  -59.628  18.875 0.1000000015
26285  -52.802  -61.050  18.263 0.1000000015
24058  -37.192  -63.120  24.486 0.2000000030
25107  -37.597  -62.615  23.990 0.3000000119
26223  -40.846  -61.111  21.481 0.3000000119
24106  -39.402  -63.102  21.198 0.3000000119
26222  -39.882  -61.124  21.543 0.3000000119
29500  -40.491  -58.965  20.950 0.3000000119
29523  -40.871  -58.135  19.508 0.2000000030
28384  -40.155  -59.438  21.689 0.3000000119
29560  -45.497  -58.085  16.631 0.1000000015
29559  -44.849  -57.849  16.704 0.2000000030
29565  -50.388  -58.353  16.357 0.1000000015
31891  -49.919  -57.099  13.536 0.1000000015
28457  -52.228  -59.500  17.308 0.1000000015
28458  -52.663  -59.986  17.345 0.1000000015
26310  -52.077  -61.696  16.341 0.1000000015
25090  -37.739  -62.289  24.655 0.3000000119
26199  -37.824  -62.012  24.163 0.3000000119
26221  -38.899  -61.157  21.623 0.3000000119
26210  -38.467  -61.126  22.448 0.3000000119
29499  -39.677  -58.528  21.229 0.3000000119
28366  -39.772  -59.578  22.145 0.3000000119
30670  -40.612  -57.252  19.109 0.2000000030
30682  -42.854  -57.263  17.465 0.2000000030
30688  -43.427  -57.054  16.895 0.2000000030
30689  -44.228  -57.381  16.645 0.2000000030
25041  -38.881  -62.971  26.410 0.1000000015
26155  -38.746  -61.570  25.480 0.2000000030
29481  -38.765  -58.520  22.763 0.3000000119
30634  -39.323  -57.532  21.261 0.2000000030
31807  -39.489  -56.939  20.788 0.2000000030
31820  -39.890  -56.649  19.676 0.1000000015
31832  -40.853  -56.367  18.565 0.2000000030
31777  -38.758  -56.702  22.576 0.2000000030
31797  -38.854  -56.661  21.864 0.2000000030
32907  -39.378  -56.111  20.729 0.1000000015
32894  -39.162  -55.690  21.720 0.1000000015
32871  -38.921  -56.063  22.411 0.1000000015
28309  -38.773  -59.298  25.591 0.3000000119
31754  -39.621  -55.911  23.534 0.1000000015
33874  -41.597  -54.602  22.483 0.1000000015
30550  -39.849  -57.533  25.676 0.2000000030
31755  -40.759  -55.693  23.962 0.1000000015
14667  -44.514  -73.414  17.729 0.3000000119
13871  -42.962  -74.585  17.130 0.3000000119
14679  -43.484  -74.043  17.141 0.3000000119
12285  -40.033  -76.847  13.813 0.2000000030
11564  -38.937  -77.841  11.326 0.2000000030
13870  -42.610  -75.052  16.870 0.4000000060
13038  -41.691  -76.359  15.836 0.3000000119
14680  -44.582  -73.483  17.306 0.4000000060
13869  -41.963  -75.632  16.349 0.3000000119
13037  -41.260  -76.922  15.280 0.3000000119
14693  -42.234  -74.342  16.172 0.4000000060
13054  -41.902  -76.357  15.015 0.3000000119
11542  -40.279  -77.582  13.244 0.2000000030
15570  -43.875  -73.266  16.632 0.4000000060
15569  -43.234  -73.700  16.706 0.4000000060
13887  -41.664  -75.551  14.783 0.4000000060
15571  -44.900  -73.075  16.768 0.4000000060
15572  -45.586  -72.851  17.059 0.4000000060
14692  -41.781  -74.129  15.439 0.4000000060
11543  -40.851  -78.102  13.869 0.3000000119
15590  -43.448  -72.329  16.097 0.4000000060
15588  -42.031  -73.686  15.718 0.4000000060
12286  -41.307  -77.241  14.548 0.4000000060
16427  -45.236  -72.279  16.375 0.4000000060
15605  -41.808  -73.411  14.942 0.4000000060
13065  -41.948  -76.289  14.597 0.3000000119
15620  -41.731  -73.504  14.320 0.4000000060
16428  -45.884  -72.042  16.673 0.4000000060
15606  -42.227  -72.480  14.689 0.4000000060
13896  -41.919  -75.173  13.986 0.3000000119
16429  -46.416  -71.713  16.890 0.4000000060
16443  -43.840  -71.425  15.536 0.4000000060
16442  -42.920  -71.907  15.300 0.4000000060
15621  -41.648  -73.105  13.906 0.4000000060
16444  -44.812  -71.438  15.807 0.4000000060
17370  -43.883  -70.861  14.846 0.4000000060
16460  -42.753  -71.670  14.125 0.4000000060
13897  -42.539  -74.985  13.222 0.3000000119
16445  -45.624  -71.384  16.010 0.4000000060
16471  -42.860  -71.643  13.173 0.4000000060
15622  -42.307  -72.301  13.395 0.4000000060
15636  -42.060  -73.085  13.062 0.3000000119
13075  -42.584  -75.720  12.783 0.2000000030
16446  -46.268  -71.270  16.255 0.3000000119
17371  -44.483  -70.757  15.010 0.4000000060
17372  -45.385  -70.730  15.220 0.4000000060
17382  -45.148  -70.373  14.230 0.4000000060
16472  -43.385  -71.136  13.503 0.4000000060
16480  -42.765  -72.015  12.736 0.4000000060
14720  -42.542  -74.400  12.812 0.2000000030
13904  -42.858  -74.752  12.248 0.2000000030
12310  -42.413  -76.462  11.442 0.3000000119
17374  -46.870  -70.632  15.905 0.3000000119
17385  -46.722  -70.550  15.402 0.3000000119
17383  -46.132  -70.425  14.466 0.3000000119
16481  -43.593  -71.634  12.327 0.3000000119
13916  -43.059  -74.944  11.564 0.2000000030
13905  -43.099  -74.133  12.004 0.2000000030
13087  -42.760  -75.629  11.697 0.2000000030
11579  -41.552  -77.770  10.997 0.2000000030
17384  -46.974  -70.337  14.859 0.3000000119
17393  -44.115  -70.783  12.883 0.4000000060
14734  -43.338  -73.553  11.864 0.1000000015
18341  -47.969  -69.879  15.164 0.3000000119
17396  -46.785  -69.922  13.837 0.3000000119
17394  -44.922  -70.291  13.170 0.2000000030
16482  -44.252  -71.117  11.986 0.2000000030
13926  -43.174  -75.022  10.909 0.1000000015
12326  -41.834  -76.758  10.299 0.2000000030
18369  -46.329  -69.969  12.556 0.2000000030
17409  -45.637  -70.148  12.574 0.2000000030
16504  -44.517  -71.477  11.333 0.1000000015
14749  -44.145  -73.408  11.021 0.1000000015
13100  -42.299  -75.772  10.469 0.1000000015
18329  -48.577  -69.097  15.809 0.2000000030
18355  -47.419  -69.614  14.024 0.3000000119
20210  -48.200  -68.367  17.221 0.2000000030
141786  -47.339  -69.445  12.469 0.2000000030
17408  -44.805  -70.402  11.951 0.1000000015
13940  -42.999  -74.713  9.821 0.1000000015
13099  -41.809  -76.102  10.123 0.1000000015
19261  -48.390  -68.533  15.948 0.2000000030
18342  -48.500  -69.020  14.257 0.2000000030
141779  -48.083  -69.344  13.655 0.2000000030
18386  -46.128  -70.067  11.898 0.1000000015
15660  -44.496  -72.133  10.504 0.1000000015
14768  -44.395  -72.796  10.152 0.1000000015
13927  -43.591  -74.152  10.397 0.1000000015
13115  -41.440  -75.932  9.482 0.1000000015
12345  -40.166  -77.034  9.041 0.1000000015
18403  -46.618  -69.517  11.159 0.1000000015
17445  -45.596  -70.844  10.297 0.1000000015
15680  -44.692  -72.077  9.522 0.1000000015
13941  -43.485  -73.857  9.194 0.1000000015
13960  -43.014  -74.361  8.579 0.1000000015
13114  -40.888  -76.213  8.872 0.1000000015
11614  -39.287  -77.850  8.654 0.1000000015
17447  -46.470  -69.865  10.421 0.1000000015
15695  -44.814  -72.158  8.616 0.1000000015
14785  -44.032  -73.195  8.580 0.1000000015
13133  -41.059  -75.757  8.115 0.1000000015
12363  -40.270  -76.478  8.543 0.1000000015
31843  -42.988  -56.317  17.150 0.2000000030
20194  -47.411  -67.706  18.146 0.2000000030
20209  -47.670  -68.043  17.248 0.1000000015
19268  -48.258  -68.577  15.072 0.1000000015
141789  -47.933  -69.236  11.702 0.1000000015
141781  -47.756  -68.566  13.775 0.1000000015
18415  -47.063  -69.408  10.308 0.1000000015
16530  -45.653  -70.761  9.180 0.1000000015
13116  -42.408  -75.127  9.149 0.1000000015
16549  -45.320  -71.492  8.733 0.1000000015
13880  -42.172  -75.112  16.322 0.3000000119
14678  -42.863  -74.130  16.686 0.4000000060
13894  -39.887  -75.411  13.813 0.3000000119
13879  -41.758  -75.214  15.621 0.3000000119
13064  -40.784  -75.804  14.333 0.3000000119
15589  -42.530  -73.087  16.141 0.4000000060
16426  -44.372  -72.323  16.244 0.4000000060
14705  -41.726  -74.255  14.536 0.4000000060
17381  -44.068  -70.509  14.065 0.4000000060
14733  -42.689  -73.861  12.461 0.2000000030
12327  -42.242  -76.551  10.850 0.2000000030
15638  -43.770  -72.710  11.785 0.2000000030
13917  -43.393  -74.322  11.443 0.1000000015
17395  -46.071  -70.136  13.315 0.2000000030
15659  -44.279  -72.486  11.214 0.1000000015
12347  -41.426  -76.878  9.685 0.1000000015
14750  -44.377  -72.767  10.768 0.1000000015
17426  -45.488  -70.712  10.854 0.1000000015
14767  -44.062  -73.397  9.773 0.1000000015
19260  -47.905  -68.214  15.811 0.1000000015
141780  -48.021  -68.909  12.589 0.1000000015
18402  -46.108  -70.116  11.181 0.1000000015
16529  -45.284  -71.311  10.067 0.1000000015
11631  -39.059  -77.369  8.188 0.1000000015
17460  -46.676  -69.728  9.688 0.1000000015
141785  -48.072  -68.919  11.633 0.1000000015
16407  -40.963  -71.808  16.986 0.3000000119
15548  -41.738  -72.920  17.520 0.2000000030
14663  -40.420  -73.814  17.161 0.3000000119
14664  -41.405  -73.930  17.567 0.2000000030
17343  -42.417  -70.607  17.128 0.4000000060
16408  -42.116  -71.879  17.285 0.2000000030
13856  -41.067  -74.883  17.497 0.2000000030
13855  -40.127  -74.541  16.955 0.1000000015
13868  -40.548  -75.346  17.093 0.2000000030
13017  -39.608  -75.833  16.167 0.1000000015
15549  -42.847  -72.962  17.554 0.3000000119
13878  -39.308  -75.212  16.073 0.1000000015
13002  -41.828  -75.413  17.369 0.2000000030
13036  -39.098  -75.516  15.820 0.1000000015
12256  -39.064  -76.134  15.539 0.1000000015
12241  -40.108  -76.439  16.070 0.1000000015
12257  -39.596  -76.333  15.454 0.1000000015
12283  -38.109  -76.168  14.009 0.1000000015
12270  -38.279  -76.027  14.458 0.1000000015
12271  -38.744  -76.267  14.823 0.1000000015
12294  -37.988  -76.353  12.828 0.1000000015
13003  -42.274  -75.172  17.464 0.2000000030
13019  -41.622  -76.036  16.664 0.2000000030
13018  -40.590  -76.064  16.649 0.2000000030
12242  -40.871  -76.912  16.426 0.2000000030
12307  -38.687  -77.031  11.860 0.1000000015
12305  -36.986  -76.350  11.332 0.1000000015
15550  -44.020  -72.923  17.632 0.2000000030
14666  -43.355  -73.857  17.359 0.3000000119
13020  -42.291  -75.369  17.226 0.2000000030
12258  -40.541  -76.727  15.590 0.2000000030
12284  -38.870  -76.588  13.910 0.1000000015
12324  -37.487  -76.882  10.923 0.1000000015
12325  -38.070  -76.911  11.249 0.1000000015
13859  -43.089  -74.354  17.209 0.3000000119
15529  -44.560  -72.836  18.090 0.2000000030
13052  -39.904  -75.964  14.564 0.2000000030
12272  -39.645  -76.334  14.666 0.1000000015
11578  -38.104  -77.573  10.925 0.1000000015
12296  -39.793  -77.267  12.853 0.1000000015
10839  -37.561  -78.587  10.609 0.1000000015
11565  -39.760  -77.760  12.069 0.1000000015
11555  -40.117  -77.626  12.711 0.1000000015
10081  -38.008  -79.460  10.933 0.1000000015
10840  -38.469  -78.559  11.026 0.1000000015
11556  -40.460  -78.083  12.829 0.1000000015
10829  -39.994  -78.739  12.022 0.1000000015
10819  -41.034  -78.571  13.118 0.1000000015
9367  -36.508  -80.545  11.068 0.1000000015
10082  -38.848  -79.362  11.295 0.1000000015
10830  -40.537  -78.741  12.520 0.1000000015
11544  -41.546  -77.994  13.926 0.3000000119
9357  -39.517  -80.557  11.820 0.1000000015
13858  -42.680  -74.754  17.326 0.3000000119
12295  -39.124  -76.831  12.954 0.1000000015
12259  -41.336  -76.987  16.049 0.2000000030
14665  -42.394  -73.972  17.546 0.2000000030
10080  -37.049  -79.617  10.567 0.1000000015
9368  -37.590  -80.435  11.026 0.1000000015
10071  -39.534  -79.474  11.752 0.1000000015
9366  -35.581  -80.595  11.161 0.1000000015
9369  -38.569  -80.171  11.331 0.1000000015
10806  -41.213  -78.433  13.639 0.2000000030
8706  -40.514  -80.774  11.846 0.1000000015
8716  -39.824  -81.647  10.958 0.1000000015
8717  -40.435  -80.943  11.445 0.2000000030
8086  -39.414  -82.212  10.134 0.1000000015
10820  -41.452  -78.566  12.931 0.2000000030
9359  -40.932  -80.471  11.611 0.2000000030
9371  -40.020  -80.942  9.927 0.2000000030
9360  -41.154  -80.062  10.987 0.1000000015
8103  -39.369  -82.151  9.235 0.1000000015
9372  -40.661  -80.409  10.480 0.2000000030
10084  -41.033  -79.611  10.324 0.1000000015
10055  -41.368  -79.476  12.140 0.1000000015
8723  -39.687  -81.568  9.665 0.1000000015
9376  -40.359  -80.484  9.453 0.1000000015
12287  -42.130  -77.089  14.054 0.2000000030
11557  -41.960  -77.705  13.294 0.2000000030
10831  -41.505  -78.674  11.743 0.1000000015
10091  -40.962  -79.257  9.716 0.1000000015
11567  -41.878  -77.760  12.167 0.1000000015
10841  -41.353  -78.711  10.629 0.1000000015
13066  -42.244  -75.972  13.697 0.2000000030
12297  -42.072  -76.979  13.163 0.2000000030
11558  -42.071  -77.201  12.626 0.2000000030
10854  -41.183  -78.857  9.858 0.1000000015
12288  -42.298  -76.464  13.263 0.2000000030
10054  -41.025  -79.463  12.528 0.1000000015
9330  -40.944  -80.048  12.396 0.1000000015
17359  -41.596  -70.209  16.742 0.2000000030
15547  -40.707  -72.833  17.110 0.1000000015
21190  -40.055  -66.348  19.703 0.2000000030
21202  -38.820  -66.597  18.645 0.1000000015
24071  -36.821  -63.846  23.894 0.1000000015
21119  -37.034  -66.374  22.484 0.1000000015
21143  -37.605  -66.597  21.230 0.1000000015
22129  -37.485  -65.396  23.065 0.1000000015
24057  -36.664  -64.026  24.707 0.2000000030
21110  -36.561  -66.374  23.453 0.1000000015
23111  -36.599  -64.638  24.048 0.1000000015
22128  -36.778  -65.746  23.300 0.1000000015
18327  -41.704  -69.755  16.724 0.2000000030
21203  -39.936  -66.533  18.481 0.1000000015
23112  -37.149  -64.470  23.453 0.1000000015
22112  -36.844  -65.162  23.585 0.1000000015
23098  -36.515  -64.966  24.932 0.1000000015
17358  -40.843  -70.373  16.747 0.1000000015
17342  -41.428  -70.992  16.970 0.1000000015
28285  -39.942  -59.233  26.371 0.1000000015
28311  -40.369  -59.926  26.153 0.1000000015
27238  -40.905  -60.604  26.376 0.1000000015
26157  -40.525  -61.376  26.457 0.1000000015
25043  -40.923  -62.699  26.611 0.1000000015
27237  -39.877  -60.640  26.128 0.1000000015
28313  -41.932  -60.260  26.441 0.1000000015
27239  -41.825  -60.657  26.487 0.1000000015
26159  -42.507  -61.452  26.587 0.1000000015
25044  -41.898  -62.628  26.509 0.1000000015
28286  -40.734  -59.378  26.317 0.1000000015
28312  -41.259  -60.028  26.099 0.1000000015
26158  -41.542  -61.321  26.594 0.1000000015
26133  -41.214  -62.019  26.507 0.1000000015
24023  -41.650  -63.373  26.712 0.1000000015
29402  -41.097  -58.733  26.363 0.1000000015
25069  -43.493  -62.019  26.557 0.1000000015
28288  -42.588  -60.104  26.967 0.1000000015
27213  -42.914  -60.799  26.630 0.1000000015
27240  -42.594  -60.829  26.573 0.1000000015
25068  -43.097  -61.781  26.576 0.1000000015
28287  -41.566  -59.588  26.555 0.1000000015
26134  -42.027  -61.967  26.475 0.1000000015
24024  -42.606  -63.316  26.542 0.1000000015
29424  -41.150  -58.041  25.998 0.1000000015
30551  -40.760  -57.310  25.836 0.1000000015
27215  -44.447  -60.783  26.808 0.1000000015
27214  -43.433  -60.920  26.696 0.1000000015
26160  -43.311  -61.382  26.541 0.1000000015
28289  -43.767  -59.939  27.119 0.1000000015
29403  -42.000  -58.931  26.876 0.1000000015
30552  -41.673  -57.452  26.138 0.1000000015
31717  -40.283  -56.739  25.383 0.1000000015
31849  -44.552  -56.422  16.443 0.1000000015
30553  -42.700  -57.226  26.203 0.1000000015
31718  -40.860  -56.738  25.531 0.1000000015
30690  -45.116  -57.223  16.586 0.1000000015
32943  -43.207  -55.700  16.804 0.1000000015
32955  -45.614  -55.772  15.874 0.1000000015
31850  -45.415  -56.476  16.338 0.1000000015
26136  -43.997  -61.481  26.594 0.1000000015
26161  -43.823  -61.882  26.560 0.1000000015
26131  -39.816  -62.128  26.486 0.1000000015
25042  -39.813  -62.614  26.600 0.1000000015
29423  -40.407  -58.171  26.030 0.1000000015
26132  -40.276  -62.084  26.536 0.1000000015
24022  -40.637  -63.409  26.920 0.1000000015
30536  -41.626  -58.238  26.464 0.1000000015
30537  -42.384  -58.131  26.583 0.1000000015
31848  -43.700  -56.388  16.674 0.1000000015
20193  -46.650  -67.134  18.372 0.1000000015
20178  -46.687  -66.715  18.899 0.1000000015
17355  -38.278  -70.739  16.770 0.1000000015
16422  -38.720  -71.149  16.787 0.1000000015
16423  -39.333  -71.511  16.770 0.1000000015
18322  -37.813  -70.138  16.855 0.1000000015
16404  -38.296  -71.663  16.941 0.1000000015
17356  -39.032  -70.637  16.735 0.1000000015
17339  -37.464  -70.847  17.026 0.1000000015
18323  -38.497  -69.964  16.719 0.1000000015
17338  -36.551  -70.794  17.483 0.1000000015
17337  -35.810  -70.654  18.024 0.1000000015
18302  -37.103  -69.836  17.246 0.1000000015
12950  -39.817  -75.757  23.078 0.1000000015
13799  -39.841  -75.030  23.327 0.1000000015
12961  -36.160  -76.112  21.878 0.1000000015
12177  -35.894  -76.459  21.257 0.1000000015
12960  -35.286  -75.422  21.615 0.1000000015
12968  -34.635  -75.531  20.492 0.1000000015
17357  -40.052  -70.743  16.911 0.1000000015
12980  -34.386  -75.824  19.293 0.1000000015
13826  -34.127  -74.496  20.554 0.1000000015
16402  -36.081  -71.658  17.975 0.1000000015
16389  -35.318  -71.202  18.191 0.1000000015
12979  -33.874  -75.402  18.569 0.1000000015
14652  -33.459  -73.565  18.693 0.1000000015
15527  -33.725  -72.473  18.237 0.1000000015
16401  -35.175  -71.749  18.003 0.1000000015
16388  -34.494  -71.567  18.484 0.1000000015
17325  -35.256  -70.412  18.647 0.1000000015
18301  -36.225  -69.837  17.715 0.1000000015
12991  -34.131  -76.031  18.395 0.1000000015
14659  -33.469  -73.600  17.609 0.1000000015
16375  -34.102  -71.273  19.155 0.1000000015
17324  -34.551  -70.788  19.077 0.1000000015
12949  -38.484  -75.541  22.916 0.1000000015
12948  -37.351  -75.421  22.632 0.1000000015
12947  -36.265  -75.334  22.346 0.1000000015
18304  -38.695  -69.288  16.951 0.1000000015
18324  -39.356  -69.748  16.695 0.1000000015
12959  -34.569  -75.021  21.098 0.1000000015
12946  -35.692  -74.901  22.211 0.1000000015
15567  -40.005  -72.209  16.725 0.1000000015
14649  -33.536  -73.443  19.706 0.1000000015
15520  -33.578  -72.575  19.240 0.1000000015
16387  -33.839  -71.867  18.943 0.1000000015
18285  -35.722  -69.632  18.508 0.1000000015
15515  -33.603  -72.515  20.169 0.1000000015
16374  -33.773  -71.658  19.711 0.1000000015
13779  -39.742  -74.295  23.424 0.1000000015
13798  -39.233  -74.448  23.358 0.1000000015
14614  -40.631  -73.631  23.410 0.1000000015
14615  -41.708  -73.746  23.565 0.1000000015
19243  -39.336  -68.641  16.921 0.1000000015
13797  -37.915  -74.432  22.932 0.1000000015
18303  -37.958  -69.419  17.079 0.1000000015
19256  -40.278  -68.958  16.603 0.1000000015
13796  -36.854  -74.462  22.625 0.1000000015
19241  -37.373  -68.715  17.580 0.1000000015
18325  -40.234  -69.751  16.668 0.1000000015
13795  -36.084  -74.512  22.380 0.1000000015
13812  -35.426  -74.226  22.109 0.1000000015
14646  -34.215  -73.767  21.227 0.1000000015
14645  -33.751  -73.399  20.641 0.1000000015
13825  -33.686  -74.001  20.086 0.1000000015
14635  -34.078  -73.070  21.388 0.1000000015
17311  -34.221  -70.772  19.758 0.1000000015
17312  -34.992  -70.201  19.504 0.1000000015
15505  -33.789  -72.356  21.040 0.1000000015
17297  -33.999  -71.219  20.513 0.1000000015
15478  -40.787  -72.647  23.285 0.1000000015
19242  -38.344  -68.738  17.215 0.1000000015
14613  -39.850  -73.858  23.422 0.1000000015
15477  -40.393  -72.903  23.242 0.1000000015
16333  -41.255  -72.259  23.929 0.1000000015
15464  -41.750  -72.573  24.392 0.1000000015
14626  -38.451  -73.316  22.876 0.1000000015
14627  -39.408  -73.201  23.148 0.1000000015
19240  -36.763  -69.350  17.661 0.1000000015
17341  -40.653  -71.011  16.993 0.1000000015
14625  -37.380  -73.440  22.662 0.1000000015
19231  -36.046  -69.384  18.400 0.1000000015
17282  -34.565  -70.885  21.045 0.1000000015
14636  -34.764  -73.362  21.858 0.1000000015
15506  -34.480  -72.360  21.628 0.1000000015
15494  -40.056  -72.431  22.992 0.1000000015
19232  -36.443  -69.122  18.205 0.1000000015
18326  -41.184  -69.403  16.658 0.1000000015
17299  -34.833  -70.219  20.429 0.1000000015
18275  -35.902  -68.997  19.616 0.1000000015
15507  -35.494  -72.327  22.097 0.1000000015
14624  -36.330  -73.616  22.442 0.1000000015
14637  -35.602  -73.265  22.236 0.1000000015
19221  -36.172  -68.692  18.942 0.1000000015
20200  -37.505  -67.780  17.949 0.1000000015
15493  -39.017  -72.327  22.646 0.1000000015
18241  -35.598  -69.739  20.674 0.1000000015
18259  -35.464  -69.549  19.969 0.1000000015
16357  -34.998  -71.420  21.655 0.1000000015
17283  -35.499  -70.388  21.303 0.1000000015
15508  -36.560  -72.003  22.330 0.1000000015
16358  -36.076  -71.145  22.082 0.1000000015
15490  -36.184  -72.778  22.318 0.1000000015
19222  -36.914  -68.133  19.226 0.1000000015
20186  -37.519  -67.608  18.742 0.1000000015
18260  -36.346  -69.194  20.416 0.1000000015
19208  -36.474  -68.656  19.637 0.1000000015
16346  -40.387  -72.066  22.961 0.1000000015
17284  -36.693  -70.299  21.347 0.1000000015
17300  -36.579  -69.684  20.932 0.1000000015
18242  -36.113  -69.750  21.033 0.1000000015
15491  -36.932  -72.673  22.455 0.1000000015
20174  -37.450  -67.468  19.574 0.1000000015
19209  -37.062  -68.317  20.114 0.1000000015
17301  -37.084  -69.626  20.931 0.1000000015
18261  -37.160  -68.968  20.671 0.1000000015
16332  -40.635  -71.945  23.454 0.1000000015
16359  -37.462  -71.305  21.985 0.1000000015
15492  -37.890  -72.265  22.373 0.1000000015
20163  -37.377  -67.417  20.521 0.1000000015
15479  -41.935  -72.857  23.540 0.1000000015
15425  -43.136  -72.470  25.985 0.1000000015
15446  -41.496  -72.447  25.392 0.1000000015
15447  -42.642  -72.883  25.125 0.1000000015
12167  -36.919  -76.192  22.200 0.1000000015
13811  -34.671  -74.405  21.461 0.1000000015
13837  -34.206  -75.106  19.916 0.1000000015
13836  -33.714  -74.597  19.367 0.1000000015
15528  -34.208  -72.094  18.161 0.1000000015
18274  -35.564  -69.451  19.109 0.1000000015
19233  -36.906  -68.248  18.394 0.1000000015
15448  -43.889  -72.880  25.159 0.1000000015
4861  -30.871  -87.414  7.682 0.1000000015
3851  -31.992  -88.998  2.677 0.1000000015
4359  -32.249  -88.795  2.946 0.1000000015
4916  -32.236  -87.994  3.216 0.1000000015
4900  -31.469  -87.972  4.404 0.1000000015
4316  -32.030  -88.496  6.248 0.1000000015
4373  -31.834  -88.742  2.015 0.1000000015
4391  -31.740  -88.337  1.191 0.1000000015
4409  -31.147  -88.103  0.205 0.1000000015
5427  -30.272  -86.463  7.127 0.1000000015
5418  -30.530  -86.330  8.430 0.1000000015
5407  -31.095  -86.288  9.323 0.1000000015
5434  -30.339  -86.480  5.992 0.1000000015
4886  -30.773  -87.261  5.355 0.1000000015
4872  -30.665  -87.370  6.428 0.1000000015
4834  -31.491  -87.029  9.255 0.1000000015
4917  -32.415  -88.147  2.574 0.1000000015
4331  -32.138  -88.775  5.418 0.1000000015
4344  -32.128  -89.221  4.716 0.1000000015
4935  -32.694  -87.644  2.026 0.1000000015
4960  -32.455  -87.377  0.652 0.1000000015
4971  -32.194  -87.291  0.071 0.1000000015
5524  -32.028  -86.947  -0.300 0.1000000015
8044  -30.764  -82.863  12.785 0.1000000015
6645  -30.930  -84.413  12.553 0.1000000015
8045  -31.691  -82.721  12.821 0.1000000015
6021  -30.430  -85.366  8.629 0.1000000015
6010  -30.694  -85.693  9.136 0.1000000015
6011  -31.260  -85.465  9.835 0.1000000015
6676  -31.366  -84.934  10.793 0.1000000015
5980  -31.511  -85.041  12.125 0.1000000015
6646  -31.380  -84.487  12.296 0.1000000015
6036  -30.262  -85.296  7.679 0.1000000015
6000  -31.599  -85.738  10.645 0.1000000015
6050  -30.236  -85.620  6.543 0.1000000015
5408  -31.921  -86.402  10.016 0.1000000015
5457  -30.950  -86.591  4.620 0.1000000015
5445  -30.743  -86.373  5.096 0.1000000015
4950  -32.422  -87.869  1.385 0.1000000015
8676  -32.092  -81.865  12.501 0.1000000015
7362  -31.398  -83.574  12.677 0.1000000015
6696  -31.078  -84.389  9.734 0.1000000015
7400  -31.545  -83.841  10.995 0.1000000015
6716  -30.620  -84.657  8.619 0.1000000015
5458  -31.138  -86.785  4.156 0.1000000015
5469  -31.659  -86.940  3.327 0.1000000015
5480  -32.390  -87.196  2.865 0.1000000015
5481  -33.054  -86.869  2.382 0.1000000015
5494  -32.976  -86.630  1.238 0.1000000015
6066  -30.518  -85.630  5.684 0.1000000015
7361  -30.639  -83.637  12.605 0.1000000015
7380  -31.682  -83.896  12.051 0.1000000015
6067  -31.438  -85.569  5.030 0.1000000015
6644  -30.280  -84.198  12.261 0.1000000015
6734  -30.938  -84.375  7.663 0.1000000015
6750  -31.460  -84.430  6.696 0.1000000015
7360  -30.166  -83.512  12.254 0.1000000015
6051  -33.076  -85.161  5.990 0.1000000015
6752  -33.617  -84.937  6.810 0.1000000015
6053  -35.239  -85.414  6.367 0.1000000015
7401  -31.965  -83.387  11.714 0.1000000015
7420  -31.688  -83.387  9.760 0.1000000015
6717  -31.373  -83.959  8.690 0.1000000015
6735  -32.063  -83.765  7.690 0.1000000015
7453  -32.435  -83.445  8.348 0.1000000015
6751  -32.567  -84.540  6.720 0.1000000015
6736  -33.249  -84.245  7.447 0.1000000015
7439  -31.993  -83.268  8.713 0.1000000015
8098  -31.924  -83.207  10.691 0.1000000015
7441  -33.785  -83.427  8.935 0.1000000015
6052  -34.178  -85.264  6.067 0.1000000015
3863  -31.941  -88.876  2.390 0.1000000015
4374  -32.268  -88.498  2.213 0.1000000015
4833  -30.961  -86.720  8.948 0.1000000015
4847  -31.022  -87.102  8.613 0.1000000015
4887  -31.375  -88.040  5.744 0.1000000015
4899  -30.830  -87.040  4.664 0.1000000015
4934  -32.514  -87.569  2.543 0.1000000015
4949  -32.171  -87.856  0.902 0.1000000015
4959  -31.909  -87.743  0.451 0.1000000015
4970  -31.570  -87.489  -0.270 0.1000000015
5446  -31.140  -86.226  4.550 0.1000000015
5470  -32.492  -86.615  3.084 0.1000000015
5508  -32.025  -86.380  -0.381 0.1000000015
5509  -32.500  -86.771  0.162 0.1000000015
6658  -31.570  -84.669  11.743 0.1000000015
6695  -30.590  -85.042  9.259 0.1000000015
6749  -30.513  -84.799  6.734 0.1000000015
6767  -30.432  -85.180  6.165 0.1000000015
7363  -31.948  -83.104  12.790 0.1000000015
7379  -29.751  -83.772  11.826 0.1000000015
7421  -32.318  -83.025  9.365 0.1000000015
7440  -32.799  -83.125  8.815 0.1000000015
7454  -33.040  -83.674  8.199 0.1000000015
8043  -30.346  -83.189  12.471 0.1000000015
8080  -31.909  -83.321  11.198 0.1000000015
8675  -31.313  -82.143  12.547 0.1000000015
8697  -31.591  -81.646  12.376 0.1000000015
9326  -32.114  -81.494  12.256 0.1000000015
9331  -41.155  -80.096  12.215 0.2000000030
9332  -41.343  -80.019  11.699 0.2000000030
9370  -39.115  -79.910  11.581 0.1000000015
9373  -40.990  -80.038  10.579 0.1000000015
9375  -40.136  -81.074  9.140 0.1000000015
9485  -34.920  -80.307  1.553 0.1000000015
9505  -36.178  -81.025  1.144 0.1000000015
9534  -37.406  -80.623  0.679 0.1000000015
9565  -37.128  -80.055  -1.231 0.1000000015
10074  -41.305  -79.461  11.273 0.1000000015
10083  -40.785  -79.905  10.106 0.1000000015
10090  -40.701  -79.766  9.593 0.1000000015
10114  -32.919  -79.787  7.154 0.1000000015
10115  -33.652  -79.565  7.402 0.1000000015
10148  -31.421  -79.828  5.311 0.1000000015
10169  -39.420  -79.394  3.148 0.1000000015
10194  -39.272  -79.373  2.759 0.1000000015
10209  -33.157  -79.774  2.972 0.1000000015
10232  -38.000  -80.285  1.400 0.1000000015
10233  -38.323  -79.874  1.517 0.1000000015
10805  -40.994  -78.422  13.661 0.2000000030
10828  -39.309  -78.600  11.473 0.1000000015
10895  -32.591  -79.040  5.920 0.1000000015
10897  -34.263  -78.322  6.577 0.1000000015
10909  -32.469  -79.049  5.381 0.1000000015
10913  -35.607  -78.121  4.920 0.1000000015
10929  -32.695  -78.867  5.002 0.1000000015
10937  -40.151  -78.320  3.269 0.1000000015
10952  -32.766  -78.914  4.459 0.1000000015
10957  -37.151  -79.413  3.615 0.1000000015
10971  -39.836  -78.010  2.672 0.1000000015
10983  -37.933  -78.831  0.824 0.1000000015
10984  -38.311  -79.345  1.406 0.1000000015
11003  -37.363  -79.006  -1.048 0.1000000015
11007  -37.417  -78.259  -1.919 0.1000000015
11008  -37.354  -78.726  -1.833 0.1000000015
11566  -40.208  -78.314  12.334 0.1000000015
11596  -39.877  -77.391  8.913 0.1000000015
11657  -34.594  -77.979  5.546 0.1000000015
11658  -35.151  -77.914  5.579 0.1000000015
11712  -36.982  -77.469  1.620 0.1000000015
12207  -34.087  -76.479  17.885 0.1000000015
12239  -39.201  -76.095  15.744 0.1000000015
12240  -39.439  -76.134  15.812 0.1000000015
12273  -40.417  -76.622  14.932 0.2000000030
12306  -37.769  -76.553  11.681 0.1000000015
12308  -39.373  -77.148  12.392 0.1000000015
12309  -42.158  -77.113  11.261 0.3000000119
12346  -40.921  -76.868  9.204 0.1000000015
12362  -39.690  -77.052  8.734 0.1000000015
12393  -38.146  -77.134  6.646 0.1000000015
12428  -38.302  -76.489  3.592 0.1000000015
12432  -42.460  -75.672  3.764 0.1000000015
12448  -36.421  -76.292  2.437 0.1000000015
12454  -41.623  -76.407  3.053 0.1000000015
12472  -39.746  -77.044  2.697 0.1000000015
12473  -40.341  -76.882  2.847 0.1000000015
12481  -36.423  -76.978  1.416 0.1000000015
12495  -36.126  -76.315  0.013 0.1000000015
13001  -41.165  -75.667  17.185 0.2000000030
13016  -39.120  -75.874  15.779 0.1000000015
13053  -40.692  -76.227  14.721 0.3000000119
13063  -39.791  -75.963  14.062 0.3000000119
13194  -37.196  -75.312  4.716 0.1000000015
13198  -42.564  -75.272  4.852 0.1000000015
13246  -40.433  -75.875  3.148 0.1000000015
13248  -41.671  -76.120  2.894 0.1000000015
13265  -36.160  -75.891  2.042 0.1000000015
13275  -36.178  -75.827  0.945 0.1000000015
13285  -36.196  -75.921  0.147 0.1000000015
13299  -36.686  -75.927  -0.427 0.1000000015
13780  -40.212  -74.603  23.397 0.1000000015
13857  -42.020  -74.812  17.655 0.2000000030
13867  -39.825  -75.160  16.547 0.1000000015
13885  -39.644  -75.462  14.164 0.3000000119
13886  -40.056  -75.601  14.500 0.3000000119
13895  -39.904  -75.311  14.287 0.3000000119
13982  -40.430  -73.748  7.217 0.1000000015
14015  -37.219  -74.954  5.292 0.1000000015
14038  -43.354  -74.261  3.785 0.1000000015
14039  -43.672  -74.147  3.964 0.1000000015
14079  -36.783  -74.554  1.723 0.1000000015
14628  -40.053  -73.144  23.306 0.1000000015
14653  -44.760  -73.378  18.082 0.2000000030
14668  -45.170  -73.442  17.862 0.5000000000
14681  -45.262  -73.325  17.387 0.5000000000
14704  -41.775  -73.772  14.275 0.4000000060
14718  -41.799  -73.690  14.045 0.4000000060
14719  -42.078  -73.999  13.375 0.4000000060
14732  -42.347  -73.429  12.776 0.3000000119
14766  -40.545  -72.821  10.145 0.1000000015
14782  -38.605  -73.220  9.542 0.1000000015
14786  -44.467  -72.741  9.088 0.1000000015
14804  -37.418  -73.045  8.566 0.1000000015
14865  -42.843  -73.569  4.006 0.1000000015
15495  -40.437  -72.297  23.045 0.1000000015
15551  -44.585  -73.167  17.946 0.2000000030
15566  -39.366  -72.249  16.753 0.1000000015
15568  -40.528  -72.051  16.809 0.1000000015
15604  -41.737  -73.695  14.508 0.4000000060
15637  -42.783  -72.795  12.449 0.4000000060
15657  -39.770  -72.350  11.027 0.1000000015
15658  -40.576  -72.240  10.801 0.1000000015
15676  -38.461  -72.598  10.297 0.1000000015
15678  -41.210  -72.339  10.210 0.1000000015
15690  -37.572  -72.532  9.349 0.1000000015
15717  -45.029  -71.831  7.948 0.2000000030
15749  -42.975  -72.551  6.284 0.1000000015
15752  -44.901  -71.683  6.299 0.1000000015
16355  -33.806  -71.867  21.001 0.1000000015
16356  -34.147  -71.651  21.182 0.1000000015
16367  -33.805  -71.681  20.595 0.1000000015
16368  -34.117  -71.232  20.779 0.1000000015
16376  -46.664  -71.674  19.488 0.5000000000
16390  -44.770  -72.632  18.369 0.2000000030
16413  -47.201  -71.186  17.373 0.5000000000
16424  -40.277  -71.587  16.829 0.1000000015
16447  -46.613  -71.196  16.485 0.3000000119
16461  -43.392  -71.160  14.598 0.4000000060
16503  -44.025  -72.094  11.659 0.2000000030
16523  -36.708  -71.011  10.439 0.1000000015
16526  -41.069  -71.864  10.867 0.1000000015
16547  -43.050  -71.423  9.225 0.1000000015
16569  -45.709  -70.542  7.424 0.1000000015
16586  -45.577  -70.491  7.135 0.1000000015
16602  -44.914  -71.388  6.486 0.1000000015
16639  -37.814  -71.983  3.929 0.1000000015
17287  -47.808  -70.182  21.057 0.5000000000
17298  -34.225  -70.860  20.464 0.1000000015
17310  -33.921  -71.181  20.204 0.1000000015
17314  -46.836  -71.015  19.888 0.5000000000
17340  -40.369  -70.946  16.985 0.1000000015
17360  -41.977  -70.005  16.757 0.2000000030
17373  -46.269  -70.700  15.470 0.3000000119
17407  -44.173  -70.986  12.301 0.4000000060
17419  -36.911  -70.230  11.254 0.1000000015
17420  -37.440  -70.598  11.619 0.1000000015
17427  -46.045  -70.268  10.723 0.1000000015
17428  -46.273  -69.913  10.859 0.1000000015
17446  -45.983  -70.475  10.004 0.1000000015
17472  -37.117  -70.044  8.541 0.1000000015
17488  -44.776  -70.315  7.324 0.1000000015
17543  -40.773  -69.805  4.182 0.1000000015
18230  -48.860  -69.231  22.347 0.5000000000
18231  -49.429  -68.958  22.415 0.5000000000
18263  -47.527  -70.125  20.952 0.6000000238
18276  -46.182  -70.042  19.453 0.5000000000
18286  -36.027  -69.578  18.195 0.1000000015
18290  -47.991  -70.054  18.566 0.4000000060
18300  -35.702  -69.964  18.139 0.1000000015
18385  -45.664  -70.334  11.376 0.1000000015
18401  -45.828  -70.370  11.030 0.1000000015
18444  -46.105  -69.892  7.342 0.1000000015
18490  -40.084  -69.630  4.991 0.1000000015
18492  -41.562  -69.183  4.300 0.1000000015
18509  -41.795  -69.687  3.722 0.1000000015
19220  -35.962  -69.220  18.640 0.1000000015
19250  -48.108  -68.284  16.546 0.1000000015
19255  -39.778  -69.263  16.645 0.1000000015
19360  -36.873  -68.318  9.513 0.1000000015
19398  -39.199  -68.848  6.683 0.1000000015
19414  -41.593  -68.194  5.035 0.1000000015
19432  -40.884  -68.898  4.927 0.1000000015
20150  -50.448  -66.720  22.229 0.5000000000
20371  -41.643  -66.987  5.566 0.1000000015
20386  -42.680  -67.227  5.119 0.1000000015
21111  -50.577  -65.791  22.971 0.4000000060
21112  -50.846  -65.731  22.813 0.4000000060
21134  -51.396  -65.822  22.280 0.3000000119
21153  -51.336  -66.020  22.157 0.4000000060
21365  -42.603  -66.761  5.377 0.1000000015
22113  -50.544  -65.484  23.138 0.4000000060
22115  -51.240  -65.368  22.899 0.3000000119
22142  -51.065  -65.629  22.748 0.4000000060
22143  -51.398  -65.540  22.536 0.3000000119
22164  -51.030  -65.840  21.795 0.3000000119
22165  -51.647  -65.657  22.090 0.3000000119
22188  -38.906  -66.055  19.857 0.2000000030
22295  -35.561  -65.095  10.421 0.1000000015
22332  -39.799  -65.434  6.825 0.1000000015
22335  -42.118  -65.713  5.819 0.1000000015
23113  -50.709  -65.162  23.185 0.4000000060
23114  -51.263  -65.140  23.023 0.3000000119
23175  -40.359  -64.272  20.966 0.3000000119
23344  -41.659  -65.003  5.944 0.1000000015
24092  -51.716  -64.468  22.167 0.2000000030
24309  -39.278  -64.324  7.087 0.1000000015
25070  -43.891  -62.205  26.571 0.1000000015
25160  -40.596  -62.639  20.730 0.3000000119
25240  -52.161  -61.946  16.835 0.1000000015
25319  -34.921  -61.980  11.208 0.1000000015
25386  -36.404  -62.445  7.535 0.1000000015
26135  -43.583  -61.300  26.538 0.1000000015
26182  -37.934  -61.980  24.537 0.3000000119
26282  -49.281  -62.030  18.054 0.1000000015
26294  -50.445  -62.255  17.621 0.1000000015
26295  -52.502  -61.287  17.543 0.1000000015
27241  -43.043  -61.008  26.525 0.1000000015
27420  -48.140  -61.179  13.961 0.1000000015
27439  -47.982  -61.081  13.742 0.1000000015
27440  -48.178  -61.200  13.715 0.1000000015
28383  -39.615  -59.104  21.913 0.3000000119
28465  -48.173  -58.877  16.921 0.1000000015
29400  -39.810  -58.863  26.345 0.1000000015
29401  -40.200  -58.804  26.376 0.1000000015
29421  -38.847  -58.818  25.624 0.2000000030
30565  -39.413  -56.941  25.036 0.2000000030
30566  -41.286  -56.831  25.694 0.1000000015
30671  -41.097  -57.463  18.799 0.2000000030
31819  -39.606  -56.744  20.229 0.1000000015
32872  -39.367  -55.687  22.677 0.1000000015
32873  -39.995  -55.108  22.426 0.1000000015
32893  -38.818  -56.255  22.127 0.2000000030
32968  -45.985  -55.543  15.668 0.1000000015
33851  -40.501  -54.940  22.761 0.1000000015
141788  -48.096  -69.065  11.836 0.1000000015
