#!ascii label  , from subject 3817 vox2ras=TkReg
1207
66530  18.090  -29.934  87.421 0.0000000000
60030  5.241  -34.389  74.874 0.0000000000
63481  8.269  -31.840  88.520 0.0000000000
67777  7.691  -27.608  81.197 0.0000000000
68987  11.059  -26.689  73.126 0.0000000000
65478  12.893  -30.291  88.808 0.0000000000
66616  12.338  -29.202  84.436 0.0000000000
61104  19.779  -32.001  88.110 0.0000000000
62401  14.646  -32.746  87.902 0.0000000000
58609  9.951  -34.310  88.818 0.0000000000
71051  12.508  -24.605  77.683 0.0000000000
68929  9.635  -26.394  78.066 0.0000000000
73387  11.652  -22.687  74.435 0.0000000000
61183  4.950  -34.263  85.910 0.0000000000
63522  7.538  -31.978  82.910 0.0000000000
66601  7.959  -28.826  85.376 0.0000000000
68861  11.683  -27.310  81.180 0.0000000000
65587  3.769  -29.902  79.053 0.0000000000
66786  6.257  -29.979  74.730 0.0000000000
66887  7.746  -28.799  68.583 0.0000000000
71161  6.711  -23.724  69.584 0.0000000000
65496  15.599  -30.489  87.661 0.0000000000
66571  14.718  -29.982  85.709 0.0000000000
64500  19.402  -30.507  88.268 0.0000000000
61107  17.364  -32.402  88.436 0.0000000000
64487  16.515  -30.833  88.419 0.0000000000
63453  13.315  -31.370  89.047 0.0000000000
73359  12.438  -22.825  76.482 0.0000000000
62416  7.015  -32.958  87.435 0.0000000000
63502  7.391  -32.344  86.340 0.0000000000
65522  7.925  -30.149  87.202 0.0000000000
66657  13.941  -29.490  82.266 0.0000000000
67746  11.979  -28.501  82.674 0.0000000000
62380  8.792  -32.505  89.232 0.0000000000
57442  7.422  -35.518  88.147 0.0000000000
59791  6.862  -34.430  88.227 0.0000000000
58633  5.460  -35.397  86.895 0.0000000000
65559  6.630  -29.753  82.410 0.0000000000
64568  6.140  -30.785  80.593 0.0000000000
67781  5.168  -28.626  80.791 0.0000000000
67862  10.798  -27.337  75.501 0.0000000000
66757  7.689  -29.084  76.961 0.0000000000
65633  10.156  -29.372  73.796 0.0000000000
65684  7.841  -29.405  71.450 0.0000000000
66855  10.490  -27.975  70.140 0.0000000000
64494  10.324  -31.233  88.453 0.0000000000
65519  10.487  -29.820  87.198 0.0000000000
66551  12.645  -29.735  86.832 0.0000000000
66614  14.421  -29.600  84.306 0.0000000000
61174  19.772  -32.330  85.433 0.0000000000
61213  17.261  -32.484  83.799 0.0000000000
59842  17.499  -33.168  86.145 0.0000000000
59833  15.074  -33.230  86.315 0.0000000000
59793  12.190  -33.314  88.849 0.0000000000
62377  11.803  -32.238  89.528 0.0000000000
72114  10.079  -24.547  80.360 0.0000000000
69979  8.066  -26.856  79.943 0.0000000000
72147  10.056  -24.510  78.437 0.0000000000
71063  10.386  -24.646  76.432 0.0000000000
71096  9.996  -24.352  73.666 0.0000000000
66527  20.451  -29.885  87.087 0.0000000000
59884  22.855  -32.474  82.908 0.0000000000
62443  24.923  -32.351  84.349 0.0000000000
61120  21.879  -31.690  86.928 0.0000000000
65469  21.152  -30.252  87.440 0.0000000000
57475  4.832  -36.268  84.604 0.0000000000
59912  5.914  -35.010  82.927 0.0000000000
61206  6.923  -33.687  84.754 0.0000000000
64550  7.052  -30.427  84.106 0.0000000000
67740  7.475  -28.645  83.501 0.0000000000
66599  9.624  -28.761  85.278 0.0000000000
67749  9.725  -28.121  82.998 0.0000000000
69929  10.081  -26.418  81.854 0.0000000000
69975  12.175  -25.828  79.344 0.0000000000
61249  8.210  -33.791  80.846 0.0000000000
62489  6.512  -32.090  78.302 0.0000000000
63560  4.514  -31.451  77.050 0.0000000000
67824  5.960  -27.933  78.815 0.0000000000
65602  5.070  -29.399  77.165 0.0000000000
65625  4.657  -30.689  75.067 0.0000000000
66825  5.566  -30.956  72.711 0.0000000000
65716  6.540  -30.200  69.432 0.0000000000
74519  10.725  -21.595  72.064 0.0000000000
71112  8.566  -24.392  72.339 0.0000000000
72243  6.533  -23.476  71.667 0.0000000000
70096  9.290  -25.061  70.386 0.0000000000
69058  9.147  -26.298  67.641 0.0000000000
65512  17.082  -29.842  87.104 0.0000000000
66548  16.736  -30.038  86.645 0.0000000000
66568  18.165  -30.016  85.990 0.0000000000
65492  19.269  -30.215  87.700 0.0000000000
64486  17.450  -30.896  88.167 0.0000000000
65474  16.854  -30.588  87.818 0.0000000000
65475  16.014  -30.436  88.136 0.0000000000
58773  4.518  -35.376  74.194 0.0000000000
61334  5.124  -33.901  73.935 0.0000000000
63483  7.685  -32.735  87.719 0.0000000000
63495  7.606  -31.997  87.235 0.0000000000
64521  8.154  -31.116  87.437 0.0000000000
61234  18.824  -32.128  81.741 0.0000000000
62381  8.016  -32.471  89.246 0.0000000000
59789  7.917  -33.872  88.921 0.0000000000
62392  7.888  -32.782  88.545 0.0000000000
61115  6.927  -33.594  87.845 0.0000000000
67754  6.164  -28.589  82.295 0.0000000000
66661  5.327  -29.023  82.011 0.0000000000
67779  6.077  -28.320  81.461 0.0000000000
68962  11.100  -26.821  74.315 0.0000000000
66782  10.709  -28.275  74.709 0.0000000000
66820  11.076  -27.936  73.009 0.0000000000
65668  10.371  -28.966  71.629 0.0000000000
67903  11.278  -27.267  71.818 0.0000000000
65465  11.576  -30.645  88.839 0.0000000000
65500  11.657  -30.105  87.860 0.0000000000
65499  12.423  -30.235  88.054 0.0000000000
66593  15.190  -29.493  85.255 0.0000000000
66656  15.083  -29.371  82.341 0.0000000000
61138  19.569  -32.510  86.896 0.0000000000
61175  18.463  -32.859  85.723 0.0000000000
61139  18.665  -32.906  87.110 0.0000000000
61108  16.120  -32.289  88.468 0.0000000000
59821  15.936  -32.923  87.005 0.0000000000
59811  15.134  -32.856  87.250 0.0000000000
59801  12.662  -33.102  88.561 0.0000000000
64490  12.990  -30.884  89.720 0.0000000000
63455  12.880  -31.656  89.894 0.0000000000
64491  12.690  -30.875  89.497 0.0000000000
64480  10.732  -31.283  89.161 0.0000000000
72133  10.923  -24.524  79.127 0.0000000000
72135  9.700  -24.663  79.274 0.0000000000
72146  11.011  -24.241  78.192 0.0000000000
73371  12.534  -22.465  75.232 0.0000000000
73361  11.047  -23.588  76.448 0.0000000000
73388  10.751  -22.858  75.184 0.0000000000
71088  10.209  -24.077  75.013 0.0000000000
72218  11.266  -23.202  73.981 0.0000000000
61152  22.509  -32.341  85.700 0.0000000000
58651  5.261  -35.863  85.088 0.0000000000
58656  5.661  -35.550  84.570 0.0000000000
61181  6.384  -33.959  85.404 0.0000000000
64538  7.244  -30.730  85.925 0.0000000000
64544  7.403  -30.996  85.194 0.0000000000
64549  7.346  -29.894  84.605 0.0000000000
65554  6.884  -29.552  83.861 0.0000000000
66620  7.498  -28.865  84.400 0.0000000000
66575  11.355  -29.423  86.233 0.0000000000
65535  9.600  -29.435  86.597 0.0000000000
66598  10.497  -29.125  85.404 0.0000000000
68847  11.513  -27.960  81.428 0.0000000000
67748  10.537  -28.520  83.322 0.0000000000
68848  10.968  -27.592  81.562 0.0000000000
68850  9.673  -27.726  81.959 0.0000000000
69935  10.874  -26.951  81.523 0.0000000000
69945  10.787  -25.963  80.819 0.0000000000
69958  12.262  -26.363  79.932 0.0000000000
61214  15.884  -32.782  83.963 0.0000000000
61237  16.013  -32.366  82.053 0.0000000000
57447  9.667  -34.759  87.903 0.0000000000
56324  9.463  -35.676  87.267 0.0000000000
57457  8.977  -35.549  87.652 0.0000000000
56322  6.187  -36.779  88.130 0.0000000000
56321  6.842  -36.400  87.488 0.0000000000
59827  5.384  -34.760  86.606 0.0000000000
59838  4.457  -35.198  85.950 0.0000000000
61229  7.628  -33.385  82.855 0.0000000000
59929  7.696  -34.602  81.652 0.0000000000
62454  7.558  -32.305  82.150 0.0000000000
65585  4.694  -30.596  79.953 0.0000000000
62466  5.949  -30.995  79.267 0.0000000000
63542  5.096  -30.763  78.538 0.0000000000
62490  5.409  -31.452  77.616 0.0000000000
64586  4.123  -30.253  78.210 0.0000000000
68912  9.144  -26.374  78.925 0.0000000000
69997  7.111  -28.015  79.570 0.0000000000
68931  7.983  -27.670  78.556 0.0000000000
65620  6.935  -29.579  75.232 0.0000000000
66758  6.656  -29.241  76.739 0.0000000000
66760  5.409  -29.541  75.747 0.0000000000
65612  4.587  -29.942  76.240 0.0000000000
66772  5.075  -29.857  74.800 0.0000000000
66789  4.946  -30.693  74.010 0.0000000000
66806  5.849  -30.585  73.659 0.0000000000
66875  7.616  -28.939  69.672 0.0000000000
66877  6.853  -29.664  70.169 0.0000000000
66889  6.849  -29.404  69.278 0.0000000000
74520  9.766  -21.753  71.790 0.0000000000
72229  9.560  -23.429  72.636 0.0000000000
73415  8.107  -22.421  71.894 0.0000000000
71148  5.353  -23.488  69.986 0.0000000000
71131  6.187  -23.758  70.829 0.0000000000
71129  7.962  -24.654  71.528 0.0000000000
71159  8.179  -24.617  70.126 0.0000000000
70108  9.425  -25.402  69.327 0.0000000000
71195  8.073  -24.595  68.476 0.0000000000
64518  13.759  -30.666  88.104 0.0000000000
65515  14.199  -30.135  86.922 0.0000000000
65529  15.706  -30.095  86.583 0.0000000000
63462  19.298  -31.072  88.514 0.0000000000
61106  18.336  -32.373  88.363 0.0000000000
62386  17.820  -31.602  88.872 0.0000000000
63477  17.017  -31.864  89.214 0.0000000000
61093  14.984  -32.107  88.476 0.0000000000
62389  14.057  -31.809  88.596 0.0000000000
63478  14.790  -31.018  88.366 0.0000000000
63479  14.021  -30.956  88.384 0.0000000000
72174  13.400  -23.970  76.597 0.0000000000
73348  12.814  -23.088  77.203 0.0000000000
72190  13.142  -23.142  75.793 0.0000000000
74477  13.383  -22.236  74.898 0.0000000000
74490  12.906  -21.987  74.458 0.0000000000
61146  6.169  -33.996  86.809 0.0000000000
61145  6.508  -33.488  86.448 0.0000000000
62422  6.838  -33.073  86.819 0.0000000000
64532  7.593  -31.223  86.789 0.0000000000
65536  7.503  -29.793  86.686 0.0000000000
66636  13.593  -29.328  83.273 0.0000000000
66638  11.523  -28.937  83.686 0.0000000000
66658  12.887  -28.909  82.192 0.0000000000
67775  12.328  -28.438  80.996 0.0000000000
68873  12.717  -27.384  79.976 0.0000000000
68892  12.826  -27.244  79.489 0.0000000000
59787  9.702  -33.631  89.295 0.0000000000
58620  8.332  -34.958  88.304 0.0000000000
58605  8.188  -34.541  88.657 0.0000000000
58613  7.093  -35.028  88.315 0.0000000000
57445  6.274  -35.449  87.967 0.0000000000
57454  5.677  -35.705  87.289 0.0000000000
59800  6.013  -35.043  87.835 0.0000000000
59816  6.262  -34.078  87.260 0.0000000000
64553  6.818  -30.344  82.159 0.0000000000
63527  6.912  -31.217  81.345 0.0000000000
64558  5.948  -29.860  81.605 0.0000000000
65571  5.035  -29.914  81.157 0.0000000000
65577  4.452  -29.504  79.920 0.0000000000
67838  10.112  -27.044  77.503 0.0000000000
67855  9.017  -27.831  77.432 0.0000000000
66755  9.839  -28.065  76.493 0.0000000000
65618  8.775  -29.486  75.020 0.0000000000
65635  8.123  -29.746  74.248 0.0000000000
65655  7.145  -30.132  73.331 0.0000000000
65670  8.587  -29.517  72.197 0.0000000000
65682  9.594  -29.107  70.917 0.0000000000
65708  9.288  -28.960  69.687 0.0000000000
71179  5.623  -23.111  68.665 0.0000000000
71197  6.725  -23.805  67.464 0.0000000000
72306  5.579  -23.170  67.181 0.0000000000
63480  8.783  -31.702  88.527 0.0000000000
65503  9.115  -30.527  87.349 0.0000000000
65501  10.902  -30.336  87.630 0.0000000000
66553  11.119  -29.590  87.109 0.0000000000
66574  12.218  -29.451  86.424 0.0000000000
66550  13.494  -29.742  86.629 0.0000000000
66594  14.117  -29.728  85.166 0.0000000000
66615  13.330  -29.431  84.291 0.0000000000
61197  20.536  -32.167  84.408 0.0000000000
61212  18.592  -32.456  83.643 0.0000000000
61198  19.202  -32.385  84.616 0.0000000000
59819  17.188  -32.583  86.930 0.0000000000
59832  15.917  -33.234  86.460 0.0000000000
59867  14.968  -32.958  85.053 0.0000000000
58617  10.443  -34.068  88.044 0.0000000000
61114  10.880  -34.293  88.913 0.0000000000
61082  12.889  -32.419  89.602 0.0000000000
61083  12.354  -32.623  89.462 0.0000000000
59785  10.795  -33.506  89.320 0.0000000000
62379  9.775  -32.448  89.134 0.0000000000
63459  9.325  -32.099  88.907 0.0000000000
69946  8.700  -25.897  81.415 0.0000000000
68876  7.607  -27.153  80.846 0.0000000000
71012  8.601  -25.256  80.012 0.0000000000
71022  8.944  -25.082  79.126 0.0000000000
70013  9.128  -25.238  78.124 0.0000000000
72177  11.281  -23.731  77.224 0.0000000000
72179  10.556  -24.287  76.759 0.0000000000
70027  10.268  -25.208  76.973 0.0000000000
70026  10.486  -25.672  76.501 0.0000000000
70038  10.571  -25.342  75.442 0.0000000000
68974  10.510  -26.085  73.587 0.0000000000
66528  19.578  -29.962  87.234 0.0000000000
61209  21.959  -32.286  83.595 0.0000000000
59881  25.811  -33.003  82.654 0.0000000000
61192  25.670  -32.314  83.729 0.0000000000
59861  24.872  -32.704  83.368 0.0000000000
59862  23.924  -32.674  83.505 0.0000000000
61195  23.034  -32.492  84.172 0.0000000000
61196  21.933  -32.367  84.087 0.0000000000
61137  20.560  -32.056  86.558 0.0000000000
62410  20.864  -31.654  87.397 0.0000000000
62394  21.769  -31.236  87.307 0.0000000000
63475  20.421  -30.969  88.382 0.0000000000
64499  20.199  -30.410  88.400 0.0000000000
65491  20.138  -29.997  87.783 0.0000000000
59892  6.499  -34.414  83.737 0.0000000000
62444  7.631  -32.912  83.867 0.0000000000
62436  7.199  -33.178  85.441 0.0000000000
63512  7.568  -32.190  84.882 0.0000000000
63517  7.489  -31.900  83.588 0.0000000000
64551  6.851  -30.304  83.051 0.0000000000
66622  6.886  -29.216  82.840 0.0000000000
67751  8.091  -28.312  81.829 0.0000000000
66534  8.768  -30.001  87.044 0.0000000000
66578  8.514  -28.971  86.284 0.0000000000
66600  8.819  -28.675  85.502 0.0000000000
66639  10.998  -28.915  84.024 0.0000000000
67737  9.723  -28.466  84.226 0.0000000000
67729  8.534  -28.463  84.837 0.0000000000
68830  8.511  -28.313  83.262 0.0000000000
68840  8.811  -27.751  82.002 0.0000000000
69938  8.857  -26.478  81.674 0.0000000000
70988  9.624  -25.654  81.396 0.0000000000
69977  11.127  -25.209  79.583 0.0000000000
71033  12.718  -24.954  77.794 0.0000000000
68910  12.534  -26.107  78.530 0.0000000000
69993  12.922  -25.663  77.683 0.0000000000
71049  13.278  -24.630  76.850 0.0000000000
56339  8.552  -37.177  85.470 0.0000000000
56319  8.316  -35.859  87.420 0.0000000000
62465  6.917  -31.504  80.001 0.0000000000
62475  7.700  -32.720  78.953 0.0000000000
61307  5.200  -32.779  75.703 0.0000000000
69964  6.789  -28.130  80.379 0.0000000000
67791  5.244  -28.144  79.882 0.0000000000
66713  4.363  -29.067  79.292 0.0000000000
66744  6.920  -28.519  77.829 0.0000000000
66746  5.282  -28.906  77.728 0.0000000000
67843  2.887  -29.008  78.376 0.0000000000
65604  3.831  -30.081  77.796 0.0000000000
63567  4.513  -31.634  75.847 0.0000000000
62524  4.740  -32.552  75.050 0.0000000000
143967  5.259  -32.231  74.028 0.0000000000
66840  6.804  -30.037  72.085 0.0000000000
66861  6.224  -30.443  71.198 0.0000000000
74517  12.254  -21.370  73.221 0.0000000000
75668  11.221  -20.586  71.968 0.0000000000
73400  11.195  -22.675  73.276 0.0000000000
73401  10.593  -23.055  73.112 0.0000000000
71097  9.466  -24.446  72.798 0.0000000000
68975  9.938  -25.822  72.932 0.0000000000
71113  7.630  -24.268  71.847 0.0000000000
70070  8.423  -25.233  72.183 0.0000000000
69000  10.620  -26.320  71.623 0.0000000000
69013  10.851  -26.250  70.400 0.0000000000
67936  9.871  -27.356  68.606 0.0000000000
66900  8.788  -27.960  67.525 0.0000000000
69070  8.322  -26.387  66.490 0.0000000000
65511  17.758  -29.989  87.448 0.0000000000
66547  17.794  -29.840  86.982 0.0000000000
65493  18.256  -30.161  87.625 0.0000000000
65494  17.412  -30.290  87.596 0.0000000000
60031  4.972  -34.549  74.440 0.0000000000
60045  4.511  -34.815  74.064 0.0000000000
61321  5.120  -34.058  74.367 0.0000000000
63482  8.174  -32.546  88.096 0.0000000000
64511  8.165  -32.212  87.750 0.0000000000
63489  8.576  -31.567  87.890 0.0000000000
61222  20.357  -32.205  82.743 0.0000000000
59906  19.937  -31.894  81.868 0.0000000000
63470  8.024  -31.788  89.210 0.0000000000
62391  7.733  -32.135  89.160 0.0000000000
63471  7.639  -31.967  88.856 0.0000000000
62404  7.387  -33.083  87.802 0.0000000000
67766  6.876  -28.379  81.728 0.0000000000
67767  6.218  -28.249  81.896 0.0000000000
68853  6.759  -28.276  81.421 0.0000000000
68973  11.146  -26.723  73.933 0.0000000000
66801  11.131  -27.928  73.901 0.0000000000
67894  11.278  -27.290  72.676 0.0000000000
66836  11.443  -27.942  72.231 0.0000000000
65479  12.127  -30.415  88.777 0.0000000000
61122  19.877  -31.970  87.474 0.0000000000
61123  19.091  -32.808  87.863 0.0000000000
61109  14.989  -32.681  88.124 0.0000000000
61127  15.104  -32.828  87.633 0.0000000000
61128  14.637  -32.784  87.399 0.0000000000
59812  14.258  -32.845  86.969 0.0000000000
62403  13.946  -32.650  87.544 0.0000000000
61111  13.463  -32.678  87.922 0.0000000000
61110  14.028  -32.578  88.144 0.0000000000
64505  13.204  -30.507  89.116 0.0000000000
64506  12.769  -30.549  89.248 0.0000000000
64492  12.029  -30.774  89.208 0.0000000000
72144  11.942  -24.418  78.017 0.0000000000
72145  11.471  -24.422  78.389 0.0000000000
72161  12.253  -24.124  77.562 0.0000000000
73386  12.393  -22.312  74.578 0.0000000000
72206  10.882  -23.275  74.400 0.0000000000
72205  11.282  -23.057  74.263 0.0000000000
59851  4.920  -35.017  85.746 0.0000000000
61182  5.515  -34.122  85.712 0.0000000000
65544  7.158  -30.134  85.744 0.0000000000
64543  7.419  -30.371  85.151 0.0000000000
64542  7.454  -29.841  85.214 0.0000000000
65553  7.263  -29.329  84.427 0.0000000000
65552  7.565  -29.334  85.028 0.0000000000
65542  11.746  -29.417  85.866 0.0000000000
66597  11.300  -29.206  85.351 0.0000000000
68875  11.774  -26.766  80.835 0.0000000000
69944  11.210  -26.692  81.215 0.0000000000
58618  9.899  -34.433  88.437 0.0000000000
56318  9.190  -35.101  87.815 0.0000000000
57448  9.004  -34.995  87.970 0.0000000000
56328  6.146  -37.172  87.601 0.0000000000
59837  4.872  -34.740  86.191 0.0000000000
59828  4.792  -35.150  86.318 0.0000000000
59852  4.551  -35.384  85.776 0.0000000000
65586  4.393  -30.184  79.532 0.0000000000
64576  4.908  -30.816  79.494 0.0000000000
64577  4.528  -30.640  79.086 0.0000000000
63543  4.644  -30.633  78.479 0.0000000000
64585  4.390  -30.530  78.504 0.0000000000
68911  9.423  -26.169  78.494 0.0000000000
68913  8.404  -27.213  79.075 0.0000000000
68930  8.838  -27.159  78.400 0.0000000000
65637  6.674  -29.788  74.838 0.0000000000
66769  6.470  -29.467  75.803 0.0000000000
65622  6.174  -29.811  75.163 0.0000000000
66771  5.365  -29.708  75.188 0.0000000000
66787  5.665  -30.194  74.474 0.0000000000
66805  6.349  -30.339  73.848 0.0000000000
66876  7.095  -29.152  69.976 0.0000000000
66888  7.079  -29.055  68.984 0.0000000000
74535  9.457  -20.896  71.518 0.0000000000
74521  8.625  -21.413  71.731 0.0000000000
73414  9.174  -22.510  72.154 0.0000000000
72259  5.531  -23.387  70.679 0.0000000000
71147  6.039  -23.665  70.177 0.0000000000
71146  6.807  -23.933  70.432 0.0000000000
71160  7.480  -24.172  69.866 0.0000000000
71176  8.126  -24.526  69.318 0.0000000000
71177  7.457  -24.020  68.938 0.0000000000
64517  14.643  -30.571  87.617 0.0000000000
64528  14.494  -30.380  87.253 0.0000000000
65514  15.143  -30.298  87.062 0.0000000000
66569  16.998  -29.975  86.040 0.0000000000
64484  18.956  -30.785  88.399 0.0000000000
63463  18.587  -31.162  88.553 0.0000000000
63465  16.853  -31.363  88.752 0.0000000000
62387  16.118  -31.878  89.154 0.0000000000
63466  15.579  -31.245  88.652 0.0000000000
62388  15.052  -31.668  88.521 0.0000000000
64503  14.756  -30.708  88.115 0.0000000000
64504  13.489  -30.551  88.454 0.0000000000
72175  13.286  -23.122  76.739 0.0000000000
73385  13.698  -22.411  74.843 0.0000000000
74489  13.597  -22.063  74.538 0.0000000000
74478  13.159  -22.159  74.927 0.0000000000
74502  13.397  -21.481  73.856 0.0000000000
61131  6.646  -33.410  87.177 0.0000000000
64531  7.745  -30.692  87.107 0.0000000000
65523  7.550  -30.398  86.850 0.0000000000
65537  7.234  -30.272  86.363 0.0000000000
66692  12.933  -28.443  80.563 0.0000000000
67790  12.553  -28.029  80.439 0.0000000000
67789  13.043  -27.795  80.004 0.0000000000
67806  13.403  -27.579  79.124 0.0000000000
61086  9.223  -33.082  89.323 0.0000000000
59788  8.623  -33.954  89.061 0.0000000000
59790  7.369  -33.901  88.404 0.0000000000
58607  7.353  -34.445  88.431 0.0000000000
58608  7.092  -34.408  88.311 0.0000000000
57444  6.532  -35.529  88.094 0.0000000000
58614  6.663  -34.929  88.231 0.0000000000
58615  6.123  -35.248  87.856 0.0000000000
59799  6.377  -34.683  88.059 0.0000000000
61130  6.848  -33.279  87.726 0.0000000000
59808  6.224  -34.045  87.719 0.0000000000
59815  6.281  -33.739  87.701 0.0000000000
59826  5.929  -34.373  86.960 0.0000000000
64554  6.668  -30.065  82.181 0.0000000000
65563  5.908  -29.541  81.975 0.0000000000
66679  5.207  -28.821  81.493 0.0000000000
66662  5.057  -29.222  81.461 0.0000000000
66663  4.966  -29.321  81.115 0.0000000000
65572  4.866  -29.556  80.786 0.0000000000
67782  4.789  -28.774  80.549 0.0000000000
67853  10.369  -27.401  76.548 0.0000000000
66754  10.197  -27.841  76.346 0.0000000000
66783  9.700  -29.207  74.690 0.0000000000
65634  9.182  -29.849  74.056 0.0000000000
65653  8.434  -29.811  73.250 0.0000000000
65652  9.403  -29.632  72.983 0.0000000000
65669  9.509  -29.372  71.907 0.0000000000
65696  8.994  -29.305  70.180 0.0000000000
66856  9.980  -28.370  69.956 0.0000000000
71164  4.701  -23.220  69.032 0.0000000000
71199  4.235  -23.366  68.306 0.0000000000
72291  5.051  -23.330  68.057 0.0000000000
72307  4.263  -23.134  67.940 0.0000000000
64508  10.145  -31.084  87.890 0.0000000000
65481  10.582  -30.984  87.844 0.0000000000
66531  11.819  -29.846  87.522 0.0000000000
66532  11.462  -29.838  87.515 0.0000000000
66552  11.916  -29.579  86.981 0.0000000000
66573  12.959  -29.277  86.200 0.0000000000
65531  14.191  -30.009  86.243 0.0000000000
66595  13.135  -29.489  85.305 0.0000000000
66635  14.712  -29.465  83.313 0.0000000000
59841  18.021  -32.995  86.336 0.0000000000
61176  17.303  -32.794  85.537 0.0000000000
61124  18.061  -32.624  87.806 0.0000000000
61125  16.991  -32.520  87.732 0.0000000000
59822  15.113  -33.018  86.816 0.0000000000
59844  15.831  -33.370  85.873 0.0000000000
59845  15.035  -33.208  85.733 0.0000000000
59834  14.248  -33.199  86.177 0.0000000000
59835  13.435  -33.479  86.143 0.0000000000
59802  11.556  -33.408  88.323 0.0000000000
59803  10.758  -34.088  88.672 0.0000000000
61112  11.686  -33.481  88.899 0.0000000000
62374  13.308  -31.648  89.005 0.0000000000
62390  13.379  -32.087  88.883 0.0000000000
62375  13.116  -32.065  89.577 0.0000000000
63456  12.198  -31.711  89.623 0.0000000000
62376  12.628  -32.129  89.737 0.0000000000
61084  11.231  -33.028  89.317 0.0000000000
61085  10.208  -32.966  89.304 0.0000000000
62378  10.787  -32.328  89.335 0.0000000000
64493  11.151  -30.921  89.095 0.0000000000
64481  9.940  -31.643  88.711 0.0000000000
64495  9.444  -31.563  88.491 0.0000000000
71001  8.952  -25.333  80.858 0.0000000000
71002  8.482  -25.747  80.779 0.0000000000
72125  9.033  -24.507  79.997 0.0000000000
72136  9.115  -24.645  79.273 0.0000000000
72148  9.368  -24.761  78.661 0.0000000000
71037  9.039  -24.872  78.356 0.0000000000
71036  9.539  -24.552  77.974 0.0000000000
73358  13.031  -22.667  76.921 0.0000000000
73349  12.048  -23.366  77.193 0.0000000000
73360  11.475  -23.299  76.664 0.0000000000
72192  10.797  -23.816  76.369 0.0000000000
71052  10.096  -24.814  77.396 0.0000000000
70039  10.287  -25.037  76.152 0.0000000000
71087  10.303  -24.042  74.435 0.0000000000
71075  10.356  -24.577  74.931 0.0000000000
70046  10.341  -25.153  74.293 0.0000000000
66545  19.882  -29.484  86.613 0.0000000000
66544  20.855  -29.503  86.463 0.0000000000
59903  22.577  -32.219  82.156 0.0000000000
59885  22.013  -32.284  82.998 0.0000000000
59864  22.310  -32.433  83.479 0.0000000000
62435  24.962  -32.296  84.583 0.0000000000
62434  25.174  -32.253  84.302 0.0000000000
61193  24.944  -32.511  83.918 0.0000000000
61194  24.075  -32.625  84.112 0.0000000000
61172  22.195  -32.545  84.980 0.0000000000
61136  21.670  -32.069  86.390 0.0000000000
61121  20.959  -31.952  87.148 0.0000000000
63473  22.038  -30.803  87.332 0.0000000000
63474  21.195  -30.843  87.650 0.0000000000
64498  20.889  -30.452  88.077 0.0000000000
58658  4.809  -36.518  83.606 0.0000000000
58657  4.942  -35.940  84.114 0.0000000000
59849  6.577  -34.359  85.087 0.0000000000
59872  6.235  -35.087  84.212 0.0000000000
61219  6.836  -33.778  83.991 0.0000000000
61205  7.346  -33.344  84.153 0.0000000000
62426  7.157  -33.025  86.233 0.0000000000
63508  7.464  -32.486  85.816 0.0000000000
63513  7.248  -31.293  84.253 0.0000000000
63514  6.904  -30.806  83.413 0.0000000000
66621  7.001  -28.952  83.746 0.0000000000
67741  7.208  -28.918  82.956 0.0000000000
67752  7.473  -28.616  82.463 0.0000000000
68842  7.815  -28.500  82.904 0.0000000000
65502  9.972  -30.345  87.321 0.0000000000
65520  9.695  -29.737  86.898 0.0000000000
66577  9.269  -29.014  86.194 0.0000000000
67747  11.484  -28.596  82.625 0.0000000000
68838  10.233  -28.443  82.293 0.0000000000
67728  9.150  -28.412  84.841 0.0000000000
67738  8.841  -28.331  84.130 0.0000000000
68829  9.176  -28.046  83.180 0.0000000000
69937  9.912  -27.257  82.007 0.0000000000
68839  9.432  -27.557  82.189 0.0000000000
69931  9.271  -26.741  81.991 0.0000000000
70989  9.146  -25.937  81.521 0.0000000000
70980  9.972  -26.134  81.733 0.0000000000
69976  11.555  -25.446  79.574 0.0000000000
69960  11.056  -25.484  80.098 0.0000000000
71019  11.933  -25.104  78.929 0.0000000000
69994  12.426  -25.351  78.431 0.0000000000
68893  12.539  -26.580  79.332 0.0000000000
61224  18.005  -32.367  82.610 0.0000000000
56333  8.932  -36.263  86.871 0.0000000000
57449  8.488  -35.334  87.872 0.0000000000
57450  7.757  -35.572  87.950 0.0000000000
57471  4.776  -36.462  85.015 0.0000000000
57476  4.384  -36.634  84.136 0.0000000000
59949  7.152  -35.344  81.532 0.0000000000
59948  7.681  -34.890  81.017 0.0000000000
61262  8.234  -33.668  79.605 0.0000000000
64567  6.659  -30.886  80.899 0.0000000000
62461  7.050  -31.784  81.163 0.0000000000
63530  6.586  -31.236  80.639 0.0000000000
62477  6.385  -31.419  78.696 0.0000000000
62476  7.312  -31.933  78.871 0.0000000000
63550  7.274  -32.258  78.577 0.0000000000
62487  7.463  -32.887  78.233 0.0000000000
61279  6.059  -32.440  77.829 0.0000000000
62502  5.185  -31.653  76.885 0.0000000000
62501  5.549  -31.946  77.023 0.0000000000
61292  5.502  -32.295  76.765 0.0000000000
61306  5.561  -32.886  76.085 0.0000000000
62513  5.104  -32.197  76.228 0.0000000000
69963  7.421  -27.397  80.497 0.0000000000
68915  6.606  -28.064  79.395 0.0000000000
68897  6.204  -28.080  79.764 0.0000000000
67807  5.834  -27.799  79.310 0.0000000000
66712  4.855  -28.178  79.423 0.0000000000
67825  5.488  -27.757  78.932 0.0000000000
66756  8.735  -28.355  76.955 0.0000000000
66743  8.027  -28.534  77.630 0.0000000000
65601  5.419  -29.397  76.524 0.0000000000
66745  5.810  -28.972  77.386 0.0000000000
65594  5.050  -28.934  77.833 0.0000000000
66731  4.114  -29.503  78.609 0.0000000000
65603  4.253  -29.867  77.554 0.0000000000
65613  3.941  -30.454  76.413 0.0000000000
64603  4.336  -31.234  75.569 0.0000000000
63577  4.658  -31.991  74.895 0.0000000000
63587  5.044  -32.128  74.385 0.0000000000
143968  4.901  -31.675  74.495 0.0000000000
66808  5.199  -31.072  73.266 0.0000000000
66844  5.286  -31.165  72.185 0.0000000000
65671  7.833  -29.788  72.481 0.0000000000
65672  7.263  -30.040  72.721 0.0000000000
65685  7.372  -29.743  71.815 0.0000000000
66878  6.535  -30.154  70.352 0.0000000000
66879  6.032  -30.529  70.519 0.0000000000
65717  6.162  -30.455  69.708 0.0000000000
74518  11.606  -21.637  72.708 0.0000000000
73412  11.050  -22.224  72.536 0.0000000000
73413  10.316  -22.620  72.521 0.0000000000
71111  9.138  -23.950  72.402 0.0000000000
70055  9.887  -25.226  73.345 0.0000000000
70056  9.205  -25.340  72.668 0.0000000000
72233  5.998  -23.081  72.134 0.0000000000
73417  6.132  -22.365  72.397 0.0000000000
72232  6.849  -23.257  71.971 0.0000000000
72231  7.825  -23.383  71.844 0.0000000000
71127  8.923  -24.709  71.129 0.0000000000
70085  8.081  -25.105  71.894 0.0000000000
70083  9.195  -25.028  71.304 0.0000000000
69001  9.557  -25.705  71.716 0.0000000000
70082  10.087  -25.557  70.889 0.0000000000
70124  9.294  -25.837  68.359 0.0000000000
70123  9.790  -26.283  68.603 0.0000000000
69043  9.669  -26.605  68.252 0.0000000000
66885  9.399  -27.939  68.067 0.0000000000
67945  8.887  -27.176  67.280 0.0000000000
71214  7.308  -24.429  67.083 0.0000000000
65513  16.242  -30.501  86.935 0.0000000000
65472  18.899  -30.446  87.926 0.0000000000
64501  18.557  -30.638  88.146 0.0000000000
65473  17.773  -30.575  87.876 0.0000000000
65461  17.503  -30.917  88.100 0.0000000000
65462  17.038  -30.967  88.129 0.0000000000
65463  16.434  -30.595  88.189 0.0000000000
65495  16.570  -30.435  87.626 0.0000000000
61349  5.040  -33.610  73.478 0.0000000000
62405  7.372  -32.874  87.636 0.0000000000
63491  7.466  -32.550  87.449 0.0000000000
63490  7.875  -32.355  87.600 0.0000000000
64522  7.927  -31.803  87.469 0.0000000000
61087  8.405  -33.135  89.121 0.0000000000
61089  7.760  -33.239  88.462 0.0000000000
61099  7.207  -33.574  88.071 0.0000000000
61100  6.605  -34.263  88.062 0.0000000000
66643  6.145  -29.078  82.364 0.0000000000
67768  5.694  -28.533  82.129 0.0000000000
66678  5.370  -28.614  81.893 0.0000000000
67780  5.648  -28.437  81.492 0.0000000000
67869  10.945  -27.353  74.828 0.0000000000
66802  10.835  -28.684  73.428 0.0000000000
65651  10.347  -29.319  72.680 0.0000000000
66821  10.934  -28.583  72.371 0.0000000000
66837  11.049  -28.175  71.332 0.0000000000
65466  11.051  -30.993  88.478 0.0000000000
65480  11.360  -30.646  88.229 0.0000000000
65517  12.326  -29.997  87.364 0.0000000000
66613  15.563  -29.773  84.313 0.0000000000
66634  15.695  -29.354  83.283 0.0000000000
61154  20.197  -32.216  86.021 0.0000000000
61155  19.292  -32.972  86.324 0.0000000000
61156  18.447  -33.038  86.490 0.0000000000
59829  18.070  -32.701  86.496 0.0000000000
61126  15.939  -32.569  87.500 0.0000000000
59810  15.504  -32.784  87.337 0.0000000000
63468  13.231  -31.152  89.435 0.0000000000
63454  13.182  -31.449  89.470 0.0000000000
64477  13.025  -31.176  89.847 0.0000000000
64478  12.472  -31.244  89.582 0.0000000000
63457  11.284  -31.723  89.404 0.0000000000
64479  11.687  -31.244  89.362 0.0000000000
72123  10.445  -24.755  79.614 0.0000000000
72124  9.787  -24.469  79.787 0.0000000000
73324  10.665  -24.467  79.113 0.0000000000
73340  10.770  -24.352  78.653 0.0000000000
73372  11.566  -22.768  75.679 0.0000000000
73373  10.906  -23.370  75.881 0.0000000000
73374  10.535  -23.490  75.546 0.0000000000
71076  10.355  -24.409  75.552 0.0000000000
72207  10.275  -23.505  75.177 0.0000000000
61170  24.452  -32.326  84.705 0.0000000000
61135  22.763  -32.023  86.276 0.0000000000
61119  22.891  -31.516  86.578 0.0000000000
58650  5.635  -35.506  84.997 0.0000000000
59850  6.021  -35.034  85.206 0.0000000000
64539  7.579  -31.422  86.077 0.0000000000
63509  7.575  -31.736  85.468 0.0000000000
66554  10.482  -29.599  86.895 0.0000000000
65534  10.083  -29.633  86.794 0.0000000000
66576  10.216  -29.418  86.315 0.0000000000
67760  12.032  -28.131  82.096 0.0000000000
67761  11.303  -28.363  81.772 0.0000000000
68837  10.658  -28.602  81.948 0.0000000000
67762  9.952  -28.272  82.503 0.0000000000
67763  9.599  -28.042  82.185 0.0000000000
68849  10.065  -27.937  81.831 0.0000000000
69936  10.396  -26.697  81.614 0.0000000000
69959  11.701  -26.147  80.349 0.0000000000
61225  16.651  -32.607  82.865 0.0000000000
57456  10.083  -35.080  87.520 0.0000000000
56317  9.419  -35.237  87.651 0.0000000000
56325  9.028  -35.625  87.522 0.0000000000
56326  8.676  -35.908  87.332 0.0000000000
59818  5.269  -35.142  86.616 0.0000000000
57463  5.113  -35.803  86.639 0.0000000000
58638  4.783  -35.607  86.452 0.0000000000
58652  4.415  -35.872  85.672 0.0000000000
59911  6.614  -34.623  83.085 0.0000000000
59930  6.795  -34.987  82.397 0.0000000000
61240  7.315  -34.249  82.761 0.0000000000
61239  7.867  -33.704  82.047 0.0000000000
62460  7.948  -32.374  81.100 0.0000000000
64569  5.298  -30.823  80.241 0.0000000000
63531  5.884  -31.220  80.099 0.0000000000
63532  5.333  -30.940  79.484 0.0000000000
62467  5.500  -30.820  78.924 0.0000000000
62478  5.759  -31.114  78.398 0.0000000000
61280  5.656  -31.972  78.027 0.0000000000
63551  5.080  -30.920  77.788 0.0000000000
63553  4.190  -30.701  77.629 0.0000000000
68895  8.650  -26.699  79.472 0.0000000000
69980  7.246  -27.630  79.843 0.0000000000
68896  7.970  -27.234  79.542 0.0000000000
68914  7.402  -27.741  79.184 0.0000000000
67823  6.756  -28.265  78.688 0.0000000000
66768  7.270  -29.283  75.962 0.0000000000
66759  5.823  -29.444  76.243 0.0000000000
65610  5.347  -29.460  76.049 0.0000000000
65611  5.064  -29.490  75.868 0.0000000000
65624  4.790  -29.812  75.263 0.0000000000
66788  5.267  -30.384  74.200 0.0000000000
66807  5.445  -30.782  73.460 0.0000000000
66824  5.942  -30.766  72.788 0.0000000000
66858  7.631  -29.114  70.679 0.0000000000
66859  7.160  -29.576  70.992 0.0000000000
66890  6.699  -29.902  69.500 0.0000000000
74534  10.174  -21.115  71.671 0.0000000000
72230  8.717  -23.367  72.228 0.0000000000
72244  5.989  -23.289  71.373 0.0000000000
71114  7.020  -23.699  71.609 0.0000000000
71130  6.906  -24.013  71.274 0.0000000000
71145  7.627  -24.358  70.697 0.0000000000
70097  8.684  -24.834  70.266 0.0000000000
70109  8.701  -24.986  69.715 0.0000000000
70125  8.698  -25.092  68.785 0.0000000000
70141  8.463  -25.342  67.607 0.0000000000
65497  13.628  -30.375  88.864 0.0000000000
64519  13.309  -30.495  87.894 0.0000000000
64529  13.921  -30.550  87.483 0.0000000000
65530  14.989  -30.183  86.342 0.0000000000
66549  16.169  -29.982  86.551 0.0000000000
66570  15.841  -29.534  86.178 0.0000000000
62397  19.617  -31.782  88.291 0.0000000000
61105  19.177  -32.157  88.244 0.0000000000
61090  18.775  -31.868  88.428 0.0000000000
62398  18.210  -32.045  88.557 0.0000000000
62399  17.670  -31.999  88.818 0.0000000000
63464  17.808  -31.255  88.682 0.0000000000
63476  17.452  -31.581  88.983 0.0000000000
62400  16.878  -32.267  89.083 0.0000000000
61092  15.597  -31.952  88.739 0.0000000000
61094  14.039  -32.290  88.440 0.0000000000
63467  13.864  -31.325  88.644 0.0000000000
64488  15.710  -30.708  88.415 0.0000000000
64489  13.368  -31.062  89.049 0.0000000000
72160  13.017  -23.932  76.956 0.0000000000
72176  12.923  -22.927  76.392 0.0000000000
73369  13.767  -22.902  75.133 0.0000000000
73370  13.282  -22.424  75.217 0.0000000000
72191  12.805  -22.817  75.812 0.0000000000
74491  12.384  -22.157  74.121 0.0000000000
61162  5.374  -34.337  86.453 0.0000000000
61161  5.653  -33.860  86.219 0.0000000000
62421  6.882  -33.108  86.549 0.0000000000
63496  7.325  -32.268  86.963 0.0000000000
64533  7.507  -31.789  86.565 0.0000000000
65543  7.348  -29.515  85.897 0.0000000000
66637  12.381  -28.973  83.143 0.0000000000
66677  13.318  -28.980  81.244 0.0000000000
68860  11.751  -27.992  81.014 0.0000000000
68874  12.290  -27.229  80.351 0.0000000000
59796  9.309  -34.296  88.967 0.0000000000
58619  9.215  -34.719  88.544 0.0000000000
59797  8.620  -34.517  88.743 0.0000000000
58612  7.644  -35.003  88.343 0.0000000000
58606  7.867  -34.443  88.664 0.0000000000
57443  6.973  -35.581  88.229 0.0000000000
57452  6.416  -36.015  87.969 0.0000000000
56323  5.897  -36.562  88.079 0.0000000000
57453  5.942  -35.972  87.666 0.0000000000
58624  5.739  -35.326  87.441 0.0000000000
58632  5.639  -35.046  87.234 0.0000000000
61116  6.177  -34.369  87.789 0.0000000000
59809  5.869  -34.672  87.530 0.0000000000
59817  5.611  -34.797  87.006 0.0000000000
61147  5.680  -34.422  86.750 0.0000000000
63523  7.220  -31.381  82.293 0.0000000000
63524  6.999  -30.674  82.023 0.0000000000
64557  6.640  -30.215  81.551 0.0000000000
64563  5.787  -30.269  81.004 0.0000000000
65564  5.218  -29.613  81.658 0.0000000000
64559  5.239  -29.859  81.550 0.0000000000
65570  5.276  -30.087  81.058 0.0000000000
65576  4.751  -30.038  80.336 0.0000000000
68928  10.130  -26.443  77.509 0.0000000000
67839  9.335  -27.394  77.806 0.0000000000
67854  9.624  -27.728  77.183 0.0000000000
66765  10.306  -27.992  75.932 0.0000000000
66766  9.549  -28.781  75.758 0.0000000000
66767  8.327  -29.292  76.052 0.0000000000
65619  7.756  -29.590  75.174 0.0000000000
65636  7.239  -29.768  74.471 0.0000000000
66804  6.905  -30.113  73.906 0.0000000000
65654  7.508  -29.933  73.568 0.0000000000
65683  8.566  -29.155  71.123 0.0000000000
66857  8.183  -28.959  70.332 0.0000000000
66874  8.562  -28.930  69.392 0.0000000000
71163  5.154  -23.106  69.343 0.0000000000
71162  5.870  -23.478  69.402 0.0000000000
71178  6.615  -23.528  68.560 0.0000000000
63488  8.783  -31.500  88.132 0.0000000000
64509  9.418  -31.217  87.947 0.0000000000
65482  9.840  -30.889  87.653 0.0000000000
65518  11.146  -29.891  87.497 0.0000000000
65533  11.863  -29.460  86.199 0.0000000000
66596  12.166  -29.331  85.532 0.0000000000
65516  13.138  -30.370  87.431 0.0000000000
66572  13.793  -29.538  85.961 0.0000000000
61211  19.874  -32.430  83.554 0.0000000000
61199  17.901  -32.483  84.748 0.0000000000
61200  16.614  -32.713  84.907 0.0000000000
59887  15.533  -33.080  84.626 0.0000000000
61157  18.151  -32.526  86.707 0.0000000000
59830  17.523  -32.667  86.599 0.0000000000
61141  16.813  -32.646  87.204 0.0000000000
59831  16.736  -33.076  86.540 0.0000000000
59843  16.673  -33.284  85.937 0.0000000000
59865  16.355  -33.159  85.485 0.0000000000
59866  15.778  -33.161  85.195 0.0000000000
58628  10.639  -34.332  87.515 0.0000000000
59804  10.503  -34.262  88.931 0.0000000000
61095  13.136  -32.746  89.016 0.0000000000
59792  12.643  -33.272  89.026 0.0000000000
61096  12.125  -33.180  89.136 0.0000000000
61097  11.260  -33.639  89.170 0.0000000000
59794  11.024  -33.579  89.284 0.0000000000
59795  10.391  -33.973  89.215 0.0000000000
63458  10.317  -31.844  89.110 0.0000000000
63460  8.489  -32.053  89.283 0.0000000000
63469  8.848  -31.837  88.852 0.0000000000
68852  8.169  -26.363  81.415 0.0000000000
68864  7.247  -27.853  81.071 0.0000000000
69947  8.274  -25.947  81.185 0.0000000000
69962  8.212  -26.230  80.519 0.0000000000
69961  8.606  -25.827  80.082 0.0000000000
69978  8.894  -26.047  79.674 0.0000000000
68894  8.969  -26.386  79.395 0.0000000000
69995  9.433  -25.804  78.411 0.0000000000
72162  11.515  -23.989  77.583 0.0000000000
72163  10.864  -24.136  77.672 0.0000000000
72178  10.895  -23.845  76.971 0.0000000000
72164  10.340  -24.382  77.549 0.0000000000
71053  9.302  -24.888  77.812 0.0000000000
70012  9.664  -25.384  77.735 0.0000000000
70011  10.182  -25.884  77.354 0.0000000000
68946  10.445  -26.462  76.952 0.0000000000
68956  10.837  -26.414  76.004 0.0000000000
68963  10.881  -26.483  74.702 0.0000000000
66529  18.637  -30.009  87.332 0.0000000000
66546  18.905  -29.803  86.729 0.0000000000
66566  20.194  -29.014  85.914 0.0000000000
61210  21.193  -32.033  83.471 0.0000000000
59860  25.761  -32.871  83.206 0.0000000000
59863  22.941  -32.516  83.520 0.0000000000
61153  21.366  -32.198  85.765 0.0000000000
62408  23.049  -31.070  86.661 0.0000000000
62409  22.423  -31.341  86.949 0.0000000000
62393  22.521  -31.075  86.998 0.0000000000
61102  21.405  -31.462  87.282 0.0000000000
62395  20.904  -31.352  87.611 0.0000000000
62396  20.182  -31.655  88.086 0.0000000000
62383  19.751  -31.350  88.445 0.0000000000
64483  19.697  -30.748  88.451 0.0000000000
65470  20.556  -30.132  88.084 0.0000000000
65471  19.816  -30.206  88.173 0.0000000000
59893  6.155  -34.908  83.468 0.0000000000
61230  7.088  -34.015  83.347 0.0000000000
61218  7.450  -33.363  83.584 0.0000000000
62448  7.611  -32.518  83.251 0.0000000000
61160  6.291  -33.526  85.932 0.0000000000
62445  7.555  -32.825  84.418 0.0000000000
63516  7.562  -32.081  83.255 0.0000000000
63518  6.874  -31.042  82.951 0.0000000000
63519  6.876  -30.575  82.710 0.0000000000
65555  6.856  -29.826  83.106 0.0000000000
66623  6.702  -29.475  82.607 0.0000000000
67753  6.734  -28.698  82.341 0.0000000000
66641  7.189  -28.534  81.941 0.0000000000
67765  7.558  -28.190  81.442 0.0000000000
64520  8.764  -31.074  87.698 0.0000000000
65504  8.487  -30.569  87.371 0.0000000000
65521  8.514  -30.114  87.177 0.0000000000
66555  9.063  -29.303  86.741 0.0000000000
66556  8.417  -29.576  86.895 0.0000000000
66557  7.872  -29.631  86.862 0.0000000000
66579  7.873  -29.290  86.400 0.0000000000
66617  11.482  -29.059  84.596 0.0000000000
66618  10.598  -28.813  84.494 0.0000000000
66619  10.106  -28.724  84.875 0.0000000000
67736  10.268  -28.605  84.032 0.0000000000
67727  9.464  -28.490  84.807 0.0000000000
67739  8.082  -28.553  84.149 0.0000000000
68831  7.911  -28.452  83.305 0.0000000000
68841  8.121  -28.351  82.657 0.0000000000
67750  8.409  -27.960  81.697 0.0000000000
68851  8.372  -26.835  81.470 0.0000000000
69939  8.406  -26.204  81.532 0.0000000000
71000  9.819  -24.952  80.964 0.0000000000
70987  10.188  -25.682  81.232 0.0000000000
70999  10.432  -25.093  80.430 0.0000000000
72113  10.306  -24.736  80.183 0.0000000000
71021  11.011  -25.021  79.448 0.0000000000
71035  11.737  -24.713  78.691 0.0000000000
71034  12.170  -24.659  78.226 0.0000000000
71050  12.795  -24.584  77.287 0.0000000000
72159  13.247  -24.164  76.783 0.0000000000
66567  19.184  -29.336  85.990 0.0000000000
61223  19.189  -32.106  82.473 0.0000000000
62458  18.551  -32.202  81.903 0.0000000000
61235  18.185  -32.326  81.718 0.0000000000
61236  17.169  -32.566  81.880 0.0000000000
57458  8.721  -35.510  87.662 0.0000000000
55275  8.209  -36.215  87.143 0.0000000000
55282  8.364  -36.485  86.686 0.0000000000
58693  6.588  -35.803  81.922 0.0000000000
62455  7.230  -31.650  81.699 0.0000000000
62464  8.214  -32.370  79.871 0.0000000000
61278  8.052  -33.647  78.629 0.0000000000
61291  5.719  -32.731  77.041 0.0000000000
61319  5.194  -33.545  75.447 0.0000000000
69948  7.232  -27.737  80.758 0.0000000000
69950  6.571  -28.244  80.857 0.0000000000
68867  5.687  -28.462  80.795 0.0000000000
69981  6.722  -28.139  79.875 0.0000000000
68879  6.029  -28.367  80.259 0.0000000000
68880  5.439  -28.422  80.398 0.0000000000
66695  4.476  -28.819  80.075 0.0000000000
66714  3.839  -29.303  79.127 0.0000000000
67840  8.538  -28.006  77.875 0.0000000000
67841  7.680  -28.245  78.227 0.0000000000
66728  6.593  -28.385  78.303 0.0000000000
66729  6.179  -28.421  78.291 0.0000000000
66730  5.185  -28.528  78.533 0.0000000000
67809  3.231  -29.468  79.000 0.0000000000
66732  2.908  -29.522  79.018 0.0000000000
65596  3.423  -29.981  78.219 0.0000000000
64592  4.004  -30.379  77.521 0.0000000000
63561  4.094  -31.415  76.920 0.0000000000
64598  3.816  -30.914  76.650 0.0000000000
62514  4.803  -32.185  75.901 0.0000000000
61320  4.954  -33.426  75.035 0.0000000000
61333  5.047  -33.348  74.516 0.0000000000
62531  5.114  -32.761  74.116 0.0000000000
61365  4.949  -32.559  73.441 0.0000000000
66822  6.850  -30.282  73.144 0.0000000000
66823  6.412  -30.539  72.922 0.0000000000
66841  6.277  -30.369  72.001 0.0000000000
66860  6.619  -30.005  71.110 0.0000000000
66842  5.866  -30.675  72.014 0.0000000000
65686  5.557  -30.949  71.759 0.0000000000
75652  12.997  -20.847  73.405 0.0000000000
74503  12.672  -21.564  73.704 0.0000000000
74504  12.046  -22.085  73.516 0.0000000000
75667  12.357  -20.635  72.727 0.0000000000
72219  10.579  -23.507  73.646 0.0000000000
72228  10.190  -23.299  73.038 0.0000000000
72220  9.878  -23.763  73.246 0.0000000000
68988  10.484  -26.300  72.668 0.0000000000
70071  7.879  -24.931  71.944 0.0000000000
70057  8.690  -25.029  72.568 0.0000000000
70069  9.020  -25.637  72.345 0.0000000000
68989  9.631  -25.964  72.310 0.0000000000
68999  11.051  -26.724  72.380 0.0000000000
67904  11.143  -27.183  70.819 0.0000000000
67914  10.692  -27.069  70.080 0.0000000000
70095  10.278  -25.601  69.836 0.0000000000
69026  10.576  -26.553  69.448 0.0000000000
66872  10.164  -27.773  69.593 0.0000000000
66873  9.594  -28.252  69.345 0.0000000000
66886  8.740  -28.543  68.271 0.0000000000
71196  7.473  -24.316  67.878 0.0000000000
70142  7.757  -24.772  67.225 0.0000000000
69059  8.600  -26.332  67.072 0.0000000000
67946  8.388  -27.631  67.061 0.0000000000
66901  7.990  -28.406  67.305 0.0000000000
55272  7.861  -35.969  87.048 0.0000000000
56334  9.227  -36.144  87.114 0.0000000000
58610  9.724  -34.332  88.908 0.0000000000
58611  8.201  -34.804  88.427 0.0000000000
58621  7.880  -35.197  88.212 0.0000000000
58622  5.913  -34.013  88.009 0.0000000000
58623  5.990  -33.958  87.670 0.0000000000
58630  6.083  -33.859  87.993 0.0000000000
58631  5.973  -33.827  87.853 0.0000000000
59786  10.479  -33.421  89.322 0.0000000000
59798  6.816  -34.116  88.054 0.0000000000
59805  8.816  -34.676  88.657 0.0000000000
59806  8.517  -34.725  88.520 0.0000000000
59807  6.340  -33.797  87.905 0.0000000000
59820  16.769  -32.821  86.912 0.0000000000
59871  6.528  -34.409  84.519 0.0000000000
59931  6.045  -35.338  82.671 0.0000000000
61088  8.001  -33.178  88.861 0.0000000000
61091  18.566  -32.051  88.457 0.0000000000
61098  10.917  -34.138  89.134 0.0000000000
61101  6.166  -34.795  87.997 0.0000000000
61103  21.178  -31.627  87.273 0.0000000000
61113  11.215  -33.909  88.900 0.0000000000
61117  6.002  -34.785  87.763 0.0000000000
61129  13.909  -32.736  87.291 0.0000000000
61140  17.661  -32.413  87.129 0.0000000000
61142  16.352  -32.765  87.137 0.0000000000
61159  13.801  -33.267  86.277 0.0000000000
61169  25.251  -32.161  84.652 0.0000000000
61201  15.986  -33.059  84.652 0.0000000000
61263  6.039  -31.913  78.271 0.0000000000
61264  5.958  -31.534  78.300 0.0000000000
61348  5.048  -33.003  73.674 0.0000000000
62382  7.952  -32.888  88.878 0.0000000000
62384  19.063  -31.567  88.422 0.0000000000
62385  18.312  -31.683  88.642 0.0000000000
62402  14.183  -32.654  87.760 0.0000000000
62411  20.512  -31.678  87.516 0.0000000000
62412  14.923  -32.846  87.935 0.0000000000
62413  14.696  -32.776  87.709 0.0000000000
62414  14.317  -32.708  87.473 0.0000000000
62415  7.064  -33.157  87.649 0.0000000000
62427  7.066  -32.865  86.532 0.0000000000
62442  25.151  -32.336  84.067 0.0000000000
62449  7.605  -32.487  83.810 0.0000000000
62452  18.727  -32.099  82.115 0.0000000000
62453  18.590  -32.195  82.351 0.0000000000
62459  18.414  -32.247  82.135 0.0000000000
62491  5.052  -31.183  77.495 0.0000000000
62500  6.577  -32.559  77.842 0.0000000000
62503  4.765  -31.673  76.556 0.0000000000
62530  5.268  -32.469  74.079 0.0000000000
62532  5.154  -33.449  73.835 0.0000000000
62538  5.117  -33.217  73.767 0.0000000000
63461  19.797  -31.019  88.506 0.0000000000
63501  7.375  -32.583  86.178 0.0000000000
63540  7.420  -32.490  78.603 0.0000000000
63541  7.440  -32.279  78.758 0.0000000000
63549  7.284  -32.466  78.396 0.0000000000
63552  4.638  -30.868  77.739 0.0000000000
64482  9.276  -31.863  88.737 0.0000000000
64485  18.219  -30.842  88.373 0.0000000000
64502  18.005  -30.715  88.109 0.0000000000
64507  12.442  -30.626  89.213 0.0000000000
64510  8.339  -31.909  87.846 0.0000000000
64530  13.516  -30.545  87.762 0.0000000000
64548  7.472  -29.625  84.819 0.0000000000
64556  6.930  -30.728  81.574 0.0000000000
64561  6.833  -30.800  81.186 0.0000000000
64562  6.607  -30.478  81.047 0.0000000000
64564  5.349  -30.000  81.341 0.0000000000
64578  4.106  -30.448  78.924 0.0000000000
65464  11.906  -30.558  88.986 0.0000000000
65476  13.854  -30.346  89.035 0.0000000000
65477  13.366  -30.386  88.770 0.0000000000
65498  13.048  -30.434  88.229 0.0000000000
65532  12.100  -29.426  86.236 0.0000000000
65541  12.041  -29.484  86.019 0.0000000000
65565  5.012  -29.531  81.288 0.0000000000
65575  5.103  -30.306  80.644 0.0000000000
65595  4.725  -29.215  77.942 0.0000000000
65621  6.402  -29.705  75.254 0.0000000000
65623  5.000  -29.600  75.242 0.0000000000
65638  6.366  -29.836  75.001 0.0000000000
65681  10.290  -28.633  70.694 0.0000000000
65694  10.123  -28.449  70.227 0.0000000000
65695  9.660  -28.768  70.077 0.0000000000
65697  7.488  -29.378  71.086 0.0000000000
65698  7.437  -29.517  71.313 0.0000000000
65699  5.613  -30.907  71.030 0.0000000000
65707  9.480  -28.708  69.696 0.0000000000
65727  6.427  -30.284  69.241 0.0000000000
66533  9.147  -29.892  86.967 0.0000000000
66640  7.430  -28.440  81.803 0.0000000000
66642  6.437  -28.880  82.444 0.0000000000
66659  7.222  -28.309  81.556 0.0000000000
66660  7.123  -28.413  81.731 0.0000000000
66680  4.849  -29.051  80.805 0.0000000000
66693  4.929  -28.143  79.718 0.0000000000
66694  4.777  -28.425  79.789 0.0000000000
66742  8.438  -28.336  77.510 0.0000000000
66747  3.327  -29.429  78.291 0.0000000000
66748  2.938  -29.353  78.423 0.0000000000
66770  5.934  -29.719  75.470 0.0000000000
66773  4.918  -30.226  74.660 0.0000000000
66781  11.055  -27.854  74.322 0.0000000000
66784  7.051  -29.787  74.291 0.0000000000
66785  6.901  -29.879  74.399 0.0000000000
66803  7.137  -29.904  74.155 0.0000000000
66838  8.046  -28.973  70.819 0.0000000000
66839  7.978  -29.037  71.053 0.0000000000
66843  5.558  -30.962  72.095 0.0000000000
66862  5.802  -30.743  71.405 0.0000000000
66891  6.441  -30.256  69.857 0.0000000000
66899  9.169  -27.611  67.613 0.0000000000
67764  8.188  -27.646  81.430 0.0000000000
67776  7.934  -27.229  81.301 0.0000000000
67778  7.321  -28.069  81.255 0.0000000000
67792  4.939  -28.452  80.232 0.0000000000
67793  4.837  -28.615  80.385 0.0000000000
67808  5.287  -27.811  79.295 0.0000000000
67810  2.944  -29.173  79.217 0.0000000000
67826  3.096  -28.723  78.728 0.0000000000
67827  2.822  -29.133  78.897 0.0000000000
67842  7.172  -28.292  78.401 0.0000000000
67844  2.829  -29.004  78.622 0.0000000000
67868  11.157  -27.326  74.304 0.0000000000
67881  11.269  -27.288  73.501 0.0000000000
67924  10.445  -27.357  69.555 0.0000000000
67925  10.104  -27.557  69.233 0.0000000000
67935  10.430  -27.149  69.002 0.0000000000
67944  9.476  -27.213  67.792 0.0000000000
67954  8.471  -27.034  66.799 0.0000000000
68832  7.675  -28.590  83.087 0.0000000000
68854  6.523  -28.321  81.629 0.0000000000
68862  8.110  -27.085  81.377 0.0000000000
68863  7.892  -26.841  81.203 0.0000000000
68865  6.534  -28.278  81.285 0.0000000000
68866  6.079  -28.395  80.946 0.0000000000
68877  7.374  -27.549  80.778 0.0000000000
68878  6.443  -28.259  80.054 0.0000000000
68898  5.711  -27.970  79.708 0.0000000000
68932  7.384  -28.071  78.671 0.0000000000
68990  9.031  -25.702  72.090 0.0000000000
69002  8.854  -25.477  71.830 0.0000000000
69042  10.164  -26.663  68.764 0.0000000000
69930  9.811  -26.643  81.950 0.0000000000
69949  6.987  -27.987  80.820 0.0000000000
69965  6.391  -28.327  80.639 0.0000000000
69996  9.261  -25.527  78.832 0.0000000000
69998  6.950  -28.116  79.729 0.0000000000
70084  8.443  -25.146  71.724 0.0000000000
70107  10.039  -25.979  68.990 0.0000000000
70140  8.953  -25.837  67.863 0.0000000000
70981  9.513  -26.189  81.776 0.0000000000
70982  9.198  -26.294  81.781 0.0000000000
71011  10.784  -25.106  79.734 0.0000000000
71013  8.571  -25.635  80.531 0.0000000000
71020  11.337  -24.869  79.152 0.0000000000
71098  8.938  -24.846  72.644 0.0000000000
71128  8.631  -24.810  71.331 0.0000000000
71143  9.075  -24.741  70.924 0.0000000000
71144  8.586  -24.642  70.814 0.0000000000
71180  4.763  -23.229  68.629 0.0000000000
71181  4.072  -23.279  68.681 0.0000000000
71200  3.760  -23.337  68.270 0.0000000000
72115  9.465  -24.500  80.515 0.0000000000
72122  10.661  -24.642  79.223 0.0000000000
72134  10.853  -24.842  79.379 0.0000000000
72193  10.523  -23.934  75.922 0.0000000000
72275  4.863  -23.242  69.474 0.0000000000
72292  4.533  -23.388  68.188 0.0000000000
72293  3.292  -23.246  68.626 0.0000000000
72294  2.874  -22.933  68.578 0.0000000000
72308  3.312  -23.188  68.078 0.0000000000
72309  2.917  -23.143  68.331 0.0000000000
73325  10.294  -24.741  79.215 0.0000000000
73326  9.985  -24.729  79.268 0.0000000000
73332  10.955  -24.334  78.858 0.0000000000
73333  10.651  -24.483  78.886 0.0000000000
73334  10.215  -24.735  78.932 0.0000000000
73339  11.083  -24.328  78.588 0.0000000000
73341  10.469  -24.505  78.728 0.0000000000
73350  11.598  -23.541  77.188 0.0000000000
73389  10.533  -23.227  75.415 0.0000000000
75653  12.570  -21.054  73.317 0.0000000000
143965  5.212  -32.449  73.847 0.0000000000
143970  5.242  -32.019  73.798 0.0000000000
