#!ascii label  , from subject 3817 vox2ras=TkReg
921
47786  28.892  -45.519  78.756 0.0000000000
72377  47.581  -23.986  62.506 0.0000000000
72444  55.535  -23.353  58.928 0.0000000000
62540  48.001  -32.104  71.183 0.0000000000
51027  35.796  -43.803  74.585 0.0000000000
45734  32.877  -46.316  76.557 0.0000000000
73569  51.668  -23.713  61.478 0.0000000000
73479  51.346  -23.803  66.658 0.0000000000
57599  45.336  -36.183  70.861 0.0000000000
48976  40.264  -43.158  72.382 0.0000000000
79343  58.412  -17.383  50.556 0.0000000000
76956  56.273  -20.455  55.597 0.0000000000
65704  45.497  -29.619  68.504 0.0000000000
71136  47.615  -25.567  69.588 0.0000000000
49977  33.161  -44.002  77.147 0.0000000000
46733  30.765  -45.706  77.614 0.0000000000
73557  49.745  -23.984  62.292 0.0000000000
73520  51.569  -23.833  64.508 0.0000000000
73499  49.909  -23.631  64.928 0.0000000000
52346  44.839  -39.942  68.541 0.0000000000
46794  37.082  -46.192  74.827 0.0000000000
51024  37.971  -43.362  73.364 0.0000000000
46850  37.542  -44.752  72.642 0.0000000000
80567  58.297  -17.069  51.952 0.0000000000
77044  57.459  -19.411  51.447 0.0000000000
78170  57.712  -19.056  53.543 0.0000000000
73612  54.612  -22.940  57.852 0.0000000000
75810  54.068  -21.546  55.897 0.0000000000
74661  56.220  -21.986  57.134 0.0000000000
73648  56.146  -22.614  55.575 0.0000000000
72522  55.607  -23.531  56.803 0.0000000000
60061  46.449  -33.838  71.275 0.0000000000
62555  45.352  -32.601  70.137 0.0000000000
64622  46.143  -30.620  71.651 0.0000000000
69017  45.678  -27.253  69.063 0.0000000000
67872  47.347  -28.002  71.877 0.0000000000
68991  49.239  -26.198  70.590 0.0000000000
64637  48.520  -30.432  69.737 0.0000000000
48919  35.079  -44.882  76.649 0.0000000000
72468  52.452  -24.318  58.960 0.0000000000
73580  53.912  -23.291  60.748 0.0000000000
73537  54.196  -23.975  62.453 0.0000000000
70171  53.031  -25.447  64.089 0.0000000000
53349  43.744  -40.790  71.107 0.0000000000
54368  45.028  -39.341  70.147 0.0000000000
55453  46.391  -37.632  69.393 0.0000000000
57673  47.581  -35.782  68.932 0.0000000000
60179  48.250  -33.734  67.529 0.0000000000
53351  41.199  -41.500  70.876 0.0000000000
50046  42.148  -42.575  71.097 0.0000000000
79380  57.328  -17.302  48.428 0.0000000000
78159  56.016  -19.216  53.886 0.0000000000
74694  57.900  -21.004  54.946 0.0000000000
73674  54.840  -21.982  54.078 0.0000000000
72314  47.536  -24.514  65.919 0.0000000000
72280  49.460  -23.813  68.313 0.0000000000
70098  50.477  -25.244  68.420 0.0000000000
45699  28.555  -46.358  78.785 0.0000000000
46734  30.016  -45.883  78.190 0.0000000000
45724  29.913  -46.996  77.897 0.0000000000
73545  48.388  -23.785  62.825 0.0000000000
73523  49.228  -23.535  63.734 0.0000000000
72355  48.798  -23.528  64.009 0.0000000000
46830  37.075  -45.210  73.431 0.0000000000
80569  56.965  -17.332  52.215 0.0000000000
80553  57.800  -17.585  52.489 0.0000000000
79296  57.449  -18.050  53.258 0.0000000000
74641  55.664  -22.880  58.623 0.0000000000
74662  55.776  -22.328  57.542 0.0000000000
73600  56.122  -22.812  58.257 0.0000000000
72521  56.156  -23.092  57.122 0.0000000000
61336  47.150  -32.911  71.401 0.0000000000
62536  46.009  -32.241  71.859 0.0000000000
63589  46.824  -31.361  71.916 0.0000000000
66793  46.566  -28.894  71.996 0.0000000000
65640  47.576  -30.068  71.493 0.0000000000
65657  48.454  -28.822  71.071 0.0000000000
64632  48.318  -31.036  70.638 0.0000000000
49976  33.961  -44.442  76.629 0.0000000000
46765  33.523  -45.897  76.407 0.0000000000
45765  34.492  -46.250  75.766 0.0000000000
73584  50.913  -23.765  60.378 0.0000000000
72448  51.185  -23.978  59.388 0.0000000000
73595  51.535  -23.769  59.912 0.0000000000
73593  53.647  -23.208  59.922 0.0000000000
73581  53.436  -23.232  60.693 0.0000000000
73566  53.661  -23.545  61.417 0.0000000000
73553  52.800  -23.386  62.552 0.0000000000
73496  51.827  -23.648  65.847 0.0000000000
72353  52.525  -23.897  64.676 0.0000000000
71202  52.276  -24.409  65.936 0.0000000000
70144  52.067  -25.676  65.622 0.0000000000
70126  51.672  -25.360  66.392 0.0000000000
51105  43.852  -40.859  70.924 0.0000000000
53347  44.362  -40.180  70.554 0.0000000000
52315  44.693  -40.814  69.814 0.0000000000
54418  45.490  -39.032  68.629 0.0000000000
56534  47.415  -36.445  69.347 0.0000000000
50024  38.977  -43.034  72.727 0.0000000000
52259  39.371  -41.870  72.302 0.0000000000
52257  40.627  -41.946  72.298 0.0000000000
52255  42.008  -41.963  71.745 0.0000000000
48990  41.186  -43.082  71.924 0.0000000000
82903  58.405  -15.732  50.445 0.0000000000
79359  57.960  -17.285  49.457 0.0000000000
75906  56.829  -20.170  51.855 0.0000000000
75827  55.631  -21.144  55.701 0.0000000000
76977  53.631  -20.570  54.832 0.0000000000
76975  55.484  -20.338  55.272 0.0000000000
78160  55.200  -19.004  54.082 0.0000000000
76974  56.465  -19.849  54.812 0.0000000000
76973  57.255  -19.906  54.772 0.0000000000
75825  57.423  -20.780  55.324 0.0000000000
73649  55.555  -22.879  55.415 0.0000000000
73661  56.188  -22.201  54.771 0.0000000000
56518  44.748  -37.521  70.129 0.0000000000
58830  44.852  -35.523  69.876 0.0000000000
63613  45.485  -31.600  68.834 0.0000000000
62568  45.083  -32.374  68.498 0.0000000000
70089  46.464  -26.701  70.006 0.0000000000
70116  45.594  -26.672  67.860 0.0000000000
71170  46.812  -25.793  67.600 0.0000000000
72315  46.704  -25.219  66.162 0.0000000000
71184  47.364  -25.126  67.886 0.0000000000
72281  48.603  -24.105  67.855 0.0000000000
72249  48.664  -24.698  69.643 0.0000000000
67915  49.418  -27.268  69.801 0.0000000000
70086  49.789  -25.566  69.781 0.0000000000
69015  49.305  -26.865  69.290 0.0000000000
69047  49.941  -26.179  67.402 0.0000000000
48887  32.010  -44.665  77.817 0.0000000000
45722  31.510  -46.200  77.087 0.0000000000
45768  31.376  -46.502  76.041 0.0000000000
45737  30.242  -46.399  77.162 0.0000000000
73556  50.730  -24.053  62.374 0.0000000000
73555  51.694  -24.038  62.455 0.0000000000
73542  50.717  -24.065  63.395 0.0000000000
73521  50.713  -23.819  64.319 0.0000000000
73481  50.537  -23.324  66.261 0.0000000000
49990  36.887  -44.485  75.201 0.0000000000
51045  37.283  -43.181  73.475 0.0000000000
48951  38.143  -44.526  74.644 0.0000000000
47858  38.554  -44.662  73.871 0.0000000000
47881  38.586  -43.848  72.518 0.0000000000
47911  39.716  -43.488  71.297 0.0000000000
47913  38.491  -43.788  71.338 0.0000000000
80580  58.574  -16.862  51.442 0.0000000000
78216  58.255  -18.214  50.979 0.0000000000
79312  58.242  -17.688  52.059 0.0000000000
77027  58.008  -19.222  52.343 0.0000000000
77012  57.555  -20.076  53.215 0.0000000000
73629  53.801  -23.117  56.860 0.0000000000
73628  54.943  -22.502  56.949 0.0000000000
74680  55.622  -21.758  56.506 0.0000000000
74679  56.407  -21.557  56.296 0.0000000000
74678  56.806  -21.489  55.880 0.0000000000
73609  56.662  -22.067  56.485 0.0000000000
72552  56.042  -23.029  56.381 0.0000000000
58795  45.629  -35.171  70.991 0.0000000000
60075  45.406  -34.403  70.660 0.0000000000
61355  45.624  -33.420  71.094 0.0000000000
63595  46.034  -31.711  71.150 0.0000000000
64638  45.969  -30.133  69.716 0.0000000000
66867  45.234  -28.659  69.067 0.0000000000
66829  46.171  -28.759  71.097 0.0000000000
68993  46.689  -27.385  70.884 0.0000000000
70061  47.482  -26.737  71.103 0.0000000000
71101  48.762  -25.453  70.907 0.0000000000
67870  48.248  -27.152  71.220 0.0000000000
66828  48.768  -27.970  70.510 0.0000000000
65701  48.577  -29.385  69.436 0.0000000000
50014  32.622  -43.736  75.507 0.0000000000
50012  34.367  -44.188  75.465 0.0000000000
50011  35.205  -44.139  75.253 0.0000000000
47826  35.655  -45.323  76.152 0.0000000000
46812  35.585  -46.320  75.173 0.0000000000
73614  53.185  -23.795  58.572 0.0000000000
74643  54.430  -23.217  59.654 0.0000000000
73591  55.168  -23.277  59.480 0.0000000000
72425  54.860  -23.982  60.358 0.0000000000
71278  54.744  -24.835  61.635 0.0000000000
70206  54.440  -25.107  62.422 0.0000000000
73539  53.179  -23.585  63.354 0.0000000000
71232  53.721  -24.613  63.144 0.0000000000
53390  43.002  -40.155  70.283 0.0000000000
54370  43.874  -39.620  70.315 0.0000000000
55429  44.729  -38.340  70.248 0.0000000000
55427  45.374  -37.948  70.271 0.0000000000
53388  44.848  -40.011  69.302 0.0000000000
55440  45.551  -38.445  70.051 0.0000000000
56495  46.033  -36.760  70.611 0.0000000000
57596  46.645  -35.677  70.479 0.0000000000
58804  47.183  -34.762  70.075 0.0000000000
60092  47.724  -33.764  69.727 0.0000000000
61397  48.133  -33.065  69.399 0.0000000000
60135  48.185  -34.096  68.255 0.0000000000
53350  42.409  -41.399  71.203 0.0000000000
51085  43.490  -41.176  71.349 0.0000000000
51129  43.263  -42.121  69.740 0.0000000000
49014  41.187  -43.279  70.599 0.0000000000
49049  42.278  -43.099  69.636 0.0000000000
80623  58.083  -16.772  48.225 0.0000000000
79297  56.635  -18.040  53.306 0.0000000000
79286  57.116  -18.532  53.675 0.0000000000
76990  57.995  -20.372  54.380 0.0000000000
74721  57.318  -21.070  53.581 0.0000000000
74695  57.151  -21.480  55.308 0.0000000000
74710  56.331  -21.839  54.293 0.0000000000
74722  56.556  -21.439  53.574 0.0000000000
61386  44.724  -34.008  69.124 0.0000000000
72331  46.739  -24.882  65.117 0.0000000000
72330  47.561  -24.146  64.877 0.0000000000
72313  48.310  -23.984  65.613 0.0000000000
73468  49.854  -23.145  66.970 0.0000000000
73451  50.429  -23.621  67.833 0.0000000000
72235  49.429  -24.992  70.334 0.0000000000
72264  50.195  -24.421  69.074 0.0000000000
72262  50.755  -24.486  67.881 0.0000000000
69028  50.926  -25.776  67.192 0.0000000000
63611  48.024  -32.189  69.081 0.0000000000
64653  48.237  -30.956  68.135 0.0000000000
46716  29.153  -45.911  78.559 0.0000000000
46717  28.462  -45.852  79.101 0.0000000000
47802  29.673  -45.328  78.362 0.0000000000
45698  29.456  -46.345  78.404 0.0000000000
72356  47.857  -23.873  63.698 0.0000000000
80554  57.373  -17.563  52.732 0.0000000000
79313  56.209  -17.734  52.422 0.0000000000
73590  55.696  -23.078  58.758 0.0000000000
72466  55.925  -23.203  58.508 0.0000000000
72493  56.182  -23.196  57.951 0.0000000000
72467  55.616  -23.744  58.589 0.0000000000
62533  47.415  -32.368  71.296 0.0000000000
62534  46.926  -32.156  71.521 0.0000000000
63588  47.477  -31.397  71.446 0.0000000000
64613  47.194  -30.604  71.676 0.0000000000
63593  48.081  -31.401  71.109 0.0000000000
64621  47.835  -30.567  71.282 0.0000000000
62548  48.430  -31.757  71.172 0.0000000000
45720  33.010  -46.176  76.738 0.0000000000
46749  32.973  -45.794  76.906 0.0000000000
45733  33.217  -46.155  76.441 0.0000000000
45749  32.810  -46.329  76.057 0.0000000000
73583  51.653  -23.647  60.608 0.0000000000
73582  52.592  -23.375  60.680 0.0000000000
73568  52.568  -23.615  61.526 0.0000000000
73567  53.179  -23.518  61.514 0.0000000000
72327  52.319  -23.891  65.315 0.0000000000
72311  52.062  -23.976  66.232 0.0000000000
71201  52.053  -24.786  66.168 0.0000000000
72295  51.687  -24.354  66.521 0.0000000000
50058  44.317  -41.451  69.819 0.0000000000
52297  44.425  -40.536  70.440 0.0000000000
51127  44.539  -41.272  69.649 0.0000000000
50023  39.808  -43.021  72.598 0.0000000000
51042  39.521  -42.649  72.569 0.0000000000
52240  39.885  -42.033  72.188 0.0000000000
52258  39.817  -42.023  72.390 0.0000000000
51064  40.672  -42.197  72.279 0.0000000000
51063  41.294  -42.163  71.928 0.0000000000
48975  40.916  -43.026  72.210 0.0000000000
80595  58.719  -16.953  50.676 0.0000000000
81811  58.597  -16.164  49.944 0.0000000000
80596  58.540  -17.156  50.262 0.0000000000
80611  58.451  -16.701  49.716 0.0000000000
76957  55.920  -20.647  55.703 0.0000000000
75826  56.858  -20.360  55.324 0.0000000000
75807  56.742  -20.978  55.728 0.0000000000
72570  54.481  -23.230  55.166 0.0000000000
73662  55.217  -22.468  54.731 0.0000000000
57619  45.057  -36.325  70.553 0.0000000000
57651  44.922  -36.393  70.116 0.0000000000
58829  45.060  -35.418  70.452 0.0000000000
64647  45.429  -30.645  68.247 0.0000000000
65713  45.292  -29.846  67.662 0.0000000000
70088  47.087  -26.063  69.722 0.0000000000
70100  46.838  -26.011  68.646 0.0000000000
71169  47.115  -25.499  68.192 0.0000000000
71185  46.962  -25.352  67.350 0.0000000000
71168  47.619  -25.189  68.590 0.0000000000
72282  48.012  -25.006  68.062 0.0000000000
71152  47.798  -25.230  69.219 0.0000000000
67926  48.851  -27.903  69.193 0.0000000000
69030  48.852  -27.147  68.756 0.0000000000
69049  48.549  -27.263  67.930 0.0000000000
48888  31.263  -44.574  77.960 0.0000000000
47800  31.392  -45.145  77.611 0.0000000000
46732  31.697  -45.687  77.406 0.0000000000
45709  31.025  -45.952  77.310 0.0000000000
45736  31.155  -46.257  76.851 0.0000000000
45723  30.582  -46.202  77.333 0.0000000000
73572  48.686  -23.701  61.424 0.0000000000
72407  49.203  -23.774  60.704 0.0000000000
73571  49.518  -23.818  61.451 0.0000000000
73570  50.628  -23.835  61.333 0.0000000000
73543  49.835  -23.933  63.237 0.0000000000
72354  49.265  -23.434  64.020 0.0000000000
73522  49.829  -23.431  64.020 0.0000000000
73498  50.667  -23.610  65.318 0.0000000000
73482  49.775  -23.511  66.038 0.0000000000
48935  36.944  -45.013  75.344 0.0000000000
49989  37.579  -44.553  75.140 0.0000000000
47860  37.808  -45.332  74.972 0.0000000000
46829  37.708  -44.827  73.423 0.0000000000
47872  38.168  -44.951  73.795 0.0000000000
46828  37.870  -44.595  73.059 0.0000000000
47871  38.447  -44.139  73.327 0.0000000000
47895  38.067  -44.137  71.808 0.0000000000
47912  39.091  -43.561  71.272 0.0000000000
81782  57.793  -16.579  51.576 0.0000000000
81781  58.068  -16.444  51.461 0.0000000000
81780  58.432  -16.581  51.368 0.0000000000
80566  58.528  -16.885  51.747 0.0000000000
79311  58.478  -17.090  51.774 0.0000000000
79295  57.851  -18.149  52.843 0.0000000000
78187  57.980  -18.670  52.742 0.0000000000
77028  57.594  -19.832  52.636 0.0000000000
77011  57.691  -19.735  53.583 0.0000000000
73627  55.498  -22.352  57.082 0.0000000000
74660  56.543  -21.908  56.645 0.0000000000
72553  55.576  -23.285  55.929 0.0000000000
72523  55.120  -23.618  56.417 0.0000000000
60062  45.924  -34.141  71.177 0.0000000000
60063  45.655  -34.290  70.979 0.0000000000
61370  45.901  -33.668  71.366 0.0000000000
63591  45.940  -31.499  71.960 0.0000000000
64627  46.184  -30.525  70.946 0.0000000000
63607  46.047  -31.029  70.097 0.0000000000
65676  46.031  -29.536  70.681 0.0000000000
65660  46.240  -29.645  71.342 0.0000000000
66792  47.029  -28.767  72.125 0.0000000000
67874  46.600  -28.513  71.818 0.0000000000
67885  46.882  -27.754  71.578 0.0000000000
68992  47.006  -27.237  71.157 0.0000000000
68978  47.265  -27.263  71.363 0.0000000000
70048  47.799  -26.660  71.283 0.0000000000
67871  48.022  -27.813  71.666 0.0000000000
65674  48.460  -29.384  70.636 0.0000000000
66809  48.520  -28.137  71.043 0.0000000000
65688  48.498  -29.440  70.034 0.0000000000
66846  48.621  -28.618  70.110 0.0000000000
49996  31.918  -43.734  76.335 0.0000000000
49995  32.949  -43.776  76.463 0.0000000000
48920  34.246  -44.746  76.898 0.0000000000
49993  34.541  -44.396  76.021 0.0000000000
49992  35.299  -44.567  75.872 0.0000000000
48937  35.578  -44.883  76.059 0.0000000000
48918  35.535  -45.076  76.367 0.0000000000
72497  51.903  -24.094  57.793 0.0000000000
73603  52.961  -24.195  59.054 0.0000000000
74635  53.822  -23.182  60.234 0.0000000000
73592  54.149  -23.277  59.616 0.0000000000
74633  54.526  -23.252  59.971 0.0000000000
73579  54.353  -23.560  60.582 0.0000000000
73552  53.565  -23.801  62.347 0.0000000000
73564  54.153  -24.185  61.744 0.0000000000
72390  53.991  -24.045  62.018 0.0000000000
70217  54.803  -25.007  61.896 0.0000000000
71252  54.173  -24.770  62.667 0.0000000000
73541  51.680  -24.058  63.511 0.0000000000
73540  52.494  -23.846  63.524 0.0000000000
72326  52.664  -24.156  64.824 0.0000000000
71233  53.155  -24.500  63.931 0.0000000000
70170  53.632  -24.954  63.273 0.0000000000
53373  43.112  -40.579  70.606 0.0000000000
54350  43.901  -40.024  70.521 0.0000000000
53372  44.573  -40.006  70.296 0.0000000000
54349  44.353  -39.529  70.374 0.0000000000
54348  44.723  -39.307  70.261 0.0000000000
55428  45.028  -37.853  70.353 0.0000000000
54347  45.190  -38.825  70.238 0.0000000000
52331  44.801  -40.285  68.899 0.0000000000
53425  45.053  -39.693  68.613 0.0000000000
55468  45.905  -38.288  68.987 0.0000000000
55454  45.612  -38.591  69.535 0.0000000000
55439  46.307  -37.690  69.888 0.0000000000
56517  46.022  -37.514  70.222 0.0000000000
56494  46.460  -36.250  70.637 0.0000000000
56516  46.621  -36.612  70.177 0.0000000000
56546  47.500  -36.602  68.922 0.0000000000
57618  47.114  -35.602  70.068 0.0000000000
57649  47.398  -35.471  69.493 0.0000000000
60071  47.518  -33.986  70.183 0.0000000000
58828  47.577  -34.534  69.404 0.0000000000
60115  48.011  -33.971  69.265 0.0000000000
58874  47.584  -34.826  68.294 0.0000000000
51025  37.522  -43.579  73.935 0.0000000000
51066  37.844  -42.797  72.664 0.0000000000
53352  40.498  -41.544  71.305 0.0000000000
53376  40.690  -41.314  70.695 0.0000000000
53375  41.411  -41.240  70.698 0.0000000000
53374  42.359  -40.826  70.722 0.0000000000
51086  42.399  -42.017  71.520 0.0000000000
51107  42.960  -42.134  70.728 0.0000000000
50052  42.560  -42.574  70.343 0.0000000000
49004  40.403  -43.354  70.961 0.0000000000
50068  42.848  -42.622  69.096 0.0000000000
79379  58.011  -16.984  48.710 0.0000000000
79381  56.606  -17.578  48.190 0.0000000000
78205  58.071  -18.806  51.304 0.0000000000
74682  53.291  -22.065  56.025 0.0000000000
74698  53.036  -21.623  55.504 0.0000000000
75829  53.581  -21.102  55.450 0.0000000000
78173  55.779  -18.679  53.467 0.0000000000
78172  56.328  -18.762  53.623 0.0000000000
78158  56.691  -19.123  53.967 0.0000000000
75824  58.404  -20.573  54.989 0.0000000000
75847  58.157  -19.796  54.873 0.0000000000
74707  58.741  -20.865  54.736 0.0000000000
74720  57.634  -20.900  54.098 0.0000000000
74708  57.684  -21.104  54.485 0.0000000000
73625  56.744  -22.035  55.853 0.0000000000
73647  56.691  -22.007  55.119 0.0000000000
74711  55.860  -22.034  54.436 0.0000000000
74723  55.477  -21.590  53.854 0.0000000000
61371  45.425  -33.390  70.501 0.0000000000
60093  45.133  -34.517  70.117 0.0000000000
61385  45.109  -33.603  69.681 0.0000000000
67917  45.115  -27.821  69.010 0.0000000000
70131  45.388  -26.354  66.870 0.0000000000
72357  46.776  -24.542  64.042 0.0000000000
73469  49.127  -23.513  66.912 0.0000000000
73453  49.396  -23.492  67.584 0.0000000000
73452  49.953  -23.427  67.725 0.0000000000
73438  50.030  -23.710  68.362 0.0000000000
71100  48.922  -25.205  70.881 0.0000000000
71116  49.187  -25.103  70.538 0.0000000000
71115  49.324  -25.291  70.541 0.0000000000
70099  50.157  -25.530  69.131 0.0000000000
71151  50.358  -24.926  69.193 0.0000000000
72263  50.547  -24.390  68.329 0.0000000000
71150  50.656  -24.771  68.126 0.0000000000
70111  51.013  -25.422  67.203 0.0000000000
70112  50.589  -25.590  67.632 0.0000000000
69064  49.342  -26.436  66.798 0.0000000000
61410  48.294  -33.398  68.573 0.0000000000
62559  48.102  -32.575  69.250 0.0000000000
62566  48.244  -32.651  68.395 0.0000000000
47801  30.537  -45.203  77.830 0.0000000000
45710  30.236  -46.419  77.999 0.0000000000
45711  29.224  -46.772  78.378 0.0000000000
73559  48.175  -23.718  61.992 0.0000000000
73558  48.903  -23.683  62.177 0.0000000000
73544  49.094  -23.760  63.003 0.0000000000
72328  49.252  -23.649  64.456 0.0000000000
45781  36.754  -46.024  74.471 0.0000000000
46810  37.138  -45.450  74.284 0.0000000000
45807  36.572  -45.464  73.508 0.0000000000
46851  36.870  -45.275  72.805 0.0000000000
80568  57.760  -17.040  52.036 0.0000000000
80552  58.052  -17.586  52.323 0.0000000000
74651  54.917  -22.871  58.703 0.0000000000
74663  55.266  -22.679  57.918 0.0000000000
74650  55.557  -22.697  58.338 0.0000000000
74649  56.071  -22.388  57.976 0.0000000000
73610  56.298  -22.449  57.290 0.0000000000
60046  46.994  -33.494  71.334 0.0000000000
61353  46.187  -33.335  71.580 0.0000000000
61337  46.597  -32.921  71.597 0.0000000000
63590  46.257  -31.401  72.151 0.0000000000
64615  46.249  -30.594  71.959 0.0000000000
65643  46.451  -29.706  71.572 0.0000000000
64614  46.686  -30.550  71.810 0.0000000000
65641  47.248  -29.568  71.721 0.0000000000
66811  47.812  -29.097  71.677 0.0000000000
66790  48.002  -28.214  71.792 0.0000000000
65658  48.082  -29.543  71.363 0.0000000000
64626  48.236  -30.370  70.900 0.0000000000
64631  48.426  -30.314  70.426 0.0000000000
48921  33.461  -44.584  77.008 0.0000000000
47829  33.694  -44.960  76.936 0.0000000000
46764  34.401  -45.675  76.393 0.0000000000
46763  35.184  -45.855  76.367 0.0000000000
46780  34.071  -45.932  76.181 0.0000000000
72427  49.735  -23.966  59.946 0.0000000000
72426  50.543  -23.882  59.913 0.0000000000
72447  51.985  -24.020  59.410 0.0000000000
72446  52.476  -24.050  59.364 0.0000000000
73594  52.519  -23.630  59.794 0.0000000000
73519  52.332  -23.782  64.536 0.0000000000
71219  52.412  -24.222  65.550 0.0000000000
71218  52.578  -24.783  65.222 0.0000000000
70158  52.473  -25.305  65.043 0.0000000000
70143  52.179  -25.393  65.745 0.0000000000
69044  51.823  -25.731  66.057 0.0000000000
69045  51.514  -25.985  66.415 0.0000000000
51084  44.084  -40.877  71.186 0.0000000000
53348  44.213  -40.385  70.698 0.0000000000
52273  43.952  -40.613  70.877 0.0000000000
55467  46.568  -37.529  68.980 0.0000000000
56535  46.826  -36.924  69.583 0.0000000000
56547  47.038  -37.023  69.190 0.0000000000
50025  38.489  -43.287  73.023 0.0000000000
51044  38.366  -42.987  72.907 0.0000000000
51043  39.102  -43.039  72.828 0.0000000000
53335  39.406  -41.594  72.095 0.0000000000
53334  39.879  -41.873  71.890 0.0000000000
53333  40.573  -41.967  71.782 0.0000000000
53332  41.143  -41.773  71.590 0.0000000000
50040  41.580  -42.413  71.876 0.0000000000
49002  41.480  -43.020  71.294 0.0000000000
80621  59.104  -16.137  49.122 0.0000000000
79360  57.409  -17.561  49.267 0.0000000000
75828  54.730  -21.312  55.608 0.0000000000
76976  54.257  -20.468  54.997 0.0000000000
76995  54.787  -19.852  54.383 0.0000000000
76994  55.715  -19.631  54.462 0.0000000000
76993  56.272  -19.474  54.314 0.0000000000
78147  57.002  -19.459  54.505 0.0000000000
63608  45.694  -31.585  69.824 0.0000000000
62561  45.176  -32.592  69.316 0.0000000000
63622  45.143  -31.567  68.016 0.0000000000
69016  46.092  -26.979  69.651 0.0000000000
70102  45.630  -26.912  68.465 0.0000000000
70101  46.219  -26.619  68.921 0.0000000000
70115  46.336  -26.300  67.702 0.0000000000
71187  45.973  -26.043  66.650 0.0000000000
71204  46.195  -25.621  66.351 0.0000000000
71203  46.600  -25.412  66.761 0.0000000000
72299  46.944  -25.277  66.838 0.0000000000
72298  47.555  -24.833  67.091 0.0000000000
72297  48.331  -24.053  66.618 0.0000000000
72266  48.966  -24.369  69.004 0.0000000000
67905  49.487  -27.076  70.078 0.0000000000
70072  49.437  -25.615  70.385 0.0000000000
69003  49.503  -26.287  70.169 0.0000000000
69014  49.605  -26.287  69.449 0.0000000000
70113  50.143  -25.759  68.501 0.0000000000
70129  50.270  -25.897  67.742 0.0000000000
69029  49.632  -26.344  68.456 0.0000000000
49978  32.241  -43.856  77.237 0.0000000000
49958  31.861  -44.270  78.039 0.0000000000
49964  32.317  -44.104  77.744 0.0000000000
47799  32.167  -45.102  77.318 0.0000000000
46750  32.296  -45.957  77.276 0.0000000000
45735  32.107  -46.398  76.698 0.0000000000
45750  31.774  -46.443  76.288 0.0000000000
45751  30.865  -46.435  76.537 0.0000000000
72406  50.087  -23.886  60.637 0.0000000000
73497  51.358  -23.574  65.526 0.0000000000
73480  51.066  -23.516  66.440 0.0000000000
51134  44.381  -41.320  69.086 0.0000000000
50010  36.014  -43.979  75.176 0.0000000000
51046  36.288  -43.412  73.723 0.0000000000
50009  36.858  -43.950  74.885 0.0000000000
50008  37.693  -43.982  74.516 0.0000000000
46792  38.086  -45.355  74.413 0.0000000000
50007  38.274  -43.673  73.596 0.0000000000
50006  38.407  -43.587  73.158 0.0000000000
48964  38.730  -43.416  72.707 0.0000000000
48977  39.453  -43.534  72.233 0.0000000000
48991  40.123  -43.469  71.762 0.0000000000
47893  39.678  -43.542  71.626 0.0000000000
47937  38.901  -43.698  70.852 0.0000000000
81792  58.448  -16.478  50.884 0.0000000000
79342  58.646  -17.048  50.807 0.0000000000
79328  58.348  -17.848  51.325 0.0000000000
78204  58.225  -18.483  51.818 0.0000000000
77043  58.111  -19.049  51.715 0.0000000000
75905  57.286  -20.122  52.244 0.0000000000
75886  57.060  -20.613  52.469 0.0000000000
74681  54.521  -21.979  56.179 0.0000000000
73611  55.271  -22.570  57.465 0.0000000000
74697  55.075  -21.666  56.003 0.0000000000
74696  55.312  -21.496  55.897 0.0000000000
75808  56.150  -21.091  55.886 0.0000000000
73626  56.417  -22.538  56.487 0.0000000000
72569  55.173  -23.129  55.394 0.0000000000
58805  45.311  -35.313  70.831 0.0000000000
62549  45.553  -32.578  70.637 0.0000000000
62542  45.850  -32.480  71.545 0.0000000000
62543  45.645  -32.639  71.040 0.0000000000
63602  45.720  -32.015  70.536 0.0000000000
64639  45.808  -30.561  69.160 0.0000000000
66866  45.565  -29.061  69.655 0.0000000000
66848  45.734  -28.544  70.068 0.0000000000
67906  45.968  -27.725  70.062 0.0000000000
66812  46.306  -28.893  71.736 0.0000000000
67897  46.273  -27.930  70.657 0.0000000000
69004  46.253  -27.225  70.240 0.0000000000
70076  46.624  -27.021  70.423 0.0000000000
70075  47.082  -26.772  70.630 0.0000000000
70074  47.723  -25.776  70.653 0.0000000000
71118  48.200  -25.400  70.677 0.0000000000
70060  48.166  -25.765  71.148 0.0000000000
70047  48.266  -26.288  71.251 0.0000000000
68977  48.616  -26.400  71.004 0.0000000000
67884  48.272  -27.685  71.400 0.0000000000
67883  48.526  -27.438  70.959 0.0000000000
67895  49.240  -27.008  70.409 0.0000000000
66845  49.321  -27.830  70.077 0.0000000000
66864  48.882  -28.275  69.648 0.0000000000
51047  35.121  -43.667  74.040 0.0000000000
49994  33.828  -43.966  76.341 0.0000000000
50027  34.175  -44.023  74.660 0.0000000000
51028  35.297  -43.913  74.693 0.0000000000
49991  36.065  -44.490  75.437 0.0000000000
48936  35.997  -45.025  75.623 0.0000000000
46777  36.734  -45.997  75.411 0.0000000000
46778  35.733  -46.079  75.911 0.0000000000
46795  36.190  -46.267  75.230 0.0000000000
45764  36.622  -46.287  74.794 0.0000000000
72524  53.231  -23.555  57.587 0.0000000000
73613  53.562  -23.490  58.110 0.0000000000
73602  53.436  -23.727  59.127 0.0000000000
73601  54.223  -23.354  59.029 0.0000000000
74642  55.093  -22.979  59.135 0.0000000000
72445  55.329  -23.855  59.504 0.0000000000
72424  54.728  -24.409  60.653 0.0000000000
72405  54.468  -24.020  60.900 0.0000000000
72404  54.531  -24.366  61.198 0.0000000000
73554  52.548  -23.788  62.531 0.0000000000
73538  53.753  -23.836  62.771 0.0000000000
73518  52.866  -23.577  63.995 0.0000000000
72376  53.257  -23.778  63.505 0.0000000000
72350  53.996  -24.448  63.104 0.0000000000
70169  53.793  -24.870  62.963 0.0000000000
54387  43.327  -39.659  70.060 0.0000000000
55442  44.382  -38.623  70.128 0.0000000000
54369  44.342  -38.961  70.171 0.0000000000
56497  45.067  -37.215  70.462 0.0000000000
56496  45.386  -36.982  70.572 0.0000000000
52332  44.689  -40.794  69.176 0.0000000000
52314  44.752  -40.371  69.319 0.0000000000
53389  44.646  -39.989  69.786 0.0000000000
54400  45.449  -38.949  68.972 0.0000000000
54385  45.146  -39.582  69.290 0.0000000000
54367  45.214  -39.123  70.124 0.0000000000
57598  45.779  -36.034  71.108 0.0000000000
57597  46.282  -35.797  70.920 0.0000000000
58793  46.434  -34.819  70.688 0.0000000000
57650  47.200  -36.290  69.776 0.0000000000
58792  46.849  -34.832  70.362 0.0000000000
60072  47.221  -34.270  70.500 0.0000000000
61368  47.584  -33.241  70.393 0.0000000000
61367  47.718  -32.687  70.602 0.0000000000
62554  48.143  -32.249  70.128 0.0000000000
60114  47.913  -33.395  69.573 0.0000000000
61398  48.247  -33.741  68.881 0.0000000000
60158  48.319  -33.863  67.880 0.0000000000
58898  47.439  -35.189  67.828 0.0000000000
58897  47.866  -34.429  67.532 0.0000000000
51067  36.968  -42.862  72.893 0.0000000000
52261  37.984  -41.935  72.146 0.0000000000
54371  42.057  -40.467  70.379 0.0000000000
52276  42.245  -41.729  71.504 0.0000000000
52275  42.777  -41.604  71.380 0.0000000000
51106  43.358  -41.345  70.789 0.0000000000
51120  43.643  -41.695  70.183 0.0000000000
50059  43.751  -41.716  69.714 0.0000000000
49003  41.047  -43.204  71.244 0.0000000000
49013  41.725  -42.936  70.804 0.0000000000
49031  41.487  -43.428  70.044 0.0000000000
49030  42.114  -43.142  70.206 0.0000000000
50060  42.906  -42.443  69.435 0.0000000000
47804  28.566  -45.133  79.122 0.0000000000
80637  57.813  -16.635  47.523 0.0000000000
79285  57.369  -18.595  53.580 0.0000000000
78171  57.564  -18.613  53.432 0.0000000000
78146  57.215  -19.553  54.451 0.0000000000
78156  57.604  -19.349  53.859 0.0000000000
75869  57.589  -20.412  53.615 0.0000000000
74736  56.853  -21.038  52.824 0.0000000000
75806  57.043  -21.122  55.652 0.0000000000
73660  56.578  -21.940  54.659 0.0000000000
74709  57.020  -21.666  54.530 0.0000000000
74737  55.813  -20.776  52.702 0.0000000000
72378  46.772  -24.307  62.938 0.0000000000
60094  44.783  -34.642  69.443 0.0000000000
72332  45.826  -25.405  65.314 0.0000000000
72329  48.485  -23.845  64.665 0.0000000000
72312  49.150  -23.836  65.324 0.0000000000
73483  48.941  -23.753  66.135 0.0000000000
73467  50.370  -23.317  66.994 0.0000000000
73466  50.820  -23.711  67.202 0.0000000000
71134  48.765  -24.942  70.070 0.0000000000
72248  49.083  -24.595  69.955 0.0000000000
72265  49.693  -24.247  69.049 0.0000000000
71132  49.807  -25.082  70.113 0.0000000000
72246  50.066  -24.757  69.696 0.0000000000
73436  50.490  -24.133  68.359 0.0000000000
73449  50.819  -23.901  67.616 0.0000000000
71183  51.191  -24.375  66.968 0.0000000000
71165  51.146  -24.938  66.984 0.0000000000
70127  51.341  -25.602  66.750 0.0000000000
70128  50.557  -25.836  67.448 0.0000000000
69063  50.306  -26.331  66.449 0.0000000000
63605  48.450  -31.398  70.186 0.0000000000
63612  48.308  -31.418  69.352 0.0000000000
62579  48.209  -32.052  67.929 0.0000000000
63620  48.165  -31.788  68.500 0.0000000000
64645  48.387  -30.531  68.894 0.0000000000
65711  48.454  -29.531  68.701 0.0000000000
45708  31.805  -46.067  77.276 0.0000000000
45721  32.403  -46.251  77.023 0.0000000000
45747  34.309  -46.176  76.016 0.0000000000
45763  36.860  -46.240  74.720 0.0000000000
45780  36.821  -45.626  74.278 0.0000000000
45782  36.033  -46.292  74.652 0.0000000000
45794  36.672  -45.471  74.058 0.0000000000
45795  36.246  -45.840  74.012 0.0000000000
46731  32.405  -45.551  77.173 0.0000000000
46748  33.696  -45.525  76.530 0.0000000000
46776  37.378  -45.763  75.080 0.0000000000
46779  34.685  -46.187  76.126 0.0000000000
46793  37.714  -45.511  74.636 0.0000000000
46809  37.984  -45.324  74.155 0.0000000000
46811  37.014  -46.019  74.506 0.0000000000
46849  37.867  -44.561  72.809 0.0000000000
47814  33.476  -45.291  76.734 0.0000000000
47827  35.187  -45.367  76.573 0.0000000000
47828  34.300  -45.177  76.785 0.0000000000
47841  38.033  -45.101  75.082 0.0000000000
47842  37.319  -45.423  75.308 0.0000000000
47843  36.231  -45.548  75.683 0.0000000000
47844  35.577  -45.662  76.211 0.0000000000
47859  38.292  -45.068  74.420 0.0000000000
47870  38.490  -43.899  72.868 0.0000000000
47882  37.931  -44.513  72.927 0.0000000000
47883  37.957  -44.697  73.431 0.0000000000
47894  39.175  -43.748  71.948 0.0000000000
47935  39.981  -43.437  70.884 0.0000000000
48934  37.739  -44.920  75.291 0.0000000000
48949  39.057  -43.939  73.053 0.0000000000
48950  38.479  -44.155  73.654 0.0000000000
48963  39.578  -43.161  72.571 0.0000000000
48965  38.498  -43.966  73.210 0.0000000000
48989  41.394  -43.026  71.610 0.0000000000
48992  39.608  -43.592  71.975 0.0000000000
49050  41.871  -43.386  69.443 0.0000000000
49975  34.653  -44.648  76.487 0.0000000000
50026  34.868  -43.980  74.846 0.0000000000
50033  41.056  -42.762  72.187 0.0000000000
50034  40.656  -42.577  72.287 0.0000000000
50039  41.683  -42.674  71.579 0.0000000000
50050  44.381  -41.441  70.036 0.0000000000
50051  44.131  -41.496  70.043 0.0000000000
50053  42.879  -42.390  69.928 0.0000000000
50061  42.910  -42.411  69.674 0.0000000000
51026  36.634  -43.730  74.295 0.0000000000
51041  40.072  -42.331  72.277 0.0000000000
51062  41.879  -42.028  72.162 0.0000000000
51087  42.062  -41.998  72.141 0.0000000000
51119  44.292  -41.279  70.224 0.0000000000
51121  43.157  -42.170  70.095 0.0000000000
51122  43.066  -42.284  69.825 0.0000000000
51128  43.501  -41.908  69.905 0.0000000000
51130  43.088  -42.293  69.590 0.0000000000
52241  39.689  -42.295  72.404 0.0000000000
52242  39.146  -42.424  72.585 0.0000000000
52256  41.749  -41.982  71.765 0.0000000000
52274  43.925  -40.988  71.400 0.0000000000
52341  44.882  -40.031  68.767 0.0000000000
53331  41.954  -41.668  71.511 0.0000000000
53391  42.719  -40.204  70.311 0.0000000000
53407  45.082  -39.786  68.975 0.0000000000
53441  44.936  -39.702  68.303 0.0000000000
53442  44.683  -40.040  68.216 0.0000000000
54386  45.188  -39.335  69.766 0.0000000000
55441  45.330  -38.957  70.191 0.0000000000
55443  44.033  -38.888  69.895 0.0000000000
55455  45.419  -38.977  69.974 0.0000000000
55466  47.142  -37.052  68.915 0.0000000000
57617  47.209  -35.164  69.797 0.0000000000
58794  46.014  -34.966  70.933 0.0000000000
58803  47.380  -34.629  69.743 0.0000000000
58852  47.636  -34.809  68.984 0.0000000000
58873  48.086  -34.208  67.892 0.0000000000
58896  48.235  -34.095  67.717 0.0000000000
60047  46.911  -33.273  71.429 0.0000000000
60059  47.410  -33.702  70.686 0.0000000000
60060  47.024  -33.999  71.059 0.0000000000
60073  46.197  -33.582  71.453 0.0000000000
60074  46.106  -33.787  71.344 0.0000000000
60091  47.783  -33.323  69.769 0.0000000000
60136  48.058  -34.254  68.681 0.0000000000
61335  47.366  -32.727  71.266 0.0000000000
61338  46.163  -32.795  71.796 0.0000000000
61350  47.690  -32.636  70.842 0.0000000000
61351  47.524  -32.925  71.036 0.0000000000
61352  47.200  -33.351  71.264 0.0000000000
61354  45.877  -33.316  71.514 0.0000000000
61369  45.985  -33.540  71.486 0.0000000000
61383  47.744  -32.950  69.958 0.0000000000
61384  47.666  -33.401  69.959 0.0000000000
61396  48.017  -32.766  69.457 0.0000000000
61409  48.256  -32.923  69.149 0.0000000000
61411  48.274  -33.897  68.547 0.0000000000
61429  48.232  -33.282  67.912 0.0000000000
62535  46.372  -32.106  71.746 0.0000000000
62539  47.833  -32.447  70.892 0.0000000000
62541  48.251  -31.896  71.215 0.0000000000
62546  48.110  -32.277  70.701 0.0000000000
62547  48.376  -31.910  71.045 0.0000000000
62560  48.104  -32.217  69.581 0.0000000000
62565  48.292  -32.784  68.975 0.0000000000
62567  48.230  -32.219  68.180 0.0000000000
62578  48.162  -32.515  67.859 0.0000000000
63594  48.139  -31.685  71.285 0.0000000000
63596  45.766  -32.255  70.855 0.0000000000
63598  48.376  -31.824  70.681 0.0000000000
63599  48.282  -31.481  70.914 0.0000000000
63600  48.255  -31.594  71.086 0.0000000000
63601  46.054  -31.245  70.488 0.0000000000
63606  48.374  -31.475  70.647 0.0000000000
63619  48.152  -32.361  68.752 0.0000000000
63621  48.208  -32.008  68.238 0.0000000000
63629  48.234  -31.845  68.070 0.0000000000
64612  47.525  -30.654  71.489 0.0000000000
64625  48.384  -30.026  70.677 0.0000000000
64633  46.112  -30.382  70.264 0.0000000000
64634  45.995  -30.756  69.812 0.0000000000
65642  46.685  -29.649  71.699 0.0000000000
65659  47.687  -29.552  71.578 0.0000000000
65675  48.360  -29.533  71.037 0.0000000000
65689  48.508  -29.141  69.952 0.0000000000
65690  45.831  -29.519  69.988 0.0000000000
65702  48.536  -29.254  69.766 0.0000000000
65703  45.690  -29.555  69.360 0.0000000000
66791  47.660  -28.521  71.849 0.0000000000
66810  48.215  -28.357  71.524 0.0000000000
66827  49.277  -27.484  70.236 0.0000000000
66847  48.516  -28.930  70.065 0.0000000000
66849  45.316  -28.162  69.488 0.0000000000
66863  49.328  -27.757  69.830 0.0000000000
66865  48.551  -28.909  69.814 0.0000000000
67873  46.891  -28.111  71.812 0.0000000000
67882  48.942  -26.711  70.689 0.0000000000
67886  46.592  -28.094  71.454 0.0000000000
67896  48.894  -27.266  70.594 0.0000000000
67907  45.563  -27.790  69.595 0.0000000000
67916  49.178  -27.545  69.505 0.0000000000
68964  48.281  -26.664  71.203 0.0000000000
68965  48.048  -26.972  71.292 0.0000000000
68966  47.554  -27.359  71.516 0.0000000000
68967  47.161  -27.612  71.657 0.0000000000
68976  48.997  -26.169  70.800 0.0000000000
68979  47.043  -27.395  71.420 0.0000000000
68980  46.875  -27.555  71.379 0.0000000000
69005  45.919  -27.354  69.747 0.0000000000
69027  51.194  -25.912  66.947 0.0000000000
69046  50.840  -26.097  67.103 0.0000000000
69060  51.971  -25.683  65.845 0.0000000000
70049  47.531  -27.022  71.263 0.0000000000
70058  49.009  -25.625  70.808 0.0000000000
70059  48.625  -25.672  71.013 0.0000000000
70062  47.184  -27.051  71.088 0.0000000000
70073  48.161  -25.434  70.908 0.0000000000
70087  47.667  -25.701  70.022 0.0000000000
70110  51.249  -25.142  66.858 0.0000000000
70114  46.929  -26.022  68.027 0.0000000000
70130  46.054  -26.165  67.014 0.0000000000
70159  52.253  -25.692  65.019 0.0000000000
70188  54.756  -24.924  62.763 0.0000000000
70189  54.276  -25.181  62.884 0.0000000000
70205  54.781  -24.984  62.517 0.0000000000
71099  49.015  -25.233  70.770 0.0000000000
71117  48.703  -25.223  70.633 0.0000000000
71133  49.491  -25.076  70.355 0.0000000000
71135  48.252  -25.316  69.951 0.0000000000
71149  50.754  -24.789  67.829 0.0000000000
71153  47.316  -25.560  69.008 0.0000000000
71166  50.968  -24.762  67.384 0.0000000000
71167  50.746  -25.126  67.753 0.0000000000
71182  51.398  -24.799  66.713 0.0000000000
71186  46.414  -25.744  67.037 0.0000000000
71220  45.884  -25.722  65.770 0.0000000000
71231  53.974  -24.866  62.821 0.0000000000
71251  54.735  -24.948  62.499 0.0000000000
71253  53.536  -24.246  63.356 0.0000000000
71254  53.298  -24.005  63.570 0.0000000000
71267  54.793  -24.998  62.132 0.0000000000
72236  49.194  -24.948  70.334 0.0000000000
72247  49.600  -24.792  70.010 0.0000000000
72267  48.181  -24.656  68.990 0.0000000000
72278  50.884  -24.164  67.600 0.0000000000
72279  50.693  -24.110  68.061 0.0000000000
72296  51.324  -23.983  66.853 0.0000000000
72310  52.076  -24.359  66.255 0.0000000000
72316  46.170  -25.459  65.902 0.0000000000
72351  53.740  -24.262  63.146 0.0000000000
72352  52.930  -23.812  64.059 0.0000000000
72373  54.393  -24.605  62.217 0.0000000000
72374  53.892  -24.096  62.614 0.0000000000
72375  53.655  -23.934  63.167 0.0000000000
72389  54.311  -24.419  61.834 0.0000000000
72469  51.884  -24.238  58.710 0.0000000000
72495  53.160  -23.541  57.936 0.0000000000
73437  50.314  -23.957  68.474 0.0000000000
73450  50.749  -23.910  67.863 0.0000000000
73465  50.978  -23.931  67.311 0.0000000000
73524  48.684  -23.661  63.501 0.0000000000
73550  53.963  -24.127  61.776 0.0000000000
73551  53.806  -24.055  62.221 0.0000000000
73565  54.052  -23.937  61.488 0.0000000000
73596  51.034  -23.777  59.884 0.0000000000
73645  58.890  -21.115  54.864 0.0000000000
73646  58.728  -21.145  55.233 0.0000000000
73658  58.570  -21.108  54.641 0.0000000000
73659  58.424  -21.054  54.831 0.0000000000
73672  58.089  -20.996  54.209 0.0000000000
73673  57.997  -20.990  54.640 0.0000000000
74634  54.041  -23.202  60.221 0.0000000000
74644  53.994  -23.203  60.054 0.0000000000
74693  58.792  -20.954  55.066 0.0000000000
74719  58.115  -20.990  54.488 0.0000000000
74735  57.203  -20.876  52.891 0.0000000000
75809  54.414  -21.605  55.889 0.0000000000
75823  58.798  -20.661  55.019 0.0000000000
75846  58.553  -20.597  54.812 0.0000000000
75867  58.343  -20.420  54.602 0.0000000000
75868  57.743  -20.418  54.022 0.0000000000
75885  57.394  -20.464  52.922 0.0000000000
76972  57.853  -20.160  54.940 0.0000000000
76991  57.661  -19.834  54.189 0.0000000000
76992  57.531  -19.848  54.493 0.0000000000
77010  58.045  -19.997  54.223 0.0000000000
78157  57.330  -19.276  54.017 0.0000000000
79327  58.571  -17.186  51.327 0.0000000000
82871  58.254  -16.013  51.124 0.0000000000
82872  58.218  -16.325  51.183 0.0000000000
