#!ascii label  , from subject 3606 vox2ras=TkReg
1759
63244  -32.205  -24.712  64.623 0.0000000000
77944  -47.878  -13.115  41.890 0.0000000000
80097  -36.753  -10.742  54.617 0.0000000000
55348  -0.233  -33.330  63.508 0.0000000000
63192  -17.767  -25.021  67.420 0.0000000000
66768  -0.447  -23.323  61.501 0.0000000000
68891  -0.011  -22.740  68.084 0.0000000000
76850  -42.354  -13.245  48.952 0.0000000000
65639  -3.678  -22.960  56.036 0.0000000000
54014  0.562  -34.367  72.047 0.0000000000
66809  -32.612  -22.456  56.836 0.0000000000
60979  -27.882  -25.844  62.864 0.0000000000
63196  -25.256  -25.297  67.152 0.0000000000
83431  -49.143  -8.392  40.736 0.0000000000
77813  -39.937  -11.999  52.429 0.0000000000
59936  -12.353  -27.842  63.266 0.0000000000
71211  -2.255  -19.282  54.500 0.0000000000
62059  -2.430  -27.557  64.458 0.0000000000
61009  -3.624  -28.678  60.462 0.0000000000
55393  -2.086  -33.339  59.856 0.0000000000
60912  -4.777  -28.714  73.540 0.0000000000
61983  -0.970  -28.127  75.089 0.0000000000
77777  -34.762  -13.712  58.109 0.0000000000
65431  -22.428  -23.577  70.603 0.0000000000
65539  -19.650  -23.251  63.232 0.0000000000
67815  0.439  -22.783  64.703 0.0000000000
62032  -0.455  -27.890  67.582 0.0000000000
75869  -45.761  -14.431  45.279 0.0000000000
58785  -7.154  -29.192  69.907 0.0000000000
58806  -9.366  -28.573  66.577 0.0000000000
65604  -1.952  -23.574  58.284 0.0000000000
61055  -4.545  -28.592  57.398 0.0000000000
67742  -1.606  -22.966  70.716 0.0000000000
60927  0.563  -28.430  70.735 0.0000000000
54078  -0.255  -34.553  67.667 0.0000000000
65542  -33.972  -23.088  63.623 0.0000000000
63285  -31.401  -24.703  61.189 0.0000000000
64456  -33.064  -24.126  60.647 0.0000000000
62086  -30.266  -25.780  63.708 0.0000000000
62128  -29.140  -25.584  61.165 0.0000000000
62043  -29.149  -25.917  65.782 0.0000000000
80197  -47.991  -10.849  41.325 0.0000000000
77941  -45.214  -13.839  41.213 0.0000000000
79070  -46.076  -12.203  39.822 0.0000000000
82318  -47.143  -9.565  39.361 0.0000000000
78924  -38.044  -11.575  53.967 0.0000000000
77803  -33.584  -12.352  54.534 0.0000000000
77810  -35.036  -11.737  52.775 0.0000000000
77847  -36.984  -11.863  50.871 0.0000000000
58834  -1.554  -30.845  64.175 0.0000000000
58858  -1.718  -31.135  62.305 0.0000000000
55364  -1.432  -33.186  62.191 0.0000000000
51791  -3.298  -36.294  59.827 0.0000000000
51768  -2.638  -36.653  62.038 0.0000000000
56469  -4.390  -31.222  71.370 0.0000000000
57631  -3.453  -30.593  73.358 0.0000000000
75729  -35.026  -15.667  59.069 0.0000000000
70053  -33.572  -19.653  59.276 0.0000000000
70074  -32.635  -20.822  56.590 0.0000000000
72340  -33.861  -17.985  58.598 0.0000000000
74736  -33.572  -15.948  57.328 0.0000000000
66662  -25.623  -22.406  71.085 0.0000000000
63250  -24.580  -24.173  63.358 0.0000000000
64406  -23.249  -24.444  65.761 0.0000000000
87588  -48.458  -4.924  38.028 0.0000000000
89481  -47.087  -3.240  38.703 0.0000000000
68914  0.340  -21.786  66.178 0.0000000000
64403  -0.174  -25.185  65.808 0.0000000000
65485  0.824  -24.629  67.450 0.0000000000
76880  -43.878  -13.573  47.152 0.0000000000
75810  -40.125  -13.600  48.231 0.0000000000
74790  -41.140  -14.822  46.421 0.0000000000
74816  -42.981  -15.346  44.599 0.0000000000
63135  -7.744  -26.706  70.093 0.0000000000
60921  -8.802  -27.261  69.785 0.0000000000
70044  -0.215  -20.632  59.510 0.0000000000
68980  -0.514  -21.447  57.907 0.0000000000
66786  -0.870  -23.240  59.759 0.0000000000
58926  -1.806  -30.526  58.274 0.0000000000
61037  -4.065  -28.531  58.401 0.0000000000
58957  -2.320  -30.251  56.515 0.0000000000
66666  -2.115  -23.941  71.091 0.0000000000
57636  -0.803  -31.139  72.258 0.0000000000
61993  0.508  -27.745  73.258 0.0000000000
57656  0.570  -31.290  71.220 0.0000000000
57688  1.099  -31.438  68.936 0.0000000000
54051  -0.147  -34.453  69.773 0.0000000000
66788  -33.847  -22.335  59.845 0.0000000000
64339  -26.381  -23.651  69.983 0.0000000000
63185  -27.502  -25.250  67.818 0.0000000000
62051  -26.097  -25.999  64.852 0.0000000000
85584  -50.004  -5.955  39.646 0.0000000000
84524  -48.291  -7.685  38.283 0.0000000000
77870  -41.111  -12.798  50.165 0.0000000000
76825  -38.880  -12.564  49.248 0.0000000000
62077  -16.598  -25.339  63.770 0.0000000000
60967  -15.296  -26.839  65.130 0.0000000000
67881  -1.490  -22.118  54.891 0.0000000000
64428  -1.789  -25.242  62.644 0.0000000000
63276  -2.564  -25.534  61.710 0.0000000000
60984  -3.352  -28.269  62.539 0.0000000000
59974  -1.925  -30.771  60.219 0.0000000000
55429  -1.548  -33.224  57.898 0.0000000000
64302  -4.649  -26.582  72.324 0.0000000000
64299  -2.227  -25.802  73.032 0.0000000000
61986  -3.320  -27.700  74.792 0.0000000000
57622  -1.856  -30.956  73.335 0.0000000000
80071  -35.411  -11.836  57.219 0.0000000000
76779  -33.687  -14.008  56.253 0.0000000000
64362  -19.620  -23.856  69.207 0.0000000000
64365  -23.695  -24.351  68.814 0.0000000000
65495  -21.486  -23.837  67.622 0.0000000000
65522  -18.302  -24.007  65.183 0.0000000000
71145  -0.538  -19.829  61.341 0.0000000000
71114  -1.138  -19.594  63.306 0.0000000000
67831  0.424  -22.814  62.684 0.0000000000
64410  -1.238  -25.415  64.399 0.0000000000
60959  -1.584  -28.580  66.082 0.0000000000
58832  -0.872  -31.191  65.531 0.0000000000
76905  -46.325  -14.075  43.596 0.0000000000
74864  -43.843  -15.359  42.739 0.0000000000
63133  -6.371  -26.735  71.146 0.0000000000
59870  -5.467  -28.650  71.297 0.0000000000
56493  -5.254  -31.368  69.689 0.0000000000
59910  -13.653  -27.041  66.399 0.0000000000
60941  -12.544  -26.995  67.631 0.0000000000
59882  -10.472  -27.449  69.097 0.0000000000
58795  -8.384  -28.980  68.413 0.0000000000
56528  -6.349  -31.181  67.745 0.0000000000
72346  -3.323  -18.943  56.840 0.0000000000
68992  -1.291  -21.684  56.238 0.0000000000
65621  -2.693  -23.342  57.195 0.0000000000
63308  -3.509  -25.245  60.367 0.0000000000
64475  -4.321  -25.475  59.360 0.0000000000
64486  -5.420  -25.489  57.438 0.0000000000
68867  0.152  -22.169  70.132 0.0000000000
65386  -0.922  -24.812  72.745 0.0000000000
65394  0.264  -24.449  71.832 0.0000000000
65458  0.585  -24.524  69.440 0.0000000000
60939  0.931  -28.354  68.425 0.0000000000
57698  0.310  -31.317  67.525 0.0000000000
54126  -0.430  -34.385  65.341 0.0000000000
49318  -0.224  -37.926  71.093 0.0000000000
49341  0.009  -38.418  68.586 0.0000000000
50492  -1.405  -37.630  64.279 0.0000000000
64423  -33.230  -23.957  63.554 0.0000000000
64408  -32.883  -23.853  65.201 0.0000000000
63268  -32.254  -24.537  62.785 0.0000000000
64444  -32.687  -24.482  62.341 0.0000000000
63242  -30.996  -25.479  64.064 0.0000000000
63251  -30.772  -25.018  63.177 0.0000000000
63232  -32.157  -24.663  65.280 0.0000000000
63230  -30.829  -25.355  65.025 0.0000000000
79058  -48.086  -12.260  41.111 0.0000000000
77943  -46.927  -13.189  41.819 0.0000000000
77971  -46.008  -13.052  39.941 0.0000000000
79057  -47.456  -12.749  40.740 0.0000000000
79072  -47.705  -11.370  40.868 0.0000000000
80098  -37.715  -10.835  54.295 0.0000000000
80088  -38.727  -10.686  55.151 0.0000000000
80074  -38.757  -10.587  56.132 0.0000000000
77809  -34.152  -11.990  53.246 0.0000000000
80109  -36.470  -11.005  53.830 0.0000000000
78939  -36.945  -11.081  53.120 0.0000000000
56580  -0.118  -32.512  63.066 0.0000000000
56581  -1.271  -32.356  62.831 0.0000000000
55349  -1.122  -33.069  63.191 0.0000000000
52989  -2.205  -35.008  62.114 0.0000000000
52968  -1.466  -35.027  63.365 0.0000000000
55250  -4.198  -32.050  70.571 0.0000000000
55240  -3.710  -32.036  71.404 0.0000000000
71175  -34.380  -18.773  59.680 0.0000000000
71185  -33.356  -18.882  58.205 0.0000000000
73563  -34.358  -17.443  58.931 0.0000000000
73574  -34.508  -16.903  58.824 0.0000000000
87589  -48.628  -4.480  38.470 0.0000000000
88521  -47.530  -4.078  38.750 0.0000000000
90494  -48.259  -1.880  39.463 0.0000000000
68901  0.050  -22.142  67.287 0.0000000000
66715  0.822  -23.847  66.912 0.0000000000
66706  0.820  -23.806  67.758 0.0000000000
76866  -43.363  -13.503  47.973 0.0000000000
77897  -44.728  -12.995  48.807 0.0000000000
76849  -41.261  -13.306  48.726 0.0000000000
75837  -40.719  -14.677  47.170 0.0000000000
75823  -41.979  -13.811  47.599 0.0000000000
75839  -42.970  -13.994  46.671 0.0000000000
63146  -9.454  -26.053  69.957 0.0000000000
63147  -9.978  -26.082  69.870 0.0000000000
63170  -17.912  -25.150  68.639 0.0000000000
62024  -17.280  -26.144  68.333 0.0000000000
65676  -2.809  -22.607  54.254 0.0000000000
68968  0.386  -22.027  60.421 0.0000000000
68974  0.207  -22.090  59.413 0.0000000000
66777  -0.633  -23.235  60.701 0.0000000000
57832  -1.213  -31.446  57.406 0.0000000000
58943  -1.903  -30.495  57.411 0.0000000000
57865  -0.638  -31.587  55.327 0.0000000000
67766  -3.252  -23.324  69.255 0.0000000000
65412  -2.543  -24.759  71.153 0.0000000000
56453  0.590  -33.289  72.694 0.0000000000
57645  -0.228  -30.808  71.726 0.0000000000
56479  0.705  -32.418  71.482 0.0000000000
56491  1.008  -32.619  70.879 0.0000000000
54027  0.271  -34.421  71.509 0.0000000000
66771  -33.890  -22.630  61.544 0.0000000000
65585  -33.602  -23.161  60.100 0.0000000000
66781  -34.301  -22.114  61.064 0.0000000000
68969  -34.894  -20.776  61.003 0.0000000000
62068  -28.327  -26.409  64.006 0.0000000000
62041  -27.956  -26.298  65.474 0.0000000000
62066  -26.823  -26.150  63.963 0.0000000000
62080  -26.351  -25.374  63.208 0.0000000000
85571  -49.757  -7.072  40.031 0.0000000000
82313  -48.391  -9.041  40.192 0.0000000000
83440  -47.729  -8.743  38.397 0.0000000000
84511  -48.991  -7.671  39.624 0.0000000000
85582  -49.283  -6.971  38.958 0.0000000000
77832  -40.601  -12.217  51.706 0.0000000000
78957  -41.244  -11.846  51.990 0.0000000000
78944  -41.017  -11.721  52.791 0.0000000000
77829  -38.235  -11.794  51.692 0.0000000000
77867  -37.975  -11.823  49.774 0.0000000000
77849  -38.970  -11.817  50.865 0.0000000000
76816  -40.035  -12.296  50.075 0.0000000000
71210  -1.591  -19.614  54.267 0.0000000000
70087  -1.283  -20.492  53.849 0.0000000000
70079  -1.364  -20.883  54.854 0.0000000000
63235  -2.173  -26.449  63.889 0.0000000000
63245  -2.414  -26.145  62.844 0.0000000000
62060  -2.880  -27.621  63.580 0.0000000000
57778  -1.555  -31.797  61.207 0.0000000000
58875  -2.146  -30.790  61.363 0.0000000000
58913  -1.589  -31.588  60.027 0.0000000000
57802  -1.550  -31.634  59.384 0.0000000000
55409  -1.784  -33.188  58.768 0.0000000000
55410  -2.276  -33.797  58.838 0.0000000000
63124  -5.297  -27.034  73.238 0.0000000000
63117  -4.344  -27.220  74.161 0.0000000000
61982  -4.584  -28.484  74.341 0.0000000000
55221  -2.606  -32.362  72.741 0.0000000000
57629  -2.815  -30.985  73.648 0.0000000000
55209  -2.235  -32.651  72.948 0.0000000000
55207  -1.374  -33.187  73.308 0.0000000000
78887  -35.169  -12.593  57.666 0.0000000000
75744  -34.351  -15.323  57.899 0.0000000000
75754  -33.226  -15.180  56.542 0.0000000000
76780  -34.156  -13.872  57.154 0.0000000000
77796  -34.371  -13.106  56.479 0.0000000000
65391  -22.217  -22.952  71.570 0.0000000000
65403  -20.961  -23.222  70.887 0.0000000000
65451  -21.280  -23.697  69.984 0.0000000000
63174  -26.037  -24.645  68.538 0.0000000000
64350  -25.252  -23.973  69.569 0.0000000000
63182  -24.463  -24.717  67.982 0.0000000000
65533  -21.094  -23.278  64.537 0.0000000000
64397  -22.187  -24.437  67.055 0.0000000000
65523  -20.760  -23.341  65.372 0.0000000000
65508  -19.348  -23.454  66.449 0.0000000000
66747  -19.121  -23.126  64.172 0.0000000000
64419  -17.688  -24.401  63.689 0.0000000000
71096  -0.284  -20.531  64.869 0.0000000000
71112  -0.181  -20.562  63.976 0.0000000000
71129  0.202  -20.468  62.900 0.0000000000
67824  0.420  -22.797  63.671 0.0000000000
65536  -0.458  -24.212  63.474 0.0000000000
66739  0.114  -23.733  64.219 0.0000000000
63206  -0.354  -26.635  66.716 0.0000000000
63221  -0.631  -26.242  65.943 0.0000000000
60958  -1.237  -28.516  66.881 0.0000000000
59912  -1.347  -29.647  66.386 0.0000000000
59905  -0.927  -29.649  67.033 0.0000000000
76897  -46.396  -14.259  44.591 0.0000000000
76895  -47.341  -14.072  45.564 0.0000000000
76891  -46.833  -14.171  46.194 0.0000000000
74817  -43.974  -15.265  44.947 0.0000000000
74828  -43.270  -15.514  43.663 0.0000000000
75877  -44.951  -14.885  44.069 0.0000000000
75889  -45.444  -14.591  43.449 0.0000000000
65416  -7.203  -25.773  69.684 0.0000000000
60919  -7.417  -27.963  70.509 0.0000000000
60916  -6.181  -28.009  71.187 0.0000000000
59875  -6.241  -28.781  70.716 0.0000000000
57649  -5.366  -29.914  70.925 0.0000000000
57669  -6.268  -30.358  69.714 0.0000000000
59938  -13.949  -26.917  64.039 0.0000000000
59919  -14.061  -27.053  65.763 0.0000000000
59918  -13.348  -27.261  65.679 0.0000000000
59906  -10.213  -28.424  65.739 0.0000000000
59901  -12.096  -27.537  66.493 0.0000000000
59894  -11.090  -27.455  66.979 0.0000000000
60933  -11.381  -27.353  68.534 0.0000000000
59888  -9.991  -27.899  67.526 0.0000000000
59885  -9.499  -27.910  68.449 0.0000000000
58800  -8.527  -29.068  67.753 0.0000000000
57710  -7.015  -30.951  66.825 0.0000000000
72336  -3.107  -18.719  57.738 0.0000000000
68986  -0.444  -22.317  57.787 0.0000000000
68987  -0.712  -21.826  57.287 0.0000000000
66807  -1.565  -22.941  57.206 0.0000000000
66813  -1.752  -22.629  56.311 0.0000000000
65620  -1.968  -23.294  57.311 0.0000000000
63277  -3.245  -26.374  61.712 0.0000000000
64451  -2.867  -24.768  60.898 0.0000000000
63295  -3.674  -26.585  60.879 0.0000000000
61038  -4.549  -28.057  58.202 0.0000000000
62153  -4.430  -27.399  58.847 0.0000000000
62167  -4.884  -27.451  57.979 0.0000000000
64485  -4.726  -24.986  58.436 0.0000000000
62168  -5.311  -27.210  57.446 0.0000000000
63343  -5.940  -26.444  56.830 0.0000000000
68858  -0.569  -22.310  70.615 0.0000000000
64286  -1.641  -26.222  75.249 0.0000000000
65384  -1.619  -25.246  73.660 0.0000000000
64290  -0.772  -25.779  74.621 0.0000000000
60922  0.459  -28.501  71.662 0.0000000000
64304  0.142  -25.574  72.376 0.0000000000
63156  0.183  -26.504  70.754 0.0000000000
65411  0.517  -24.506  70.889 0.0000000000
63168  0.651  -26.497  69.774 0.0000000000
62019  1.109  -26.910  69.056 0.0000000000
62020  0.952  -27.510  69.522 0.0000000000
56516  0.451  -32.471  68.713 0.0000000000
57697  0.935  -31.012  68.210 0.0000000000
56526  0.140  -32.449  67.602 0.0000000000
55298  -0.409  -32.979  66.125 0.0000000000
54112  -0.252  -34.499  66.122 0.0000000000
47328  -0.133  -40.028  70.819 0.0000000000
50422  -0.179  -37.731  69.847 0.0000000000
66759  -34.147  -22.476  63.307 0.0000000000
63302  -31.207  -25.180  59.912 0.0000000000
63316  -32.223  -24.376  59.931 0.0000000000
63287  -32.788  -24.414  61.273 0.0000000000
65559  -33.474  -23.798  62.430 0.0000000000
62084  -28.885  -26.298  63.275 0.0000000000
62103  -30.017  -25.564  62.593 0.0000000000
62117  -30.145  -25.283  61.354 0.0000000000
62055  -29.129  -26.147  65.012 0.0000000000
82314  -48.746  -9.320  40.914 0.0000000000
79068  -44.453  -12.628  39.671 0.0000000000
80216  -44.886  -10.863  38.868 0.0000000000
80231  -45.320  -10.523  38.555 0.0000000000
80203  -45.540  -10.603  39.984 0.0000000000
81245  -47.845  -9.895  40.366 0.0000000000
78941  -38.535  -11.927  53.317 0.0000000000
78927  -40.138  -11.422  53.820 0.0000000000
78911  -39.764  -11.373  54.739 0.0000000000
80076  -40.397  -11.044  56.025 0.0000000000
75777  -32.875  -14.195  54.544 0.0000000000
76810  -33.282  -12.816  53.137 0.0000000000
77827  -34.116  -12.460  52.149 0.0000000000
77845  -34.357  -12.257  50.890 0.0000000000
77865  -35.603  -12.034  50.097 0.0000000000
78973  -36.243  -11.603  51.656 0.0000000000
78956  -37.577  -11.583  52.438 0.0000000000
60964  -2.428  -28.787  64.690 0.0000000000
59921  -2.955  -29.281  63.407 0.0000000000
58844  -1.792  -30.909  63.137 0.0000000000
57767  -1.537  -31.772  62.028 0.0000000000
55380  -1.693  -33.091  61.098 0.0000000000
54195  -2.716  -34.353  60.069 0.0000000000
54177  -2.642  -34.605  61.099 0.0000000000
51780  -3.265  -36.694  60.930 0.0000000000
58775  -4.403  -29.759  72.421 0.0000000000
58768  -3.942  -29.793  73.301 0.0000000000
56445  -3.696  -31.001  72.519 0.0000000000
76757  -34.714  -14.444  58.380 0.0000000000
67863  -33.677  -21.657  58.287 0.0000000000
67875  -32.547  -21.998  56.686 0.0000000000
68988  -33.503  -20.832  57.839 0.0000000000
70065  -32.761  -19.671  56.931 0.0000000000
72348  -32.812  -18.389  57.225 0.0000000000
73582  -33.657  -16.851  57.689 0.0000000000
74728  -34.615  -15.592  58.405 0.0000000000
66660  -23.946  -22.766  71.605 0.0000000000
63226  -24.433  -25.232  65.267 0.0000000000
63208  -23.779  -24.878  65.968 0.0000000000
63239  -23.709  -24.435  64.075 0.0000000000
64420  -22.024  -23.466  63.390 0.0000000000
87592  -47.196  -5.239  37.445 0.0000000000
88526  -46.073  -4.363  37.894 0.0000000000
89479  -46.068  -2.575  37.858 0.0000000000
90517  -46.164  -1.920  37.419 0.0000000000
68926  0.364  -21.824  65.131 0.0000000000
66726  0.331  -23.676  65.302 0.0000000000
66725  0.566  -23.781  66.149 0.0000000000
65499  0.622  -24.603  66.615 0.0000000000
62031  0.051  -27.345  67.602 0.0000000000
75841  -45.250  -14.093  46.791 0.0000000000
76882  -45.461  -13.801  47.434 0.0000000000
74802  -39.858  -14.735  45.727 0.0000000000
73693  -40.703  -15.376  45.137 0.0000000000
73704  -41.240  -15.541  44.597 0.0000000000
74804  -41.482  -15.075  45.548 0.0000000000
75855  -43.279  -14.688  45.859 0.0000000000
64321  -7.383  -26.096  69.909 0.0000000000
65418  -9.097  -25.507  69.440 0.0000000000
63136  -8.641  -26.531  70.026 0.0000000000
59877  -8.128  -28.001  69.952 0.0000000000
58836  -9.411  -28.641  64.481 0.0000000000
58823  -7.948  -29.579  66.153 0.0000000000
72310  -1.926  -19.261  59.379 0.0000000000
71173  -1.608  -19.633  58.478 0.0000000000
70051  0.046  -21.358  59.091 0.0000000000
67856  -0.368  -22.693  59.008 0.0000000000
66795  -1.308  -23.285  59.105 0.0000000000
59990  -3.504  -29.542  59.484 0.0000000000
61021  -3.775  -28.378  59.559 0.0000000000
60004  -3.460  -29.359  58.554 0.0000000000
60020  -3.491  -29.390  57.576 0.0000000000
60033  -3.436  -29.637  56.624 0.0000000000
68895  -3.913  -21.923  68.027 0.0000000000
67756  -2.656  -23.282  69.806 0.0000000000
67743  -2.049  -23.308  70.489 0.0000000000
59866  -0.707  -29.483  73.684 0.0000000000
61990  0.038  -27.921  74.117 0.0000000000
59869  -0.002  -29.414  72.738 0.0000000000
59873  0.354  -29.325  71.863 0.0000000000
59878  0.685  -29.331  71.024 0.0000000000
58793  1.275  -29.819  69.595 0.0000000000
58787  1.150  -31.021  70.270 0.0000000000
56504  0.576  -32.820  69.659 0.0000000000
54063  -0.230  -34.605  68.611 0.0000000000
64502  -32.119  -23.503  57.120 0.0000000000
64468  -32.556  -23.983  59.366 0.0000000000
64481  -32.733  -23.447  58.793 0.0000000000
66797  -33.617  -22.409  58.719 0.0000000000
67858  -33.935  -20.992  59.892 0.0000000000
70054  -34.000  -19.617  59.979 0.0000000000
63184  -26.597  -25.095  67.844 0.0000000000
63199  -28.091  -25.973  67.322 0.0000000000
63212  -26.817  -25.852  66.372 0.0000000000
63228  -25.727  -25.799  65.711 0.0000000000
62064  -25.623  -25.187  63.937 0.0000000000
84533  -46.457  -7.838  37.482 0.0000000000
85600  -47.805  -6.510  37.525 0.0000000000
86620  -49.230  -5.378  38.570 0.0000000000
76828  -41.534  -12.991  49.656 0.0000000000
77873  -43.093  -12.221  49.713 0.0000000000
77853  -42.234  -12.135  50.728 0.0000000000
77866  -36.747  -12.058  50.086 0.0000000000
76847  -39.507  -13.133  48.767 0.0000000000
76848  -40.273  -13.145  48.886 0.0000000000
62049  -16.641  -25.844  65.538 0.0000000000
62037  -16.371  -26.301  65.911 0.0000000000
60968  -15.770  -26.533  64.646 0.0000000000
59939  -14.472  -26.662  63.616 0.0000000000
67891  -1.622  -22.030  53.994 0.0000000000
65675  -2.469  -22.554  54.853 0.0000000000
65554  -0.841  -23.919  62.057 0.0000000000
64448  -1.561  -24.103  61.403 0.0000000000
63259  -2.106  -25.429  62.118 0.0000000000
63260  -2.487  -25.963  62.184 0.0000000000
62092  -3.521  -28.265  61.744 0.0000000000
59932  -2.974  -29.937  62.673 0.0000000000
59962  -3.113  -30.144  61.028 0.0000000000
59976  -3.425  -29.848  60.327 0.0000000000
59988  -2.043  -30.389  59.545 0.0000000000
64317  -3.076  -25.746  71.308 0.0000000000
64294  -3.784  -26.699  73.168 0.0000000000
63121  -3.381  -26.589  74.255 0.0000000000
61984  -1.915  -27.880  75.253 0.0000000000
59857  -3.560  -29.706  74.275 0.0000000000
59855  -2.410  -29.798  74.408 0.0000000000
60906  -1.412  -28.964  74.276 0.0000000000
58764  -1.009  -31.062  72.994 0.0000000000
56442  -0.881  -32.659  72.609 0.0000000000
53988  0.453  -34.344  73.120 0.0000000000
80086  -36.521  -10.799  55.816 0.0000000000
80073  -37.424  -10.738  56.527 0.0000000000
80058  -36.938  -10.986  57.660 0.0000000000
67882  -32.260  -22.627  55.195 0.0000000000
74751  -32.617  -15.150  54.893 0.0000000000
78908  -34.738  -12.009  55.732 0.0000000000
65449  -19.394  -24.035  69.785 0.0000000000
64377  -18.892  -24.356  68.321 0.0000000000
65435  -26.006  -23.340  70.478 0.0000000000
64337  -24.693  -23.531  69.973 0.0000000000
64348  -23.292  -23.960  69.703 0.0000000000
64389  -23.001  -24.679  67.509 0.0000000000
64379  -22.781  -24.484  68.468 0.0000000000
64363  -21.968  -24.134  69.225 0.0000000000
65480  -20.533  -23.651  68.191 0.0000000000
65479  -19.589  -23.912  67.925 0.0000000000
64395  -18.000  -24.428  66.890 0.0000000000
63237  -17.119  -24.878  64.312 0.0000000000
91598  -46.020  -0.917  37.482 0.0000000000
91618  -46.120  0.184  37.164 0.0000000000
93754  -46.849  1.563  35.767 0.0000000000
71158  0.036  -20.192  60.869 0.0000000000
68959  0.501  -21.962  61.350 0.0000000000
71130  -0.527  -19.764  62.461 0.0000000000
70028  0.694  -21.074  61.971 0.0000000000
67840  0.240  -22.781  61.777 0.0000000000
65543  -0.569  -23.927  62.728 0.0000000000
64417  -1.460  -25.220  63.441 0.0000000000
62058  -1.924  -26.913  64.678 0.0000000000
64409  -0.698  -25.105  64.986 0.0000000000
63234  -1.425  -26.317  64.882 0.0000000000
62047  -2.190  -28.115  65.071 0.0000000000
59914  -1.963  -29.773  64.858 0.0000000000
58833  -1.091  -31.170  64.881 0.0000000000
57751  0.213  -32.352  64.087 0.0000000000
77935  -47.264  -13.342  42.713 0.0000000000
73737  -41.915  -15.791  43.045 0.0000000000
74843  -42.678  -15.654  42.746 0.0000000000
75917  -43.087  -14.983  41.662 0.0000000000
75919  -44.429  -14.738  42.030 0.0000000000
76917  -45.648  -14.353  42.586 0.0000000000
64303  -5.192  -26.601  72.107 0.0000000000
61992  -5.416  -27.521  72.625 0.0000000000
61998  -6.687  -27.000  71.099 0.0000000000
61994  -6.151  -27.376  71.485 0.0000000000
59868  -4.690  -28.676  72.238 0.0000000000
56482  -4.950  -31.069  70.375 0.0000000000
60953  -16.020  -26.646  66.828 0.0000000000
60945  -15.316  -26.271  67.224 0.0000000000
60937  -14.380  -26.433  67.824 0.0000000000
59908  -11.928  -28.004  65.728 0.0000000000
59896  -13.146  -27.098  67.290 0.0000000000
60931  -13.457  -26.552  68.382 0.0000000000
62013  -12.501  -26.484  68.740 0.0000000000
63149  -11.996  -25.732  69.629 0.0000000000
63148  -10.867  -26.179  69.926 0.0000000000
62006  -10.072  -26.976  69.626 0.0000000000
59880  -8.464  -28.107  69.426 0.0000000000
58789  -7.597  -29.351  69.316 0.0000000000
58804  -7.973  -29.642  67.526 0.0000000000
57691  -7.407  -30.182  68.002 0.0000000000
57680  -6.565  -30.455  69.102 0.0000000000
56506  -6.115  -31.050  68.757 0.0000000000
71203  -3.038  -19.334  55.673 0.0000000000
71183  -1.939  -19.654  57.532 0.0000000000
71190  -1.477  -20.549  56.520 0.0000000000
70071  -1.528  -20.491  55.406 0.0000000000
68996  -1.362  -21.592  55.288 0.0000000000
66823  -1.880  -22.501  55.449 0.0000000000
65638  -2.859  -22.960  56.277 0.0000000000
65567  -1.969  -23.996  60.688 0.0000000000
65579  -2.154  -23.784  60.056 0.0000000000
65593  -2.531  -23.739  59.110 0.0000000000
62136  -4.267  -27.011  59.672 0.0000000000
64462  -3.753  -25.216  59.882 0.0000000000
65594  -3.036  -23.719  58.841 0.0000000000
65606  -3.359  -23.687  58.108 0.0000000000
65622  -3.451  -23.466  57.020 0.0000000000
65623  -4.245  -23.863  56.839 0.0000000000
64495  -5.942  -25.419  56.670 0.0000000000
65396  -2.102  -24.722  71.940 0.0000000000
66651  -1.642  -24.141  71.958 0.0000000000
66637  -0.905  -23.916  72.275 0.0000000000
64296  -0.116  -25.797  73.540 0.0000000000
65385  -0.254  -24.459  72.769 0.0000000000
67727  -0.495  -22.881  71.644 0.0000000000
66664  0.612  -22.908  70.615 0.0000000000
66674  0.943  -23.072  70.019 0.0000000000
66695  0.670  -23.690  68.574 0.0000000000
65471  0.669  -24.575  68.462 0.0000000000
63191  0.581  -26.355  67.732 0.0000000000
60948  -0.137  -28.543  67.821 0.0000000000
58798  1.222  -29.469  69.030 0.0000000000
59897  0.377  -29.416  67.844 0.0000000000
59898  -0.315  -29.572  67.483 0.0000000000
57718  -0.501  -31.458  65.997 0.0000000000
56547  -0.441  -32.595  65.463 0.0000000000
54142  -0.533  -34.254  64.696 0.0000000000
50391  -0.322  -37.023  71.955 0.0000000000
49311  0.088  -37.952  71.970 0.0000000000
51624  0.134  -36.792  71.751 0.0000000000
51643  -0.341  -36.506  70.916 0.0000000000
51667  -0.363  -36.568  69.246 0.0000000000
51680  -0.079  -36.533  68.173 0.0000000000
49347  -0.331  -38.390  67.671 0.0000000000
51695  -0.086  -36.527  67.185 0.0000000000
51736  -0.649  -36.141  65.540 0.0000000000
52956  -1.005  -35.241  65.135 0.0000000000
52967  -1.263  -35.153  64.288 0.0000000000
50534  -1.965  -37.056  63.157 0.0000000000
49418  -3.363  -38.771  62.170 0.0000000000
64422  -32.728  -24.316  64.036 0.0000000000
64415  -33.176  -23.823  64.450 0.0000000000
64414  -32.586  -24.308  64.773 0.0000000000
63253  -32.245  -24.727  63.724 0.0000000000
64433  -32.807  -24.346  63.005 0.0000000000
63243  -31.673  -25.165  64.377 0.0000000000
63252  -31.613  -24.921  63.481 0.0000000000
64407  -32.502  -24.279  65.521 0.0000000000
79052  -48.340  -12.374  42.258 0.0000000000
80187  -48.440  -11.506  42.853 0.0000000000
77954  -46.691  -13.102  40.767 0.0000000000
77955  -47.549  -13.082  41.142 0.0000000000
80087  -37.769  -10.606  55.274 0.0000000000
80096  -35.715  -11.229  55.221 0.0000000000
80108  -35.846  -11.067  54.313 0.0000000000
56597  0.225  -32.846  63.341 0.0000000000
54160  -1.466  -34.161  62.748 0.0000000000
54144  -1.170  -34.057  63.622 0.0000000000
54043  -3.920  -33.560  70.120 0.0000000000
72329  -34.627  -17.952  59.463 0.0000000000
68900  0.221  -22.699  67.659 0.0000000000
67782  0.380  -22.726  67.370 0.0000000000
67781  0.483  -23.086  67.913 0.0000000000
76851  -43.425  -12.905  49.084 0.0000000000
76864  -41.578  -13.669  48.122 0.0000000000
76865  -42.207  -13.523  48.202 0.0000000000
75824  -42.646  -13.633  47.629 0.0000000000
65448  -11.333  -24.954  69.093 0.0000000000
65420  -10.828  -25.323  69.274 0.0000000000
64325  -10.921  -25.528  69.483 0.0000000000
63180  -17.874  -25.028  68.043 0.0000000000
62025  -17.607  -25.522  68.179 0.0000000000
62030  -17.459  -25.757  67.741 0.0000000000
65656  -3.516  -22.686  54.804 0.0000000000
67845  0.014  -22.740  60.961 0.0000000000
57848  -1.084  -31.288  56.140 0.0000000000
65413  -3.387  -24.973  70.422 0.0000000000
55239  1.013  -33.676  72.506 0.0000000000
56465  0.555  -32.905  72.145 0.0000000000
55248  0.952  -33.498  71.872 0.0000000000
55249  0.871  -33.780  71.493 0.0000000000
54015  0.158  -34.758  71.774 0.0000000000
66772  -34.263  -21.916  61.991 0.0000000000
67846  -34.665  -21.428  61.458 0.0000000000
62067  -27.573  -26.331  63.943 0.0000000000
62082  -27.488  -25.971  63.184 0.0000000000
84513  -49.856  -7.736  40.755 0.0000000000
83434  -48.414  -8.467  39.137 0.0000000000
83430  -48.788  -8.063  39.818 0.0000000000
84512  -49.316  -7.484  39.852 0.0000000000
77831  -39.877  -12.174  51.678 0.0000000000
77814  -40.644  -11.982  52.356 0.0000000000
77830  -39.091  -11.866  51.714 0.0000000000
77850  -39.806  -12.173  50.828 0.0000000000
70080  -1.453  -20.215  54.531 0.0000000000
71201  -1.894  -20.032  55.010 0.0000000000
63236  -2.552  -27.043  63.792 0.0000000000
63246  -2.716  -26.821  63.219 0.0000000000
56623  -1.618  -32.518  60.287 0.0000000000
57789  -1.530  -31.904  60.499 0.0000000000
56636  -1.651  -32.591  59.385 0.0000000000
55394  -2.504  -33.927  59.448 0.0000000000
61989  -5.312  -27.691  73.609 0.0000000000
61988  -4.819  -27.949  74.324 0.0000000000
60908  -4.783  -28.737  74.093 0.0000000000
55220  -2.417  -33.113  73.071 0.0000000000
78880  -35.078  -13.067  58.247 0.0000000000
78888  -35.354  -12.430  58.139 0.0000000000
65631  -32.324  -23.464  56.475 0.0000000000
76768  -34.517  -14.364  57.942 0.0000000000
77789  -34.682  -13.366  57.355 0.0000000000
65393  -23.257  -22.717  71.592 0.0000000000
65405  -22.633  -23.102  71.131 0.0000000000
65404  -21.862  -23.345  71.149 0.0000000000
65452  -22.020  -23.849  70.143 0.0000000000
63183  -25.573  -24.988  67.936 0.0000000000
63195  -24.468  -25.041  66.977 0.0000000000
66749  -20.593  -23.154  64.111 0.0000000000
66748  -20.165  -23.106  64.481 0.0000000000
66736  -20.081  -23.121  65.418 0.0000000000
66756  -19.386  -23.172  63.642 0.0000000000
65538  -18.798  -23.383  63.532 0.0000000000
69994  0.087  -21.103  64.523 0.0000000000
68933  0.390  -21.906  64.130 0.0000000000
70004  0.294  -21.175  63.588 0.0000000000
62036  -0.654  -27.363  66.996 0.0000000000
60954  -0.741  -28.583  67.470 0.0000000000
76894  -46.611  -14.318  45.444 0.0000000000
75858  -46.019  -14.283  46.277 0.0000000000
75868  -44.941  -15.069  45.040 0.0000000000
74830  -44.464  -15.189  44.491 0.0000000000
75878  -45.634  -14.546  44.344 0.0000000000
59876  -7.402  -28.449  70.317 0.0000000000
59872  -7.083  -28.216  70.636 0.0000000000
58782  -6.599  -29.029  70.339 0.0000000000
58784  -6.358  -29.463  70.183 0.0000000000
57659  -6.492  -29.779  69.902 0.0000000000
59937  -13.112  -27.580  63.622 0.0000000000
59925  -13.225  -27.455  64.737 0.0000000000
59924  -12.560  -28.041  64.327 0.0000000000
59899  -10.218  -28.301  66.094 0.0000000000
59893  -10.128  -28.008  66.726 0.0000000000
58801  -9.228  -28.481  67.242 0.0000000000
72322  -2.845  -18.634  58.559 0.0000000000
66801  -1.091  -22.995  58.211 0.0000000000
67862  -0.886  -22.554  57.537 0.0000000000
66802  -1.606  -23.259  57.788 0.0000000000
66808  -1.704  -23.180  57.410 0.0000000000
63278  -3.612  -27.024  61.228 0.0000000000
62122  -3.708  -27.591  60.626 0.0000000000
63330  -5.083  -26.363  57.888 0.0000000000
62183  -5.199  -27.963  57.188 0.0000000000
68860  -1.995  -22.656  70.129 0.0000000000
67741  -0.929  -22.645  70.949 0.0000000000
63113  -1.435  -27.181  75.401 0.0000000000
63120  -0.485  -27.147  74.715 0.0000000000
62004  0.216  -27.581  71.240 0.0000000000
62012  0.204  -27.408  70.830 0.0000000000
62011  0.401  -27.441  70.400 0.0000000000
60932  0.866  -28.328  69.884 0.0000000000
55286  -0.034  -33.504  68.068 0.0000000000
55297  -0.208  -33.540  66.797 0.0000000000
54093  -0.280  -34.727  66.892 0.0000000000
46350  -0.316  -41.627  70.900 0.0000000000
47321  -0.193  -40.851  71.154 0.0000000000
47329  -0.252  -40.817  70.396 0.0000000000
63303  -31.867  -24.649  60.484 0.0000000000
63286  -32.314  -24.493  61.662 0.0000000000
64434  -33.270  -24.059  62.818 0.0000000000
65549  -33.680  -23.156  62.897 0.0000000000
62085  -29.574  -26.168  63.434 0.0000000000
62102  -29.308  -26.000  62.583 0.0000000000
63267  -31.532  -24.536  62.435 0.0000000000
63266  -30.663  -24.771  61.953 0.0000000000
63284  -30.786  -25.118  60.785 0.0000000000
62071  -30.328  -25.669  64.545 0.0000000000
62057  -30.309  -25.520  64.992 0.0000000000
62070  -29.712  -26.053  64.338 0.0000000000
62069  -29.037  -26.314  64.149 0.0000000000
81237  -48.606  -9.987  41.358 0.0000000000
82305  -49.268  -9.171  41.356 0.0000000000
81229  -49.012  -10.181  41.974 0.0000000000
76937  -44.233  -13.953  41.422 0.0000000000
77951  -43.479  -13.670  40.696 0.0000000000
77952  -44.522  -13.696  40.887 0.0000000000
77970  -45.037  -13.230  40.010 0.0000000000
79069  -45.352  -12.558  39.479 0.0000000000
79084  -44.723  -11.872  39.172 0.0000000000
79085  -45.360  -11.733  39.291 0.0000000000
80217  -45.262  -10.856  39.258 0.0000000000
79086  -45.563  -11.581  39.741 0.0000000000
80205  -47.305  -10.756  40.519 0.0000000000
80206  -47.784  -10.568  40.869 0.0000000000
81236  -48.192  -9.927  40.883 0.0000000000
78926  -39.444  -11.299  54.101 0.0000000000
78925  -38.732  -11.305  53.851 0.0000000000
80075  -39.785  -10.993  56.177 0.0000000000
78897  -39.415  -10.971  55.398 0.0000000000
80061  -40.413  -11.068  56.772 0.0000000000
76800  -33.060  -12.993  54.082 0.0000000000
77828  -35.043  -12.003  52.264 0.0000000000
77846  -35.573  -11.977  51.220 0.0000000000
78972  -35.589  -11.759  51.836 0.0000000000
78940  -37.816  -11.681  53.248 0.0000000000
77811  -38.381  -11.941  52.530 0.0000000000
59920  -2.382  -29.849  63.766 0.0000000000
57735  -1.341  -31.755  63.430 0.0000000000
56598  -1.469  -32.378  61.711 0.0000000000
54194  -2.342  -33.811  60.861 0.0000000000
54176  -1.988  -34.313  61.812 0.0000000000
52979  -2.154  -36.029  62.204 0.0000000000
52990  -2.471  -35.498  61.697 0.0000000000
50553  -3.285  -37.788  61.674 0.0000000000
57647  -4.421  -30.646  71.936 0.0000000000
57639  -4.201  -30.376  72.447 0.0000000000
56457  -4.037  -31.243  72.024 0.0000000000
76746  -34.929  -14.765  58.936 0.0000000000
68981  -33.599  -20.598  59.180 0.0000000000
70060  -33.417  -19.774  58.516 0.0000000000
71195  -33.025  -18.963  57.657 0.0000000000
71194  -32.709  -19.038  57.147 0.0000000000
72349  -33.266  -18.040  57.673 0.0000000000
74718  -34.677  -16.267  58.738 0.0000000000
74717  -34.400  -16.488  58.468 0.0000000000
66646  -24.092  -22.337  71.834 0.0000000000
66661  -24.661  -22.520  71.199 0.0000000000
63240  -24.649  -24.831  64.296 0.0000000000
63225  -23.786  -24.737  65.074 0.0000000000
86635  -47.655  -5.495  37.358 0.0000000000
86634  -46.801  -5.339  37.150 0.0000000000
89482  -47.711  -3.376  38.881 0.0000000000
88527  -46.849  -4.269  38.477 0.0000000000
89488  -46.299  -3.668  38.467 0.0000000000
89487  -45.686  -3.393  37.866 0.0000000000
90518  -46.835  -2.308  37.976 0.0000000000
90508  -47.533  -2.247  38.628 0.0000000000
67806  0.553  -22.807  65.807 0.0000000000
64394  0.557  -25.428  67.152 0.0000000000
63205  -0.003  -26.189  66.902 0.0000000000
75840  -44.366  -13.944  46.548 0.0000000000
76881  -44.557  -13.752  47.417 0.0000000000
75821  -39.934  -14.353  47.580 0.0000000000
75836  -40.149  -14.788  47.046 0.0000000000
74789  -40.351  -14.820  46.489 0.0000000000
74803  -40.582  -15.053  45.770 0.0000000000
74791  -41.928  -14.450  46.199 0.0000000000
75856  -44.062  -14.694  45.672 0.0000000000
62001  -8.684  -27.014  69.958 0.0000000000
60920  -8.029  -27.680  70.030 0.0000000000
60923  -8.478  -27.633  69.702 0.0000000000
58825  -9.427  -28.739  65.248 0.0000000000
57737  -7.910  -29.507  64.396 0.0000000000
72309  -1.526  -19.602  59.386 0.0000000000
71165  -1.095  -20.028  59.165 0.0000000000
66794  -0.891  -22.940  58.929 0.0000000000
66787  -1.323  -23.402  59.664 0.0000000000
60002  -2.143  -30.200  58.733 0.0000000000
60003  -2.880  -30.038  58.653 0.0000000000
60018  -2.280  -30.095  58.126 0.0000000000
58944  -2.365  -30.051  57.147 0.0000000000
60032  -2.805  -29.824  56.953 0.0000000000
60048  -2.854  -29.989  56.179 0.0000000000
58973  -2.469  -30.453  55.337 0.0000000000
66667  -2.564  -24.069  70.432 0.0000000000
67744  -2.244  -23.608  70.488 0.0000000000
67730  -1.889  -23.708  71.166 0.0000000000
58769  -0.980  -30.678  73.240 0.0000000000
59865  -0.468  -29.537  73.515 0.0000000000
58772  -0.809  -30.203  72.640 0.0000000000
57644  0.080  -31.155  71.517 0.0000000000
58777  0.032  -29.820  71.805 0.0000000000
58783  0.577  -30.184  71.165 0.0000000000
58788  1.026  -30.190  70.388 0.0000000000
57668  0.909  -30.894  70.743 0.0000000000
55270  0.283  -33.583  70.134 0.0000000000
56492  0.776  -32.999  70.348 0.0000000000
55279  0.055  -33.525  69.166 0.0000000000
64491  -31.924  -23.790  57.279 0.0000000000
65599  -33.401  -23.047  59.195 0.0000000000
65614  -32.861  -22.887  58.230 0.0000000000
67857  -33.799  -21.654  59.461 0.0000000000
68975  -34.321  -20.562  60.343 0.0000000000
61016  -28.806  -25.469  60.570 0.0000000000
63176  -27.749  -24.647  68.350 0.0000000000
63175  -26.961  -24.656  68.399 0.0000000000
63215  -29.247  -25.603  66.280 0.0000000000
63214  -28.602  -25.983  66.456 0.0000000000
62052  -26.959  -26.295  64.789 0.0000000000
62040  -27.274  -26.237  65.582 0.0000000000
62039  -26.432  -26.044  65.620 0.0000000000
63227  -25.192  -25.615  65.383 0.0000000000
62050  -25.637  -25.632  64.576 0.0000000000
62079  -25.858  -24.783  63.046 0.0000000000
87569  -49.975  -4.809  39.607 0.0000000000
82316  -45.933  -9.766  38.730 0.0000000000
81267  -45.917  -9.906  38.145 0.0000000000
82326  -46.261  -9.632  38.313 0.0000000000
83450  -47.335  -8.599  37.979 0.0000000000
84534  -47.388  -7.916  37.710 0.0000000000
85583  -49.585  -6.474  39.246 0.0000000000
85591  -49.232  -6.077  38.598 0.0000000000
86609  -49.863  -5.372  39.302 0.0000000000
77871  -41.512  -12.731  50.276 0.0000000000
77872  -42.175  -12.572  50.239 0.0000000000
77852  -41.383  -12.318  51.078 0.0000000000
78945  -41.844  -11.431  52.791 0.0000000000
78958  -41.703  -11.617  52.042 0.0000000000
78912  -40.531  -11.241  54.663 0.0000000000
78928  -41.130  -11.334  53.737 0.0000000000
76846  -38.727  -13.135  48.610 0.0000000000
76817  -40.313  -12.419  50.371 0.0000000000
76827  -40.628  -12.743  49.774 0.0000000000
62048  -16.317  -26.238  65.111 0.0000000000
62061  -16.190  -25.971  64.225 0.0000000000
60986  -14.836  -26.390  63.170 0.0000000000
71219  -0.932  -19.482  53.196 0.0000000000
69003  -1.385  -21.426  54.373 0.0000000000
66840  -2.196  -22.432  54.215 0.0000000000
66839  -1.848  -22.364  54.679 0.0000000000
64427  -1.133  -24.609  62.746 0.0000000000
63258  -1.762  -24.927  62.159 0.0000000000
63261  -3.013  -26.664  62.452 0.0000000000
62108  -3.349  -27.025  61.999 0.0000000000
58845  -2.147  -30.632  62.603 0.0000000000
58859  -2.178  -30.693  61.987 0.0000000000
59960  -1.967  -30.974  60.893 0.0000000000
59946  -2.706  -30.390  61.620 0.0000000000
59961  -2.386  -30.612  60.887 0.0000000000
59975  -2.617  -30.406  60.237 0.0000000000
59987  -1.716  -30.800  59.516 0.0000000000
56652  -1.459  -32.496  58.395 0.0000000000
57817  -1.399  -31.764  58.493 0.0000000000
53016  -3.147  -35.316  59.446 0.0000000000
51798  -3.215  -36.278  58.792 0.0000000000
63132  -3.717  -26.532  71.904 0.0000000000
64301  -3.887  -26.678  72.438 0.0000000000
63116  -3.625  -27.156  74.379 0.0000000000
63115  -2.963  -26.913  74.731 0.0000000000
61985  -2.656  -27.707  75.096 0.0000000000
59863  -3.904  -29.663  73.802 0.0000000000
58766  -3.504  -30.291  73.933 0.0000000000
57624  -2.506  -30.881  73.760 0.0000000000
58762  -2.698  -30.420  74.354 0.0000000000
58761  -2.208  -30.438  73.959 0.0000000000
60901  -2.014  -29.087  74.415 0.0000000000
59854  -1.768  -29.697  73.903 0.0000000000
58765  -1.270  -30.302  73.341 0.0000000000
57627  -1.770  -31.187  73.006 0.0000000000
55219  -0.828  -33.531  73.665 0.0000000000
55206  -0.916  -33.129  73.148 0.0000000000
55218  -0.301  -33.470  73.290 0.0000000000
55217  0.430  -33.841  73.455 0.0000000000
80085  -35.516  -11.475  56.291 0.0000000000
80072  -36.208  -11.143  56.932 0.0000000000
68998  -32.299  -21.609  56.530 0.0000000000
67883  -32.082  -22.302  56.036 0.0000000000
69006  -31.883  -21.878  56.178 0.0000000000
75766  -33.042  -14.682  55.528 0.0000000000
78896  -35.009  -12.437  56.769 0.0000000000
77795  -33.891  -12.809  55.555 0.0000000000
65450  -20.165  -23.737  69.682 0.0000000000
65429  -20.529  -23.502  70.312 0.0000000000
64346  -19.337  -24.074  69.519 0.0000000000
64361  -18.904  -24.493  68.982 0.0000000000
65464  -19.595  -23.878  68.624 0.0000000000
64366  -24.368  -24.415  68.908 0.0000000000
64349  -24.381  -24.090  69.369 0.0000000000
64336  -23.746  -23.621  70.099 0.0000000000
63194  -23.791  -24.725  66.780 0.0000000000
64398  -23.055  -24.556  66.549 0.0000000000
65510  -21.428  -23.903  66.663 0.0000000000
64388  -22.177  -24.274  68.007 0.0000000000
64378  -22.043  -24.196  68.853 0.0000000000
65481  -21.439  -23.827  68.514 0.0000000000
65493  -19.517  -23.690  67.178 0.0000000000
64396  -18.741  -23.902  66.918 0.0000000000
64404  -17.826  -24.519  65.816 0.0000000000
64412  -17.872  -24.493  64.696 0.0000000000
64430  -17.511  -24.298  62.687 0.0000000000
63247  -17.072  -24.789  63.235 0.0000000000
90507  -46.950  -1.273  38.259 0.0000000000
90506  -46.259  -1.197  37.665 0.0000000000
91600  -46.735  -0.683  38.280 0.0000000000
92697  -46.170  0.730  36.452 0.0000000000
93744  -46.795  1.585  36.836 0.0000000000
72278  -1.775  -19.099  61.319 0.0000000000
71144  0.268  -20.189  61.736 0.0000000000
71098  -1.068  -19.801  64.011 0.0000000000
71131  -1.242  -19.411  62.543 0.0000000000
70017  0.601  -21.277  62.803 0.0000000000
68950  0.668  -21.994  62.262 0.0000000000
66761  -0.195  -23.419  62.283 0.0000000000
64416  -0.917  -24.806  63.891 0.0000000000
64411  -1.676  -25.755  63.954 0.0000000000
65514  0.283  -24.503  65.883 0.0000000000
65515  -0.083  -24.438  65.090 0.0000000000
62045  -1.211  -27.457  66.232 0.0000000000
63222  -1.201  -26.860  65.628 0.0000000000
62046  -1.727  -27.529  65.355 0.0000000000
60960  -1.956  -28.740  65.373 0.0000000000
58821  -1.256  -30.528  65.698 0.0000000000
57733  -0.596  -31.991  64.730 0.0000000000
77925  -46.865  -13.700  43.177 0.0000000000
77926  -47.407  -13.816  43.718 0.0000000000
80059  -38.219  -10.516  57.274 0.0000000000
73705  -42.050  -15.388  44.281 0.0000000000
73719  -41.502  -15.735  43.776 0.0000000000
73720  -42.433  -15.544  43.731 0.0000000000
74845  -44.022  -15.323  43.330 0.0000000000
74844  -43.350  -15.571  43.002 0.0000000000
74863  -43.298  -15.399  42.436 0.0000000000
74879  -42.985  -15.243  42.072 0.0000000000
75900  -43.513  -15.183  42.000 0.0000000000
75918  -43.898  -14.710  41.749 0.0000000000
75901  -44.103  -15.181  42.248 0.0000000000
77934  -46.473  -13.714  42.599 0.0000000000
64309  -5.620  -26.638  71.327 0.0000000000
63129  -5.574  -26.916  72.159 0.0000000000
63144  -7.502  -26.406  70.089 0.0000000000
63143  -6.921  -26.471  70.419 0.0000000000
61999  -7.031  -27.167  70.784 0.0000000000
60915  -5.338  -28.009  71.937 0.0000000000
58776  -4.677  -29.419  71.875 0.0000000000
58780  -5.284  -29.414  71.210 0.0000000000
56483  -5.692  -30.828  69.946 0.0000000000
57657  -5.105  -30.437  70.835 0.0000000000
55251  -4.661  -31.793  69.927 0.0000000000
55262  -4.750  -31.967  69.350 0.0000000000
60963  -15.932  -26.691  65.495 0.0000000000
60957  -16.012  -26.697  66.223 0.0000000000
60962  -15.421  -26.810  65.879 0.0000000000
59911  -14.383  -26.760  66.559 0.0000000000
60955  -14.834  -26.626  66.613 0.0000000000
60951  -14.721  -26.428  67.189 0.0000000000
60944  -14.449  -26.470  67.334 0.0000000000
60950  -13.985  -26.780  67.139 0.0000000000
59916  -11.981  -28.541  64.924 0.0000000000
59895  -12.328  -27.217  67.258 0.0000000000
60942  -13.249  -26.951  67.576 0.0000000000
60935  -12.971  -26.727  67.948 0.0000000000
62014  -13.188  -26.389  68.822 0.0000000000
60930  -12.668  -26.577  68.362 0.0000000000
60928  -11.081  -27.375  69.068 0.0000000000
60929  -11.821  -26.751  68.682 0.0000000000
60926  -11.350  -26.937  69.303 0.0000000000
62007  -10.881  -26.566  69.641 0.0000000000
60925  -10.429  -27.208  69.397 0.0000000000
58791  -8.682  -28.444  68.502 0.0000000000
59884  -8.628  -28.245  68.823 0.0000000000
58790  -8.222  -28.785  69.028 0.0000000000
58794  -7.889  -29.332  68.804 0.0000000000
57711  -7.461  -30.281  66.410 0.0000000000
58811  -8.033  -29.696  66.836 0.0000000000
57709  -6.451  -31.302  67.103 0.0000000000
57700  -6.800  -30.885  67.636 0.0000000000
57681  -7.316  -29.918  68.799 0.0000000000
57690  -6.754  -30.599  68.414 0.0000000000
56518  -6.257  -31.123  68.081 0.0000000000
72347  -4.059  -18.427  56.422 0.0000000000
72356  -3.493  -18.838  55.905 0.0000000000
71193  -3.155  -19.212  56.276 0.0000000000
71172  -1.208  -20.235  58.060 0.0000000000
72334  -1.996  -19.262  58.283 0.0000000000
70063  -1.245  -21.025  56.648 0.0000000000
71182  -1.426  -20.418  57.102 0.0000000000
71191  -1.865  -20.170  56.238 0.0000000000
70064  -1.504  -20.663  56.108 0.0000000000
70070  -1.378  -21.059  55.742 0.0000000000
65637  -2.282  -23.013  56.506 0.0000000000
65653  -2.054  -22.759  56.103 0.0000000000
65654  -2.356  -22.661  55.627 0.0000000000
63275  -2.112  -24.981  61.711 0.0000000000
64449  -1.919  -24.425  61.324 0.0000000000
63292  -2.293  -24.730  61.318 0.0000000000
63294  -3.242  -25.416  61.024 0.0000000000
64460  -2.620  -24.038  60.207 0.0000000000
65580  -2.496  -23.835  59.724 0.0000000000
64461  -3.091  -24.410  60.142 0.0000000000
62135  -3.992  -27.248  60.103 0.0000000000
62152  -4.038  -27.718  59.300 0.0000000000
63310  -4.345  -26.363  59.487 0.0000000000
64473  -3.096  -23.924  59.421 0.0000000000
64474  -3.687  -24.392  59.144 0.0000000000
64484  -3.985  -24.209  58.399 0.0000000000
65608  -4.782  -24.501  57.499 0.0000000000
65607  -4.085  -24.083  57.729 0.0000000000
65624  -5.229  -24.379  56.783 0.0000000000
69908  -0.489  -22.382  69.459 0.0000000000
64305  -2.298  -25.651  72.267 0.0000000000
64316  -2.469  -25.380  71.714 0.0000000000
65388  -1.996  -25.295  72.475 0.0000000000
65383  -1.257  -24.973  73.796 0.0000000000
65387  -1.556  -25.035  72.652 0.0000000000
66638  -1.301  -24.275  72.151 0.0000000000
67715  -1.534  -23.893  71.859 0.0000000000
63125  0.269  -26.914  73.815 0.0000000000
63130  0.336  -26.691  72.861 0.0000000000
66636  -0.440  -23.710  72.374 0.0000000000
66649  0.097  -23.330  72.126 0.0000000000
67740  0.096  -22.478  71.051 0.0000000000
66665  0.430  -23.537  71.174 0.0000000000
65439  0.607  -24.541  70.048 0.0000000000
66675  0.714  -23.699  70.431 0.0000000000
65438  0.810  -23.860  69.767 0.0000000000
66686  0.729  -23.425  69.346 0.0000000000
65457  0.660  -24.086  69.148 0.0000000000
64373  0.473  -24.911  69.014 0.0000000000
62027  1.133  -27.561  68.962 0.0000000000
63179  0.929  -26.242  68.547 0.0000000000
62026  0.921  -27.455  68.351 0.0000000000
60947  0.532  -28.398  68.098 0.0000000000
58792  1.335  -30.730  69.651 0.0000000000
58797  1.274  -30.280  68.779 0.0000000000
58802  0.818  -30.263  67.923 0.0000000000
58803  0.112  -30.392  67.408 0.0000000000
58810  -0.499  -30.535  66.898 0.0000000000
57708  -0.219  -31.203  66.879 0.0000000000
55315  -0.357  -33.401  65.744 0.0000000000
56548  -0.520  -32.879  65.629 0.0000000000
55332  -0.335  -33.464  64.980 0.0000000000
50392  -0.403  -37.560  72.277 0.0000000000
48300  -0.316  -38.962  71.375 0.0000000000
48291  -0.039  -38.444  71.829 0.0000000000
49317  0.098  -37.777  71.814 0.0000000000
50399  0.051  -37.412  71.719 0.0000000000
50408  0.069  -37.270  71.650 0.0000000000
51634  -0.071  -36.605  71.695 0.0000000000
50414  -0.275  -37.410  70.654 0.0000000000
49335  0.020  -38.400  69.559 0.0000000000
50431  -0.143  -37.523  68.947 0.0000000000
50441  -0.031  -37.498  67.891 0.0000000000
50451  -0.275  -37.507  66.967 0.0000000000
51717  -0.383  -36.528  66.237 0.0000000000
50467  -0.625  -37.591  66.222 0.0000000000
51737  -1.096  -36.556  65.155 0.0000000000
51738  -1.364  -36.894  64.550 0.0000000000
52957  -1.192  -35.769  64.821 0.0000000000
51753  -1.344  -36.151  64.531 0.0000000000
51754  -1.574  -36.404  63.640 0.0000000000
65541  -33.671  -23.520  63.946 0.0000000000
65535  -34.132  -23.008  64.332 0.0000000000
65534  -33.669  -23.372  64.550 0.0000000000
65525  -33.361  -23.474  64.974 0.0000000000
63217  -30.951  -24.808  65.777 0.0000000000
63231  -31.683  -24.941  65.204 0.0000000000
63219  -32.285  -24.488  65.720 0.0000000000
80191  -48.262  -11.246  41.951 0.0000000000
80192  -48.446  -10.605  41.866 0.0000000000
77942  -45.879  -13.818  41.655 0.0000000000
77953  -45.571  -13.441  40.721 0.0000000000
77972  -46.577  -12.698  40.129 0.0000000000
79071  -47.035  -12.101  40.550 0.0000000000
78909  -38.361  -10.848  54.400 0.0000000000
78921  -34.373  -11.646  54.011 0.0000000000
78937  -34.605  -11.635  53.499 0.0000000000
78938  -35.400  -11.310  53.361 0.0000000000
78954  -35.596  -11.547  52.327 0.0000000000
78923  -37.357  -11.107  53.815 0.0000000000
56561  -0.674  -32.189  63.352 0.0000000000
52978  -1.869  -35.377  62.523 0.0000000000
54031  -3.794  -33.048  71.070 0.0000000000
71174  -33.847  -18.759  59.162 0.0000000000
72328  -34.182  -17.995  59.050 0.0000000000
73573  -34.155  -17.011  58.403 0.0000000000
74708  -35.077  -16.402  59.342 0.0000000000
67738  -26.293  -22.333  71.011 0.0000000000
63249  -23.499  -24.079  62.925 0.0000000000
87593  -47.655  -4.801  37.992 0.0000000000
87594  -47.996  -4.377  38.574 0.0000000000
88522  -48.112  -3.838  38.891 0.0000000000
90495  -49.005  -1.694  39.734 0.0000000000
67795  0.511  -22.616  66.743 0.0000000000
67805  0.677  -23.223  66.540 0.0000000000
67794  0.693  -23.153  67.210 0.0000000000
76867  -44.657  -13.376  48.311 0.0000000000
76852  -44.335  -12.900  48.801 0.0000000000
75811  -40.638  -13.503  48.398 0.0000000000
75822  -40.980  -14.057  47.953 0.0000000000
75838  -41.617  -14.322  47.032 0.0000000000
65419  -9.939  -25.393  69.357 0.0000000000
64324  -10.020  -25.674  69.591 0.0000000000
63137  -9.429  -26.441  69.937 0.0000000000
64360  -18.337  -24.778  69.192 0.0000000000
66841  -2.523  -22.422  53.515 0.0000000000
67893  -2.413  -22.214  53.041 0.0000000000
65687  -2.927  -22.596  53.458 0.0000000000
70043  0.303  -21.255  59.898 0.0000000000
67850  -0.059  -22.826  60.018 0.0000000000
65577  -1.193  -23.482  60.611 0.0000000000
58942  -1.607  -30.964  58.017 0.0000000000
57833  -1.462  -31.025  56.767 0.0000000000
58956  -1.758  -30.796  56.189 0.0000000000
66676  -3.195  -23.993  69.798 0.0000000000
56454  -0.329  -32.597  72.327 0.0000000000
57637  -0.799  -30.835  72.282 0.0000000000
56466  -0.058  -31.853  71.708 0.0000000000
56480  0.330  -31.722  71.452 0.0000000000
57655  0.882  -32.026  71.078 0.0000000000
55259  1.017  -33.196  71.354 0.0000000000
55260  0.662  -33.574  70.943 0.0000000000
54039  -0.043  -34.343  70.781 0.0000000000
65573  -33.559  -23.364  60.989 0.0000000000
64457  -33.407  -23.634  60.341 0.0000000000
66780  -33.895  -22.641  60.661 0.0000000000
66789  -34.100  -22.172  60.473 0.0000000000
67852  -34.273  -21.569  60.358 0.0000000000
62129  -29.672  -25.427  60.766 0.0000000000
62054  -28.459  -26.324  64.858 0.0000000000
62042  -28.512  -26.162  65.684 0.0000000000
62053  -27.754  -26.374  64.782 0.0000000000
62065  -26.214  -25.763  63.955 0.0000000000
85572  -49.990  -6.622  40.244 0.0000000000
82319  -47.840  -9.289  39.436 0.0000000000
82328  -47.471  -9.202  38.882 0.0000000000
84519  -48.937  -7.530  39.152 0.0000000000
84520  -49.339  -7.136  39.270 0.0000000000
77851  -40.672  -12.499  50.756 0.0000000000
77833  -41.016  -12.054  51.837 0.0000000000
77815  -40.994  -11.913  52.259 0.0000000000
77848  -38.069  -11.748  50.806 0.0000000000
77868  -38.933  -11.896  49.948 0.0000000000
76826  -39.674  -12.573  49.501 0.0000000000
77869  -39.535  -12.070  50.197 0.0000000000
62093  -16.230  -25.837  62.142 0.0000000000
70088  -1.298  -19.806  53.877 0.0000000000
64418  -1.969  -25.697  63.168 0.0000000000
64429  -2.139  -25.685  62.512 0.0000000000
62075  -3.156  -27.528  62.845 0.0000000000
58874  -1.778  -31.219  61.470 0.0000000000
58894  -1.708  -31.301  60.538 0.0000000000
58893  -1.772  -31.027  60.118 0.0000000000
58912  -1.667  -31.157  59.740 0.0000000000
57818  -1.531  -32.085  59.106 0.0000000000
55430  -1.947  -33.695  58.180 0.0000000000
54235  -2.336  -34.507  57.877 0.0000000000
63128  -5.039  -26.609  72.814 0.0000000000
63123  -4.590  -26.755  73.532 0.0000000000
61980  -3.596  -28.386  74.632 0.0000000000
56443  -3.198  -31.504  72.839 0.0000000000
57630  -3.138  -30.833  73.770 0.0000000000
56435  -3.122  -31.347  73.058 0.0000000000
56434  -2.464  -31.375  73.040 0.0000000000
56433  -2.078  -31.761  72.988 0.0000000000
56432  -1.764  -32.327  72.741 0.0000000000
55208  -1.893  -32.909  73.067 0.0000000000
53980  -1.703  -33.622  73.624 0.0000000000
80056  -35.433  -12.056  57.611 0.0000000000
70073  -32.278  -20.060  56.491 0.0000000000
75755  -33.888  -14.769  57.266 0.0000000000
65430  -21.531  -23.558  70.571 0.0000000000
63165  -26.517  -24.305  69.040 0.0000000000
64351  -26.097  -23.935  69.555 0.0000000000
63164  -25.648  -24.309  69.148 0.0000000000
63173  -24.969  -24.630  68.796 0.0000000000
63172  -24.384  -24.521  68.639 0.0000000000
64413  -22.185  -23.744  64.753 0.0000000000
64405  -22.347  -24.209  65.934 0.0000000000
65524  -21.398  -23.684  65.608 0.0000000000
65494  -20.539  -23.580  67.363 0.0000000000
65509  -20.432  -23.354  66.319 0.0000000000
66721  -19.265  -23.297  65.742 0.0000000000
66720  -18.733  -23.491  65.359 0.0000000000
65530  -18.327  -23.911  64.489 0.0000000000
65531  -18.528  -23.584  64.076 0.0000000000
65544  -18.142  -23.814  63.146 0.0000000000
87614  -45.625  -4.124  36.353 0.0000000000
71113  -0.559  -20.046  63.526 0.0000000000
68942  0.562  -21.967  63.194 0.0000000000
66752  -0.025  -23.514  63.148 0.0000000000
65527  -0.366  -24.490  64.309 0.0000000000
63220  -0.128  -25.700  66.313 0.0000000000
58820  -0.956  -30.595  66.326 0.0000000000
76898  -47.137  -14.201  44.701 0.0000000000
74829  -43.903  -15.406  44.136 0.0000000000
74846  -44.434  -15.120  43.842 0.0000000000
75888  -44.770  -14.935  43.249 0.0000000000
64320  -6.434  -26.322  70.388 0.0000000000
61996  -7.217  -27.798  70.635 0.0000000000
61995  -6.856  -27.658  70.874 0.0000000000
60917  -6.901  -28.024  70.804 0.0000000000
59871  -6.539  -28.348  70.821 0.0000000000
59874  -5.683  -29.018  70.960 0.0000000000
58781  -5.848  -29.346  70.616 0.0000000000
57658  -5.793  -30.165  70.352 0.0000000000
60975  -14.613  -26.849  64.875 0.0000000000
60966  -14.763  -26.882  65.598 0.0000000000
59926  -13.986  -26.996  65.213 0.0000000000
59907  -10.944  -28.483  65.486 0.0000000000
59900  -11.076  -27.871  66.162 0.0000000000
60934  -12.013  -26.923  68.011 0.0000000000
59889  -11.197  -27.658  67.966 0.0000000000
59886  -10.582  -27.594  68.729 0.0000000000
59881  -9.763  -27.514  69.059 0.0000000000
58796  -9.039  -28.487  67.969 0.0000000000
57720  -6.803  -30.961  65.932 0.0000000000
56527  -5.908  -31.574  67.510 0.0000000000
72345  -2.763  -19.097  57.338 0.0000000000
70059  -0.912  -20.988  57.584 0.0000000000
67868  -1.317  -22.311  56.725 0.0000000000
65636  -1.910  -22.991  56.711 0.0000000000
63293  -2.589  -24.983  61.302 0.0000000000
63321  -4.684  -26.366  58.700 0.0000000000
63331  -5.566  -26.630  57.331 0.0000000000
64292  -2.529  -25.740  74.025 0.0000000000
64298  -1.923  -25.479  73.582 0.0000000000
64291  -1.795  -25.498  74.401 0.0000000000
64297  -0.621  -24.908  73.686 0.0000000000
61997  0.417  -27.628  72.260 0.0000000000
63139  0.144  -26.640  71.733 0.0000000000
64315  0.279  -25.499  71.341 0.0000000000
64340  0.420  -25.468  70.353 0.0000000000
64356  0.601  -25.432  69.414 0.0000000000
63167  0.948  -26.182  69.157 0.0000000000
60940  1.077  -28.313  68.980 0.0000000000
57689  0.646  -31.730  68.163 0.0000000000
56536  -0.210  -32.265  66.487 0.0000000000
48308  -0.318  -38.701  70.823 0.0000000000
49327  -0.216  -38.267  70.479 0.0000000000
48307  -0.147  -39.110  70.301 0.0000000000
48314  -0.026  -39.280  69.280 0.0000000000
50468  -0.935  -37.652  65.609 0.0000000000
63315  -31.498  -24.663  59.385 0.0000000000
63304  -32.483  -24.455  60.804 0.0000000000
64445  -33.093  -24.356  61.965 0.0000000000
65572  -33.424  -23.864  61.614 0.0000000000
65560  -33.618  -23.263  62.018 0.0000000000
66764  -33.903  -22.521  62.489 0.0000000000
62083  -28.196  -26.098  63.098 0.0000000000
62101  -28.740  -25.941  62.486 0.0000000000
62115  -29.070  -25.768  61.945 0.0000000000
62116  -29.520  -25.590  61.768 0.0000000000
63301  -30.812  -25.345  60.137 0.0000000000
62044  -29.543  -25.645  65.806 0.0000000000
63229  -30.247  -25.435  65.248 0.0000000000
62056  -29.786  -25.692  65.188 0.0000000000
83425  -49.324  -8.681  40.989 0.0000000000
83426  -49.686  -8.564  41.146 0.0000000000
79083  -43.783  -11.971  39.414 0.0000000000
81243  -45.572  -10.094  39.267 0.0000000000
81233  -45.885  -9.878  39.920 0.0000000000
80204  -46.087  -11.264  40.494 0.0000000000
80195  -46.786  -10.450  40.315 0.0000000000
81244  -47.495  -9.940  40.016 0.0000000000
77812  -39.147  -11.918  52.509 0.0000000000
78943  -40.105  -11.647  53.000 0.0000000000
78942  -39.282  -11.690  53.315 0.0000000000
78910  -39.117  -10.939  54.577 0.0000000000
78898  -40.131  -11.283  55.476 0.0000000000
77844  -33.533  -12.557  50.827 0.0000000000
78955  -36.517  -11.287  52.352 0.0000000000
78974  -37.282  -11.681  51.634 0.0000000000
72367  -3.197  -18.637  54.784 0.0000000000
60965  -2.861  -28.607  63.920 0.0000000000
59931  -2.322  -30.379  63.044 0.0000000000
57753  -1.486  -31.729  62.782 0.0000000000
56611  -1.522  -32.308  60.964 0.0000000000
53003  -2.956  -35.434  60.552 0.0000000000
51781  -3.480  -37.391  60.407 0.0000000000
59867  -4.478  -28.932  72.997 0.0000000000
59864  -4.367  -29.256  73.618 0.0000000000
58770  -4.191  -29.633  72.890 0.0000000000
57635  -3.893  -30.233  72.859 0.0000000000
57634  -3.605  -30.599  72.915 0.0000000000
55233  -3.326  -31.954  72.052 0.0000000000
55223  -3.332  -31.535  72.468 0.0000000000
55222  -2.957  -32.081  72.462 0.0000000000
77778  -34.719  -14.000  58.335 0.0000000000
77764  -34.956  -13.660  58.635 0.0000000000
66803  -33.189  -22.445  57.653 0.0000000000
67869  -33.320  -21.823  57.223 0.0000000000
68993  -33.124  -21.186  56.823 0.0000000000
70066  -33.081  -19.914  57.302 0.0000000000
71205  -32.342  -19.120  56.679 0.0000000000
72359  -32.519  -18.164  56.735 0.0000000000
72360  -33.133  -17.259  57.243 0.0000000000
73591  -33.317  -16.673  57.273 0.0000000000
74727  -34.263  -16.214  58.152 0.0000000000
66659  -23.496  -22.747  71.634 0.0000000000
65406  -23.473  -22.934  71.263 0.0000000000
63209  -24.402  -25.301  66.144 0.0000000000
63224  -23.048  -24.235  64.950 0.0000000000
63248  -22.763  -23.897  63.232 0.0000000000
63238  -22.839  -24.076  63.881 0.0000000000
65540  -20.627  -23.146  63.480 0.0000000000
86645  -46.084  -5.091  37.073 0.0000000000
87600  -46.542  -4.936  37.432 0.0000000000
88525  -46.049  -4.331  37.144 0.0000000000
88538  -45.919  -3.876  37.247 0.0000000000
89497  -45.755  -3.417  37.059 0.0000000000
89486  -45.711  -2.739  37.193 0.0000000000
90509  -47.861  -2.453  39.075 0.0000000000
64402  0.231  -25.274  66.440 0.0000000000
62035  -0.232  -26.846  67.049 0.0000000000
75857  -45.078  -14.411  45.934 0.0000000000
74788  -39.667  -14.591  46.646 0.0000000000
74815  -42.083  -15.226  44.921 0.0000000000
74805  -42.602  -14.860  45.621 0.0000000000
74806  -43.397  -15.076  45.396 0.0000000000
65417  -8.171  -25.556  69.568 0.0000000000
64322  -8.217  -25.999  69.880 0.0000000000
64310  -8.132  -26.345  69.933 0.0000000000
64323  -9.106  -25.826  69.913 0.0000000000
64311  -8.394  -26.274  69.988 0.0000000000
62000  -7.642  -27.359  70.269 0.0000000000
59879  -7.787  -28.698  69.895 0.0000000000
59935  -11.540  -27.834  62.920 0.0000000000
59922  -10.980  -28.142  63.565 0.0000000000
59915  -11.124  -28.555  64.508 0.0000000000
58826  -10.267  -28.554  64.929 0.0000000000
58814  -10.094  -28.509  65.482 0.0000000000
58813  -9.506  -28.676  65.906 0.0000000000
58812  -8.663  -29.114  66.393 0.0000000000
58824  -8.529  -29.185  65.585 0.0000000000
57721  -7.338  -30.016  65.216 0.0000000000
72321  -2.254  -19.001  58.714 0.0000000000
72320  -1.875  -19.309  58.775 0.0000000000
70052  -0.507  -20.928  58.502 0.0000000000
68979  -0.118  -21.958  58.325 0.0000000000
67861  -0.488  -22.653  58.203 0.0000000000
66796  -1.540  -23.368  58.488 0.0000000000
60019  -2.694  -29.869  57.768 0.0000000000
60021  -3.942  -29.232  57.131 0.0000000000
60034  -4.193  -29.344  56.342 0.0000000000
68883  -3.313  -22.397  68.615 0.0000000000
68871  -2.673  -22.468  69.254 0.0000000000
67755  -2.482  -23.043  69.965 0.0000000000
60911  -0.631  -28.794  74.130 0.0000000000
61991  -0.506  -27.979  74.499 0.0000000000
60910  -0.122  -28.801  73.923 0.0000000000
60914  0.234  -28.733  73.460 0.0000000000
58773  -0.609  -30.314  72.289 0.0000000000
60918  0.470  -28.585  72.602 0.0000000000
59883  0.948  -29.208  70.191 0.0000000000
57679  1.110  -31.542  69.852 0.0000000000
57667  1.013  -31.685  70.623 0.0000000000
56503  0.921  -32.293  70.145 0.0000000000
56515  0.862  -32.102  69.457 0.0000000000
54079  -0.285  -34.897  68.110 0.0000000000
64501  -32.239  -23.794  56.454 0.0000000000
65632  -32.331  -23.072  56.964 0.0000000000
64480  -31.993  -23.686  58.343 0.0000000000
64469  -33.238  -23.671  59.696 0.0000000000
64492  -32.197  -23.305  57.831 0.0000000000
68982  -33.793  -20.451  59.987 0.0000000000
64352  -26.999  -24.032  69.486 0.0000000000
63186  -28.252  -25.164  67.655 0.0000000000
63213  -27.784  -26.174  66.354 0.0000000000
63198  -27.201  -25.645  67.165 0.0000000000
63211  -25.914  -25.635  66.368 0.0000000000
63210  -25.109  -25.563  66.314 0.0000000000
63241  -25.096  -25.354  64.705 0.0000000000
62063  -25.290  -24.554  63.547 0.0000000000
82341  -46.578  -9.298  38.056 0.0000000000
83449  -46.782  -8.743  37.840 0.0000000000
83448  -45.906  -8.600  37.401 0.0000000000
86624  -48.503  -5.556  37.943 0.0000000000
85590  -48.896  -6.600  38.433 0.0000000000
86619  -48.993  -5.886  38.346 0.0000000000
86625  -48.803  -5.030  38.119 0.0000000000
87584  -49.521  -4.367  39.230 0.0000000000
76829  -42.248  -12.882  49.668 0.0000000000
76830  -42.664  -12.653  49.649 0.0000000000
78976  -41.655  -11.934  51.445 0.0000000000
75809  -39.438  -13.522  48.067 0.0000000000
62038  -16.889  -25.846  66.226 0.0000000000
62034  -17.253  -25.936  67.001 0.0000000000
60977  -15.579  -26.246  63.690 0.0000000000
60976  -14.955  -26.669  64.192 0.0000000000
59951  -12.937  -27.730  62.418 0.0000000000
59950  -12.092  -27.683  62.113 0.0000000000
65655  -2.931  -22.611  55.308 0.0000000000
65565  -1.163  -23.719  61.329 0.0000000000
64439  -1.504  -24.413  61.842 0.0000000000
63274  -1.825  -24.789  61.925 0.0000000000
62109  -3.550  -27.682  61.429 0.0000000000
60973  -3.216  -28.585  63.110 0.0000000000
60974  -3.417  -28.991  62.563 0.0000000000
59947  -3.354  -29.706  61.827 0.0000000000
60985  -3.501  -28.752  62.061 0.0000000000
60996  -3.530  -29.038  61.276 0.0000000000
59989  -2.820  -30.241  59.467 0.0000000000
60001  -1.696  -30.598  58.954 0.0000000000
58911  -1.620  -30.987  59.305 0.0000000000
58925  -1.558  -31.100  58.880 0.0000000000
57831  -1.478  -31.255  58.063 0.0000000000
54217  -2.796  -34.465  58.980 0.0000000000
63126  -3.067  -26.317  72.194 0.0000000000
64300  -3.009  -26.325  72.629 0.0000000000
64293  -3.118  -26.288  73.625 0.0000000000
64288  -2.980  -26.247  74.362 0.0000000000
64287  -2.461  -26.150  74.829 0.0000000000
63114  -2.249  -26.973  75.267 0.0000000000
59859  -4.465  -29.076  74.061 0.0000000000
60904  -3.857  -28.957  74.411 0.0000000000
60903  -3.277  -29.083  74.635 0.0000000000
58763  -3.156  -30.381  74.328 0.0000000000
59856  -3.009  -29.866  74.821 0.0000000000
60902  -2.678  -29.115  74.672 0.0000000000
61978  -2.329  -28.425  74.818 0.0000000000
60907  -1.733  -28.498  74.763 0.0000000000
59861  -1.036  -29.459  73.614 0.0000000000
59860  -0.527  -30.161  73.753 0.0000000000
57626  -1.398  -31.914  72.428 0.0000000000
57633  -0.879  -31.705  72.237 0.0000000000
55230  1.012  -33.765  73.212 0.0000000000
54003  0.831  -34.299  72.709 0.0000000000
66818  -32.342  -22.533  56.246 0.0000000000
66831  -32.388  -22.741  55.639 0.0000000000
69005  -31.739  -22.052  55.547 0.0000000000
76790  -33.391  -13.575  55.062 0.0000000000
78907  -34.186  -11.931  54.945 0.0000000000
65402  -19.881  -23.265  70.676 0.0000000000
65428  -19.320  -23.953  70.170 0.0000000000
64345  -18.903  -24.464  69.652 0.0000000000
63171  -18.352  -24.681  68.438 0.0000000000
63193  -18.041  -24.699  67.848 0.0000000000
65408  -25.409  -22.850  70.824 0.0000000000
64338  -25.624  -23.538  70.001 0.0000000000
65434  -25.077  -23.111  70.436 0.0000000000
65433  -24.109  -23.299  70.645 0.0000000000
64335  -22.950  -23.667  70.274 0.0000000000
64390  -23.833  -24.662  67.465 0.0000000000
64380  -23.524  -24.622  68.061 0.0000000000
64364  -22.407  -24.115  69.415 0.0000000000
64347  -22.627  -23.822  70.133 0.0000000000
65467  -21.804  -23.932  69.768 0.0000000000
65466  -21.474  -23.899  69.330 0.0000000000
65465  -20.483  -23.706  68.970 0.0000000000
64387  -18.495  -24.304  67.639 0.0000000000
64386  -18.019  -24.584  67.404 0.0000000000
63207  -17.431  -25.188  66.520 0.0000000000
63223  -17.115  -25.139  65.463 0.0000000000
90528  -45.572  -1.633  36.414 0.0000000000
90516  -45.917  -1.258  37.258 0.0000000000
92696  -45.703  0.227  35.792 0.0000000000
72277  -1.327  -19.580  60.877 0.0000000000
71159  -0.715  -20.150  60.325 0.0000000000
70037  0.071  -20.556  60.266 0.0000000000
70036  0.423  -21.008  60.913 0.0000000000
63233  -1.040  -25.698  65.106 0.0000000000
59913  -1.643  -29.666  65.661 0.0000000000
58822  -1.503  -30.450  65.091 0.0000000000
57734  -1.045  -31.984  64.075 0.0000000000
57752  -0.049  -31.972  63.692 0.0000000000
55362  0.217  -33.207  63.748 0.0000000000
77936  -48.130  -13.202  42.911 0.0000000000
80060  -39.437  -10.711  57.012 0.0000000000
73736  -40.764  -15.914  43.147 0.0000000000
73738  -42.764  -15.664  43.214 0.0000000000
73759  -41.994  -15.641  42.519 0.0000000000
74862  -42.525  -15.437  42.315 0.0000000000
74878  -42.348  -15.227  41.854 0.0000000000
75916  -42.281  -14.916  41.423 0.0000000000
75931  -43.352  -14.601  41.520 0.0000000000
76925  -44.100  -14.222  41.620 0.0000000000
76926  -44.740  -14.124  41.799 0.0000000000
75902  -44.825  -14.713  42.457 0.0000000000
76916  -45.193  -14.419  42.186 0.0000000000
76927  -45.406  -14.240  42.031 0.0000000000
60913  -4.881  -28.194  73.006 0.0000000000
58771  -4.421  -29.272  72.513 0.0000000000
57640  -4.534  -30.098  72.101 0.0000000000
57648  -4.819  -30.253  71.459 0.0000000000
56470  -4.719  -30.841  70.991 0.0000000000
56481  -4.539  -31.292  70.843 0.0000000000
55261  -4.401  -32.622  69.709 0.0000000000
62033  -16.581  -26.394  66.626 0.0000000000
62029  -16.629  -26.460  67.441 0.0000000000
62028  -15.958  -26.400  67.474 0.0000000000
60956  -15.436  -26.687  66.442 0.0000000000
60952  -15.360  -26.527  66.824 0.0000000000
62023  -15.926  -26.269  67.995 0.0000000000
62021  -14.388  -26.372  68.214 0.0000000000
59917  -12.606  -27.847  65.282 0.0000000000
59909  -12.768  -27.458  66.099 0.0000000000
59902  -13.238  -27.172  66.894 0.0000000000
60949  -13.544  -26.964  67.337 0.0000000000
60936  -13.871  -26.709  68.083 0.0000000000
62015  -14.406  -26.236  68.845 0.0000000000
62009  -13.676  -26.169  69.476 0.0000000000
62008  -12.325  -26.318  69.247 0.0000000000
63138  -10.059  -26.300  69.769 0.0000000000
62002  -9.685  -26.784  69.776 0.0000000000
60924  -9.337  -27.295  69.500 0.0000000000
58805  -8.604  -29.084  67.062 0.0000000000
57701  -7.511  -30.337  67.235 0.0000000000
58799  -7.900  -29.521  68.236 0.0000000000
57670  -6.899  -29.825  69.451 0.0000000000
56494  -5.922  -30.950  69.396 0.0000000000
56505  -5.418  -31.513  69.051 0.0000000000
56517  -5.606  -31.613  68.341 0.0000000000
71202  -2.475  -19.766  55.487 0.0000000000
72335  -2.392  -18.973  57.918 0.0000000000
71184  -2.412  -19.277  57.384 0.0000000000
71192  -2.635  -19.483  56.631 0.0000000000
67874  -1.540  -22.163  55.788 0.0000000000
66824  -2.131  -22.533  54.944 0.0000000000
65578  -1.550  -23.579  60.200 0.0000000000
64450  -2.472  -24.383  60.789 0.0000000000
65591  -1.631  -23.540  59.620 0.0000000000
65592  -1.883  -23.676  59.155 0.0000000000
63309  -3.964  -26.069  60.255 0.0000000000
64463  -4.125  -25.766  59.820 0.0000000000
65605  -2.534  -23.565  58.123 0.0000000000
65640  -4.531  -23.499  56.111 0.0000000000
65625  -5.906  -24.600  56.305 0.0000000000
68892  -0.581  -22.260  68.106 0.0000000000
65395  -1.773  -24.414  72.023 0.0000000000
66652  -1.907  -23.991  71.647 0.0000000000
67729  -1.676  -23.622  71.413 0.0000000000
67728  -1.103  -23.274  71.589 0.0000000000
63119  0.012  -27.095  74.307 0.0000000000
64289  -0.183  -26.507  74.262 0.0000000000
66650  -0.584  -23.343  72.080 0.0000000000
67752  0.281  -22.321  70.519 0.0000000000
67751  0.575  -22.428  70.210 0.0000000000
67765  0.513  -22.793  69.525 0.0000000000
67772  0.378  -23.087  68.747 0.0000000000
64385  0.759  -25.459  67.977 0.0000000000
64372  0.689  -25.434  68.716 0.0000000000
59887  1.082  -29.038  69.440 0.0000000000
59892  1.081  -29.017  68.964 0.0000000000
59891  0.993  -29.194  68.448 0.0000000000
56537  -0.461  -32.731  65.881 0.0000000000
56560  -0.099  -32.759  64.600 0.0000000000
55347  -0.130  -33.470  64.239 0.0000000000
54143  -0.758  -34.111  64.184 0.0000000000
51605  -0.650  -35.581  72.544 0.0000000000
51615  -0.461  -35.941  71.948 0.0000000000
48281  -0.221  -38.529  72.258 0.0000000000
49302  -0.148  -37.877  71.781 0.0000000000
51623  -0.052  -36.557  71.849 0.0000000000
52854  -0.202  -35.415  71.749 0.0000000000
52868  -0.273  -35.388  71.388 0.0000000000
52881  -0.262  -34.906  71.075 0.0000000000
52880  -0.356  -35.324  70.496 0.0000000000
51656  -0.435  -36.256  70.090 0.0000000000
52892  -0.312  -35.449  69.430 0.0000000000
52899  -0.218  -35.511  68.401 0.0000000000
52913  -0.260  -35.130  67.899 0.0000000000
48320  -0.449  -39.277  68.393 0.0000000000
52912  -0.174  -35.510  67.511 0.0000000000
52928  -0.254  -35.535  66.576 0.0000000000
52945  -0.474  -35.393  65.777 0.0000000000
51718  -0.710  -36.908  65.724 0.0000000000
52966  -1.026  -34.618  64.655 0.0000000000
51767  -2.085  -36.514  62.719 0.0000000000
49432  -3.488  -38.445  61.669 0.0000000000
48299  -0.207  -38.271  71.798 0.0000000000
48301  -0.412  -38.751  70.835 0.0000000000
49319  -0.350  -38.532  70.989 0.0000000000
49328  -0.387  -38.357  70.720 0.0000000000
50400  -0.024  -36.994  71.793 0.0000000000
50407  0.039  -37.564  71.900 0.0000000000
50415  -0.341  -37.111  70.288 0.0000000000
50423  -0.330  -37.272  70.000 0.0000000000
50432  -0.294  -37.267  69.519 0.0000000000
51633  -0.106  -36.367  71.692 0.0000000000
51644  -0.360  -36.838  70.415 0.0000000000
51657  -0.396  -36.854  69.966 0.0000000000
51668  -0.372  -37.015  69.674 0.0000000000
52831  -0.217  -34.699  72.968 0.0000000000
52843  -0.016  -34.831  72.377 0.0000000000
52855  -0.055  -34.950  71.638 0.0000000000
52867  -0.299  -36.038  71.660 0.0000000000
52869  -0.180  -34.931  71.345 0.0000000000
52900  -0.253  -35.174  68.130 0.0000000000
53979  -1.178  -33.768  73.895 0.0000000000
53994  -2.829  -32.720  72.712 0.0000000000
54026  0.847  -34.074  71.742 0.0000000000
54028  -0.033  -34.796  71.492 0.0000000000
54040  -0.058  -34.654  71.272 0.0000000000
54064  -0.282  -35.041  68.325 0.0000000000
55210  -2.489  -31.902  72.706 0.0000000000
55231  0.337  -33.410  73.038 0.0000000000
55316  -0.508  -32.998  65.832 0.0000000000
55363  0.235  -33.105  63.478 0.0000000000
56429  -1.709  -31.291  73.174 0.0000000000
56430  -2.216  -31.196  73.278 0.0000000000
56431  -1.297  -32.717  72.743 0.0000000000
56436  -3.152  -31.112  73.226 0.0000000000
56444  -3.305  -31.186  72.828 0.0000000000
56455  -0.640  -31.500  72.049 0.0000000000
56456  -0.631  -31.078  72.071 0.0000000000
56467  -0.423  -31.157  71.858 0.0000000000
56468  -0.645  -31.061  71.820 0.0000000000
56562  -1.221  -32.232  63.249 0.0000000000
56579  0.299  -32.894  64.064 0.0000000000
56596  0.387  -32.862  63.619 0.0000000000
57623  -2.010  -31.082  73.451 0.0000000000
57625  -2.875  -30.742  74.089 0.0000000000
57628  -1.959  -31.308  73.128 0.0000000000
57638  -0.594  -30.693  72.093 0.0000000000
57646  -0.435  -30.618  71.909 0.0000000000
57699  -6.394  -31.227  67.518 0.0000000000
57765  0.432  -32.613  63.809 0.0000000000
57766  0.330  -32.470  63.520 0.0000000000
57801  -1.539  -31.298  59.035 0.0000000000
57803  -1.537  -32.039  59.809 0.0000000000
58760  -1.838  -30.586  73.468 0.0000000000
58774  -0.517  -30.400  72.074 0.0000000000
58778  -0.329  -30.079  71.940 0.0000000000
58779  -0.405  -30.311  71.931 0.0000000000
58786  -7.890  -28.867  69.586 0.0000000000
58835  -8.681  -29.078  64.821 0.0000000000
58837  -10.229  -28.295  64.086 0.0000000000
58927  -2.018  -30.268  58.102 0.0000000000
58941  -1.548  -31.085  58.474 0.0000000000
59858  -4.118  -29.285  74.108 0.0000000000
59862  -3.728  -29.950  73.935 0.0000000000
59890  -11.974  -27.150  67.632 0.0000000000
59903  -14.076  -26.789  66.804 0.0000000000
59904  -14.540  -26.670  66.748 0.0000000000
59933  -3.389  -29.376  62.283 0.0000000000
59973  -1.760  -30.901  59.905 0.0000000000
59986  -1.659  -30.752  59.367 0.0000000000
60000  -1.620  -30.864  59.165 0.0000000000
60016  -1.579  -30.913  58.848 0.0000000000
60017  -1.637  -30.830  58.528 0.0000000000
60900  -1.733  -29.227  74.176 0.0000000000
60905  -4.369  -28.842  74.286 0.0000000000
60909  -5.139  -28.325  73.812 0.0000000000
60943  -13.917  -26.805  67.603 0.0000000000
60946  -15.879  -26.518  67.185 0.0000000000
60961  -14.859  -26.778  66.227 0.0000000000
60978  -27.666  -25.816  62.899 0.0000000000
60989  -27.576  -25.686  62.599 0.0000000000
61054  -3.987  -28.959  57.632 0.0000000000
61979  -2.989  -28.418  74.953 0.0000000000
61981  -4.210  -28.398  74.430 0.0000000000
61987  -3.984  -27.788  74.474 0.0000000000
62003  -10.352  -26.400  69.750 0.0000000000
62005  0.120  -27.299  71.008 0.0000000000
62078  -25.390  -24.148  62.811 0.0000000000
62091  -3.391  -27.686  62.168 0.0000000000
62131  -30.728  -25.398  59.690 0.0000000000
63112  -0.896  -27.274  75.211 0.0000000000
63118  -4.663  -27.529  73.566 0.0000000000
63122  -3.808  -26.783  73.857 0.0000000000
63127  -3.380  -26.464  72.233 0.0000000000
63131  -3.234  -26.296  71.854 0.0000000000
63134  -7.033  -26.755  70.624 0.0000000000
63140  0.067  -27.027  71.114 0.0000000000
63145  -7.887  -26.360  69.932 0.0000000000
63157  0.154  -27.132  70.805 0.0000000000
63163  -25.050  -24.345  69.280 0.0000000000
63181  -18.321  -24.604  68.100 0.0000000000
63197  -26.231  -25.381  67.135 0.0000000000
64285  -0.971  -26.660  75.210 0.0000000000
64295  -4.420  -26.683  72.895 0.0000000000
64306  -2.736  -26.055  71.957 0.0000000000
64334  -22.648  -23.681  70.360 0.0000000000
64355  0.835  -25.842  68.961 0.0000000000
64440  -1.860  -24.668  61.724 0.0000000000
65392  -22.903  -22.759  71.533 0.0000000000
65407  -24.454  -22.926  71.034 0.0000000000
65409  -26.255  -23.073  70.846 0.0000000000
65432  -23.173  -23.293  70.651 0.0000000000
65472  0.512  -24.506  69.035 0.0000000000
65507  -18.507  -23.802  66.088 0.0000000000
65532  -20.570  -23.200  64.955 0.0000000000
65537  -18.207  -23.972  63.952 0.0000000000
65548  -33.532  -23.619  63.208 0.0000000000
65566  -1.595  -23.855  60.963 0.0000000000
65619  -1.824  -23.090  57.046 0.0000000000
66722  -19.785  -23.199  66.024 0.0000000000
66734  -18.644  -23.493  64.744 0.0000000000
66735  -19.303  -23.104  64.984 0.0000000000
66746  -18.578  -23.521  64.347 0.0000000000
66757  -19.911  -23.132  63.812 0.0000000000
66758  -20.351  -23.143  63.965 0.0000000000
66800  -0.675  -22.850  58.578 0.0000000000
66830  -32.560  -22.933  55.178 0.0000000000
67714  -1.337  -23.759  71.872 0.0000000000
67739  0.438  -22.495  70.611 0.0000000000
67753  -1.152  -22.569  70.622 0.0000000000
67754  -1.362  -22.685  70.658 0.0000000000
67851  -33.972  -21.866  59.894 0.0000000000
68866  0.151  -22.383  69.694 0.0000000000
68868  -1.243  -22.445  70.533 0.0000000000
71166  -1.590  -19.531  59.038 0.0000000000
71212  -2.803  -19.373  55.045 0.0000000000
71221  -1.707  -19.166  54.030 0.0000000000
74818  -44.463  -15.220  44.928 0.0000000000
75867  -44.384  -15.127  45.164 0.0000000000
75887  -44.347  -15.138  42.790 0.0000000000
75903  -45.217  -14.710  42.911 0.0000000000
76906  -46.863  -14.188  44.132 0.0000000000
77763  -34.895  -13.526  58.306 0.0000000000
78971  -33.940  -12.375  50.671 0.0000000000
78975  -41.282  -12.041  51.584 0.0000000000
78993  -34.123  -12.362  50.409 0.0000000000
80057  -35.670  -11.702  57.964 0.0000000000
80099  -39.290  -11.361  53.978 0.0000000000
80100  -39.530  -11.422  53.877 0.0000000000
80110  -39.315  -11.475  53.770 0.0000000000
80111  -39.649  -11.508  53.556 0.0000000000
80194  -46.073  -10.362  40.459 0.0000000000
80196  -47.261  -10.308  40.220 0.0000000000
80198  -48.383  -10.523  41.662 0.0000000000
80218  -45.473  -11.152  39.916 0.0000000000
81228  -48.496  -10.663  42.083 0.0000000000
81234  -46.562  -10.010  40.036 0.0000000000
81235  -47.099  -10.072  39.904 0.0000000000
81254  -45.653  -10.152  38.507 0.0000000000
81255  -46.096  -9.981  38.289 0.0000000000
82310  -46.014  -9.694  39.289 0.0000000000
82311  -46.496  -9.743  39.547 0.0000000000
82312  -46.857  -9.889  39.684 0.0000000000
82317  -46.471  -9.527  38.947 0.0000000000
82325  -45.922  -9.856  38.350 0.0000000000
82327  -46.983  -9.165  38.484 0.0000000000
83432  -49.531  -8.283  40.758 0.0000000000
83439  -47.249  -8.848  38.141 0.0000000000
86610  -50.090  -5.430  39.923 0.0000000000
87599  -45.924  -4.526  36.866 0.0000000000
87601  -46.766  -4.734  38.003 0.0000000000
89472  -47.679  -2.833  38.870 0.0000000000
90505  -46.061  -1.183  37.506 0.0000000000
90519  -46.989  -2.648  38.398 0.0000000000
