#!ascii label  , from subject 3606 vox2ras=TkReg
1169
59736  22.976  -29.112  58.808 0.0000000000
69679  32.705  -20.603  65.826 0.0000000000
78739  40.147  -13.136  38.858 0.0000000000
71036  33.490  -20.722  50.508 0.0000000000
67406  37.709  -22.398  58.452 0.0000000000
85193  50.790  -6.334  28.393 0.0000000000
73518  41.668  -17.542  40.452 0.0000000000
73485  36.436  -17.598  41.220 0.0000000000
57514  17.529  -30.353  58.576 0.0000000000
60739  29.025  -27.253  61.127 0.0000000000
67369  29.903  -23.389  59.931 0.0000000000
60821  24.858  -28.257  54.742 0.0000000000
85134  45.051  -6.563  33.835 0.0000000000
58601  27.043  -29.453  63.667 0.0000000000
57448  21.893  -29.807  63.192 0.0000000000
83040  44.732  -8.761  38.487 0.0000000000
57453  17.293  -29.166  63.339 0.0000000000
58569  12.477  -31.145  64.989 0.0000000000
73375  36.413  -17.344  47.184 0.0000000000
69838  35.804  -21.305  54.011 0.0000000000
62884  35.008  -25.701  53.505 0.0000000000
65189  33.064  -24.138  56.835 0.0000000000
72271  42.025  -18.190  42.258 0.0000000000
72329  39.671  -17.132  40.985 0.0000000000
71116  39.461  -17.708  42.815 0.0000000000
73481  43.896  -17.206  42.029 0.0000000000
59768  20.285  -29.263  56.068 0.0000000000
57558  18.379  -31.682  56.165 0.0000000000
58691  19.345  -29.484  58.469 0.0000000000
59732  25.570  -28.602  59.384 0.0000000000
60772  26.843  -27.551  58.418 0.0000000000
59764  23.624  -28.476  57.022 0.0000000000
59814  21.799  -29.805  53.493 0.0000000000
80954  40.012  -11.474  37.817 0.0000000000
78728  42.770  -13.012  40.139 0.0000000000
80951  42.717  -10.730  38.858 0.0000000000
83052  42.556  -8.609  37.280 0.0000000000
57406  22.170  -29.898  64.770 0.0000000000
57450  19.755  -29.726  63.254 0.0000000000
57409  18.957  -29.692  65.285 0.0000000000
58504  13.720  -29.578  68.477 0.0000000000
58557  13.968  -29.881  66.211 0.0000000000
58525  11.934  -30.501  67.343 0.0000000000
56289  10.413  -32.507  68.535 0.0000000000
56280  10.514  -32.122  70.079 0.0000000000
72117  36.271  -20.150  56.318 0.0000000000
68552  36.652  -21.565  56.779 0.0000000000
66315  35.682  -23.401  53.910 0.0000000000
64046  36.297  -24.332  55.824 0.0000000000
65202  27.914  -24.588  56.666 0.0000000000
67387  32.355  -22.809  58.895 0.0000000000
67455  30.105  -23.223  55.606 0.0000000000
65242  31.642  -24.651  53.882 0.0000000000
73360  33.887  -18.049  48.686 0.0000000000
73416  33.317  -18.142  45.318 0.0000000000
71061  31.891  -20.482  47.316 0.0000000000
86233  53.676  -5.956  27.477 0.0000000000
85214  51.548  -6.676  26.208 0.0000000000
76573  41.213  -15.603  39.922 0.0000000000
74607  39.140  -16.215  40.026 0.0000000000
76544  43.568  -15.481  41.196 0.0000000000
66181  30.811  -23.919  64.782 0.0000000000
68452  31.566  -21.828  63.482 0.0000000000
63986  29.470  -25.770  61.041 0.0000000000
61854  27.603  -26.384  56.882 0.0000000000
60833  25.842  -27.632  53.218 0.0000000000
85096  47.266  -5.603  36.942 0.0000000000
85131  48.066  -6.059  33.297 0.0000000000
85156  47.897  -6.460  31.362 0.0000000000
85195  48.555  -6.761  28.653 0.0000000000
58651  24.715  -29.143  60.856 0.0000000000
58654  22.651  -29.217  60.626 0.0000000000
58587  24.456  -30.005  62.836 0.0000000000
59708  27.953  -28.283  62.064 0.0000000000
84067  44.475  -6.846  36.999 0.0000000000
58657  19.113  -29.485  60.758 0.0000000000
58659  16.996  -30.060  60.637 0.0000000000
58662  14.291  -30.922  61.392 0.0000000000
57411  17.166  -28.813  65.562 0.0000000000
58591  14.791  -29.969  63.876 0.0000000000
57370  8.068  -31.988  72.133 0.0000000000
72210  38.932  -17.680  45.002 0.0000000000
73306  34.398  -18.140  51.510 0.0000000000
72121  35.347  -19.288  54.483 0.0000000000
69876  34.738  -21.159  51.972 0.0000000000
67495  35.303  -23.461  52.279 0.0000000000
64096  35.555  -25.278  52.219 0.0000000000
62930  34.259  -27.092  51.168 0.0000000000
69738  33.355  -20.906  61.597 0.0000000000
66218  35.191  -22.553  60.092 0.0000000000
65156  36.096  -23.725  58.619 0.0000000000
62858  34.258  -25.343  55.321 0.0000000000
62915  32.960  -25.946  52.134 0.0000000000
72235  36.923  -17.891  43.793 0.0000000000
72275  34.015  -19.039  42.043 0.0000000000
71113  41.716  -18.329  43.009 0.0000000000
71133  40.520  -18.047  42.444 0.0000000000
71098  40.575  -17.990  43.518 0.0000000000
71130  42.690  -19.015  42.978 0.0000000000
59752  21.636  -28.663  57.351 0.0000000000
58701  20.070  -29.093  57.285 0.0000000000
58689  21.532  -28.695  58.442 0.0000000000
59735  23.640  -28.953  58.781 0.0000000000
59748  24.632  -28.527  58.336 0.0000000000
59750  23.225  -28.857  57.872 0.0000000000
59766  22.000  -28.611  56.513 0.0000000000
79826  40.488  -12.077  38.697 0.0000000000
77597  41.941  -13.433  40.093 0.0000000000
79816  42.739  -12.322  39.592 0.0000000000
79825  41.445  -11.907  38.950 0.0000000000
80953  40.826  -11.027  38.247 0.0000000000
58499  12.631  -29.435  69.123 0.0000000000
58524  12.793  -29.988  67.523 0.0000000000
58506  11.708  -30.392  68.101 0.0000000000
58507  11.298  -31.014  67.874 0.0000000000
57385  10.891  -31.344  68.631 0.0000000000
56285  10.492  -32.290  69.342 0.0000000000
69772  37.357  -20.972  58.033 0.0000000000
67422  37.313  -22.146  57.691 0.0000000000
66291  36.419  -22.742  55.705 0.0000000000
65185  37.042  -23.510  57.180 0.0000000000
69690  33.640  -20.114  65.343 0.0000000000
64083  27.212  -25.667  53.874 0.0000000000
67441  28.963  -23.014  56.391 0.0000000000
66306  27.663  -24.160  53.941 0.0000000000
66317  28.659  -23.894  52.803 0.0000000000
72134  32.878  -19.137  50.190 0.0000000000
73361  32.915  -18.299  48.615 0.0000000000
86210  50.731  -6.375  29.871 0.0000000000
85167  52.116  -7.008  30.020 0.0000000000
85177  52.639  -6.845  28.976 0.0000000000
86221  52.405  -6.490  27.664 0.0000000000
85205  50.911  -6.531  27.345 0.0000000000
74604  41.330  -16.393  40.325 0.0000000000
75608  40.314  -15.874  39.788 0.0000000000
74586  40.984  -16.978  40.525 0.0000000000
72314  38.006  -17.390  41.093 0.0000000000
73522  37.659  -16.739  40.088 0.0000000000
72332  36.321  -18.157  39.635 0.0000000000
73500  43.248  -17.454  40.993 0.0000000000
74583  42.547  -16.743  40.518 0.0000000000
75605  41.798  -15.607  40.410 0.0000000000
57531  17.671  -30.670  57.775 0.0000000000
57516  16.141  -31.088  59.099 0.0000000000
63967  30.472  -25.976  63.286 0.0000000000
65125  30.280  -25.267  62.988 0.0000000000
62817  29.504  -26.175  61.506 0.0000000000
60803  25.517  -27.923  56.245 0.0000000000
60786  27.533  -26.848  57.494 0.0000000000
60802  26.200  -27.632  55.946 0.0000000000
60818  26.542  -27.124  55.101 0.0000000000
60834  25.438  -28.108  53.683 0.0000000000
59811  24.445  -28.984  53.209 0.0000000000
67503  35.260  -23.667  50.871 0.0000000000
85117  45.868  -6.208  35.010 0.0000000000
85104  47.513  -5.506  35.626 0.0000000000
85133  45.906  -6.307  33.793 0.0000000000
84104  46.658  -6.698  31.552 0.0000000000
85170  46.689  -7.211  30.265 0.0000000000
85181  48.106  -6.786  29.493 0.0000000000
58628  25.100  -29.471  61.674 0.0000000000
58629  24.415  -29.429  61.615 0.0000000000
58585  25.711  -29.950  63.427 0.0000000000
59689  27.019  -29.178  62.655 0.0000000000
58649  26.010  -29.328  60.995 0.0000000000
84052  45.878  -6.783  37.863 0.0000000000
83049  44.750  -7.739  38.035 0.0000000000
83065  42.725  -8.128  36.128 0.0000000000
58607  22.878  -29.764  62.247 0.0000000000
58655  21.548  -29.159  60.687 0.0000000000
58608  20.819  -29.809  62.091 0.0000000000
57452  18.210  -29.003  63.191 0.0000000000
58610  18.518  -29.378  62.214 0.0000000000
58637  17.030  -29.921  61.746 0.0000000000
58660  16.001  -30.130  60.809 0.0000000000
58638  15.984  -29.885  61.888 0.0000000000
58540  16.040  -29.339  66.910 0.0000000000
58558  12.961  -30.265  65.985 0.0000000000
58566  14.901  -29.548  65.586 0.0000000000
58579  13.030  -30.759  64.398 0.0000000000
58615  13.469  -30.875  62.920 0.0000000000
73322  35.228  -17.700  50.718 0.0000000000
70974  36.168  -20.760  55.382 0.0000000000
72120  35.660  -19.409  55.083 0.0000000000
70984  35.726  -20.633  54.327 0.0000000000
70996  35.002  -19.974  53.319 0.0000000000
69858  35.621  -21.276  53.291 0.0000000000
69874  35.247  -22.223  52.567 0.0000000000
68586  35.436  -22.085  53.648 0.0000000000
64077  35.881  -24.548  53.988 0.0000000000
64095  35.639  -24.598  53.190 0.0000000000
64079  35.391  -25.531  52.602 0.0000000000
62911  35.510  -26.477  51.623 0.0000000000
62912  34.861  -26.677  51.897 0.0000000000
68473  30.967  -22.003  62.071 0.0000000000
69719  32.450  -20.958  62.827 0.0000000000
68490  30.900  -22.019  61.032 0.0000000000
66263  32.990  -23.399  57.910 0.0000000000
67386  33.376  -22.818  58.952 0.0000000000
65160  34.162  -23.395  58.173 0.0000000000
65144  35.431  -23.449  59.289 0.0000000000
65174  34.602  -23.865  57.855 0.0000000000
64019  34.862  -24.560  56.642 0.0000000000
64021  33.937  -24.554  56.695 0.0000000000
65290  30.371  -25.089  51.073 0.0000000000
62903  32.381  -25.139  52.639 0.0000000000
73411  38.202  -17.408  45.723 0.0000000000
72211  38.009  -17.492  44.781 0.0000000000
73413  36.507  -17.352  45.187 0.0000000000
72214  31.934  -19.739  44.771 0.0000000000
73433  33.312  -18.534  43.982 0.0000000000
86253  53.437  -5.596  25.563 0.0000000000
72309  42.088  -18.490  41.325 0.0000000000
73504  40.852  -17.458  40.920 0.0000000000
71175  40.555  -17.685  41.581 0.0000000000
71177  39.690  -17.460  41.860 0.0000000000
72294  37.499  -17.486  41.614 0.0000000000
72249  44.351  -17.765  43.442 0.0000000000
73465  43.504  -18.410  42.348 0.0000000000
58712  18.880  -30.634  56.016 0.0000000000
58713  18.476  -30.589  56.737 0.0000000000
58692  18.337  -29.966  58.619 0.0000000000
60749  27.357  -28.033  60.098 0.0000000000
60747  28.546  -27.034  60.008 0.0000000000
59746  26.044  -28.070  58.936 0.0000000000
59778  24.954  -28.254  56.683 0.0000000000
59779  24.224  -28.298  56.144 0.0000000000
59798  23.091  -28.800  54.457 0.0000000000
59781  22.481  -28.606  55.511 0.0000000000
59801  20.652  -30.018  54.457 0.0000000000
84107  43.793  -7.815  32.381 0.0000000000
58573  26.570  -29.769  64.483 0.0000000000
79814  44.030  -11.717  39.986 0.0000000000
80941  44.034  -10.520  39.467 0.0000000000
82025  44.201  -9.510  38.620 0.0000000000
82034  43.814  -8.762  38.014 0.0000000000
82036  42.343  -9.508  37.921 0.0000000000
82038  40.839  -9.961  36.944 0.0000000000
57435  22.416  -30.078  63.767 0.0000000000
57449  20.779  -29.945  63.192 0.0000000000
57437  20.308  -29.695  63.829 0.0000000000
57438  19.348  -29.498  63.895 0.0000000000
57440  18.060  -29.005  64.017 0.0000000000
58541  15.013  -29.629  66.976 0.0000000000
58523  13.842  -29.809  67.691 0.0000000000
58543  12.922  -30.177  66.780 0.0000000000
58559  12.201  -30.978  65.656 0.0000000000
57398  11.414  -31.401  66.622 0.0000000000
70958  36.597  -20.825  56.640 0.0000000000
68568  36.183  -21.633  55.457 0.0000000000
67475  35.656  -22.589  54.349 0.0000000000
67463  36.087  -22.264  55.228 0.0000000000
65226  36.158  -23.906  54.518 0.0000000000
64047  35.968  -25.126  55.240 0.0000000000
67390  29.664  -24.089  58.672 0.0000000000
68510  31.142  -22.396  59.276 0.0000000000
67409  30.175  -23.252  58.182 0.0000000000
67425  30.627  -23.308  57.509 0.0000000000
66282  31.737  -23.862  56.184 0.0000000000
65213  32.541  -24.449  55.666 0.0000000000
66304  30.943  -24.195  54.611 0.0000000000
66328  29.945  -24.403  51.917 0.0000000000
74480  35.452  -17.546  47.691 0.0000000000
74499  35.093  -17.435  46.103 0.0000000000
74491  33.971  -17.769  47.209 0.0000000000
73399  32.135  -18.591  46.127 0.0000000000
85189  53.844  -6.128  28.190 0.0000000000
85213  52.439  -6.386  26.406 0.0000000000
76578  41.240  -14.645  39.610 0.0000000000
77600  39.788  -14.129  38.944 0.0000000000
75617  40.352  -15.416  39.528 0.0000000000
73540  39.127  -16.474  40.327 0.0000000000
74587  37.385  -16.797  39.608 0.0000000000
75555  45.044  -15.502  42.979 0.0000000000
76532  44.711  -14.822  42.206 0.0000000000
77579  43.885  -13.893  41.272 0.0000000000
77589  42.995  -13.963  40.294 0.0000000000
77591  41.946  -14.597  40.104 0.0000000000
68418  31.621  -21.839  65.379 0.0000000000
68431  32.143  -21.028  65.117 0.0000000000
67306  31.189  -22.931  64.257 0.0000000000
66203  30.162  -24.224  62.636 0.0000000000
66235  29.585  -24.668  60.940 0.0000000000
61828  28.238  -26.657  59.202 0.0000000000
62848  28.550  -25.925  58.556 0.0000000000
65177  29.154  -25.294  58.572 0.0000000000
64052  27.885  -25.595  56.825 0.0000000000
62890  27.035  -26.179  54.719 0.0000000000
61886  26.350  -27.270  52.576 0.0000000000
86172  49.173  -5.500  33.636 0.0000000000
84105  46.152  -6.723  31.771 0.0000000000
85144  47.912  -6.353  32.244 0.0000000000
86180  49.386  -5.981  32.626 0.0000000000
86201  48.610  -6.398  30.974 0.0000000000
86211  49.722  -6.372  29.756 0.0000000000
85194  49.717  -6.356  28.690 0.0000000000
85206  49.792  -6.585  27.476 0.0000000000
58687  23.595  -29.087  59.375 0.0000000000
58672  22.944  -29.145  59.617 0.0000000000
58653  23.419  -29.253  60.686 0.0000000000
58605  23.974  -29.691  62.238 0.0000000000
57446  23.857  -30.119  63.012 0.0000000000
58575  25.249  -30.171  63.750 0.0000000000
57434  23.399  -30.354  63.724 0.0000000000
57405  23.071  -30.340  64.897 0.0000000000
68406  32.207  -21.295  66.537 0.0000000000
66171  30.981  -22.986  66.444 0.0000000000
63954  30.464  -25.751  64.490 0.0000000000
61791  30.129  -27.013  63.436 0.0000000000
60714  29.886  -27.395  63.770 0.0000000000
60740  28.492  -27.846  61.583 0.0000000000
59718  26.436  -28.746  60.301 0.0000000000
58669  24.987  -29.045  60.183 0.0000000000
85092  47.187  -6.266  38.002 0.0000000000
85106  45.521  -6.220  36.550 0.0000000000
85118  45.054  -6.457  35.033 0.0000000000
83064  43.174  -7.785  36.546 0.0000000000
84079  43.187  -7.793  35.602 0.0000000000
84092  43.589  -7.677  33.423 0.0000000000
58674  20.436  -28.974  59.567 0.0000000000
58675  19.257  -29.543  59.651 0.0000000000
58676  18.036  -29.883  59.615 0.0000000000
57481  19.662  -29.737  62.136 0.0000000000
58658  18.048  -29.697  60.755 0.0000000000
58677  17.284  -30.043  59.924 0.0000000000
57499  16.013  -30.608  59.866 0.0000000000
57500  15.149  -30.973  60.082 0.0000000000
57410  17.890  -29.482  65.392 0.0000000000
57441  17.268  -28.803  64.169 0.0000000000
58576  15.695  -29.199  64.983 0.0000000000
57454  16.593  -29.246  63.763 0.0000000000
58614  14.497  -30.385  62.958 0.0000000000
57377  9.694  -32.276  71.010 0.0000000000
72231  40.822  -17.787  44.353 0.0000000000
73358  36.127  -17.517  48.427 0.0000000000
73342  35.115  -17.749  49.599 0.0000000000
73323  34.066  -18.070  50.643 0.0000000000
72133  33.297  -19.077  50.889 0.0000000000
72125  34.732  -18.931  52.947 0.0000000000
71011  33.980  -19.916  52.020 0.0000000000
71023  34.325  -20.740  51.823 0.0000000000
69891  35.078  -22.145  51.678 0.0000000000
68620  35.169  -23.261  51.443 0.0000000000
66342  35.500  -24.293  51.492 0.0000000000
66327  35.451  -23.750  53.059 0.0000000000
65277  35.549  -24.717  51.828 0.0000000000
64117  35.979  -25.710  51.114 0.0000000000
62927  36.746  -26.597  50.753 0.0000000000
62948  35.411  -27.183  50.057 0.0000000000
66247  37.993  -22.986  59.863 0.0000000000
69704  32.901  -20.515  64.199 0.0000000000
69717  34.215  -20.423  63.098 0.0000000000
68469  35.657  -21.166  61.887 0.0000000000
68498  33.071  -21.634  60.416 0.0000000000
67349  34.551  -22.003  60.440 0.0000000000
67329  36.326  -21.684  61.327 0.0000000000
66216  36.411  -22.369  60.421 0.0000000000
66230  36.668  -23.060  59.863 0.0000000000
66261  37.242  -23.724  58.527 0.0000000000
64017  36.161  -24.271  57.171 0.0000000000
64031  35.298  -25.050  55.918 0.0000000000
62872  34.957  -25.618  54.368 0.0000000000
62876  32.886  -24.880  54.562 0.0000000000
62887  33.414  -25.400  53.837 0.0000000000
62900  34.023  -26.227  52.840 0.0000000000
62931  33.395  -26.944  51.311 0.0000000000
72232  39.696  -17.744  43.941 0.0000000000
72254  37.699  -17.668  43.155 0.0000000000
73467  36.754  -17.643  42.096 0.0000000000
73415  34.618  -17.688  44.973 0.0000000000
73449  35.059  -17.981  43.221 0.0000000000
73487  35.092  -18.164  41.805 0.0000000000
85227  50.170  -7.532  25.633 0.0000000000
71096  42.130  -18.180  43.635 0.0000000000
71114  40.906  -18.316  42.956 0.0000000000
71097  41.320  -18.080  43.564 0.0000000000
71112  42.377  -18.615  43.259 0.0000000000
59738  21.347  -28.664  57.899 0.0000000000
59737  22.116  -28.861  58.368 0.0000000000
59751  22.465  -28.787  57.655 0.0000000000
79827  39.483  -12.188  38.251 0.0000000000
78738  41.015  -12.991  39.379 0.0000000000
78737  41.727  -12.796  39.730 0.0000000000
57383  11.921  -29.936  69.103 0.0000000000
58505  12.505  -29.770  68.360 0.0000000000
57384  11.416  -30.440  68.884 0.0000000000
57381  10.876  -31.292  69.504 0.0000000000
68524  37.912  -21.559  58.742 0.0000000000
68537  37.208  -21.414  57.729 0.0000000000
66271  37.387  -22.971  57.609 0.0000000000
69689  33.730  -19.881  65.655 0.0000000000
64100  26.909  -26.105  53.299 0.0000000000
65244  27.424  -24.870  53.605 0.0000000000
64101  27.028  -25.824  52.632 0.0000000000
65261  27.327  -25.097  52.624 0.0000000000
72146  32.624  -19.219  49.365 0.0000000000
85179  50.771  -6.316  29.257 0.0000000000
86209  51.210  -6.553  29.722 0.0000000000
85178  51.680  -6.760  29.344 0.0000000000
85192  51.804  -6.493  28.184 0.0000000000
74584  41.884  -17.071  40.466 0.0000000000
74605  41.104  -16.426  40.254 0.0000000000
74585  41.306  -17.028  40.502 0.0000000000
72315  36.704  -17.541  40.692 0.0000000000
72331  37.253  -17.249  40.272 0.0000000000
73505  36.140  -17.741  40.785 0.0000000000
74570  42.501  -17.699  40.540 0.0000000000
74569  42.838  -17.342  40.595 0.0000000000
75593  41.990  -16.538  40.528 0.0000000000
57546  16.692  -32.024  57.684 0.0000000000
57532  16.974  -31.105  58.015 0.0000000000
57533  16.337  -31.717  58.342 0.0000000000
57515  16.862  -30.463  58.939 0.0000000000
61806  29.444  -26.575  61.815 0.0000000000
62807  29.744  -26.258  62.421 0.0000000000
61807  29.287  -26.795  61.181 0.0000000000
59796  24.867  -28.177  55.539 0.0000000000
60820  25.427  -28.017  54.953 0.0000000000
60835  24.922  -28.464  53.994 0.0000000000
66352  35.652  -24.590  50.352 0.0000000000
86163  45.653  -6.347  34.377 0.0000000000
85182  47.314  -7.152  29.611 0.0000000000
58602  26.445  -29.493  62.913 0.0000000000
58603  25.442  -29.734  62.578 0.0000000000
58584  26.441  -29.753  63.828 0.0000000000
59688  27.425  -29.053  63.237 0.0000000000
58627  25.936  -29.380  61.715 0.0000000000
82024  45.140  -9.013  38.833 0.0000000000
83038  45.707  -8.086  39.120 0.0000000000
84046  45.555  -7.618  38.540 0.0000000000
83039  45.109  -8.144  38.522 0.0000000000
57462  22.366  -29.723  62.492 0.0000000000
57479  22.047  -29.648  62.069 0.0000000000
57463  21.227  -29.833  62.480 0.0000000000
58589  17.730  -29.182  62.848 0.0000000000
58588  17.998  -29.080  62.836 0.0000000000
58612  17.014  -29.737  62.733 0.0000000000
57467  16.760  -29.578  63.142 0.0000000000
58521  15.970  -29.369  67.686 0.0000000000
58568  13.051  -30.458  65.181 0.0000000000
58593  12.952  -31.089  63.649 0.0000000000
69819  36.122  -20.715  55.062 0.0000000000
70983  35.993  -20.864  54.847 0.0000000000
69839  35.884  -21.021  53.791 0.0000000000
69857  35.330  -21.859  53.171 0.0000000000
62883  35.390  -25.448  53.488 0.0000000000
64078  35.590  -25.150  53.251 0.0000000000
62898  35.142  -25.880  52.548 0.0000000000
62899  34.548  -26.127  52.677 0.0000000000
67351  30.088  -23.144  60.809 0.0000000000
65176  33.072  -23.770  57.353 0.0000000000
66262  33.741  -23.327  58.119 0.0000000000
65159  34.583  -23.495  58.581 0.0000000000
65175  33.843  -23.810  57.458 0.0000000000
64009  34.256  -24.167  57.147 0.0000000000
65188  33.580  -24.415  56.661 0.0000000000
73394  37.363  -17.226  46.453 0.0000000000
73412  37.328  -17.370  45.360 0.0000000000
73395  36.448  -17.275  46.130 0.0000000000
72290  41.893  -18.277  41.767 0.0000000000
72310  41.530  -18.392  41.152 0.0000000000
71154  41.439  -18.173  41.856 0.0000000000
71134  39.727  -17.748  42.447 0.0000000000
71156  40.039  -17.692  42.059 0.0000000000
71157  39.274  -17.444  41.988 0.0000000000
72293  38.626  -17.354  41.849 0.0000000000
71136  38.648  -17.422  42.130 0.0000000000
72248  44.605  -17.410  43.779 0.0000000000
72270  42.456  -18.483  42.356 0.0000000000
72269  43.247  -18.755  42.503 0.0000000000
72289  42.591  -18.474  41.856 0.0000000000
73484  42.430  -18.462  41.375 0.0000000000
58702  19.239  -29.552  57.104 0.0000000000
58703  18.432  -30.170  57.607 0.0000000000
59731  26.235  -28.495  59.640 0.0000000000
59745  26.641  -27.978  59.326 0.0000000000
59763  24.387  -28.391  57.339 0.0000000000
59780  23.392  -28.473  55.738 0.0000000000
59767  21.126  -28.823  56.275 0.0000000000
59782  21.577  -28.796  55.344 0.0000000000
59783  20.741  -29.253  55.218 0.0000000000
78727  43.391  -12.958  40.331 0.0000000000
79815  43.257  -12.168  39.721 0.0000000000
79823  43.037  -11.522  39.210 0.0000000000
79822  43.490  -11.244  39.538 0.0000000000
80950  43.392  -10.523  39.076 0.0000000000
82026  43.109  -9.918  38.479 0.0000000000
82027  42.535  -10.134  38.509 0.0000000000
80967  41.033  -10.050  37.747 0.0000000000
80968  40.368  -10.688  36.932 0.0000000000
57421  21.823  -29.914  64.296 0.0000000000
57436  21.359  -29.919  63.782 0.0000000000
57422  20.759  -29.708  64.373 0.0000000000
57423  19.689  -29.527  64.498 0.0000000000
57439  18.667  -29.297  63.834 0.0000000000
57424  18.614  -29.506  64.543 0.0000000000
58503  14.804  -29.481  68.598 0.0000000000
58522  14.918  -29.628  67.731 0.0000000000
58544  11.873  -30.818  66.549 0.0000000000
57413  11.542  -31.607  66.182 0.0000000000
58545  11.379  -31.322  66.855 0.0000000000
57388  10.740  -31.739  67.833 0.0000000000
69782  36.859  -20.993  57.357 0.0000000000
69783  36.748  -20.859  57.048 0.0000000000
69798  36.517  -21.205  56.639 0.0000000000
69799  36.273  -21.082  56.024 0.0000000000
68567  36.426  -21.993  56.024 0.0000000000
68576  36.150  -22.135  55.249 0.0000000000
67453  36.465  -22.132  56.035 0.0000000000
65211  36.671  -23.156  56.230 0.0000000000
65212  36.375  -23.642  55.466 0.0000000000
64062  36.206  -24.480  54.844 0.0000000000
66274  29.114  -24.497  57.796 0.0000000000
67410  29.626  -23.894  58.266 0.0000000000
66283  28.504  -23.987  57.086 0.0000000000
67456  29.048  -22.933  55.215 0.0000000000
67440  30.184  -23.267  56.686 0.0000000000
67439  31.129  -23.502  56.859 0.0000000000
67454  30.862  -23.489  56.148 0.0000000000
66293  31.120  -23.947  55.347 0.0000000000
66294  30.504  -23.700  54.845 0.0000000000
66329  29.111  -24.161  52.068 0.0000000000
73359  34.873  -17.765  48.560 0.0000000000
74490  34.659  -17.621  47.271 0.0000000000
73377  33.774  -18.044  47.806 0.0000000000
72176  32.111  -19.415  47.647 0.0000000000
73378  32.766  -18.394  47.659 0.0000000000
72177  31.763  -19.473  46.765 0.0000000000
86245  52.013  -6.478  26.886 0.0000000000
85203  52.767  -6.458  27.416 0.0000000000
76579  40.751  -15.097  39.491 0.0000000000
75616  40.759  -15.501  39.633 0.0000000000
75609  39.205  -15.810  39.687 0.0000000000
75610  38.304  -16.043  39.406 0.0000000000
74622  37.804  -16.391  38.936 0.0000000000
72328  40.496  -17.302  41.040 0.0000000000
73520  40.402  -16.941  40.665 0.0000000000
73521  38.972  -16.717  40.572 0.0000000000
73523  36.800  -17.582  39.311 0.0000000000
73542  36.744  -17.859  38.419 0.0000000000
73462  44.506  -16.930  43.125 0.0000000000
74540  44.744  -16.354  43.061 0.0000000000
74554  44.416  -16.128  42.336 0.0000000000
75578  43.850  -15.889  41.476 0.0000000000
75567  44.286  -15.805  41.882 0.0000000000
76543  44.014  -14.987  41.457 0.0000000000
76542  44.345  -14.512  41.726 0.0000000000
76557  43.533  -14.489  41.089 0.0000000000
77580  43.364  -13.947  40.771 0.0000000000
76558  43.152  -15.033  40.722 0.0000000000
76571  42.282  -15.086  40.351 0.0000000000
76572  41.574  -15.149  39.963 0.0000000000
67298  31.186  -22.747  65.146 0.0000000000
66190  30.516  -24.092  63.940 0.0000000000
65126  29.894  -25.168  62.277 0.0000000000
65136  29.599  -25.189  61.404 0.0000000000
66219  29.880  -24.265  61.579 0.0000000000
65147  29.506  -25.262  60.418 0.0000000000
60759  27.906  -27.140  59.210 0.0000000000
60758  28.339  -26.812  59.503 0.0000000000
61848  27.833  -26.420  57.757 0.0000000000
61847  28.222  -26.220  58.379 0.0000000000
62861  28.371  -26.010  57.923 0.0000000000
64010  28.856  -25.634  59.015 0.0000000000
64036  28.730  -25.886  58.026 0.0000000000
65191  28.997  -25.384  57.882 0.0000000000
62862  27.934  -25.883  57.303 0.0000000000
61865  26.473  -27.041  54.639 0.0000000000
61864  26.924  -26.715  55.353 0.0000000000
61875  26.282  -27.156  53.790 0.0000000000
61885  26.521  -26.810  53.459 0.0000000000
59813  22.683  -29.312  53.365 0.0000000000
85115  47.975  -5.752  34.475 0.0000000000
85103  48.445  -5.405  35.270 0.0000000000
85114  48.552  -5.480  34.788 0.0000000000
87205  49.191  -5.326  34.229 0.0000000000
86173  48.624  -5.548  34.039 0.0000000000
84106  45.719  -6.783  32.026 0.0000000000
84118  46.855  -6.824  31.040 0.0000000000
85157  47.251  -6.567  31.699 0.0000000000
85130  48.655  -6.052  32.759 0.0000000000
85155  48.590  -6.379  31.676 0.0000000000
86188  49.265  -6.300  31.695 0.0000000000
86189  48.581  -6.398  31.430 0.0000000000
86212  48.750  -6.482  30.143 0.0000000000
86224  48.844  -6.486  29.418 0.0000000000
86223  49.201  -6.424  29.113 0.0000000000
58670  24.259  -29.070  59.894 0.0000000000
58671  23.586  -29.143  59.974 0.0000000000
58652  24.041  -29.196  60.779 0.0000000000
58604  24.744  -29.815  62.369 0.0000000000
57460  23.602  -29.851  62.527 0.0000000000
58574  25.849  -30.151  64.187 0.0000000000
57418  24.679  -30.428  64.628 0.0000000000
57419  23.761  -30.488  64.384 0.0000000000
57420  22.800  -30.266  64.305 0.0000000000
67289  31.613  -22.258  66.528 0.0000000000
62800  30.508  -26.454  63.556 0.0000000000
60721  28.752  -27.958  63.617 0.0000000000
60730  28.605  -27.854  62.671 0.0000000000
60729  29.083  -27.399  62.299 0.0000000000
59716  27.800  -28.181  61.209 0.0000000000
59709  27.274  -28.643  61.553 0.0000000000
58650  25.484  -29.215  60.768 0.0000000000
76581  38.437  -14.976  38.318 0.0000000000
84066  44.977  -6.446  37.019 0.0000000000
85098  45.730  -6.549  37.477 0.0000000000
85107  44.726  -6.490  36.243 0.0000000000
83051  43.350  -8.089  37.375 0.0000000000
83074  42.808  -8.103  34.606 0.0000000000
84078  43.548  -7.557  34.776 0.0000000000
83073  43.179  -7.856  33.839 0.0000000000
58673  21.854  -28.911  59.327 0.0000000000
58656  20.307  -29.404  60.738 0.0000000000
57464  20.054  -29.959  62.519 0.0000000000
57482  19.455  -29.676  62.311 0.0000000000
58636  17.924  -29.559  61.649 0.0000000000
58635  19.002  -29.510  61.814 0.0000000000
57498  16.612  -30.361  59.660 0.0000000000
58661  15.073  -30.576  61.075 0.0000000000
58554  17.127  -28.949  66.190 0.0000000000
57425  17.699  -29.148  64.786 0.0000000000
57426  16.985  -28.658  64.938 0.0000000000
58556  14.983  -29.538  66.295 0.0000000000
58577  14.840  -29.648  64.778 0.0000000000
58590  15.788  -29.525  64.205 0.0000000000
58613  15.929  -29.795  63.112 0.0000000000
58494  10.202  -31.782  71.070 0.0000000000
58484  9.892  -31.521  71.430 0.0000000000
58485  9.085  -31.386  72.047 0.0000000000
57369  8.974  -32.141  71.707 0.0000000000
73392  39.108  -17.373  47.068 0.0000000000
73357  37.313  -17.469  48.696 0.0000000000
73341  36.281  -17.629  49.662 0.0000000000
72130  33.699  -18.979  51.585 0.0000000000
72123  34.997  -19.028  53.802 0.0000000000
71009  35.269  -20.808  52.967 0.0000000000
71010  34.654  -20.312  52.501 0.0000000000
69892  34.522  -21.682  51.196 0.0000000000
68606  35.249  -22.755  51.995 0.0000000000
67502  35.319  -23.714  51.432 0.0000000000
66314  35.715  -22.923  54.334 0.0000000000
67484  35.452  -23.111  53.541 0.0000000000
65259  35.539  -24.542  52.578 0.0000000000
64118  35.845  -26.161  51.326 0.0000000000
62929  35.148  -26.962  50.987 0.0000000000
62949  34.430  -27.183  50.165 0.0000000000
68432  31.752  -21.641  64.516 0.0000000000
69705  32.350  -21.053  63.666 0.0000000000
69729  32.653  -20.826  61.925 0.0000000000
69728  33.451  -20.719  62.207 0.0000000000
68470  34.547  -20.997  61.920 0.0000000000
68509  31.811  -22.264  59.597 0.0000000000
67367  32.494  -22.316  59.586 0.0000000000
67365  34.412  -22.505  59.744 0.0000000000
67330  35.255  -21.534  61.195 0.0000000000
67348  35.535  -21.979  60.531 0.0000000000
67347  36.057  -22.012  60.491 0.0000000000
66217  35.736  -22.425  60.055 0.0000000000
65157  35.489  -23.756  58.708 0.0000000000
65143  36.017  -23.339  59.202 0.0000000000
66249  36.571  -23.562  59.190 0.0000000000
66248  37.283  -23.533  59.383 0.0000000000
65155  36.737  -23.852  58.632 0.0000000000
65170  36.856  -24.068  57.964 0.0000000000
65171  36.209  -24.081  57.897 0.0000000000
64032  34.587  -25.070  55.997 0.0000000000
62857  34.817  -25.402  55.201 0.0000000000
64051  32.296  -24.642  54.692 0.0000000000
64050  32.795  -24.707  55.200 0.0000000000
64064  32.594  -24.821  54.355 0.0000000000
62916  32.421  -25.451  52.084 0.0000000000
62902  32.844  -25.323  53.080 0.0000000000
62901  33.550  -25.825  52.883 0.0000000000
62886  33.971  -25.718  53.680 0.0000000000
62914  33.468  -26.486  52.136 0.0000000000
72209  40.111  -17.608  45.568 0.0000000000
72234  37.440  -17.787  44.121 0.0000000000
72233  38.463  -17.688  43.995 0.0000000000
72255  37.163  -17.828  43.558 0.0000000000
73447  37.154  -17.690  42.695 0.0000000000
73448  36.489  -17.738  43.247 0.0000000000
74507  34.257  -17.620  45.712 0.0000000000
74506  34.899  -17.533  45.476 0.0000000000
72256  33.702  -18.960  42.672 0.0000000000
73450  33.988  -18.351  43.220 0.0000000000
73469  34.570  -18.392  42.344 0.0000000000
72296  34.722  -18.799  41.317 0.0000000000
86252  54.011  -5.183  26.095 0.0000000000
87260  53.800  -5.168  25.600 0.0000000000
87259  54.028  -4.948  25.892 0.0000000000
85216  49.941  -6.995  26.472 0.0000000000
84159  49.365  -7.823  25.808 0.0000000000
71131  42.131  -18.392  42.701 0.0000000000
71132  41.465  -18.197  42.343 0.0000000000
71115  40.066  -17.958  43.033 0.0000000000
59754  19.907  -29.237  56.715 0.0000000000
59753  20.690  -28.883  57.118 0.0000000000
58690  20.530  -28.855  58.164 0.0000000000
59733  24.965  -28.752  59.140 0.0000000000
59749  23.922  -28.629  58.121 0.0000000000
59765  22.839  -28.630  56.743 0.0000000000
78736  42.269  -12.835  40.005 0.0000000000
79824  42.326  -11.883  39.146 0.0000000000
80952  41.852  -10.528  38.569 0.0000000000
57395  21.431  -29.530  65.191 0.0000000000
57407  21.137  -29.637  64.827 0.0000000000
57396  20.376  -29.445  65.391 0.0000000000
58526  11.345  -31.204  67.255 0.0000000000
57375  10.905  -31.079  70.253 0.0000000000
69763  37.782  -20.978  58.568 0.0000000000
67438  36.815  -22.078  56.793 0.0000000000
65196  37.008  -23.200  56.817 0.0000000000
65197  36.593  -23.683  56.490 0.0000000000
65216  27.608  -24.803  55.778 0.0000000000
66284  27.896  -23.779  56.193 0.0000000000
65229  27.519  -24.857  54.577 0.0000000000
66295  27.664  -23.837  55.003 0.0000000000
67457  28.274  -23.120  54.811 0.0000000000
67466  28.967  -23.185  54.319 0.0000000000
67478  28.199  -23.842  53.449 0.0000000000
66331  27.646  -24.704  52.336 0.0000000000
73344  33.048  -18.193  49.510 0.0000000000
72161  32.427  -19.310  48.485 0.0000000000
86199  50.614  -6.415  30.632 0.0000000000
86186  51.508  -6.302  31.428 0.0000000000
86198  51.606  -6.695  30.351 0.0000000000
85191  52.723  -6.604  28.163 0.0000000000
86222  52.219  -6.497  27.896 0.0000000000
86235  51.889  -6.465  27.491 0.0000000000
86246  51.423  -6.582  26.940 0.0000000000
75606  41.507  -16.086  40.363 0.0000000000
75607  40.966  -15.844  39.884 0.0000000000
74606  40.391  -16.449  40.226 0.0000000000
72330  38.476  -17.015  40.767 0.0000000000
73482  43.580  -17.587  41.650 0.0000000000
74555  44.076  -16.621  42.023 0.0000000000
74568  43.353  -16.796  41.044 0.0000000000
75591  42.944  -15.999  40.675 0.0000000000
76559  42.615  -15.559  40.585 0.0000000000
75592  42.228  -16.039  40.615 0.0000000000
57544  17.966  -31.118  57.000 0.0000000000
56375  15.925  -32.581  58.351 0.0000000000
57534  15.884  -32.023  58.798 0.0000000000
65113  30.390  -25.219  63.648 0.0000000000
63968  30.103  -25.902  62.716 0.0000000000
63975  29.669  -25.769  61.950 0.0000000000
62826  29.350  -26.219  60.686 0.0000000000
60788  26.140  -27.602  57.162 0.0000000000
60771  27.608  -27.006  58.074 0.0000000000
60787  27.084  -27.293  57.013 0.0000000000
61855  27.255  -26.842  56.375 0.0000000000
61863  27.430  -26.466  56.154 0.0000000000
60801  26.700  -27.204  55.739 0.0000000000
60819  26.118  -27.514  54.629 0.0000000000
60850  25.064  -28.789  52.863 0.0000000000
85105  46.451  -5.714  36.070 0.0000000000
85116  46.773  -5.861  34.712 0.0000000000
85132  46.921  -5.831  33.423 0.0000000000
84119  46.093  -7.078  31.053 0.0000000000
84117  47.261  -6.761  30.797 0.0000000000
85168  47.740  -6.728  30.410 0.0000000000
85169  47.049  -7.051  30.236 0.0000000000
85196  47.591  -7.279  28.701 0.0000000000
58586  24.952  -30.063  63.159 0.0000000000
59700  27.409  -28.790  62.428 0.0000000000
59710  26.520  -29.007  61.091 0.0000000000
59701  26.792  -29.178  62.030 0.0000000000
84045  46.196  -7.238  38.584 0.0000000000
84053  45.225  -7.010  37.835 0.0000000000
84054  44.370  -7.520  37.523 0.0000000000
83066  42.016  -8.815  36.406 0.0000000000
58632  22.481  -29.552  61.723 0.0000000000
58633  21.327  -29.619  61.751 0.0000000000
58634  20.111  -29.739  61.780 0.0000000000
57451  18.966  -29.383  63.325 0.0000000000
57465  19.077  -29.483  62.649 0.0000000000
57466  18.607  -29.211  62.933 0.0000000000
58611  17.975  -29.226  62.553 0.0000000000
58639  14.981  -30.381  62.081 0.0000000000
58539  17.075  -29.032  66.783 0.0000000000
58567  13.900  -29.850  65.406 0.0000000000
58578  13.823  -30.044  64.524 0.0000000000
58592  13.664  -30.552  63.638 0.0000000000
59683  13.354  -30.829  63.539 0.0000000000
73321  36.420  -17.728  50.797 0.0000000000
73305  35.253  -17.929  51.980 0.0000000000
70967  36.127  -20.397  55.795 0.0000000000
72118  36.039  -19.485  55.938 0.0000000000
70976  35.457  -19.967  54.686 0.0000000000
70985  35.176  -19.987  54.092 0.0000000000
70995  35.507  -20.647  53.600 0.0000000000
69875  35.226  -21.667  52.277 0.0000000000
68595  35.247  -22.600  53.018 0.0000000000
65241  35.842  -24.042  53.898 0.0000000000
65258  35.579  -24.128  53.201 0.0000000000
64097  35.461  -25.887  52.015 0.0000000000
68453  31.113  -22.230  62.876 0.0000000000
68472  31.738  -21.382  62.424 0.0000000000
68489  32.150  -21.174  61.191 0.0000000000
67407  32.097  -23.307  57.913 0.0000000000
66252  33.353  -23.063  58.506 0.0000000000
66251  34.080  -22.966  58.727 0.0000000000
65146  34.769  -23.352  59.225 0.0000000000
66232  35.332  -23.065  59.757 0.0000000000
65145  34.977  -23.506  59.319 0.0000000000
65158  34.978  -23.807  58.725 0.0000000000
65173  35.025  -24.110  58.091 0.0000000000
64007  35.176  -24.279  57.414 0.0000000000
64008  34.662  -24.201  57.285 0.0000000000
64020  34.336  -24.617  56.644 0.0000000000
64033  34.069  -25.118  56.113 0.0000000000
64082  31.444  -24.668  52.593 0.0000000000
64081  32.048  -24.876  53.222 0.0000000000
64098  31.826  -25.018  52.129 0.0000000000
64119  31.643  -25.534  51.371 0.0000000000
62933  32.248  -25.919  51.378 0.0000000000
62932  32.744  -26.465  51.376 0.0000000000
62952  31.940  -26.174  50.538 0.0000000000
73429  37.073  -17.594  44.716 0.0000000000
73430  36.513  -17.732  44.329 0.0000000000
73417  32.164  -18.901  45.264 0.0000000000
72213  32.560  -19.029  44.471 0.0000000000
85212  53.054  -6.009  26.104 0.0000000000
86243  53.639  -5.832  26.856 0.0000000000
73502  42.092  -18.138  40.727 0.0000000000
73519  41.354  -17.469  40.545 0.0000000000
73503  41.215  -17.810  40.789 0.0000000000
72311  40.887  -17.836  41.262 0.0000000000
72312  40.210  -17.448  41.361 0.0000000000
71155  40.837  -17.963  41.877 0.0000000000
71176  40.121  -17.571  41.728 0.0000000000
72313  39.250  -17.335  41.523 0.0000000000
72292  39.037  -17.347  41.797 0.0000000000
73445  44.933  -16.994  43.756 0.0000000000
73463  44.255  -17.406  42.726 0.0000000000
72268  43.948  -18.320  42.772 0.0000000000
72267  44.213  -17.994  42.777 0.0000000000
73464  43.817  -18.090  42.308 0.0000000000
73483  43.037  -18.359  41.723 0.0000000000
73501  42.966  -17.867  40.935 0.0000000000
59769  19.483  -29.752  56.015 0.0000000000
60748  28.004  -27.731  60.382 0.0000000000
60760  27.293  -27.763  59.553 0.0000000000
60773  25.812  -27.770  58.072 0.0000000000
59747  25.311  -28.262  58.525 0.0000000000
60774  25.363  -28.006  57.898 0.0000000000
60789  25.464  -27.947  57.282 0.0000000000
59797  24.194  -28.524  54.612 0.0000000000
59799  22.109  -28.967  54.345 0.0000000000
59800  21.294  -29.423  54.398 0.0000000000
85148  44.345  -7.169  33.070 0.0000000000
85147  45.220  -6.857  32.562 0.0000000000
85159  44.442  -7.310  32.220 0.0000000000
58583  27.168  -29.506  64.238 0.0000000000
79813  44.534  -11.363  40.525 0.0000000000
82014  44.586  -10.109  39.240 0.0000000000
82035  43.257  -9.044  37.996 0.0000000000
83053  42.096  -9.048  37.182 0.0000000000
80966  41.648  -9.728  37.933 0.0000000000
82037  41.398  -9.345  37.052 0.0000000000
58542  13.992  -30.010  66.957 0.0000000000
70951  37.135  -20.422  57.616 0.0000000000
70959  36.635  -20.355  56.819 0.0000000000
70965  36.404  -20.924  56.140 0.0000000000
69800  36.261  -20.967  55.690 0.0000000000
69818  36.091  -21.438  55.157 0.0000000000
69837  35.878  -21.868  54.683 0.0000000000
68577  36.032  -21.881  54.984 0.0000000000
67464  35.915  -22.189  54.967 0.0000000000
66302  35.968  -23.021  54.627 0.0000000000
66292  36.179  -23.333  54.871 0.0000000000
66303  35.963  -23.526  54.332 0.0000000000
64063  35.823  -25.084  54.190 0.0000000000
62871  35.473  -25.476  54.319 0.0000000000
68501  30.404  -22.586  59.750 0.0000000000
67389  29.898  -23.608  58.935 0.0000000000
68526  30.452  -22.936  58.642 0.0000000000
67408  31.210  -22.944  58.238 0.0000000000
67426  29.522  -23.442  57.478 0.0000000000
67424  31.619  -23.412  57.493 0.0000000000
66272  32.382  -23.697  57.337 0.0000000000
66281  32.365  -24.086  56.606 0.0000000000
65200  32.352  -24.247  55.995 0.0000000000
65214  32.101  -24.348  55.370 0.0000000000
65228  31.140  -24.438  54.107 0.0000000000
67476  29.643  -23.479  53.847 0.0000000000
66316  29.912  -23.818  52.878 0.0000000000
65243  31.095  -24.422  53.314 0.0000000000
66343  29.933  -24.713  51.523 0.0000000000
74489  35.658  -17.409  46.770 0.0000000000
74500  33.946  -17.650  46.522 0.0000000000
74501  33.489  -17.855  46.090 0.0000000000
73398  33.030  -18.114  46.573 0.0000000000
85201  53.708  -6.017  27.761 0.0000000000
85190  53.447  -6.479  28.088 0.0000000000
85202  53.361  -6.200  27.287 0.0000000000
85224  52.517  -6.315  25.096 0.0000000000
77599  40.782  -14.053  39.399 0.0000000000
76580  39.542  -14.841  38.977 0.0000000000
75618  39.268  -15.315  39.271 0.0000000000
73539  39.821  -16.538  40.322 0.0000000000
73541  38.369  -16.423  40.271 0.0000000000
74608  37.866  -16.369  39.618 0.0000000000
74609  37.034  -17.046  39.131 0.0000000000
75566  44.607  -15.674  42.387 0.0000000000
77578  44.209  -13.335  41.444 0.0000000000
76570  42.711  -14.553  40.315 0.0000000000
77590  42.349  -13.985  40.082 0.0000000000
77598  41.610  -14.008  39.791 0.0000000000
68417  32.028  -21.388  65.864 0.0000000000
67318  30.970  -23.055  63.440 0.0000000000
66202  30.320  -24.588  63.336 0.0000000000
66191  30.425  -23.826  63.281 0.0000000000
67319  30.615  -23.076  62.736 0.0000000000
67332  30.317  -23.089  61.865 0.0000000000
67352  29.780  -23.749  60.514 0.0000000000
61827  28.583  -26.504  59.642 0.0000000000
62827  29.001  -26.190  59.993 0.0000000000
61839  27.999  -26.642  58.643 0.0000000000
62838  28.653  -26.014  59.343 0.0000000000
63997  29.079  -25.793  59.685 0.0000000000
65161  29.386  -25.633  59.945 0.0000000000
65148  29.643  -24.904  59.937 0.0000000000
66253  29.665  -24.412  59.512 0.0000000000
66265  29.442  -24.570  58.497 0.0000000000
65178  29.175  -24.975  58.183 0.0000000000
65201  28.408  -25.071  57.232 0.0000000000
62877  27.695  -26.053  56.473 0.0000000000
64066  27.682  -25.819  56.061 0.0000000000
64053  27.703  -25.503  56.106 0.0000000000
64067  27.464  -25.599  55.263 0.0000000000
62904  26.801  -26.335  53.759 0.0000000000
62917  26.704  -26.533  52.939 0.0000000000
59812  23.624  -29.102  53.339 0.0000000000
69893  33.879  -21.132  50.728 0.0000000000
86171  50.118  -5.668  33.265 0.0000000000
85146  46.164  -6.466  32.605 0.0000000000
85145  47.011  -6.360  32.325 0.0000000000
86179  50.222  -5.995  32.375 0.0000000000
86200  49.570  -6.361  30.794 0.0000000000
85180  50.256  -6.274  29.402 0.0000000000
59723  22.617  -29.057  59.038 0.0000000000
58630  23.844  -29.397  61.418 0.0000000000
58631  23.307  -29.498  61.510 0.0000000000
58606  23.269  -29.724  62.159 0.0000000000
57461  23.194  -29.866  62.611 0.0000000000
57447  22.919  -29.981  63.171 0.0000000000
57417  25.503  -30.351  64.906 0.0000000000
57432  25.179  -30.289  64.223 0.0000000000
57433  24.488  -30.373  63.742 0.0000000000
57394  22.431  -29.849  65.227 0.0000000000
69678  32.954  -20.297  66.096 0.0000000000
67297  31.202  -22.424  65.930 0.0000000000
66172  30.841  -23.647  65.712 0.0000000000
65087  30.530  -24.799  65.074 0.0000000000
65099  30.400  -24.996  64.340 0.0000000000
63961  30.508  -25.897  63.872 0.0000000000
62801  30.286  -26.524  63.117 0.0000000000
60728  29.367  -26.950  62.094 0.0000000000
60719  29.610  -27.124  62.992 0.0000000000
59717  27.167  -28.351  60.635 0.0000000000
59711  26.066  -29.179  60.584 0.0000000000
59719  25.779  -28.989  60.060 0.0000000000
59720  25.230  -28.930  59.785 0.0000000000
59721  24.766  -28.968  59.621 0.0000000000
58686  23.955  -29.023  59.286 0.0000000000
77601  38.676  -14.261  37.838 0.0000000000
85091  48.220  -5.727  37.701 0.0000000000
85097  46.332  -6.340  37.496 0.0000000000
83050  44.302  -8.317  38.018 0.0000000000
84055  43.937  -7.857  37.371 0.0000000000
84068  43.687  -7.422  36.441 0.0000000000
85108  44.232  -6.837  36.310 0.0000000000
85119  44.237  -6.945  35.488 0.0000000000
85135  44.308  -7.094  34.248 0.0000000000
58609  20.563  -29.895  62.235 0.0000000000
57517  15.424  -31.686  59.282 0.0000000000
57518  14.690  -31.940  59.632 0.0000000000
58555  16.074  -29.035  66.207 0.0000000000
58565  15.749  -29.076  65.648 0.0000000000
57427  16.281  -28.798  65.122 0.0000000000
57442  16.444  -28.922  64.493 0.0000000000
57468  16.675  -29.463  63.348 0.0000000000
58640  13.901  -30.792  62.121 0.0000000000
57376  10.382  -31.929  70.698 0.0000000000
73393  38.267  -17.267  46.779 0.0000000000
73374  37.317  -17.209  47.580 0.0000000000
73343  34.049  -17.943  49.553 0.0000000000
73324  33.370  -18.342  50.232 0.0000000000
71025  33.112  -19.983  50.660 0.0000000000
72129  34.244  -18.922  52.268 0.0000000000
71024  33.674  -20.361  51.266 0.0000000000
68607  35.204  -22.328  51.809 0.0000000000
68621  35.006  -22.777  51.300 0.0000000000
65289  35.898  -25.193  50.747 0.0000000000
68585  35.559  -22.321  54.046 0.0000000000
68594  35.352  -22.819  53.431 0.0000000000
67494  35.349  -23.527  52.829 0.0000000000
66341  35.401  -23.996  52.313 0.0000000000
64137  36.720  -26.024  50.215 0.0000000000
62947  36.386  -27.138  49.958 0.0000000000
62928  36.025  -26.931  50.878 0.0000000000
62968  35.613  -27.348  49.162 0.0000000000
67385  38.214  -22.189  59.427 0.0000000000
69691  32.963  -20.524  65.195 0.0000000000
69703  34.260  -20.044  64.334 0.0000000000
69718  33.172  -20.508  63.102 0.0000000000
68450  35.957  -20.832  62.413 0.0000000000
68500  30.848  -22.204  60.099 0.0000000000
68499  32.135  -21.918  60.199 0.0000000000
67366  33.523  -22.332  59.638 0.0000000000
67350  33.715  -21.871  60.384 0.0000000000
68487  34.281  -21.452  61.253 0.0000000000
67331  34.689  -21.517  61.195 0.0000000000
68468  36.324  -21.271  62.014 0.0000000000
66231  35.925  -22.879  59.682 0.0000000000
66229  37.391  -22.954  60.302 0.0000000000
66260  37.698  -23.131  58.723 0.0000000000
65169  37.240  -23.621  57.859 0.0000000000
65186  36.694  -23.994  57.223 0.0000000000
64029  36.335  -24.162  56.666 0.0000000000
64006  35.747  -24.241  57.493 0.0000000000
64018  35.499  -24.492  56.808 0.0000000000
64030  36.006  -24.695  56.302 0.0000000000
64048  35.343  -25.450  55.039 0.0000000000
65198  33.303  -24.549  56.319 0.0000000000
64049  33.323  -24.893  55.489 0.0000000000
62859  33.784  -25.194  55.426 0.0000000000
64080  32.531  -24.988  53.769 0.0000000000
62874  33.869  -25.380  54.588 0.0000000000
62873  34.414  -25.554  54.457 0.0000000000
62885  34.494  -25.806  53.568 0.0000000000
62913  34.098  -26.753  52.078 0.0000000000
62951  32.685  -26.638  50.410 0.0000000000
62950  33.501  -27.004  50.288 0.0000000000
72252  39.549  -17.756  43.195 0.0000000000
72253  38.872  -17.646  43.028 0.0000000000
72273  38.257  -17.470  42.348 0.0000000000
72274  37.543  -17.545  42.092 0.0000000000
73396  35.899  -17.286  45.740 0.0000000000
73414  35.573  -17.421  45.105 0.0000000000
73431  35.425  -17.742  44.153 0.0000000000
73432  34.228  -17.867  44.093 0.0000000000
73468  35.564  -17.814  42.324 0.0000000000
73486  35.618  -17.934  41.359 0.0000000000
85215  50.798  -6.867  26.324 0.0000000000
57412  16.478  -28.770  65.530 0.0000000000
57445  24.490  -30.192  63.204 0.0000000000
57480  21.790  -29.686  62.231 0.0000000000
58668  25.369  -29.063  60.189 0.0000000000
58688  23.270  -29.148  59.434 0.0000000000
59684  13.215  -30.954  63.480 0.0000000000
59690  13.384  -30.866  63.356 0.0000000000
59691  13.161  -31.043  63.268 0.0000000000
59722  22.889  -29.141  59.138 0.0000000000
59730  26.865  -28.245  59.913 0.0000000000
59734  24.316  -28.914  59.036 0.0000000000
59762  25.024  -28.255  57.674 0.0000000000
60720  29.247  -27.485  63.321 0.0000000000
60738  29.314  -26.891  61.539 0.0000000000
61798  29.755  -26.689  62.735 0.0000000000
61814  29.360  -26.490  61.104 0.0000000000
61815  29.093  -26.675  60.468 0.0000000000
61838  28.309  -26.270  58.986 0.0000000000
61849  27.487  -26.750  57.115 0.0000000000
61874  26.618  -26.690  54.290 0.0000000000
62796  30.461  -26.488  64.019 0.0000000000
62860  33.535  -25.043  55.471 0.0000000000
62875  33.319  -25.068  54.817 0.0000000000
62888  32.922  -25.063  54.044 0.0000000000
62889  27.426  -26.169  55.673 0.0000000000
62897  35.341  -25.497  52.986 0.0000000000
63996  29.351  -25.872  60.255 0.0000000000
64005  36.025  -24.213  57.530 0.0000000000
64016  36.409  -24.159  57.017 0.0000000000
64022  28.868  -25.729  58.355 0.0000000000
64023  28.931  -25.755  57.962 0.0000000000
64034  33.604  -24.893  56.053 0.0000000000
64035  33.211  -24.709  55.849 0.0000000000
64037  28.539  -25.703  57.598 0.0000000000
64065  32.151  -24.798  54.091 0.0000000000
64084  27.251  -25.284  53.160 0.0000000000
64099  31.161  -24.781  51.952 0.0000000000
64120  31.048  -25.142  51.400 0.0000000000
65162  29.383  -25.280  59.509 0.0000000000
65172  35.594  -24.070  58.078 0.0000000000
65187  36.490  -24.115  57.567 0.0000000000
65190  29.007  -25.634  58.166 0.0000000000
65199  32.817  -24.459  56.095 0.0000000000
65215  27.824  -25.216  56.574 0.0000000000
65227  31.660  -24.465  54.574 0.0000000000
65245  27.406  -24.862  53.029 0.0000000000
65260  30.736  -24.422  52.336 0.0000000000
65276  35.471  -24.196  52.565 0.0000000000
65278  30.469  -24.774  51.590 0.0000000000
65279  29.957  -24.882  51.257 0.0000000000
65280  27.351  -25.158  51.860 0.0000000000
66220  29.710  -24.058  60.867 0.0000000000
66233  34.787  -22.967  59.694 0.0000000000
66234  34.382  -22.783  59.363 0.0000000000
66236  29.629  -24.377  60.314 0.0000000000
66250  34.570  -23.180  59.153 0.0000000000
66254  29.666  -24.317  58.932 0.0000000000
66264  29.549  -24.828  58.995 0.0000000000
66273  31.834  -23.776  56.940 0.0000000000
66280  36.966  -22.677  56.777 0.0000000000
66305  30.475  -23.893  54.025 0.0000000000
66318  27.791  -24.383  53.001 0.0000000000
66319  27.531  -24.762  52.743 0.0000000000
67317  36.617  -21.458  61.986 0.0000000000
67368  30.218  -22.747  60.193 0.0000000000
67388  31.415  -22.672  58.827 0.0000000000
67423  32.040  -23.500  57.597 0.0000000000
67442  28.191  -23.126  55.572 0.0000000000
67465  29.809  -23.323  54.632 0.0000000000
67467  28.189  -23.512  54.128 0.0000000000
67474  35.762  -22.560  54.646 0.0000000000
67477  28.919  -23.558  53.536 0.0000000000
67485  35.304  -23.087  53.000 0.0000000000
68471  33.875  -21.139  61.620 0.0000000000
68488  33.556  -21.337  60.997 0.0000000000
68511  30.360  -22.801  59.217 0.0000000000
68525  30.906  -22.627  58.808 0.0000000000
69727  33.889  -20.611  62.584 0.0000000000
69739  32.952  -20.924  61.368 0.0000000000
70966  36.372  -20.842  55.998 0.0000000000
70975  35.804  -20.273  55.182 0.0000000000
71111  42.863  -18.919  43.688 0.0000000000
71135  38.968  -17.577  42.370 0.0000000000
71158  38.874  -17.425  42.061 0.0000000000
72212  37.475  -17.538  44.702 0.0000000000
72272  38.710  -17.572  42.556 0.0000000000
72288  43.005  -18.658  41.999 0.0000000000
72291  41.337  -18.233  41.565 0.0000000000
72316  35.577  -18.385  40.483 0.0000000000
73376  34.466  -17.918  48.037 0.0000000000
73379  32.251  -18.678  47.003 0.0000000000
73397  33.474  -17.897  47.183 0.0000000000
73446  44.498  -17.415  43.460 0.0000000000
73466  37.526  -17.606  42.436 0.0000000000
73506  35.918  -17.821  40.923 0.0000000000
74481  34.885  -17.714  47.892 0.0000000000
74498  35.792  -17.338  46.193 0.0000000000
74508  33.739  -17.751  45.913 0.0000000000
74539  45.215  -15.897  43.435 0.0000000000
74541  44.356  -16.856  42.757 0.0000000000
74582  42.795  -16.429  40.603 0.0000000000
74588  37.151  -17.036  39.560 0.0000000000
75579  43.406  -15.947  41.078 0.0000000000
76533  44.454  -15.347  41.927 0.0000000000
77565  44.161  -14.328  41.554 0.0000000000
78720  43.710  -13.268  40.778 0.0000000000
84069  43.192  -7.775  36.163 0.0000000000
84128  47.187  -6.877  30.533 0.0000000000
84129  46.847  -7.008  30.558 0.0000000000
85143  48.628  -6.304  32.065 0.0000000000
85204  51.494  -6.464  27.611 0.0000000000
86161  49.171  -5.358  34.672 0.0000000000
86162  48.704  -5.471  34.463 0.0000000000
86164  45.510  -6.371  34.691 0.0000000000
86174  45.502  -6.390  34.075 0.0000000000
86175  45.367  -6.420  34.388 0.0000000000
86234  52.317  -6.458  27.293 0.0000000000
86236  51.417  -6.507  27.359 0.0000000000
86244  52.409  -6.432  26.996 0.0000000000
87206  49.042  -5.343  34.402 0.0000000000
87214  49.003  -5.318  34.072 0.0000000000
87215  48.844  -5.403  34.263 0.0000000000
