#!ascii label  , from subject 3606 vox2ras=TkReg
771
51986  29.929  -38.297  68.020 0.0000000000
69904  49.351  -22.104  48.544 0.0000000000
72221  55.422  -19.344  44.155 0.0000000000
62846  46.991  -27.077  57.329 0.0000000000
55218  34.057  -34.657  61.267 0.0000000000
49836  32.572  -39.598  63.265 0.0000000000
72167  53.288  -20.575  46.972 0.0000000000
68599  52.614  -22.234  50.934 0.0000000000
61796  43.851  -28.994  60.987 0.0000000000
53077  39.545  -37.385  62.592 0.0000000000
80945  55.287  -11.255  37.520 0.0000000000
77530  54.332  -14.440  43.151 0.0000000000
67452  45.208  -24.444  55.453 0.0000000000
69794  48.803  -22.823  54.986 0.0000000000
53080  31.362  -37.095  63.618 0.0000000000
50958  31.327  -38.614  66.045 0.0000000000
71057  51.380  -20.940  47.863 0.0000000000
71030  53.152  -21.497  49.028 0.0000000000
71019  51.416  -21.334  50.588 0.0000000000
54142  44.709  -34.547  59.775 0.0000000000
51001  35.700  -38.449  60.939 0.0000000000
54082  36.562  -35.511  62.024 0.0000000000
49834  38.042  -39.124  62.228 0.0000000000
81999  55.015  -10.327  39.375 0.0000000000
79811  53.786  -12.428  38.594 0.0000000000
79787  54.174  -12.018  41.124 0.0000000000
74512  54.359  -18.065  43.752 0.0000000000
75541  52.859  -16.092  43.021 0.0000000000
74521  55.483  -17.458  43.203 0.0000000000
74548  54.965  -17.328  41.508 0.0000000000
71126  55.478  -19.935  42.180 0.0000000000
62812  45.652  -27.814  59.949 0.0000000000
65168  44.535  -26.194  58.536 0.0000000000
67383  45.959  -24.313  58.617 0.0000000000
68550  46.144  -23.209  55.932 0.0000000000
67419  48.416  -23.704  56.903 0.0000000000
67434  49.632  -23.603  55.230 0.0000000000
64043  48.126  -26.149  55.644 0.0000000000
52089  32.610  -38.056  61.454 0.0000000000
72223  53.156  -19.802  44.438 0.0000000000
73384  55.126  -19.847  45.716 0.0000000000
69935  54.469  -21.333  47.310 0.0000000000
67507  53.752  -23.044  48.952 0.0000000000
56312  42.461  -33.689  61.492 0.0000000000
57474  43.666  -32.189  61.049 0.0000000000
58665  45.195  -31.140  59.306 0.0000000000
59742  47.065  -30.095  57.358 0.0000000000
59790  47.976  -29.345  55.658 0.0000000000
54122  41.159  -35.954  60.636 0.0000000000
53104  41.867  -36.719  62.499 0.0000000000
79855  55.210  -12.083  34.810 0.0000000000
80895  53.372  -11.530  42.752 0.0000000000
77561  54.103  -14.486  41.476 0.0000000000
74577  54.230  -18.030  39.229 0.0000000000
70994  49.251  -21.608  52.111 0.0000000000
69830  51.016  -21.901  53.416 0.0000000000
66310  51.369  -23.718  52.676 0.0000000000
49806  30.577  -38.993  68.107 0.0000000000
52002  30.797  -38.423  67.116 0.0000000000
49814  31.069  -38.870  66.954 0.0000000000
71047  49.995  -21.647  48.072 0.0000000000
71045  51.315  -20.927  48.797 0.0000000000
71034  50.663  -21.224  49.448 0.0000000000
50994  37.038  -38.565  61.965 0.0000000000
83014  54.388  -9.828  39.626 0.0000000000
81988  54.938  -10.625  40.135 0.0000000000
82996  54.477  -10.271  40.925 0.0000000000
73422  54.976  -18.936  44.356 0.0000000000
74523  54.716  -17.207  43.372 0.0000000000
73440  55.436  -18.406  43.460 0.0000000000
73441  55.488  -18.747  42.972 0.0000000000
62835  46.265  -27.362  58.646 0.0000000000
63994  45.724  -26.252  59.316 0.0000000000
65166  46.806  -25.652  58.468 0.0000000000
67402  47.238  -23.850  57.731 0.0000000000
65164  47.620  -24.964  57.408 0.0000000000
66267  48.553  -24.604  56.381 0.0000000000
64027  47.719  -26.318  56.326 0.0000000000
53112  31.803  -36.954  62.435 0.0000000000
50995  32.384  -38.728  62.405 0.0000000000
51002  33.565  -39.003  61.384 0.0000000000
72185  52.020  -20.501  46.192 0.0000000000
71092  52.317  -20.617  44.704 0.0000000000
72200  53.084  -20.115  45.381 0.0000000000
72199  53.629  -19.501  44.886 0.0000000000
72166  53.798  -20.066  46.343 0.0000000000
72164  54.813  -20.298  46.142 0.0000000000
72150  54.010  -20.675  47.191 0.0000000000
69886  52.715  -21.961  50.456 0.0000000000
68626  53.556  -22.186  49.097 0.0000000000
67498  52.972  -23.057  50.291 0.0000000000
66361  53.137  -24.305  48.981 0.0000000000
66336  52.571  -23.880  51.012 0.0000000000
55198  43.061  -35.008  61.935 0.0000000000
57476  42.771  -33.203  61.462 0.0000000000
55211  44.086  -34.463  61.059 0.0000000000
56332  44.867  -33.214  59.638 0.0000000000
59727  45.831  -30.232  58.541 0.0000000000
53108  38.082  -36.728  62.132 0.0000000000
53136  38.910  -36.737  61.361 0.0000000000
53158  40.375  -36.532  61.250 0.0000000000
53133  41.584  -36.281  61.913 0.0000000000
53076  40.363  -37.238  62.699 0.0000000000
82007  55.624  -10.234  37.518 0.0000000000
79830  55.432  -11.498  36.388 0.0000000000
78722  53.212  -13.135  39.186 0.0000000000
76512  53.550  -15.198  43.205 0.0000000000
77534  51.767  -14.440  42.999 0.0000000000
78671  52.742  -13.515  43.277 0.0000000000
80897  51.859  -12.316  42.199 0.0000000000
79755  54.257  -13.012  43.153 0.0000000000
79772  54.267  -12.623  41.858 0.0000000000
77550  54.597  -14.579  42.380 0.0000000000
74562  54.830  -17.965  40.886 0.0000000000
74549  54.496  -16.846  41.121 0.0000000000
60725  43.534  -29.789  60.963 0.0000000000
62816  43.382  -28.554  60.200 0.0000000000
65184  44.642  -25.768  57.336 0.0000000000
64028  44.328  -26.818  56.798 0.0000000000
69780  47.417  -22.781  55.791 0.0000000000
69815  46.699  -22.761  54.204 0.0000000000
69814  47.644  -22.445  54.172 0.0000000000
69832  48.366  -21.903  53.064 0.0000000000
69831  49.325  -21.782  53.531 0.0000000000
70981  49.898  -21.266  53.218 0.0000000000
70964  50.085  -21.945  54.189 0.0000000000
65221  49.701  -24.409  54.515 0.0000000000
66298  50.499  -23.641  54.125 0.0000000000
65237  50.315  -24.527  53.468 0.0000000000
64088  51.091  -25.082  51.483 0.0000000000
52047  31.510  -37.899  64.436 0.0000000000
50967  31.613  -38.773  65.106 0.0000000000
48643  32.025  -40.100  64.726 0.0000000000
48611  31.435  -39.355  65.690 0.0000000000
71070  52.060  -20.786  47.430 0.0000000000
72152  52.902  -21.009  47.997 0.0000000000
72153  52.378  -20.955  48.483 0.0000000000
71032  51.805  -21.051  49.553 0.0000000000
71003  52.324  -21.812  51.037 0.0000000000
53138  34.916  -36.536  61.540 0.0000000000
54083  35.531  -35.475  61.938 0.0000000000
52077  35.989  -37.021  61.863 0.0000000000
52063  37.583  -37.507  62.318 0.0000000000
50983  38.842  -38.259  62.724 0.0000000000
49831  39.775  -38.589  62.966 0.0000000000
49844  39.120  -39.564  62.377 0.0000000000
82008  55.391  -10.274  38.352 0.0000000000
79818  54.419  -11.753  38.053 0.0000000000
80925  54.875  -10.798  39.036 0.0000000000
79803  54.084  -12.020  39.894 0.0000000000
79789  53.637  -12.639  40.332 0.0000000000
73460  53.543  -18.065  43.057 0.0000000000
74524  53.839  -17.408  43.079 0.0000000000
75539  54.415  -16.262  43.156 0.0000000000
76510  54.644  -15.364  43.026 0.0000000000
76528  54.824  -15.486  42.314 0.0000000000
75561  55.547  -17.011  42.443 0.0000000000
73476  55.149  -18.551  41.574 0.0000000000
61803  44.702  -28.301  60.890 0.0000000000
62815  43.852  -27.786  60.379 0.0000000000
63984  44.890  -27.097  60.092 0.0000000000
65153  44.921  -25.646  59.079 0.0000000000
67405  45.481  -24.221  57.848 0.0000000000
68551  45.655  -23.737  56.267 0.0000000000
68522  46.394  -23.548  57.583 0.0000000000
68533  47.621  -22.920  56.755 0.0000000000
69770  48.388  -22.952  56.421 0.0000000000
68563  49.640  -22.978  55.201 0.0000000000
67435  49.225  -23.633  55.761 0.0000000000
66289  49.251  -24.290  55.299 0.0000000000
65209  48.704  -25.542  54.634 0.0000000000
54085  32.025  -35.877  61.851 0.0000000000
54107  32.664  -35.554  61.150 0.0000000000
53139  33.929  -36.370  61.109 0.0000000000
52095  34.479  -37.900  60.957 0.0000000000
49880  34.327  -39.424  61.067 0.0000000000
73425  53.468  -19.033  44.098 0.0000000000
73404  54.638  -19.492  44.934 0.0000000000
72198  55.226  -19.607  45.001 0.0000000000
71080  54.958  -20.133  45.018 0.0000000000
68659  54.697  -22.080  46.286 0.0000000000
67521  54.491  -22.823  46.644 0.0000000000
71042  53.693  -21.310  47.940 0.0000000000
68642  54.182  -22.166  47.944 0.0000000000
57477  41.875  -32.905  60.526 0.0000000000
58625  42.246  -32.032  60.890 0.0000000000
58623  43.283  -31.669  61.078 0.0000000000
59694  44.234  -30.288  61.061 0.0000000000
55210  44.444  -34.107  60.619 0.0000000000
58645  44.573  -31.321  60.577 0.0000000000
59704  44.805  -30.230  60.651 0.0000000000
60732  45.333  -29.461  60.263 0.0000000000
60755  46.133  -29.409  58.511 0.0000000000
61819  47.223  -28.650  57.234 0.0000000000
61843  47.787  -28.318  56.663 0.0000000000
59740  47.929  -29.667  56.758 0.0000000000
55214  42.014  -34.592  61.175 0.0000000000
54079  42.250  -35.626  61.904 0.0000000000
53103  42.802  -36.375  62.142 0.0000000000
50991  41.417  -38.464  62.590 0.0000000000
50990  42.200  -38.162  62.352 0.0000000000
79854  56.307  -11.939  34.863 0.0000000000
81976  53.081  -10.606  41.489 0.0000000000
80893  54.357  -11.817  41.982 0.0000000000
79773  54.083  -12.818  41.501 0.0000000000
77562  53.555  -14.465  40.904 0.0000000000
76529  54.633  -15.454  41.818 0.0000000000
75574  54.081  -16.315  40.952 0.0000000000
75587  52.990  -16.405  39.852 0.0000000000
62836  43.569  -28.113  58.726 0.0000000000
69868  48.294  -22.036  50.699 0.0000000000
71022  49.035  -21.988  50.316 0.0000000000
71006  50.743  -21.360  51.533 0.0000000000
70991  51.195  -21.508  52.515 0.0000000000
69850  51.818  -22.143  52.173 0.0000000000
68561  50.578  -22.890  54.360 0.0000000000
68571  51.163  -22.709  53.365 0.0000000000
67470  51.860  -23.134  52.352 0.0000000000
65251  51.944  -24.161  51.756 0.0000000000
61852  47.879  -28.195  55.987 0.0000000000
62869  48.261  -26.812  54.936 0.0000000000
50934  30.158  -38.796  68.415 0.0000000000
50919  30.169  -38.814  68.803 0.0000000000
50935  29.277  -38.689  68.671 0.0000000000
51985  30.524  -38.471  67.707 0.0000000000
50933  30.687  -38.690  67.685 0.0000000000
71035  50.015  -21.628  49.058 0.0000000000
83006  54.703  -10.135  40.449 0.0000000000
83007  54.081  -10.039  40.482 0.0000000000
73421  55.129  -19.189  44.424 0.0000000000
74510  55.217  -18.190  43.759 0.0000000000
72245  55.499  -19.224  43.439 0.0000000000
71106  55.571  -19.762  43.837 0.0000000000
62834  46.673  -27.463  57.889 0.0000000000
64003  46.618  -26.410  58.412 0.0000000000
64002  46.894  -26.525  57.729 0.0000000000
65165  47.137  -25.585  57.901 0.0000000000
64014  47.213  -26.205  57.194 0.0000000000
65181  47.699  -25.461  56.811 0.0000000000
64013  47.461  -26.291  56.725 0.0000000000
50974  31.788  -38.859  63.927 0.0000000000
50986  32.015  -38.746  63.068 0.0000000000
72184  52.646  -20.550  46.485 0.0000000000
72201  52.377  -20.414  45.619 0.0000000000
72183  53.784  -19.945  45.836 0.0000000000
68611  53.018  -22.234  49.915 0.0000000000
67499  52.777  -22.420  50.549 0.0000000000
67490  52.751  -22.961  51.009 0.0000000000
54077  43.312  -35.601  61.875 0.0000000000
55212  43.463  -34.587  61.553 0.0000000000
54098  43.846  -35.222  61.469 0.0000000000
53078  38.658  -37.490  62.284 0.0000000000
54080  38.251  -36.412  61.639 0.0000000000
53107  38.988  -37.203  61.861 0.0000000000
53135  39.785  -36.715  61.475 0.0000000000
53106  40.055  -36.936  62.243 0.0000000000
82018  55.477  -10.680  37.670 0.0000000000
80934  55.626  -10.628  37.112 0.0000000000
80944  55.589  -10.922  37.105 0.0000000000
80960  55.618  -11.263  36.609 0.0000000000
80961  55.289  -11.240  37.157 0.0000000000
77531  53.995  -14.480  43.406 0.0000000000
77532  53.410  -14.201  43.335 0.0000000000
77524  53.924  -13.955  43.573 0.0000000000
78670  53.441  -13.439  43.474 0.0000000000
78668  54.271  -13.740  43.228 0.0000000000
78678  54.494  -13.786  42.918 0.0000000000
77540  54.586  -14.552  42.782 0.0000000000
72324  55.699  -19.264  39.332 0.0000000000
73495  54.885  -18.587  40.040 0.0000000000
61797  43.368  -29.158  60.693 0.0000000000
62806  43.718  -28.535  60.681 0.0000000000
66279  44.940  -25.020  56.313 0.0000000000
66290  44.845  -25.257  55.183 0.0000000000
69795  47.944  -22.746  55.056 0.0000000000
69813  48.677  -22.286  54.165 0.0000000000
69812  49.646  -21.996  54.138 0.0000000000
65222  49.375  -25.084  54.224 0.0000000000
65254  50.219  -25.333  52.441 0.0000000000
52033  31.197  -37.730  65.654 0.0000000000
50957  31.508  -38.916  65.578 0.0000000000
49824  31.531  -39.160  65.453 0.0000000000
49820  31.445  -39.000  65.861 0.0000000000
71058  50.715  -21.395  47.369 0.0000000000
69936  50.157  -21.669  46.594 0.0000000000
71072  50.987  -21.343  46.320 0.0000000000
71071  51.659  -20.893  46.788 0.0000000000
71056  51.839  -20.887  48.202 0.0000000000
71033  51.368  -21.124  49.652 0.0000000000
71018  52.031  -21.449  50.555 0.0000000000
52088  34.839  -37.248  61.212 0.0000000000
53137  35.597  -36.734  61.824 0.0000000000
52087  35.621  -37.626  61.378 0.0000000000
50993  37.666  -38.912  62.093 0.0000000000
50985  37.295  -37.939  62.236 0.0000000000
50984  37.954  -38.347  62.353 0.0000000000
52062  38.375  -37.757  62.477 0.0000000000
49833  38.633  -38.946  62.472 0.0000000000
83024  54.586  -9.668  38.656 0.0000000000
83023  55.211  -9.827  38.465 0.0000000000
80914  54.515  -11.264  40.172 0.0000000000
80915  54.295  -11.717  40.083 0.0000000000
79788  53.968  -12.327  40.767 0.0000000000
74513  53.949  -18.184  43.648 0.0000000000
74535  53.348  -17.816  42.800 0.0000000000
74522  55.239  -17.290  43.409 0.0000000000
75538  55.059  -16.318  43.101 0.0000000000
75550  55.199  -16.244  42.633 0.0000000000
75549  55.509  -16.886  42.678 0.0000000000
73459  55.402  -18.754  42.481 0.0000000000
73458  55.455  -18.107  42.535 0.0000000000
72264  55.381  -19.199  42.182 0.0000000000
72283  55.320  -19.516  41.580 0.0000000000
71148  55.420  -20.140  41.308 0.0000000000
61801  45.430  -28.508  60.336 0.0000000000
62813  45.153  -27.861  60.514 0.0000000000
63983  45.499  -27.061  59.772 0.0000000000
66245  45.995  -24.770  58.866 0.0000000000
65152  45.616  -25.547  59.162 0.0000000000
66246  45.521  -25.005  58.843 0.0000000000
66259  45.392  -24.743  58.353 0.0000000000
67420  45.650  -23.933  57.632 0.0000000000
67404  45.856  -23.970  58.147 0.0000000000
67401  47.875  -23.953  57.381 0.0000000000
68521  47.036  -23.398  57.412 0.0000000000
68520  47.744  -23.372  57.249 0.0000000000
69771  48.186  -22.873  56.465 0.0000000000
68532  48.379  -23.090  56.719 0.0000000000
68531  48.808  -23.407  56.355 0.0000000000
65193  48.337  -25.331  56.040 0.0000000000
65208  48.951  -24.855  55.133 0.0000000000
64044  48.364  -26.140  55.109 0.0000000000
54063  31.455  -36.280  62.884 0.0000000000
54086  31.536  -35.611  62.407 0.0000000000
52078  32.041  -37.838  62.126 0.0000000000
53140  32.559  -36.763  61.054 0.0000000000
53161  32.984  -37.710  60.851 0.0000000000
53160  33.615  -37.276  60.807 0.0000000000
52096  33.574  -38.097  60.923 0.0000000000
71091  52.835  -20.285  44.465 0.0000000000
72247  53.141  -19.680  43.427 0.0000000000
73386  54.313  -19.665  45.519 0.0000000000
73405  54.167  -19.332  44.961 0.0000000000
73403  55.052  -19.663  45.020 0.0000000000
73402  55.277  -19.694  45.346 0.0000000000
72180  55.340  -19.829  45.866 0.0000000000
71055  54.486  -20.896  47.057 0.0000000000
71054  54.878  -20.998  46.548 0.0000000000
69934  54.696  -21.312  46.724 0.0000000000
68641  54.524  -22.258  47.202 0.0000000000
72137  52.853  -20.905  48.419 0.0000000000
71043  53.365  -21.118  47.874 0.0000000000
71029  53.373  -21.446  48.469 0.0000000000
68610  53.454  -22.649  49.434 0.0000000000
68643  53.854  -22.070  48.467 0.0000000000
68625  53.848  -22.498  48.649 0.0000000000
67515  54.201  -22.962  47.919 0.0000000000
66371  54.104  -23.854  47.543 0.0000000000
56313  42.101  -33.734  61.265 0.0000000000
57459  42.125  -33.154  61.241 0.0000000000
57475  43.206  -32.748  61.336 0.0000000000
57457  42.868  -32.441  61.284 0.0000000000
59695  43.763  -30.508  61.054 0.0000000000
58622  43.905  -31.136  61.033 0.0000000000
55232  44.423  -34.633  60.648 0.0000000000
55231  44.714  -34.186  60.065 0.0000000000
57490  44.684  -32.073  59.914 0.0000000000
58644  45.013  -30.854  60.129 0.0000000000
59714  45.400  -30.223  59.677 0.0000000000
59726  46.435  -30.171  57.834 0.0000000000
60754  46.615  -29.424  57.789 0.0000000000
60764  47.182  -29.446  57.286 0.0000000000
60763  47.700  -29.230  57.070 0.0000000000
55201  35.845  -34.966  61.752 0.0000000000
55216  36.428  -34.851  61.316 0.0000000000
54123  40.169  -36.304  60.654 0.0000000000
54145  40.840  -35.543  59.939 0.0000000000
55248  41.452  -34.759  59.916 0.0000000000
55233  41.758  -34.614  60.542 0.0000000000
54121  41.742  -35.376  60.912 0.0000000000
54078  42.674  -35.683  62.049 0.0000000000
52074  42.500  -37.252  62.363 0.0000000000
50981  40.266  -38.270  63.038 0.0000000000
52085  42.845  -37.685  61.838 0.0000000000
79843  55.718  -11.663  35.828 0.0000000000
75551  52.484  -16.503  42.841 0.0000000000
74537  51.593  -16.731  42.083 0.0000000000
75552  51.970  -16.152  42.938 0.0000000000
80896  52.421  -11.944  42.549 0.0000000000
80903  52.131  -11.597  41.944 0.0000000000
81967  52.800  -11.107  42.217 0.0000000000
81966  53.650  -10.968  42.107 0.0000000000
81965  54.193  -11.127  41.815 0.0000000000
80894  54.052  -11.602  42.461 0.0000000000
78690  54.332  -13.670  41.920 0.0000000000
78702  54.071  -13.538  41.542 0.0000000000
78703  53.649  -13.440  41.001 0.0000000000
75562  55.252  -16.473  42.127 0.0000000000
75563  54.628  -16.307  41.516 0.0000000000
74563  54.217  -17.408  40.368 0.0000000000
75575  53.533  -16.354  40.394 0.0000000000
74564  53.454  -16.930  40.087 0.0000000000
63995  43.961  -27.054  59.797 0.0000000000
62824  43.590  -27.749  59.665 0.0000000000
64004  44.022  -27.057  59.073 0.0000000000
69851  48.312  -21.951  51.730 0.0000000000
71008  49.144  -21.741  51.102 0.0000000000
71007  49.964  -21.403  51.321 0.0000000000
70980  50.712  -21.404  53.237 0.0000000000
70992  50.766  -21.295  52.527 0.0000000000
70990  51.437  -21.772  52.613 0.0000000000
70978  51.309  -21.773  52.997 0.0000000000
68545  49.649  -23.270  55.268 0.0000000000
68562  50.139  -22.899  54.997 0.0000000000
67450  50.145  -23.387  54.904 0.0000000000
66311  50.812  -23.832  53.385 0.0000000000
66297  50.991  -23.425  53.369 0.0000000000
67471  51.451  -23.130  52.788 0.0000000000
66309  51.781  -23.480  52.332 0.0000000000
66323  52.048  -23.886  51.881 0.0000000000
65252  51.626  -24.237  52.049 0.0000000000
64108  51.441  -25.224  50.803 0.0000000000
60778  48.016  -28.986  56.431 0.0000000000
61842  47.852  -28.271  56.331 0.0000000000
52018  30.725  -37.726  66.485 0.0000000000
52017  31.029  -38.280  66.531 0.0000000000
49821  31.235  -39.080  66.431 0.0000000000
50948  30.910  -38.720  67.199 0.0000000000
49815  30.749  -39.179  67.435 0.0000000000
71059  49.882  -21.689  47.300 0.0000000000
71046  50.668  -21.197  48.450 0.0000000000
71020  50.687  -21.303  50.472 0.0000000000
51011  35.540  -39.139  60.720 0.0000000000
51000  36.310  -38.806  61.159 0.0000000000
49847  36.845  -39.277  61.554 0.0000000000
83013  54.966  -9.959  39.586 0.0000000000
80902  54.318  -11.423  41.108 0.0000000000
74511  54.929  -18.043  43.837 0.0000000000
62823  45.881  -27.714  59.263 0.0000000000
63982  45.786  -27.326  59.598 0.0000000000
63993  46.043  -26.804  59.176 0.0000000000
65151  46.321  -25.621  58.872 0.0000000000
66244  46.559  -24.735  58.595 0.0000000000
67382  46.291  -24.231  58.523 0.0000000000
66243  46.959  -24.637  58.374 0.0000000000
66257  47.358  -24.571  57.935 0.0000000000
66256  47.768  -24.454  57.427 0.0000000000
66268  48.136  -24.481  56.927 0.0000000000
65194  47.974  -25.472  56.378 0.0000000000
64026  47.897  -26.242  55.980 0.0000000000
52064  31.666  -38.046  63.161 0.0000000000
52079  31.953  -38.395  62.702 0.0000000000
52097  33.097  -38.295  61.146 0.0000000000
51003  33.118  -38.913  61.697 0.0000000000
69970  51.496  -21.183  45.000 0.0000000000
72224  52.699  -20.190  45.058 0.0000000000
72182  54.193  -19.834  45.855 0.0000000000
73366  54.566  -20.015  46.105 0.0000000000
73365  54.891  -20.044  46.022 0.0000000000
72165  54.608  -20.343  46.114 0.0000000000
71016  53.085  -21.772  49.739 0.0000000000
69903  53.358  -21.868  49.240 0.0000000000
69885  52.985  -21.979  49.859 0.0000000000
67497  53.414  -23.039  49.546 0.0000000000
66349  53.375  -23.502  49.422 0.0000000000
66350  53.025  -23.974  50.120 0.0000000000
65286  52.533  -24.298  50.623 0.0000000000
55199  42.652  -34.755  61.717 0.0000000000
56320  42.753  -33.969  61.555 0.0000000000
55213  43.011  -34.444  61.676 0.0000000000
56319  43.142  -33.731  61.489 0.0000000000
56318  43.747  -33.412  61.137 0.0000000000
55247  45.052  -34.106  59.407 0.0000000000
57508  45.024  -32.226  59.033 0.0000000000
58683  45.402  -31.301  58.512 0.0000000000
58682  46.011  -30.901  57.746 0.0000000000
54081  37.576  -35.869  61.998 0.0000000000
54103  37.122  -35.325  61.581 0.0000000000
54125  38.279  -35.960  60.382 0.0000000000
54124  39.161  -36.277  60.355 0.0000000000
53157  40.814  -36.409  61.084 0.0000000000
53156  41.422  -36.104  61.299 0.0000000000
53134  40.738  -36.614  61.693 0.0000000000
53105  40.958  -36.862  62.310 0.0000000000
53075  41.099  -37.197  62.535 0.0000000000
80959  56.154  -11.117  36.281 0.0000000000
80978  56.052  -11.381  36.081 0.0000000000
75542  52.414  -15.639  43.133 0.0000000000
76513  52.807  -15.118  43.162 0.0000000000
77533  52.499  -14.387  43.161 0.0000000000
78680  51.623  -13.628  42.677 0.0000000000
79765  52.478  -12.745  43.072 0.0000000000
80886  53.212  -12.151  43.262 0.0000000000
80885  53.933  -12.141  43.103 0.0000000000
79764  54.303  -12.275  42.705 0.0000000000
79763  54.407  -12.944  42.622 0.0000000000
78689  54.469  -13.706  42.447 0.0000000000
77551  54.491  -14.541  41.941 0.0000000000
73496  54.544  -18.112  39.694 0.0000000000
60726  42.751  -30.015  60.580 0.0000000000
64015  44.281  -26.990  58.030 0.0000000000
68549  47.048  -22.913  56.267 0.0000000000
69797  46.380  -22.947  54.978 0.0000000000
69796  47.101  -22.693  55.018 0.0000000000
69833  47.127  -22.600  53.285 0.0000000000
69852  47.395  -22.457  52.205 0.0000000000
70982  49.468  -21.549  52.902 0.0000000000
70993  50.079  -21.357  52.342 0.0000000000
70973  50.252  -21.640  53.713 0.0000000000
70972  50.554  -21.786  53.754 0.0000000000
66288  49.752  -24.047  54.853 0.0000000000
66287  50.252  -23.565  54.642 0.0000000000
66299  50.238  -24.077  54.245 0.0000000000
66312  50.525  -23.964  53.863 0.0000000000
65236  51.101  -24.117  52.719 0.0000000000
65235  51.387  -24.034  52.501 0.0000000000
65253  50.930  -24.714  52.208 0.0000000000
54053  31.139  -36.454  63.907 0.0000000000
53054  31.174  -37.082  64.798 0.0000000000
49828  32.087  -39.557  64.402 0.0000000000
49825  31.693  -39.427  65.058 0.0000000000
48626  31.567  -39.822  65.254 0.0000000000
71081  51.662  -20.816  45.751 0.0000000000
72168  52.570  -20.820  47.631 0.0000000000
72138  52.554  -21.119  48.863 0.0000000000
71044  51.910  -20.987  48.978 0.0000000000
72139  52.171  -20.982  48.915 0.0000000000
71031  52.568  -21.348  49.491 0.0000000000
71017  52.570  -21.797  50.333 0.0000000000
69866  52.380  -21.982  51.212 0.0000000000
53131  44.104  -35.736  61.008 0.0000000000
54105  34.646  -35.437  61.600 0.0000000000
54104  35.191  -35.017  61.730 0.0000000000
54084  35.085  -35.869  61.882 0.0000000000
53110  36.124  -36.386  62.073 0.0000000000
52086  36.392  -38.091  61.668 0.0000000000
52076  36.618  -37.447  62.089 0.0000000000
53109  37.210  -36.596  62.257 0.0000000000
53079  37.975  -37.181  62.299 0.0000000000
52061  39.167  -37.778  62.766 0.0000000000
52060  39.906  -37.652  63.040 0.0000000000
50982  39.533  -38.187  63.040 0.0000000000
49832  39.326  -38.754  62.751 0.0000000000
48684  39.423  -40.216  62.160 0.0000000000
82019  55.417  -10.594  38.083 0.0000000000
80946  55.058  -11.275  37.720 0.0000000000
80935  55.234  -10.811  38.191 0.0000000000
80936  54.752  -11.288  38.594 0.0000000000
79810  54.230  -11.877  39.039 0.0000000000
80926  54.508  -11.463  39.491 0.0000000000
79804  53.666  -12.516  39.549 0.0000000000
78715  53.223  -13.431  40.209 0.0000000000
74536  52.697  -17.231  42.485 0.0000000000
74525  53.305  -16.693  42.901 0.0000000000
75540  53.726  -16.136  43.101 0.0000000000
76511  54.175  -15.289  43.209 0.0000000000
76519  54.860  -15.427  42.696 0.0000000000
74547  55.487  -17.328  42.224 0.0000000000
74534  55.541  -17.482  42.761 0.0000000000
73475  55.346  -17.798  41.983 0.0000000000
72304  55.352  -19.703  40.453 0.0000000000
62804  44.440  -28.315  60.869 0.0000000000
62805  44.100  -28.345  60.836 0.0000000000
62814  44.477  -27.800  60.608 0.0000000000
63985  44.320  -27.152  60.076 0.0000000000
65141  44.667  -26.596  59.641 0.0000000000
65140  45.227  -26.314  59.586 0.0000000000
65167  44.905  -25.322  58.116 0.0000000000
66270  45.049  -25.056  57.138 0.0000000000
66278  45.288  -24.555  56.832 0.0000000000
67451  45.421  -24.066  55.928 0.0000000000
67436  45.470  -24.075  56.535 0.0000000000
68535  45.890  -23.618  57.115 0.0000000000
68534  46.671  -23.179  56.922 0.0000000000
67403  46.586  -23.827  57.994 0.0000000000
68548  47.570  -22.800  56.294 0.0000000000
69779  48.048  -22.766  56.027 0.0000000000
69778  48.685  -22.953  55.931 0.0000000000
69793  49.590  -22.638  54.903 0.0000000000
69777  49.116  -23.007  55.474 0.0000000000
68546  49.087  -23.037  55.722 0.0000000000
67418  48.798  -24.019  56.439 0.0000000000
66277  49.079  -24.299  55.735 0.0000000000
66276  49.420  -23.856  55.417 0.0000000000
65207  49.451  -24.330  54.880 0.0000000000
54106  33.509  -35.533  61.189 0.0000000000
53159  34.358  -37.024  61.036 0.0000000000
51014  33.445  -38.627  61.208 0.0000000000
51012  34.707  -38.899  60.747 0.0000000000
73442  53.620  -18.449  43.537 0.0000000000
73424  53.904  -18.829  44.210 0.0000000000
72222  53.531  -19.246  44.404 0.0000000000
73423  54.549  -18.808  44.330 0.0000000000
71089  55.411  -20.018  44.471 0.0000000000
69952  54.719  -21.185  45.585 0.0000000000
71069  54.934  -20.571  45.932 0.0000000000
72151  53.445  -20.817  47.446 0.0000000000
69920  54.050  -21.608  47.920 0.0000000000
69921  53.835  -22.154  48.747 0.0000000000
69919  54.443  -21.703  47.446 0.0000000000
57478  41.575  -32.235  60.040 0.0000000000
59698  41.853  -31.267  60.527 0.0000000000
57458  42.557  -32.838  61.324 0.0000000000
58624  42.825  -31.655  60.966 0.0000000000
59697  42.436  -30.994  60.642 0.0000000000
59696  43.192  -30.766  60.848 0.0000000000
60724  44.079  -29.636  61.110 0.0000000000
54097  44.227  -35.299  60.995 0.0000000000
56334  44.208  -33.111  60.804 0.0000000000
56333  44.538  -33.307  60.375 0.0000000000
57491  44.350  -32.372  60.596 0.0000000000
58646  44.142  -31.706  60.878 0.0000000000
58621  44.393  -30.789  60.950 0.0000000000
59693  44.497  -30.220  60.947 0.0000000000
60723  44.561  -29.579  60.942 0.0000000000
61802  44.922  -28.888  60.820 0.0000000000
61810  45.739  -28.571  59.653 0.0000000000
60743  45.793  -29.415  59.229 0.0000000000
61821  46.192  -28.493  58.519 0.0000000000
61832  47.107  -27.809  57.322 0.0000000000
62845  47.373  -27.279  56.835 0.0000000000
61831  47.417  -28.459  57.130 0.0000000000
60779  48.008  -29.030  56.794 0.0000000000
59758  47.917  -29.740  56.525 0.0000000000
58708  47.426  -30.810  56.437 0.0000000000
58707  47.744  -30.314  56.195 0.0000000000
55217  35.214  -34.616  61.276 0.0000000000
55215  37.149  -35.193  61.066 0.0000000000
57493  41.678  -33.196  59.969 0.0000000000
56321  41.853  -33.906  60.796 0.0000000000
55200  42.321  -34.632  61.542 0.0000000000
54099  42.000  -35.465  61.517 0.0000000000
53102  43.281  -36.213  61.903 0.0000000000
52059  40.643  -37.611  62.794 0.0000000000
52075  41.743  -37.666  62.590 0.0000000000
51987  29.081  -38.190  68.061 0.0000000000
79868  55.667  -12.308  33.820 0.0000000000
81975  54.027  -10.534  41.299 0.0000000000
81974  54.468  -10.794  41.125 0.0000000000
77574  53.094  -14.546  40.228 0.0000000000
76539  54.104  -15.419  41.283 0.0000000000
76540  53.555  -15.440  40.681 0.0000000000
69905  48.612  -22.468  48.945 0.0000000000
69888  48.433  -22.323  49.828 0.0000000000
69887  49.275  -22.072  49.516 0.0000000000
71021  49.840  -21.539  50.197 0.0000000000
71005  51.361  -21.461  51.600 0.0000000000
71004  51.918  -21.782  51.544 0.0000000000
69867  51.927  -21.792  51.833 0.0000000000
68589  52.229  -22.441  51.748 0.0000000000
69792  50.381  -22.466  54.428 0.0000000000
69810  50.798  -22.302  53.765 0.0000000000
67449  50.477  -23.349  54.428 0.0000000000
68572  50.853  -22.808  53.854 0.0000000000
69809  51.113  -22.351  53.409 0.0000000000
68581  51.588  -22.557  52.656 0.0000000000
68580  51.904  -22.831  52.321 0.0000000000
67481  52.351  -23.426  51.618 0.0000000000
66337  52.283  -23.970  51.474 0.0000000000
65287  52.311  -24.793  50.223 0.0000000000
64087  51.381  -24.791  51.572 0.0000000000
64107  51.914  -25.074  50.536 0.0000000000
62855  47.628  -27.366  56.421 0.0000000000
62854  47.803  -27.306  56.081 0.0000000000
61858  47.966  -28.267  55.476 0.0000000000
62868  48.032  -27.280  55.393 0.0000000000
64059  48.423  -26.337  54.504 0.0000000000
48625  31.559  -39.426  65.337 0.0000000000
49879  34.896  -39.725  60.972 0.0000000000
50947  31.086  -38.620  66.765 0.0000000000
50966  31.694  -38.794  65.095 0.0000000000
50980  41.005  -38.006  62.685 0.0000000000
50987  31.975  -38.589  62.875 0.0000000000
50992  40.777  -38.678  62.863 0.0000000000
50996  32.091  -38.644  62.745 0.0000000000
51013  33.943  -38.818  61.023 0.0000000000
51984  30.707  -38.534  67.493 0.0000000000
52001  30.950  -38.424  66.823 0.0000000000
52058  41.309  -37.393  62.619 0.0000000000
52065  31.835  -38.438  62.979 0.0000000000
52094  35.217  -38.372  60.873 0.0000000000
53035  31.096  -37.222  65.376 0.0000000000
53074  41.435  -37.102  62.619 0.0000000000
53111  35.420  -36.178  61.971 0.0000000000
54100  39.293  -36.526  60.963 0.0000000000
54101  38.558  -36.306  60.995 0.0000000000
54119  44.601  -34.705  60.038 0.0000000000
54144  41.466  -35.296  60.339 0.0000000000
54167  44.737  -34.648  59.399 0.0000000000
54169  40.436  -35.332  59.274 0.0000000000
55202  35.446  -34.933  61.742 0.0000000000
55230  45.008  -33.770  59.521 0.0000000000
56317  44.234  -33.723  60.815 0.0000000000
56335  41.635  -33.842  60.040 0.0000000000
56336  41.516  -33.388  59.679 0.0000000000
57492  44.029  -32.571  60.930 0.0000000000
57550  47.607  -30.732  56.077 0.0000000000
58598  43.091  -31.809  61.120 0.0000000000
58599  42.666  -32.275  61.146 0.0000000000
58600  42.452  -32.556  61.148 0.0000000000
58626  41.650  -31.786  60.339 0.0000000000
59703  45.159  -30.192  60.239 0.0000000000
59741  47.742  -29.840  56.862 0.0000000000
59759  47.697  -30.232  56.586 0.0000000000
59774  47.958  -29.699  56.053 0.0000000000
60733  44.909  -29.536  60.719 0.0000000000
60753  47.207  -28.975  57.244 0.0000000000
60762  47.974  -29.432  56.767 0.0000000000
60793  47.966  -28.881  55.893 0.0000000000
61794  44.644  -29.111  60.966 0.0000000000
61795  44.425  -28.872  60.994 0.0000000000
61820  46.898  -28.498  57.504 0.0000000000
62881  48.203  -27.420  54.546 0.0000000000
65142  44.309  -26.833  59.717 0.0000000000
65150  46.934  -25.104  58.456 0.0000000000
65154  44.410  -26.556  59.338 0.0000000000
65180  48.176  -25.020  56.518 0.0000000000
65182  47.423  -25.500  57.334 0.0000000000
65183  44.945  -25.188  57.577 0.0000000000
65269  52.421  -24.196  51.004 0.0000000000
65270  52.150  -24.354  51.234 0.0000000000
65271  51.702  -24.737  51.257 0.0000000000
66258  45.750  -24.526  58.601 0.0000000000
66269  45.245  -24.710  57.620 0.0000000000
66322  52.325  -23.665  51.563 0.0000000000
66324  51.729  -23.811  52.264 0.0000000000
67381  46.829  -24.271  58.237 0.0000000000
67421  45.523  -24.100  57.232 0.0000000000
67437  45.259  -24.401  56.193 0.0000000000
67459  51.107  -23.141  53.356 0.0000000000
67460  50.811  -23.181  53.856 0.0000000000
67482  52.235  -23.230  51.878 0.0000000000
67489  52.522  -23.339  51.297 0.0000000000
68519  48.138  -23.484  57.112 0.0000000000
68536  45.625  -23.838  56.798 0.0000000000
68547  48.745  -23.107  56.229 0.0000000000
68590  51.894  -22.481  52.247 0.0000000000
68612  52.747  -22.142  50.448 0.0000000000
69781  46.782  -22.863  55.626 0.0000000000
69791  50.593  -22.561  54.205 0.0000000000
69811  50.467  -22.119  54.062 0.0000000000
69829  51.290  -22.086  53.080 0.0000000000
69849  52.130  -22.119  51.728 0.0000000000
69902  53.518  -21.626  48.543 0.0000000000
70963  50.241  -22.113  54.316 0.0000000000
70971  50.993  -21.965  53.681 0.0000000000
70979  51.102  -21.652  53.198 0.0000000000
71093  51.841  -21.061  44.135 0.0000000000
71108  52.919  -20.390  44.000 0.0000000000
72181  55.099  -19.757  46.321 0.0000000000
73383  55.401  -19.737  45.611 0.0000000000
73385  54.552  -19.837  45.576 0.0000000000
75537  55.428  -16.798  43.012 0.0000000000
76514  52.097  -15.184  43.181 0.0000000000
77523  54.114  -14.102  43.482 0.0000000000
77525  53.728  -13.789  43.502 0.0000000000
78661  54.159  -13.935  43.348 0.0000000000
78662  54.094  -13.701  43.385 0.0000000000
78663  53.809  -13.553  43.443 0.0000000000
78669  54.280  -13.537  43.173 0.0000000000
78672  52.144  -13.847  43.051 0.0000000000
78679  52.173  -13.295  42.953 0.0000000000
79747  54.133  -13.389  43.244 0.0000000000
79748  54.000  -13.286  43.367 0.0000000000
79754  54.413  -13.338  43.059 0.0000000000
79756  53.710  -12.880  43.432 0.0000000000
79757  53.034  -12.795  43.467 0.0000000000
80887  52.762  -12.348  43.183 0.0000000000
81968  52.378  -11.410  42.077 0.0000000000
81989  53.829  -10.207  41.050 0.0000000000
82997  54.252  -10.205  40.991 0.0000000000
