#!ascii label  , from subject 3279 vox2ras=TkReg
1139
55953  -34.126  -34.180  68.501 0.0000000000
45702  -18.228  -45.011  67.697 0.0000000000
50951  -26.303  -39.709  67.067 0.0000000000
81397  -45.170  -9.853  52.793 0.0000000000
88663  -48.513  -3.188  49.550 0.0000000000
42841  -10.273  -48.292  71.724 0.0000000000
78271  -43.036  -12.590  55.211 0.0000000000
61035  -33.481  -29.840  68.277 0.0000000000
51914  -31.136  -37.819  67.461 0.0000000000
44809  -13.757  -46.149  68.596 0.0000000000
41073  -14.293  -49.821  73.239 0.0000000000
56009  -30.544  -34.463  63.421 0.0000000000
60017  -30.850  -30.945  64.516 0.0000000000
50064  -21.196  -40.136  67.011 0.0000000000
54065  -27.543  -36.977  64.280 0.0000000000
68399  -40.214  -21.542  55.982 0.0000000000
74398  -41.814  -16.508  55.623 0.0000000000
76284  -46.107  -13.536  53.336 0.0000000000
36893  -6.383  -54.612  73.327 0.0000000000
33543  -3.668  -57.704  75.361 0.0000000000
63155  -30.875  -27.328  63.262 0.0000000000
63251  -33.620  -26.929  59.807 0.0000000000
66280  -37.040  -24.505  57.409 0.0000000000
39156  -9.882  -52.112  72.960 0.0000000000
44787  -18.428  -46.149  70.474 0.0000000000
46514  -19.760  -43.627  70.075 0.0000000000
53996  -32.942  -36.153  68.265 0.0000000000
49197  -16.974  -42.243  69.312 0.0000000000
45699  -16.138  -45.117  67.825 0.0000000000
43820  -16.419  -47.432  70.780 0.0000000000
55969  -30.251  -34.359  65.810 0.0000000000
55068  -29.169  -35.951  63.787 0.0000000000
71543  -38.303  -18.912  55.423 0.0000000000
71546  -41.480  -19.268  55.481 0.0000000000
74405  -39.097  -16.318  55.251 0.0000000000
77260  -43.343  -13.756  52.834 0.0000000000
78304  -45.205  -12.241  52.365 0.0000000000
79370  -47.710  -11.327  52.521 0.0000000000
80411  -45.271  -9.703  51.924 0.0000000000
83429  -45.738  -7.499  51.211 0.0000000000
61077  -28.574  -29.176  64.889 0.0000000000
62109  -30.021  -28.910  64.267 0.0000000000
63178  -27.844  -27.407  62.972 0.0000000000
65179  -30.621  -25.682  59.146 0.0000000000
66276  -32.937  -24.683  57.798 0.0000000000
64258  -35.627  -26.173  58.438 0.0000000000
67343  -34.990  -23.353  56.971 0.0000000000
68383  -36.296  -22.362  56.468 0.0000000000
50971  -23.710  -39.103  66.502 0.0000000000
40176  -7.871  -51.594  72.159 0.0000000000
41078  -9.680  -50.238  71.138 0.0000000000
31297  -3.293  -59.752  76.773 0.0000000000
30252  -1.351  -60.831  76.590 0.0000000000
78255  -39.850  -13.428  56.321 0.0000000000
62065  -35.084  -28.162  67.831 0.0000000000
50976  -28.693  -39.249  66.478 0.0000000000
44793  -11.626  -46.651  70.195 0.0000000000
41934  -11.408  -49.430  70.331 0.0000000000
42873  -13.960  -48.428  69.853 0.0000000000
88675  -50.909  -2.626  48.207 0.0000000000
55970  -32.534  -34.278  65.670 0.0000000000
57992  -33.001  -32.457  66.369 0.0000000000
58011  -31.251  -32.422  63.893 0.0000000000
49215  -18.181  -41.447  67.271 0.0000000000
48255  -19.656  -42.569  66.798 0.0000000000
50988  -19.296  -39.693  66.467 0.0000000000
51964  -21.164  -38.177  64.716 0.0000000000
51967  -24.112  -37.760  64.254 0.0000000000
54043  -25.180  -36.904  64.814 0.0000000000
51969  -26.107  -38.466  64.044 0.0000000000
51972  -28.988  -37.898  64.237 0.0000000000
54048  -31.035  -36.384  65.100 0.0000000000
67318  -41.505  -23.032  58.359 0.0000000000
76278  -40.903  -14.123  54.192 0.0000000000
76271  -44.050  -14.461  54.575 0.0000000000
84445  -46.450  -6.458  49.924 0.0000000000
35729  -4.900  -55.764  74.418 0.0000000000
32426  -4.876  -58.403  76.577 0.0000000000
59997  -32.451  -30.611  66.576 0.0000000000
62077  -32.533  -28.765  66.403 0.0000000000
63121  -34.339  -27.484  65.174 0.0000000000
64204  -29.347  -26.357  61.257 0.0000000000
63207  -32.374  -26.886  61.713 0.0000000000
63160  -35.416  -27.331  63.347 0.0000000000
64192  -36.659  -26.592  61.894 0.0000000000
65156  -38.182  -25.407  60.835 0.0000000000
66245  -40.175  -24.492  59.396 0.0000000000
67347  -38.594  -23.094  56.515 0.0000000000
69475  -37.765  -20.908  55.720 0.0000000000
49200  -21.236  -41.195  69.853 0.0000000000
39133  -6.654  -52.829  73.538 0.0000000000
36910  -8.120  -53.528  72.742 0.0000000000
40180  -11.830  -50.985  72.937 0.0000000000
29031  0.254  -61.771  76.531 0.0000000000
44814  -18.189  -45.684  69.080 0.0000000000
45666  -19.005  -45.419  70.230 0.0000000000
46524  -19.245  -44.411  68.836 0.0000000000
54992  -33.706  -35.485  68.824 0.0000000000
48253  -17.182  -43.188  67.727 0.0000000000
47342  -16.280  -43.797  68.487 0.0000000000
45700  -16.849  -45.114  67.692 0.0000000000
44812  -16.828  -46.360  68.803 0.0000000000
73398  -38.210  -17.685  56.071 0.0000000000
72484  -38.925  -17.974  54.851 0.0000000000
74396  -38.698  -16.251  55.652 0.0000000000
79358  -45.039  -11.194  53.574 0.0000000000
79357  -44.730  -11.234  53.022 0.0000000000
80401  -45.140  -10.332  52.520 0.0000000000
80402  -45.298  -10.431  52.328 0.0000000000
80410  -44.983  -9.752  52.089 0.0000000000
81419  -44.930  -8.933  51.856 0.0000000000
62128  -28.277  -28.502  63.795 0.0000000000
67299  -32.302  -24.243  59.286 0.0000000000
66277  -33.886  -24.566  57.413 0.0000000000
68368  -34.690  -22.940  58.097 0.0000000000
68369  -35.396  -22.499  57.593 0.0000000000
50972  -24.716  -39.247  66.318 0.0000000000
50049  -24.885  -39.805  67.910 0.0000000000
50050  -25.876  -39.969  67.888 0.0000000000
41923  -8.962  -50.057  72.134 0.0000000000
41932  -9.850  -49.214  70.816 0.0000000000
87617  -48.711  -3.951  48.439 0.0000000000
30253  -2.258  -60.214  76.257 0.0000000000
58922  -34.281  -30.971  69.783 0.0000000000
62049  -34.494  -28.702  68.656 0.0000000000
51912  -29.837  -38.760  67.173 0.0000000000
51893  -31.467  -38.804  69.165 0.0000000000
46522  -14.745  -44.712  69.446 0.0000000000
45664  -13.991  -45.120  70.434 0.0000000000
45662  -12.831  -45.846  71.079 0.0000000000
44808  -12.863  -46.266  68.916 0.0000000000
43842  -12.461  -47.218  69.184 0.0000000000
43843  -13.500  -47.590  69.078 0.0000000000
43799  -17.476  -47.196  71.606 0.0000000000
42844  -16.144  -48.028  71.741 0.0000000000
55055  -31.577  -34.520  64.125 0.0000000000
56964  -32.251  -33.342  64.702 0.0000000000
56994  -30.873  -33.676  63.489 0.0000000000
50930  -18.359  -39.327  68.711 0.0000000000
50062  -18.850  -40.299  66.690 0.0000000000
50945  -19.101  -38.879  67.454 0.0000000000
52985  -20.393  -37.451  65.518 0.0000000000
54059  -21.496  -36.604  64.945 0.0000000000
51946  -22.566  -38.342  65.082 0.0000000000
53005  -22.781  -37.184  64.284 0.0000000000
52971  -27.368  -37.370  66.160 0.0000000000
53009  -26.458  -37.255  64.631 0.0000000000
53027  -25.298  -37.481  63.698 0.0000000000
54082  -26.853  -37.300  63.710 0.0000000000
51986  -27.587  -38.009  63.365 0.0000000000
53030  -28.134  -37.334  63.384 0.0000000000
55994  -29.738  -34.754  63.747 0.0000000000
54086  -30.223  -36.150  63.585 0.0000000000
55054  -31.149  -35.289  63.942 0.0000000000
55026  -31.998  -35.334  65.624 0.0000000000
68370  -40.709  -22.573  57.217 0.0000000000
68357  -42.335  -22.566  58.538 0.0000000000
68388  -41.195  -21.809  56.767 0.0000000000
72478  -41.733  -18.264  55.580 0.0000000000
71535  -42.703  -19.596  56.259 0.0000000000
78269  -41.133  -12.621  55.775 0.0000000000
77237  -39.831  -13.605  54.915 0.0000000000
77239  -41.425  -13.280  54.202 0.0000000000
76289  -44.507  -13.730  52.721 0.0000000000
76281  -43.374  -14.378  53.575 0.0000000000
76272  -45.064  -14.054  54.279 0.0000000000
76261  -44.915  -14.385  55.550 0.0000000000
83438  -45.839  -6.867  50.475 0.0000000000
85511  -44.982  -5.761  50.573 0.0000000000
86546  -46.050  -5.185  49.765 0.0000000000
38012  -5.800  -54.138  74.256 0.0000000000
36875  -5.282  -54.909  74.549 0.0000000000
34620  -5.599  -55.882  73.776 0.0000000000
33531  -6.155  -57.113  76.138 0.0000000000
32395  -4.908  -58.337  78.599 0.0000000000
58966  -32.027  -31.547  65.140 0.0000000000
58956  -32.476  -31.512  66.028 0.0000000000
60007  -31.372  -30.738  65.034 0.0000000000
62131  -30.655  -27.755  63.804 0.0000000000
62094  -31.949  -28.411  65.466 0.0000000000
62111  -31.774  -27.833  64.659 0.0000000000
63104  -33.755  -27.751  65.984 0.0000000000
63135  -33.028  -27.329  64.224 0.0000000000
66191  -29.058  -25.314  61.700 0.0000000000
63274  -32.098  -26.752  59.462 0.0000000000
64223  -31.329  -26.666  60.513 0.0000000000
63228  -33.477  -26.927  60.743 0.0000000000
63185  -33.871  -27.175  62.493 0.0000000000
63210  -35.125  -27.094  61.414 0.0000000000
63187  -35.905  -27.051  62.336 0.0000000000
63230  -35.345  -26.869  60.393 0.0000000000
65198  -36.562  -25.195  57.999 0.0000000000
64260  -36.703  -25.996  59.371 0.0000000000
65184  -38.411  -25.069  58.864 0.0000000000
66228  -39.334  -24.915  60.115 0.0000000000
66262  -38.568  -24.691  58.358 0.0000000000
66282  -39.518  -23.962  57.792 0.0000000000
66296  -37.403  -23.819  56.869 0.0000000000
70528  -36.838  -21.014  56.897 0.0000000000
68395  -36.788  -21.794  56.185 0.0000000000
70529  -37.377  -20.518  56.622 0.0000000000
49229  -20.327  -41.357  66.852 0.0000000000
48244  -20.149  -42.239  68.278 0.0000000000
49218  -20.812  -41.073  68.441 0.0000000000
39167  -8.774  -51.982  71.789 0.0000000000
38041  -7.800  -53.137  72.371 0.0000000000
38043  -8.830  -52.985  72.815 0.0000000000
41925  -12.930  -49.913  71.513 0.0000000000
41080  -11.646  -50.510  71.636 0.0000000000
41071  -12.842  -50.478  72.890 0.0000000000
44769  -18.395  -46.772  72.511 0.0000000000
45647  -19.397  -45.414  72.154 0.0000000000
46493  -19.732  -44.252  71.662 0.0000000000
47309  -20.068  -43.212  71.741 0.0000000000
52955  -31.662  -37.149  67.374 0.0000000000
51905  -32.044  -37.812  68.740 0.0000000000
48229  -16.408  -42.873  70.208 0.0000000000
47333  -15.783  -44.034  68.967 0.0000000000
44810  -14.749  -46.194  68.349 0.0000000000
43867  -15.184  -47.007  68.739 0.0000000000
43868  -16.157  -46.863  69.060 0.0000000000
43847  -17.281  -46.728  70.238 0.0000000000
56962  -30.057  -33.973  64.470 0.0000000000
56976  -30.281  -33.538  64.348 0.0000000000
54045  -28.486  -36.597  65.146 0.0000000000
54066  -28.579  -36.428  64.073 0.0000000000
55968  -29.838  -34.842  65.363 0.0000000000
70541  -39.184  -20.067  55.269 0.0000000000
69478  -40.635  -21.018  55.756 0.0000000000
71544  -39.787  -19.513  55.090 0.0000000000
72486  -40.553  -18.275  55.166 0.0000000000
73413  -40.901  -16.942  55.384 0.0000000000
78291  -42.476  -13.003  53.751 0.0000000000
78292  -43.326  -12.741  53.364 0.0000000000
78303  -44.390  -12.289  52.630 0.0000000000
77263  -45.613  -12.965  52.426 0.0000000000
77265  -46.999  -12.998  52.882 0.0000000000
78305  -46.148  -12.276  52.358 0.0000000000
80403  -45.953  -10.316  52.195 0.0000000000
81411  -46.471  -9.298  52.170 0.0000000000
82414  -45.292  -8.267  51.647 0.0000000000
83427  -44.584  -7.397  51.707 0.0000000000
36876  -7.718  -54.901  74.819 0.0000000000
34609  -6.686  -56.059  74.637 0.0000000000
34579  -7.277  -55.698  76.122 0.0000000000
61078  -29.433  -29.629  64.577 0.0000000000
61080  -30.759  -29.719  64.854 0.0000000000
62108  -29.477  -29.114  64.235 0.0000000000
62129  -29.146  -28.426  63.624 0.0000000000
63154  -30.100  -27.540  63.232 0.0000000000
66226  -30.271  -24.764  60.277 0.0000000000
66242  -31.037  -24.675  59.584 0.0000000000
65193  -31.819  -25.449  58.274 0.0000000000
64255  -33.093  -26.577  58.340 0.0000000000
63277  -34.666  -26.808  58.866 0.0000000000
65196  -34.264  -25.462  57.472 0.0000000000
66278  -34.876  -24.734  57.188 0.0000000000
66294  -35.373  -23.985  56.835 0.0000000000
67345  -36.750  -23.146  56.482 0.0000000000
68382  -35.519  -22.564  56.878 0.0000000000
50970  -22.635  -39.225  66.642 0.0000000000
50048  -22.110  -40.066  68.332 0.0000000000
50932  -23.301  -39.737  68.212 0.0000000000
40186  -8.732  -51.260  71.604 0.0000000000
40187  -9.776  -51.451  71.802 0.0000000000
32437  -3.296  -58.648  75.600 0.0000000000
33528  -2.600  -58.064  76.408 0.0000000000
32423  -2.178  -58.901  76.143 0.0000000000
31310  -1.683  -59.746  76.238 0.0000000000
31309  -0.643  -59.835  76.663 0.0000000000
62081  -35.789  -27.820  66.981 0.0000000000
50975  -27.728  -39.459  66.311 0.0000000000
50052  -27.801  -40.197  67.998 0.0000000000
44776  -12.359  -46.326  71.472 0.0000000000
43817  -10.785  -47.513  70.821 0.0000000000
41933  -10.574  -49.045  70.317 0.0000000000
42871  -11.761  -48.104  69.554 0.0000000000
41943  -13.186  -48.931  70.164 0.0000000000
41936  -13.855  -49.104  70.926 0.0000000000
42874  -15.023  -48.047  70.089 0.0000000000
42843  -15.339  -48.545  71.761 0.0000000000
41911  -15.262  -49.250  73.556 0.0000000000
88674  -50.177  -2.572  48.732 0.0000000000
55961  -33.414  -34.216  67.294 0.0000000000
56944  -33.565  -33.133  67.117 0.0000000000
56953  -33.104  -33.565  66.396 0.0000000000
58001  -32.261  -32.435  64.878 0.0000000000
60025  -30.837  -31.588  64.216 0.0000000000
58010  -30.331  -32.435  64.946 0.0000000000
58973  -30.419  -31.748  64.587 0.0000000000
60015  -29.851  -30.701  64.835 0.0000000000
61067  -29.222  -29.788  65.225 0.0000000000
47359  -17.921  -43.214  66.849 0.0000000000
46543  -18.951  -43.948  66.967 0.0000000000
48261  -18.815  -42.129  66.283 0.0000000000
49235  -19.330  -41.066  65.896 0.0000000000
50081  -20.560  -40.315  66.238 0.0000000000
51927  -19.670  -38.091  66.467 0.0000000000
50990  -20.680  -39.184  65.296 0.0000000000
50082  -21.261  -39.766  66.383 0.0000000000
51945  -22.001  -38.490  65.072 0.0000000000
50993  -24.123  -38.719  65.635 0.0000000000
50994  -25.111  -38.876  65.437 0.0000000000
54041  -23.387  -36.292  65.253 0.0000000000
54079  -24.315  -36.881  63.798 0.0000000000
51968  -25.079  -38.037  63.953 0.0000000000
50995  -26.106  -39.113  65.101 0.0000000000
50996  -27.136  -39.187  65.306 0.0000000000
50998  -28.976  -38.714  65.803 0.0000000000
51952  -29.613  -38.016  65.456 0.0000000000
53031  -29.093  -37.176  63.430 0.0000000000
53012  -29.617  -37.367  64.187 0.0000000000
52974  -31.047  -37.198  66.317 0.0000000000
54008  -32.142  -36.297  67.187 0.0000000000
54009  -32.741  -35.546  67.476 0.0000000000
49205  -17.508  -41.682  68.493 0.0000000000
70531  -42.445  -20.597  56.508 0.0000000000
76258  -39.125  -14.534  55.602 0.0000000000
75341  -40.513  -15.498  55.073 0.0000000000
75342  -41.348  -15.219  54.990 0.0000000000
77248  -41.779  -13.599  53.806 0.0000000000
76269  -41.849  -14.730  54.465 0.0000000000
75344  -42.554  -15.371  55.377 0.0000000000
76260  -43.795  -14.961  55.975 0.0000000000
84462  -47.319  -5.883  48.803 0.0000000000
86548  -47.311  -4.567  49.207 0.0000000000
88662  -47.883  -3.524  49.836 0.0000000000
36858  -4.900  -55.341  76.147 0.0000000000
34591  -4.023  -56.821  75.046 0.0000000000
33546  -6.141  -56.763  75.106 0.0000000000
33545  -5.362  -57.390  75.186 0.0000000000
33544  -4.469  -57.790  75.127 0.0000000000
32425  -4.307  -58.905  76.725 0.0000000000
57980  -33.424  -32.174  67.215 0.0000000000
58947  -33.231  -31.367  67.415 0.0000000000
61044  -32.801  -30.063  67.398 0.0000000000
62093  -31.342  -29.174  65.337 0.0000000000
61056  -32.593  -29.691  66.953 0.0000000000
61057  -32.915  -28.978  67.087 0.0000000000
62079  -34.035  -28.140  66.822 0.0000000000
63105  -34.652  -27.662  66.075 0.0000000000
63122  -35.282  -27.552  65.212 0.0000000000
63203  -29.071  -26.905  61.959 0.0000000000
63181  -30.299  -27.151  62.522 0.0000000000
64221  -29.805  -26.237  60.267 0.0000000000
64206  -30.891  -26.699  61.020 0.0000000000
63183  -32.046  -26.964  62.546 0.0000000000
63158  -33.482  -27.233  63.389 0.0000000000
63137  -34.899  -27.442  64.283 0.0000000000
64225  -36.536  -26.370  60.264 0.0000000000
65155  -37.652  -25.772  61.151 0.0000000000
66264  -40.343  -24.005  58.517 0.0000000000
67331  -39.802  -23.357  57.288 0.0000000000
68386  -39.044  -22.419  56.234 0.0000000000
67346  -37.679  -23.120  56.452 0.0000000000
68385  -38.020  -22.420  56.157 0.0000000000
68397  -38.366  -21.681  55.863 0.0000000000
70540  -38.215  -19.930  55.513 0.0000000000
72463  -38.055  -18.459  56.055 0.0000000000
47336  -19.850  -43.002  68.767 0.0000000000
48230  -20.339  -42.305  70.125 0.0000000000
50015  -22.165  -40.608  69.809 0.0000000000
38026  -6.459  -53.607  73.026 0.0000000000
39143  -7.178  -52.252  73.181 0.0000000000
38040  -7.127  -53.251  72.557 0.0000000000
36894  -7.334  -54.655  73.555 0.0000000000
36877  -8.255  -54.269  74.403 0.0000000000
41088  -10.598  -49.859  70.639 0.0000000000
40188  -11.018  -51.031  72.055 0.0000000000
40179  -10.597  -51.611  72.915 0.0000000000
29020  -0.829  -61.705  77.839 0.0000000000
30251  -0.210  -60.874  76.531 0.0000000000
31308  0.362  -59.998  76.668 0.0000000000
45691  -18.346  -45.298  68.379 0.0000000000
45678  -18.943  -45.032  69.206 0.0000000000
45692  -18.894  -44.849  68.544 0.0000000000
55003  -33.820  -34.833  68.525 0.0000000000
46541  -17.311  -44.359  67.423 0.0000000000
45701  -17.724  -45.096  67.632 0.0000000000
45690  -17.313  -45.637  68.186 0.0000000000
74382  -38.560  -16.543  56.067 0.0000000000
73412  -38.292  -17.409  55.699 0.0000000000
80391  -45.483  -10.544  53.533 0.0000000000
80390  -44.985  -10.474  52.918 0.0000000000
81409  -44.919  -9.246  52.272 0.0000000000
67316  -34.001  -23.476  58.676 0.0000000000
50973  -25.705  -39.402  66.171 0.0000000000
50950  -25.311  -39.634  67.077 0.0000000000
42825  -10.304  -48.491  72.588 0.0000000000
42840  -9.831  -48.795  71.917 0.0000000000
42855  -9.860  -48.788  71.302 0.0000000000
88672  -48.707  -3.456  48.934 0.0000000000
87624  -49.227  -4.300  47.835 0.0000000000
88673  -49.212  -3.142  48.795 0.0000000000
61026  -34.261  -29.422  69.469 0.0000000000
61036  -33.863  -29.453  68.668 0.0000000000
51913  -30.487  -38.406  67.435 0.0000000000
51903  -30.620  -38.755  68.177 0.0000000000
51904  -31.329  -38.316  68.422 0.0000000000
45676  -14.080  -45.121  69.580 0.0000000000
45686  -13.446  -45.564  69.014 0.0000000000
45675  -13.364  -45.445  69.842 0.0000000000
43865  -13.282  -46.811  68.790 0.0000000000
55995  -31.281  -34.229  63.615 0.0000000000
55996  -31.619  -34.097  64.006 0.0000000000
50944  -18.758  -39.147  67.911 0.0000000000
55037  -21.951  -36.003  66.129 0.0000000000
54039  -21.301  -36.363  65.818 0.0000000000
54040  -22.208  -36.055  65.786 0.0000000000
54060  -22.499  -36.566  64.668 0.0000000000
52988  -27.364  -37.221  65.059 0.0000000000
52987  -26.534  -37.338  65.431 0.0000000000
53010  -26.965  -37.221  64.439 0.0000000000
54064  -26.527  -37.211  64.108 0.0000000000
53029  -27.201  -37.581  63.435 0.0000000000
54083  -27.809  -36.951  63.542 0.0000000000
56008  -30.012  -34.714  63.339 0.0000000000
55070  -30.326  -35.362  63.432 0.0000000000
55071  -30.855  -34.725  63.439 0.0000000000
68387  -40.310  -22.340  56.647 0.0000000000
69465  -40.875  -21.516  56.213 0.0000000000
73415  -42.266  -17.375  55.992 0.0000000000
72479  -42.422  -18.321  56.010 0.0000000000
74400  -42.763  -16.376  56.185 0.0000000000
78270  -42.094  -12.607  55.495 0.0000000000
78281  -41.366  -12.854  54.712 0.0000000000
78282  -42.293  -12.774  54.545 0.0000000000
76283  -45.313  -13.799  53.247 0.0000000000
76282  -44.335  -14.178  53.421 0.0000000000
76273  -45.953  -13.687  54.012 0.0000000000
86539  -45.597  -5.147  50.388 0.0000000000
38025  -6.015  -54.133  73.507 0.0000000000
36892  -5.633  -54.813  73.627 0.0000000000
35743  -5.974  -55.592  73.580 0.0000000000
58965  -31.465  -31.418  64.613 0.0000000000
63133  -31.353  -27.605  63.988 0.0000000000
63134  -32.171  -27.440  64.104 0.0000000000
63275  -32.801  -26.915  59.089 0.0000000000
63250  -32.757  -26.857  60.003 0.0000000000
63209  -34.174  -27.081  61.553 0.0000000000
63229  -34.386  -26.976  60.587 0.0000000000
65199  -37.635  -24.924  58.199 0.0000000000
65200  -38.244  -24.758  58.270 0.0000000000
66281  -38.345  -24.341  57.663 0.0000000000
50063  -20.745  -40.704  67.287 0.0000000000
49217  -20.546  -41.288  67.843 0.0000000000
50047  -21.309  -40.461  68.123 0.0000000000
39155  -9.165  -52.431  72.496 0.0000000000
38015  -9.557  -52.852  74.144 0.0000000000
39144  -9.665  -52.500  73.410 0.0000000000
41926  -13.564  -49.778  71.913 0.0000000000
41082  -13.211  -50.148  72.351 0.0000000000
41072  -13.797  -50.042  72.869 0.0000000000
34576  -3.692  -56.732  75.978 0.0000000000
34564  -3.380  -56.739  77.148 0.0000000000
58930  -34.074  -31.187  69.221 0.0000000000
44778  -18.223  -46.632  71.522 0.0000000000
44770  -18.889  -46.198  72.398 0.0000000000
44779  -18.885  -45.967  71.436 0.0000000000
46513  -19.444  -44.440  69.912 0.0000000000
46503  -19.461  -44.740  70.928 0.0000000000
46504  -19.726  -43.885  70.841 0.0000000000
53995  -32.425  -36.592  67.909 0.0000000000
52943  -32.438  -37.094  68.405 0.0000000000
49177  -16.840  -41.505  70.615 0.0000000000
48234  -16.524  -43.148  69.210 0.0000000000
46539  -15.799  -44.783  67.991 0.0000000000
47341  -15.847  -44.221  68.543 0.0000000000
46530  -15.405  -44.621  68.536 0.0000000000
45688  -15.487  -45.431  68.151 0.0000000000
44811  -15.790  -46.329  68.378 0.0000000000
44796  -17.487  -46.439  69.731 0.0000000000
44786  -17.729  -46.646  70.631 0.0000000000
44777  -17.676  -46.875  71.115 0.0000000000
55982  -30.039  -34.353  65.209 0.0000000000
56963  -30.287  -33.683  65.165 0.0000000000
55958  -30.039  -34.967  66.073 0.0000000000
55981  -29.788  -34.536  64.565 0.0000000000
70548  -38.646  -19.386  55.220 0.0000000000
70549  -39.102  -19.314  55.023 0.0000000000
73421  -38.669  -17.176  55.232 0.0000000000
72485  -39.790  -18.046  54.900 0.0000000000
73422  -39.384  -17.149  54.956 0.0000000000
73423  -40.450  -17.186  55.197 0.0000000000
74406  -39.841  -16.296  55.091 0.0000000000
78284  -43.936  -12.260  53.970 0.0000000000
77262  -44.749  -13.042  52.438 0.0000000000
79368  -45.640  -11.353  52.328 0.0000000000
80412  -45.752  -9.520  51.914 0.0000000000
81421  -45.906  -9.110  51.849 0.0000000000
81420  -45.470  -9.030  51.790 0.0000000000
82403  -44.691  -8.191  52.050 0.0000000000
82413  -44.851  -8.070  51.750 0.0000000000
61091  -28.625  -28.952  64.326 0.0000000000
62146  -27.813  -27.962  63.431 0.0000000000
62147  -28.349  -27.914  63.169 0.0000000000
63153  -29.476  -27.807  63.260 0.0000000000
62148  -28.923  -27.776  62.981 0.0000000000
66261  -32.563  -24.533  58.283 0.0000000000
66260  -32.068  -24.644  58.625 0.0000000000
65194  -32.470  -25.399  57.875 0.0000000000
64268  -32.113  -25.857  58.040 0.0000000000
64269  -32.659  -26.041  57.868 0.0000000000
64270  -33.639  -26.119  57.766 0.0000000000
65195  -33.269  -25.388  57.599 0.0000000000
66293  -34.588  -24.022  57.094 0.0000000000
66279  -35.929  -24.682  57.251 0.0000000000
67344  -35.827  -23.203  56.631 0.0000000000
50948  -23.387  -39.432  67.376 0.0000000000
50036  -25.382  -40.250  68.676 0.0000000000
41924  -9.419  -49.512  71.680 0.0000000000
41077  -8.862  -50.439  71.697 0.0000000000
31312  -3.241  -59.371  75.815 0.0000000000
32424  -2.762  -59.033  75.707 0.0000000000
30254  -2.824  -59.871  76.171 0.0000000000
32421  -0.661  -59.276  76.966 0.0000000000
62050  -35.265  -28.313  68.662 0.0000000000
62066  -35.982  -27.967  67.815 0.0000000000
50953  -28.432  -39.796  67.529 0.0000000000
44785  -12.196  -46.258  70.540 0.0000000000
44784  -11.707  -46.682  70.958 0.0000000000
43818  -11.184  -47.092  70.497 0.0000000000
43840  -10.866  -47.639  70.275 0.0000000000
43841  -11.414  -47.257  69.719 0.0000000000
42872  -12.798  -48.248  69.492 0.0000000000
42857  -14.042  -48.750  70.454 0.0000000000
43845  -15.692  -47.474  69.762 0.0000000000
43844  -14.578  -47.627  69.284 0.0000000000
43819  -15.805  -47.668  70.417 0.0000000000
42827  -16.261  -48.279  72.577 0.0000000000
42826  -15.589  -48.687  72.649 0.0000000000
41928  -15.145  -48.846  72.240 0.0000000000
55960  -32.855  -34.566  66.680 0.0000000000
55971  -32.994  -34.162  66.514 0.0000000000
58026  -31.353  -32.910  63.815 0.0000000000
58012  -31.735  -32.615  64.183 0.0000000000
58975  -31.812  -31.945  64.504 0.0000000000
58984  -30.960  -32.050  63.926 0.0000000000
58024  -30.645  -32.901  64.105 0.0000000000
60006  -29.679  -30.546  65.547 0.0000000000
48260  -18.210  -42.382  66.763 0.0000000000
47360  -18.547  -42.979  66.582 0.0000000000
49227  -18.466  -41.811  66.575 0.0000000000
50079  -19.324  -40.321  66.105 0.0000000000
48267  -18.941  -41.463  66.046 0.0000000000
49236  -19.828  -41.141  65.909 0.0000000000
50080  -19.893  -40.249  65.794 0.0000000000
53003  -20.922  -37.420  64.829 0.0000000000
51944  -20.409  -38.279  65.124 0.0000000000
51008  -21.446  -38.633  64.962 0.0000000000
50991  -21.723  -39.047  65.686 0.0000000000
51009  -21.766  -38.552  65.039 0.0000000000
51966  -23.135  -37.709  64.499 0.0000000000
51947  -23.576  -38.245  64.964 0.0000000000
51948  -24.556  -38.358  64.763 0.0000000000
52986  -25.716  -37.253  65.573 0.0000000000
52969  -25.444  -37.294  66.559 0.0000000000
54024  -24.974  -36.958  65.546 0.0000000000
54023  -24.333  -36.734  66.122 0.0000000000
54042  -24.355  -36.576  64.926 0.0000000000
54061  -23.652  -36.686  64.273 0.0000000000
54062  -24.662  -36.754  64.170 0.0000000000
51984  -25.842  -37.956  63.550 0.0000000000
51949  -25.389  -38.564  64.617 0.0000000000
51010  -26.762  -38.835  64.544 0.0000000000
51971  -28.030  -38.380  64.189 0.0000000000
51950  -28.139  -38.600  64.796 0.0000000000
51951  -28.643  -38.475  64.934 0.0000000000
50999  -29.436  -38.505  66.103 0.0000000000
54084  -28.866  -36.531  63.505 0.0000000000
53033  -30.218  -36.479  63.837 0.0000000000
53032  -29.849  -36.731  63.668 0.0000000000
54047  -30.547  -36.654  64.662 0.0000000000
52991  -30.365  -37.222  65.213 0.0000000000
52992  -30.973  -36.831  65.706 0.0000000000
54007  -31.579  -36.794  66.769 0.0000000000
54027  -31.481  -36.496  66.140 0.0000000000
55012  -32.462  -35.272  66.593 0.0000000000
55013  -32.948  -34.939  67.224 0.0000000000
50044  -18.021  -40.801  68.234 0.0000000000
50030  -17.744  -40.506  69.193 0.0000000000
48254  -17.540  -42.590  67.571 0.0000000000
67302  -41.705  -23.491  59.042 0.0000000000
68372  -42.180  -21.878  57.717 0.0000000000
68358  -43.147  -21.942  58.737 0.0000000000
70543  -41.412  -20.455  55.757 0.0000000000
70544  -42.121  -19.834  55.862 0.0000000000
77221  -40.021  -13.768  56.594 0.0000000000
76245  -38.920  -14.773  56.084 0.0000000000
77229  -39.322  -13.834  55.676 0.0000000000
76267  -40.215  -14.431  54.651 0.0000000000
76268  -41.026  -14.665  54.517 0.0000000000
77249  -42.931  -13.503  53.161 0.0000000000
76270  -42.908  -14.892  54.878 0.0000000000
76259  -43.230  -15.164  55.567 0.0000000000
76250  -45.948  -14.207  56.421 0.0000000000
78306  -47.371  -12.449  52.699 0.0000000000
83430  -46.690  -7.569  51.684 0.0000000000
84446  -47.199  -6.301  50.136 0.0000000000
84455  -47.332  -6.146  49.265 0.0000000000
86540  -46.264  -4.681  50.123 0.0000000000
86547  -46.752  -4.895  49.329 0.0000000000
87598  -46.987  -4.318  49.811 0.0000000000
87607  -47.798  -4.059  49.298 0.0000000000
36874  -4.883  -55.430  75.167 0.0000000000
35728  -4.556  -55.958  74.886 0.0000000000
34592  -4.342  -56.308  75.084 0.0000000000
34606  -4.629  -56.531  74.639 0.0000000000
34594  -6.971  -55.940  75.215 0.0000000000
34593  -6.580  -56.331  74.973 0.0000000000
34578  -6.716  -56.364  75.931 0.0000000000
33530  -5.546  -57.798  76.396 0.0000000000
32439  -4.917  -58.092  75.697 0.0000000000
32438  -4.109  -58.644  75.693 0.0000000000
32394  -4.133  -58.855  78.249 0.0000000000
58957  -32.889  -31.522  66.805 0.0000000000
59998  -32.821  -30.907  67.142 0.0000000000
59987  -33.047  -30.579  67.576 0.0000000000
59986  -32.704  -30.365  67.163 0.0000000000
62063  -33.467  -28.760  67.388 0.0000000000
62078  -33.254  -28.355  66.616 0.0000000000
63120  -33.411  -27.485  65.110 0.0000000000
65140  -28.932  -25.854  61.459 0.0000000000
64191  -28.679  -26.499  61.999 0.0000000000
63204  -29.760  -26.878  61.815 0.0000000000
66241  -30.327  -25.241  59.591 0.0000000000
66225  -29.824  -25.307  60.126 0.0000000000
64239  -29.967  -26.039  59.684 0.0000000000
63226  -31.859  -26.748  60.996 0.0000000000
63206  -31.467  -26.793  61.661 0.0000000000
63157  -32.577  -27.178  63.371 0.0000000000
63184  -32.952  -27.041  62.542 0.0000000000
63186  -34.839  -27.281  62.410 0.0000000000
63159  -34.424  -27.333  63.370 0.0000000000
63138  -35.895  -27.424  64.315 0.0000000000
63278  -35.289  -26.608  58.814 0.0000000000
64224  -35.938  -26.615  59.886 0.0000000000
64242  -35.838  -26.481  59.162 0.0000000000
65168  -37.560  -25.732  60.235 0.0000000000
66244  -39.449  -24.797  59.517 0.0000000000
66229  -39.930  -24.698  60.180 0.0000000000
66230  -40.743  -24.423  60.243 0.0000000000
66246  -41.115  -24.036  59.399 0.0000000000
67330  -39.023  -23.638  57.070 0.0000000000
67348  -39.486  -23.004  56.745 0.0000000000
68384  -37.115  -22.413  56.228 0.0000000000
69474  -36.970  -21.122  55.971 0.0000000000
68396  -37.430  -21.702  55.954 0.0000000000
69476  -38.738  -20.886  55.569 0.0000000000
71533  -37.934  -19.615  56.352 0.0000000000
47352  -19.308  -43.158  66.742 0.0000000000
47343  -19.407  -43.616  67.428 0.0000000000
47344  -19.768  -42.991  67.856 0.0000000000
49199  -20.673  -41.661  69.578 0.0000000000
48235  -20.252  -42.303  69.199 0.0000000000
48221  -20.395  -42.255  71.126 0.0000000000
49179  -20.804  -41.632  70.469 0.0000000000
50034  -23.213  -40.142  68.932 0.0000000000
50033  -22.283  -40.349  68.944 0.0000000000
50016  -22.925  -40.462  69.675 0.0000000000
50038  -27.425  -40.450  68.742 0.0000000000
38013  -6.244  -53.480  73.927 0.0000000000
40168  -8.185  -51.095  72.616 0.0000000000
40167  -7.647  -51.636  72.875 0.0000000000
39152  -7.144  -52.823  72.473 0.0000000000
36909  -7.543  -53.797  72.816 0.0000000000
36908  -6.910  -54.056  72.866 0.0000000000
36895  -8.143  -53.922  73.379 0.0000000000
40189  -11.636  -50.781  72.201 0.0000000000
29032  -0.500  -61.800  77.077 0.0000000000
30250  0.831  -60.790  76.306 0.0000000000
45665  -18.553  -45.795  69.926 0.0000000000
44788  -18.916  -45.768  70.843 0.0000000000
45677  -18.533  -45.541  69.405 0.0000000000
48242  -16.989  -42.933  68.356 0.0000000000
47350  -16.855  -43.690  67.767 0.0000000000
46540  -16.399  -44.458  67.815 0.0000000000
45689  -16.382  -45.712  68.073 0.0000000000
44813  -17.730  -45.925  68.942 0.0000000000
55959  -30.383  -34.561  66.820 0.0000000000
72476  -38.151  -18.300  55.699 0.0000000000
72477  -38.392  -18.065  55.281 0.0000000000
79348  -44.602  -11.669  53.724 0.0000000000
79367  -45.004  -11.328  52.504 0.0000000000
82404  -44.948  -8.484  52.423 0.0000000000
62107  -28.011  -28.651  64.505 0.0000000000
62106  -27.497  -28.173  64.855 0.0000000000
62127  -27.581  -28.157  64.037 0.0000000000
63152  -27.538  -27.477  63.646 0.0000000000
67315  -33.117  -24.073  58.396 0.0000000000
67328  -33.470  -24.200  57.733 0.0000000000
67329  -34.097  -23.603  57.603 0.0000000000
68381  -34.895  -22.950  57.375 0.0000000000
50949  -24.350  -39.473  67.182 0.0000000000
50037  -26.422  -40.366  68.696 0.0000000000
86558  -48.274  -4.807  48.475 0.0000000000
86564  -48.929  -4.768  47.966 0.0000000000
31284  -2.864  -59.908  77.800 0.0000000000
30240  -2.726  -60.143  76.597 0.0000000000
30239  -2.289  -60.486  77.110 0.0000000000
30238  -1.496  -61.104  77.756 0.0000000000
62064  -34.169  -28.570  67.796 0.0000000000
50977  -29.368  -38.843  66.593 0.0000000000
50954  -29.463  -39.293  67.471 0.0000000000
50955  -30.126  -38.903  67.751 0.0000000000
50936  -30.271  -39.299  68.468 0.0000000000
50921  -31.051  -39.363  69.390 0.0000000000
46512  -15.222  -44.284  70.106 0.0000000000
46511  -14.604  -44.737  70.265 0.0000000000
46501  -14.477  -44.800  70.962 0.0000000000
45656  -14.044  -45.121  71.280 0.0000000000
45663  -13.394  -45.460  70.724 0.0000000000
45674  -12.710  -45.789  70.144 0.0000000000
44794  -12.167  -46.381  69.601 0.0000000000
42860  -16.209  -47.750  71.283 0.0000000000
43798  -16.706  -47.638  71.706 0.0000000000
42828  -16.910  -47.931  72.820 0.0000000000
55983  -31.970  -34.119  64.480 0.0000000000
56978  -31.600  -33.531  63.949 0.0000000000
58025  -30.992  -32.734  63.728 0.0000000000
49216  -18.537  -40.797  66.920 0.0000000000
50045  -18.494  -40.202  67.670 0.0000000000
50967  -18.994  -39.548  67.148 0.0000000000
54019  -20.563  -36.748  66.659 0.0000000000
54020  -20.990  -36.429  66.514 0.0000000000
54058  -20.876  -36.862  65.312 0.0000000000
53004  -21.780  -37.306  64.563 0.0000000000
51965  -22.050  -38.058  64.650 0.0000000000
52970  -26.469  -37.432  66.412 0.0000000000
53008  -25.869  -37.213  64.884 0.0000000000
54080  -25.028  -37.019  63.748 0.0000000000
54063  -25.609  -37.109  64.231 0.0000000000
53028  -26.272  -37.657  63.559 0.0000000000
51985  -26.642  -38.075  63.384 0.0000000000
51970  -27.082  -38.469  63.905 0.0000000000
51987  -28.431  -37.733  63.602 0.0000000000
55069  -29.606  -35.548  63.513 0.0000000000
54085  -29.652  -36.245  63.479 0.0000000000
55053  -30.568  -35.747  63.713 0.0000000000
54068  -31.092  -35.896  64.491 0.0000000000
55025  -31.590  -35.958  65.608 0.0000000000
55040  -31.464  -35.637  64.906 0.0000000000
55041  -31.812  -34.874  64.765 0.0000000000
67333  -41.039  -22.958  57.863 0.0000000000
68356  -41.710  -22.668  58.179 0.0000000000
68371  -41.332  -22.440  57.577 0.0000000000
69451  -41.842  -21.591  57.083 0.0000000000
72487  -41.125  -18.557  55.355 0.0000000000
71547  -42.270  -19.039  55.802 0.0000000000
78268  -40.285  -12.820  56.022 0.0000000000
78279  -39.824  -13.184  55.556 0.0000000000
78280  -40.430  -12.931  55.137 0.0000000000
77238  -40.833  -13.553  54.353 0.0000000000
77247  -41.214  -13.859  54.003 0.0000000000
77261  -43.784  -13.287  52.663 0.0000000000
76287  -43.048  -14.073  52.953 0.0000000000
76288  -43.692  -14.034  52.791 0.0000000000
76262  -45.880  -13.917  55.064 0.0000000000
83437  -45.194  -7.004  50.762 0.0000000000
84444  -45.591  -6.329  50.044 0.0000000000
84453  -45.893  -5.947  49.496 0.0000000000
84454  -46.480  -6.080  49.197 0.0000000000
85517  -45.659  -5.672  49.870 0.0000000000
35742  -5.337  -55.555  73.842 0.0000000000
34607  -5.368  -56.249  74.120 0.0000000000
32409  -4.672  -58.597  77.545 0.0000000000
57991  -32.522  -32.205  65.578 0.0000000000
60008  -31.939  -30.668  65.714 0.0000000000
62110  -30.937  -28.372  64.583 0.0000000000
62095  -32.878  -27.985  65.812 0.0000000000
63119  -32.514  -27.636  64.955 0.0000000000
64253  -30.931  -26.027  58.834 0.0000000000
64240  -30.578  -26.206  59.425 0.0000000000
63249  -31.988  -26.756  60.228 0.0000000000
63227  -32.618  -26.843  60.884 0.0000000000
63208  -33.257  -26.987  61.658 0.0000000000
63161  -36.418  -27.170  63.387 0.0000000000
63211  -35.971  -26.785  61.275 0.0000000000
65182  -36.156  -25.777  58.399 0.0000000000
64259  -36.341  -26.099  58.976 0.0000000000
65183  -37.181  -25.606  59.068 0.0000000000
65169  -38.197  -25.365  59.839 0.0000000000
65157  -38.835  -25.105  60.437 0.0000000000
65170  -38.891  -25.054  59.648 0.0000000000
65185  -39.019  -24.905  59.157 0.0000000000
66263  -39.252  -24.577  58.638 0.0000000000
66297  -38.223  -23.652  56.854 0.0000000000
69464  -36.488  -21.551  56.583 0.0000000000
70538  -36.978  -20.896  56.361 0.0000000000
70539  -37.524  -20.292  56.011 0.0000000000
48256  -20.010  -42.228  67.310 0.0000000000
49206  -20.555  -41.597  68.731 0.0000000000
49207  -21.015  -41.098  69.015 0.0000000000
39166  -8.148  -51.950  71.797 0.0000000000
39165  -7.832  -51.870  71.900 0.0000000000
39154  -8.274  -52.526  72.101 0.0000000000
38042  -8.460  -53.041  72.527 0.0000000000
38027  -8.613  -53.382  73.092 0.0000000000
38014  -8.898  -53.505  74.098 0.0000000000
41935  -12.600  -49.701  70.887 0.0000000000
41089  -11.476  -50.087  70.911 0.0000000000
41090  -12.074  -50.141  71.270 0.0000000000
41070  -12.107  -50.591  72.276 0.0000000000
40181  -12.507  -50.768  73.386 0.0000000000
59977  -33.693  -30.443  68.736 0.0000000000
44759  -18.353  -47.014  73.024 0.0000000000
45657  -19.230  -45.403  71.212 0.0000000000
46492  -19.526  -44.923  71.642 0.0000000000
52942  -31.709  -37.628  68.101 0.0000000000
48228  -15.991  -43.373  70.470 0.0000000000
47334  -16.137  -43.606  69.226 0.0000000000
47325  -15.839  -43.699  69.828 0.0000000000
46523  -15.313  -44.338  69.287 0.0000000000
45687  -14.480  -45.236  68.671 0.0000000000
43866  -14.129  -46.933  68.639 0.0000000000
43869  -16.648  -46.696  69.261 0.0000000000
43846  -16.715  -46.893  69.864 0.0000000000
43800  -18.042  -46.969  72.040 0.0000000000
56992  -29.983  -34.414  63.620 0.0000000000
56993  -30.335  -34.019  63.722 0.0000000000
52972  -28.107  -37.124  65.805 0.0000000000
54044  -27.866  -36.974  64.866 0.0000000000
55038  -28.995  -36.079  64.656 0.0000000000
55051  -29.136  -35.843  64.205 0.0000000000
55039  -29.429  -35.436  64.806 0.0000000000
55052  -29.446  -35.321  64.032 0.0000000000
69477  -39.744  -20.948  55.602 0.0000000000
70542  -40.255  -20.310  55.373 0.0000000000
71545  -40.666  -19.591  55.275 0.0000000000
71552  -39.380  -18.764  54.893 0.0000000000
71553  -40.161  -18.877  55.044 0.0000000000
71554  -40.798  -18.937  55.255 0.0000000000
73424  -41.034  -17.924  55.351 0.0000000000
73414  -41.304  -17.238  55.521 0.0000000000
78283  -43.141  -12.620  54.251 0.0000000000
77250  -43.359  -13.042  52.873 0.0000000000
78293  -44.103  -12.193  53.228 0.0000000000
78302  -43.721  -12.693  52.855 0.0000000000
76290  -45.216  -13.450  52.658 0.0000000000
77251  -45.905  -13.397  52.835 0.0000000000
77252  -46.624  -13.287  53.074 0.0000000000
77264  -46.467  -12.968  52.630 0.0000000000
79369  -46.645  -11.387  52.356 0.0000000000
80404  -47.096  -10.398  52.383 0.0000000000
82415  -46.078  -8.501  51.701 0.0000000000
83428  -44.994  -7.550  51.362 0.0000000000
83436  -44.665  -7.056  51.130 0.0000000000
35744  -6.606  -55.285  73.624 0.0000000000
35731  -6.960  -55.592  74.337 0.0000000000
61079  -30.107  -29.908  64.469 0.0000000000
61092  -28.943  -28.924  64.073 0.0000000000
62130  -30.027  -28.093  63.822 0.0000000000
66227  -30.882  -24.426  60.421 0.0000000000
66258  -30.867  -25.209  59.099 0.0000000000
67298  -31.641  -24.425  59.543 0.0000000000
66259  -31.436  -24.969  58.748 0.0000000000
65180  -31.174  -25.612  58.688 0.0000000000
64254  -31.771  -26.335  58.625 0.0000000000
63276  -33.794  -26.934  58.934 0.0000000000
63252  -34.521  -26.924  59.651 0.0000000000
64256  -34.111  -26.582  58.287 0.0000000000
64257  -34.915  -26.457  58.351 0.0000000000
64272  -35.144  -26.113  58.093 0.0000000000
65197  -35.437  -25.604  57.820 0.0000000000
66295  -36.367  -23.921  56.789 0.0000000000
69463  -35.989  -22.067  56.703 0.0000000000
69448  -35.911  -21.960  57.104 0.0000000000
69449  -36.595  -21.454  57.341 0.0000000000
50969  -21.750  -39.595  66.798 0.0000000000
50946  -21.604  -39.920  67.424 0.0000000000
50947  -22.304  -39.695  67.710 0.0000000000
50931  -22.633  -39.949  68.452 0.0000000000
50933  -24.045  -39.633  67.899 0.0000000000
50035  -24.234  -40.065  68.674 0.0000000000
41069  -8.602  -50.550  72.322 0.0000000000
40177  -8.296  -51.063  71.916 0.0000000000
40178  -9.800  -51.888  72.504 0.0000000000
41902  -14.653  -49.773  74.124 0.0000000000
33529  -3.183  -57.453  76.198 0.0000000000
33542  -3.053  -58.085  75.759 0.0000000000
32436  -2.761  -58.558  75.829 0.0000000000
31311  -2.486  -59.560  75.927 0.0000000000
33527  -1.916  -58.339  76.848 0.0000000000
32422  -1.205  -58.957  76.837 0.0000000000
78244  -40.672  -13.521  56.933 0.0000000000
78257  -41.050  -12.786  56.693 0.0000000000
78258  -41.956  -12.558  56.529 0.0000000000
78259  -42.921  -12.502  56.236 0.0000000000
62082  -36.712  -27.892  66.880 0.0000000000
50974  -26.711  -39.478  66.169 0.0000000000
50952  -27.309  -39.763  67.173 0.0000000000
50053  -28.333  -40.155  68.138 0.0000000000
44775  -11.850  -46.755  71.873 0.0000000000
43797  -11.235  -47.144  71.301 0.0000000000
43796  -10.730  -47.671  71.531 0.0000000000
42856  -10.360  -48.253  70.744 0.0000000000
42870  -10.914  -48.166  69.924 0.0000000000
41941  -11.298  -48.743  69.917 0.0000000000
41942  -12.144  -48.913  69.945 0.0000000000
41918  -14.408  -49.587  72.773 0.0000000000
42859  -15.625  -47.977  70.888 0.0000000000
42858  -14.632  -48.594  70.802 0.0000000000
42842  -14.735  -48.778  71.409 0.0000000000
41927  -14.587  -49.109  71.850 0.0000000000
55952  -33.712  -34.508  68.060 0.0000000000
56945  -33.902  -33.606  67.872 0.0000000000
56952  -32.703  -33.053  65.556 0.0000000000
58009  -30.180  -31.755  65.261 0.0000000000
58983  -30.751  -32.047  64.121 0.0000000000
60024  -30.752  -31.811  64.180 0.0000000000
60016  -30.445  -31.076  64.563 0.0000000000
61055  -29.239  -29.592  66.239 0.0000000000
46551  -17.833  -43.916  67.010 0.0000000000
46533  -18.978  -44.519  67.853 0.0000000000
46552  -18.410  -43.700  66.830 0.0000000000
46553  -18.856  -43.375  66.645 0.0000000000
48262  -19.371  -42.322  66.399 0.0000000000
49228  -18.740  -41.191  66.324 0.0000000000
48263  -19.956  -42.009  66.719 0.0000000000
49237  -20.086  -41.368  66.237 0.0000000000
51902  -19.067  -38.059  68.203 0.0000000000
51911  -19.325  -38.173  67.488 0.0000000000
50989  -19.781  -39.148  65.816 0.0000000000
52984  -20.000  -37.633  66.037 0.0000000000
51943  -19.975  -38.124  65.676 0.0000000000
50992  -23.038  -38.691  65.778 0.0000000000
53006  -23.820  -37.189  63.879 0.0000000000
53007  -24.564  -37.442  63.818 0.0000000000
50997  -28.074  -38.912  65.364 0.0000000000
51011  -27.473  -38.739  64.649 0.0000000000
51928  -29.863  -38.402  66.545 0.0000000000
51929  -30.500  -37.821  66.491 0.0000000000
51988  -28.887  -37.578  63.684 0.0000000000
53011  -29.134  -37.521  63.799 0.0000000000
52990  -29.748  -37.588  64.865 0.0000000000
51953  -30.241  -37.641  65.789 0.0000000000
51930  -31.106  -37.526  66.908 0.0000000000
52956  -32.163  -36.787  67.735 0.0000000000
54028  -31.916  -35.867  66.252 0.0000000000
55002  -33.356  -35.120  67.951 0.0000000000
49198  -17.326  -41.225  69.703 0.0000000000
49204  -17.210  -42.322  68.602 0.0000000000
48243  -17.313  -42.390  68.244 0.0000000000
47351  -17.412  -43.509  67.331 0.0000000000
69479  -41.159  -21.062  55.986 0.0000000000
69466  -41.634  -21.143  56.372 0.0000000000
70518  -42.846  -20.817  57.066 0.0000000000
75316  -38.703  -15.367  55.994 0.0000000000
75328  -38.950  -15.232  55.608 0.0000000000
75339  -38.988  -15.766  55.439 0.0000000000
76266  -39.443  -14.388  55.171 0.0000000000
75340  -39.475  -15.325  55.186 0.0000000000
74407  -40.415  -16.335  55.206 0.0000000000
75330  -41.095  -15.685  55.250 0.0000000000
75331  -41.590  -15.774  55.382 0.0000000000
78290  -41.833  -13.104  54.138 0.0000000000
76279  -41.466  -14.215  53.953 0.0000000000
76280  -42.392  -14.281  53.610 0.0000000000
75343  -42.080  -15.262  55.118 0.0000000000
75332  -42.247  -15.820  55.565 0.0000000000
75334  -43.552  -15.505  56.352 0.0000000000
84463  -48.360  -5.736  48.647 0.0000000000
84461  -46.898  -5.807  48.902 0.0000000000
85526  -47.199  -5.493  48.845 0.0000000000
85527  -47.868  -5.406  48.640 0.0000000000
87616  -48.078  -4.423  48.777 0.0000000000
88653  -47.926  -3.231  50.440 0.0000000000
35715  -4.501  -55.888  75.526 0.0000000000
34577  -4.166  -56.355  75.585 0.0000000000
34608  -6.210  -56.247  74.183 0.0000000000
34621  -5.776  -56.069  73.791 0.0000000000
33559  -5.636  -56.750  74.557 0.0000000000
33558  -5.105  -56.870  74.549 0.0000000000
33557  -4.648  -57.185  74.750 0.0000000000
33556  -4.189  -57.303  74.928 0.0000000000
31323  -3.687  -59.087  75.797 0.0000000000
31298  -3.911  -59.270  77.091 0.0000000000
31286  -3.983  -59.112  77.648 0.0000000000
31285  -3.604  -59.356  77.795 0.0000000000
57968  -33.672  -31.842  67.861 0.0000000000
59976  -33.425  -30.505  68.118 0.0000000000
61068  -31.441  -29.970  65.415 0.0000000000
61069  -31.954  -29.582  66.060 0.0000000000
61045  -33.106  -29.676  67.658 0.0000000000
61046  -33.584  -29.232  67.990 0.0000000000
62080  -34.876  -27.902  66.975 0.0000000000
63106  -35.563  -27.651  66.130 0.0000000000
65122  -27.925  -26.355  62.941 0.0000000000
64190  -28.032  -26.711  62.563 0.0000000000
63179  -28.521  -27.273  62.506 0.0000000000
63180  -29.407  -27.364  62.559 0.0000000000
65154  -29.498  -25.702  60.536 0.0000000000
64220  -29.424  -26.064  60.722 0.0000000000
64222  -30.626  -26.533  60.269 0.0000000000
64205  -30.112  -26.630  61.019 0.0000000000
63205  -30.588  -26.823  61.763 0.0000000000
63182  -31.155  -26.964  62.543 0.0000000000
63156  -31.706  -27.215  63.322 0.0000000000
63136  -33.946  -27.364  64.271 0.0000000000
63123  -36.246  -27.572  65.298 0.0000000000
63231  -36.098  -26.633  60.569 0.0000000000
64208  -36.635  -26.433  61.048 0.0000000000
64244  -36.929  -26.031  59.860 0.0000000000
64226  -37.125  -26.087  60.691 0.0000000000
66265  -41.104  -23.608  58.685 0.0000000000
67317  -40.790  -23.365  58.108 0.0000000000
67332  -40.527  -22.952  57.426 0.0000000000
67349  -40.031  -22.927  57.008 0.0000000000
68398  -39.409  -21.681  55.915 0.0000000000
71542  -38.037  -19.219  55.844 0.0000000000
73397  -38.022  -18.071  56.070 0.0000000000
47335  -19.512  -43.750  68.312 0.0000000000
47327  -19.614  -43.713  69.268 0.0000000000
47328  -19.952  -42.996  69.686 0.0000000000
47318  -20.021  -43.040  70.615 0.0000000000
50032  -21.612  -40.747  69.307 0.0000000000
50014  -21.695  -40.866  70.078 0.0000000000
49996  -22.586  -40.704  70.402 0.0000000000
49995  -21.950  -40.786  70.406 0.0000000000
49180  -21.512  -41.125  70.654 0.0000000000
49159  -21.603  -41.291  71.582 0.0000000000
50051  -26.867  -40.094  67.914 0.0000000000
39153  -7.489  -52.383  72.280 0.0000000000
39142  -6.871  -52.832  72.702 0.0000000000
41087  -10.144  -49.572  70.671 0.0000000000
41079  -10.663  -50.561  71.265 0.0000000000
41064  -13.690  -50.350  73.768 0.0000000000
41063  -12.993  -50.682  73.840 0.0000000000
40170  -11.533  -51.485  74.072 0.0000000000
40169  -10.782  -51.735  73.683 0.0000000000
39145  -10.294  -52.055  73.651 0.0000000000
88681  -49.736  -3.234  48.253 0.0000000000
29033  -1.096  -61.401  77.221 0.0000000000
29019  -0.384  -62.233  77.938 0.0000000000
31294  0.067  -59.384  77.149 0.0000000000
29048  0.922  -61.753  76.139 0.0000000000
30267  1.236  -61.164  76.033 0.0000000000
31307  1.272  -59.809  76.480 0.0000000000
30266  1.594  -60.526  75.993 0.0000000000
31295  -0.396  -59.352  77.033 0.0000000000
31296  -2.843  -60.145  77.027 0.0000000000
31313  -3.800  -59.241  76.241 0.0000000000
31322  -3.556  -58.943  75.647 0.0000000000
32406  -0.354  -58.842  77.406 0.0000000000
32408  -4.221  -58.959  77.449 0.0000000000
34605  -4.331  -56.972  74.762 0.0000000000
35730  -6.443  -55.737  73.834 0.0000000000
38028  -9.135  -52.988  73.301 0.0000000000
39135  -9.988  -52.414  74.087 0.0000000000
39146  -10.820  -51.847  74.136 0.0000000000
40185  -8.134  -51.563  71.819 0.0000000000
41081  -12.628  -50.198  71.808 0.0000000000
41910  -14.671  -49.641  73.650 0.0000000000
41917  -13.934  -49.831  72.500 0.0000000000
41919  -15.101  -49.072  72.705 0.0000000000
41937  -14.440  -48.894  71.239 0.0000000000
41944  -13.748  -48.809  70.330 0.0000000000
42875  -15.525  -47.794  70.275 0.0000000000
43777  -16.674  -47.889  72.277 0.0000000000
43821  -17.220  -46.968  70.704 0.0000000000
44795  -16.918  -46.615  69.400 0.0000000000
44797  -18.169  -45.952  69.589 0.0000000000
45685  -12.811  -45.814  69.402 0.0000000000
46502  -15.083  -44.325  71.083 0.0000000000
46529  -14.945  -44.699  68.938 0.0000000000
46531  -15.925  -44.379  68.239 0.0000000000
46532  -18.475  -44.878  67.758 0.0000000000
46542  -18.261  -44.526  67.263 0.0000000000
47326  -16.250  -43.349  69.631 0.0000000000
47353  -19.673  -42.966  67.172 0.0000000000
47361  -18.987  -42.847  66.426 0.0000000000
48268  -19.325  -41.673  66.064 0.0000000000
48269  -19.679  -41.717  66.202 0.0000000000
49994  -21.722  -40.907  70.385 0.0000000000
50046  -20.813  -40.781  67.761 0.0000000000
50937  -30.958  -38.917  68.726 0.0000000000
50968  -19.365  -38.939  66.779 0.0000000000
51012  -27.899  -38.648  64.740 0.0000000000
51910  -18.984  -38.532  67.933 0.0000000000
51973  -29.478  -37.732  64.657 0.0000000000
52966  -19.984  -37.437  66.572 0.0000000000
52967  -20.272  -37.158  66.238 0.0000000000
52973  -30.527  -37.473  65.965 0.0000000000
52989  -27.984  -37.021  65.191 0.0000000000
53013  -30.217  -36.804  64.226 0.0000000000
53026  -24.576  -37.134  63.688 0.0000000000
54038  -20.681  -36.785  65.968 0.0000000000
54067  -30.616  -36.177  64.160 0.0000000000
54081  -25.890  -37.385  63.858 0.0000000000
55023  -21.862  -36.055  66.589 0.0000000000
55036  -21.724  -36.102  66.122 0.0000000000
55962  -33.813  -34.143  67.940 0.0000000000
56010  -30.892  -34.270  63.387 0.0000000000
56975  -29.929  -34.153  63.990 0.0000000000
56977  -31.252  -33.677  63.588 0.0000000000
56995  -31.207  -33.299  63.643 0.0000000000
58974  -31.275  -31.846  64.164 0.0000000000
63253  -35.283  -26.774  59.441 0.0000000000
64207  -31.378  -26.709  61.034 0.0000000000
64241  -31.359  -26.564  59.693 0.0000000000
64243  -36.397  -26.293  59.574 0.0000000000
64271  -34.588  -26.111  57.892 0.0000000000
65141  -29.263  -25.589  61.038 0.0000000000
65142  -37.702  -25.841  61.565 0.0000000000
65153  -29.252  -25.915  60.976 0.0000000000
65166  -29.786  -25.770  59.921 0.0000000000
65167  -30.143  -25.753  59.527 0.0000000000
65181  -35.735  -25.856  58.212 0.0000000000
66211  -29.175  -25.443  61.283 0.0000000000
66240  -29.973  -25.513  59.754 0.0000000000
66243  -31.678  -24.571  59.135 0.0000000000
66274  -31.852  -24.973  58.378 0.0000000000
66275  -32.237  -24.919  58.122 0.0000000000
66283  -40.210  -23.560  57.803 0.0000000000
67314  -32.514  -24.378  58.631 0.0000000000
69467  -42.163  -21.166  56.769 0.0000000000
70530  -41.835  -20.739  56.198 0.0000000000
71551  -38.690  -18.742  55.005 0.0000000000
73411  -38.095  -17.950  55.901 0.0000000000
74384  -42.628  -16.898  56.264 0.0000000000
74397  -40.990  -16.384  55.379 0.0000000000
74399  -42.443  -16.439  55.931 0.0000000000
75317  -38.918  -15.666  56.241 0.0000000000
75318  -43.433  -15.919  56.562 0.0000000000
75329  -39.209  -14.843  55.396 0.0000000000
76247  -39.832  -14.180  56.570 0.0000000000
76257  -38.916  -14.724  55.852 0.0000000000
77219  -39.078  -14.319  56.072 0.0000000000
77220  -39.583  -13.794  56.319 0.0000000000
77228  -39.076  -14.329  55.818 0.0000000000
78256  -40.285  -13.352  56.588 0.0000000000
78267  -39.738  -13.271  56.123 0.0000000000
85518  -46.235  -5.581  49.411 0.0000000000
85525  -46.741  -5.539  49.073 0.0000000000
86556  -47.025  -5.208  49.001 0.0000000000
86557  -47.493  -4.844  48.872 0.0000000000
87606  -47.211  -4.458  49.406 0.0000000000
87608  -48.437  -3.651  49.045 0.0000000000
87618  -49.315  -3.525  48.274 0.0000000000
