#!ascii label  , from subject 3279 vox2ras=TkReg
1241
50929  38.548  -41.640  59.131 0.0000000000
69452  47.555  -23.681  46.247 0.0000000000
61989  37.993  -31.229  53.454 0.0000000000
43442  16.815  -51.237  69.235 0.0000000000
51951  29.740  -41.671  60.716 0.0000000000
64996  39.469  -29.136  52.012 0.0000000000
45231  22.993  -47.522  65.017 0.0000000000
42629  20.997  -50.776  68.641 0.0000000000
47025  27.523  -46.168  64.466 0.0000000000
69479  53.053  -23.403  44.284 0.0000000000
56145  39.542  -37.400  61.180 0.0000000000
59063  37.311  -34.802  58.855 0.0000000000
54031  41.629  -39.319  60.704 0.0000000000
73545  50.368  -19.146  44.388 0.0000000000
73583  54.167  -19.053  40.586 0.0000000000
68514  44.101  -24.734  48.629 0.0000000000
65960  48.825  -27.846  49.129 0.0000000000
64035  43.335  -29.659  49.073 0.0000000000
60936  44.483  -32.264  52.853 0.0000000000
48010  37.539  -45.370  63.224 0.0000000000
39544  15.196  -54.984  71.784 0.0000000000
38387  11.592  -55.892  72.834 0.0000000000
37340  10.008  -56.797  77.373 0.0000000000
49962  34.222  -42.532  59.017 0.0000000000
48015  32.370  -45.524  63.224 0.0000000000
62979  35.271  -30.681  58.850 0.0000000000
61882  40.459  -31.551  58.680 0.0000000000
77222  58.632  -15.069  38.752 0.0000000000
69468  50.101  -23.768  44.997 0.0000000000
67692  51.234  -25.253  46.793 0.0000000000
54035  38.627  -40.195  58.972 0.0000000000
55141  39.618  -38.490  58.489 0.0000000000
51939  40.488  -40.890  60.255 0.0000000000
71521  47.436  -21.382  46.433 0.0000000000
72501  50.771  -20.920  45.908 0.0000000000
71541  48.478  -21.083  44.795 0.0000000000
71556  50.581  -21.228  43.876 0.0000000000
34120  8.574  -60.356  76.361 0.0000000000
65987  43.032  -27.048  48.550 0.0000000000
65964  42.015  -27.907  49.397 0.0000000000
62020  38.058  -30.473  52.069 0.0000000000
62017  41.177  -31.527  51.158 0.0000000000
60939  41.181  -32.227  52.717 0.0000000000
60891  41.689  -32.170  55.217 0.0000000000
42632  18.293  -51.059  68.276 0.0000000000
41701  20.030  -51.786  70.374 0.0000000000
41712  17.609  -52.434  69.623 0.0000000000
40660  17.407  -53.715  72.706 0.0000000000
40688  15.967  -53.384  69.573 0.0000000000
39531  13.154  -54.534  73.132 0.0000000000
37357  10.762  -56.736  75.510 0.0000000000
50936  32.487  -41.887  58.910 0.0000000000
48997  33.573  -43.759  60.649 0.0000000000
49000  30.609  -43.814  61.591 0.0000000000
46092  26.578  -47.983  66.396 0.0000000000
46089  29.217  -47.306  66.436 0.0000000000
59035  40.350  -34.751  60.499 0.0000000000
60819  38.725  -33.199  59.292 0.0000000000
64978  42.051  -29.061  52.475 0.0000000000
65905  39.915  -28.265  54.856 0.0000000000
64926  37.447  -28.293  55.073 0.0000000000
44335  24.364  -49.393  66.286 0.0000000000
42626  23.910  -50.958  68.786 0.0000000000
44320  22.563  -49.506  66.896 0.0000000000
44323  19.720  -49.190  67.104 0.0000000000
44283  18.282  -49.050  69.493 0.0000000000
49003  27.852  -43.990  61.720 0.0000000000
48985  25.468  -44.457  62.758 0.0000000000
47027  25.054  -46.701  64.335 0.0000000000
57172  38.762  -35.469  62.332 0.0000000000
59037  36.980  -34.483  60.967 0.0000000000
57205  38.367  -36.554  59.302 0.0000000000
56166  40.278  -37.228  58.366 0.0000000000
75471  54.329  -17.093  41.108 0.0000000000
74548  51.417  -18.518  42.038 0.0000000000
72552  53.358  -20.237  42.525 0.0000000000
69439  45.186  -23.508  47.439 0.0000000000
67680  47.882  -25.921  47.107 0.0000000000
66837  45.787  -26.294  47.591 0.0000000000
64049  45.792  -28.884  48.906 0.0000000000
63082  46.211  -30.226  50.446 0.0000000000
63103  40.830  -30.046  49.880 0.0000000000
62029  43.717  -31.162  50.514 0.0000000000
48992  38.455  -43.716  61.362 0.0000000000
48969  40.592  -43.618  62.329 0.0000000000
70419  47.097  -23.200  48.936 0.0000000000
42589  16.217  -51.745  71.168 0.0000000000
40673  14.249  -53.766  70.843 0.0000000000
38409  13.400  -55.856  71.428 0.0000000000
36300  12.834  -57.441  74.722 0.0000000000
35190  11.027  -59.061  74.306 0.0000000000
35192  9.194  -59.665  74.177 0.0000000000
35155  7.974  -58.849  76.150 0.0000000000
36271  6.776  -58.121  77.675 0.0000000000
50932  35.898  -41.889  57.821 0.0000000000
48995  35.544  -44.018  60.617 0.0000000000
48013  34.411  -45.551  63.234 0.0000000000
47045  30.019  -45.944  63.925 0.0000000000
61953  35.711  -30.822  55.768 0.0000000000
59915  35.262  -33.586  59.163 0.0000000000
61908  36.334  -31.721  57.090 0.0000000000
61929  39.192  -31.272  56.624 0.0000000000
51897  42.538  -41.597  63.092 0.0000000000
143374  60.021  -15.781  35.441 0.0000000000
75490  56.200  -17.578  38.878 0.0000000000
75494  58.172  -17.627  37.447 0.0000000000
69469  49.057  -23.367  45.318 0.0000000000
68561  49.759  -24.278  45.498 0.0000000000
68542  49.498  -24.847  46.088 0.0000000000
52993  38.465  -40.702  58.835 0.0000000000
52992  39.083  -40.413  58.915 0.0000000000
51941  39.439  -41.672  59.685 0.0000000000
71532  46.964  -21.947  46.008 0.0000000000
72505  47.675  -21.035  45.925 0.0000000000
70481  47.985  -22.065  45.264 0.0000000000
70479  49.142  -21.971  44.581 0.0000000000
33100  8.070  -61.166  75.224 0.0000000000
65952  43.576  -27.421  50.172 0.0000000000
65004  43.646  -28.163  50.932 0.0000000000
62006  37.985  -31.006  52.558 0.0000000000
60953  39.132  -31.613  52.233 0.0000000000
60926  39.781  -31.971  53.558 0.0000000000
60909  41.053  -32.198  54.531 0.0000000000
61969  39.432  -31.572  54.540 0.0000000000
42633  17.425  -51.343  68.752 0.0000000000
41719  18.124  -51.529  68.716 0.0000000000
42634  17.009  -52.036  68.808 0.0000000000
40686  16.963  -52.820  69.521 0.0000000000
42619  16.385  -51.852  69.172 0.0000000000
51973  31.398  -41.723  59.870 0.0000000000
49965  31.258  -42.510  60.195 0.0000000000
49966  30.266  -42.526  60.678 0.0000000000
44317  26.530  -49.327  67.849 0.0000000000
60772  36.660  -32.576  62.853 0.0000000000
59904  40.712  -33.786  60.794 0.0000000000
65907  38.612  -28.045  55.089 0.0000000000
65889  38.490  -27.818  55.886 0.0000000000
45223  23.584  -48.473  65.339 0.0000000000
44336  23.259  -49.382  66.426 0.0000000000
44346  22.505  -48.647  65.763 0.0000000000
45184  20.266  -48.089  67.097 0.0000000000
45166  19.359  -48.404  68.156 0.0000000000
44324  18.784  -49.178  67.685 0.0000000000
50890  26.436  -42.805  62.218 0.0000000000
47003  23.202  -46.153  65.192 0.0000000000
47051  24.013  -45.963  63.953 0.0000000000
46137  23.531  -47.150  64.643 0.0000000000
46118  24.749  -47.812  65.135 0.0000000000
57195  38.493  -36.176  60.353 0.0000000000
56157  39.114  -37.347  59.982 0.0000000000
54046  40.779  -39.072  59.409 0.0000000000
56183  39.903  -37.704  58.209 0.0000000000
56156  41.437  -37.798  59.744 0.0000000000
57192  41.299  -36.691  60.224 0.0000000000
55108  42.561  -38.619  61.541 0.0000000000
73531  50.750  -19.593  44.929 0.0000000000
75444  52.032  -17.800  42.512 0.0000000000
74532  51.234  -18.113  43.136 0.0000000000
70493  51.427  -21.962  43.987 0.0000000000
72539  52.073  -20.590  43.194 0.0000000000
70491  53.143  -22.159  43.702 0.0000000000
69441  44.197  -24.287  48.182 0.0000000000
67683  45.445  -25.341  47.476 0.0000000000
67684  44.478  -25.221  47.764 0.0000000000
65027  43.405  -28.210  48.519 0.0000000000
65026  44.367  -28.286  48.519 0.0000000000
64050  44.840  -28.958  48.814 0.0000000000
64032  46.397  -29.382  49.599 0.0000000000
63099  44.775  -30.199  49.662 0.0000000000
64979  40.963  -29.116  52.492 0.0000000000
65007  40.648  -29.076  50.609 0.0000000000
64039  40.101  -29.691  50.373 0.0000000000
60949  42.714  -31.853  51.852 0.0000000000
62016  42.213  -31.581  51.050 0.0000000000
62004  43.533  -31.772  51.743 0.0000000000
62013  45.012  -31.349  51.260 0.0000000000
48029  37.781  -44.793  62.554 0.0000000000
48962  39.623  -44.647  62.900 0.0000000000
68501  45.594  -24.682  49.495 0.0000000000
69418  45.192  -23.876  49.035 0.0000000000
70434  45.290  -22.615  48.049 0.0000000000
43452  22.536  -50.422  68.078 0.0000000000
42613  22.443  -51.237  69.400 0.0000000000
40661  16.612  -54.051  72.240 0.0000000000
39527  17.085  -54.101  73.732 0.0000000000
39528  16.200  -54.499  73.229 0.0000000000
38384  14.929  -55.411  73.088 0.0000000000
41655  16.004  -52.238  72.817 0.0000000000
41689  15.074  -52.698  70.721 0.0000000000
40648  14.760  -53.379  72.616 0.0000000000
38386  12.081  -55.308  72.448 0.0000000000
39561  12.544  -55.276  71.626 0.0000000000
37388  12.099  -56.163  71.734 0.0000000000
37372  13.116  -56.928  72.836 0.0000000000
36312  12.019  -57.808  72.978 0.0000000000
35189  11.696  -58.521  74.167 0.0000000000
35224  11.162  -58.284  73.267 0.0000000000
37349  9.907  -57.338  75.970 0.0000000000
36291  9.715  -57.946  75.093 0.0000000000
36281  9.320  -58.090  75.696 0.0000000000
36282  8.600  -58.646  75.797 0.0000000000
36268  8.898  -57.986  76.508 0.0000000000
50915  35.315  -41.590  59.027 0.0000000000
51945  35.748  -41.425  58.754 0.0000000000
49961  35.195  -42.576  58.895 0.0000000000
49009  36.250  -43.491  59.909 0.0000000000
49011  34.914  -43.378  59.748 0.0000000000
48034  32.821  -44.964  62.558 0.0000000000
48033  33.832  -44.952  62.506 0.0000000000
48014  33.367  -45.551  63.198 0.0000000000
48039  27.885  -45.098  62.890 0.0000000000
48038  28.893  -45.158  62.796 0.0000000000
48019  28.448  -45.651  63.630 0.0000000000
46088  30.193  -47.329  66.264 0.0000000000
66834  48.340  -26.695  47.547 0.0000000000
66833  49.307  -26.536  47.649 0.0000000000
65968  49.874  -27.130  48.778 0.0000000000
63929  35.904  -29.428  58.552 0.0000000000
64883  36.322  -28.618  57.236 0.0000000000
63945  35.454  -29.917  57.497 0.0000000000
59048  37.038  -34.974  59.175 0.0000000000
59039  35.962  -34.166  59.989 0.0000000000
59064  36.213  -34.104  58.873 0.0000000000
60837  39.153  -32.356  59.031 0.0000000000
60839  37.175  -32.811  58.351 0.0000000000
61906  38.519  -31.586  57.677 0.0000000000
61930  38.009  -31.214  56.490 0.0000000000
61905  39.784  -31.395  57.674 0.0000000000
61928  40.353  -31.287  56.679 0.0000000000
49923  41.467  -42.813  62.427 0.0000000000
76354  59.419  -15.722  36.571 0.0000000000
75481  54.207  -17.506  40.430 0.0000000000
76338  55.502  -16.792  39.952 0.0000000000
75491  55.091  -17.792  39.630 0.0000000000
74572  57.642  -18.208  38.565 0.0000000000
74571  58.662  -17.929  38.331 0.0000000000
47004  22.726  -46.706  65.507 0.0000000000
46120  22.063  -47.423  65.811 0.0000000000
69480  52.042  -23.355  44.261 0.0000000000
68557  53.726  -23.994  45.249 0.0000000000
68559  51.735  -24.456  45.310 0.0000000000
55118  39.215  -38.499  59.577 0.0000000000
55127  39.257  -38.562  58.839 0.0000000000
54048  39.393  -39.458  58.851 0.0000000000
54047  40.250  -39.428  59.158 0.0000000000
52965  41.294  -40.545  60.976 0.0000000000
71502  50.856  -21.886  47.147 0.0000000000
71519  49.301  -21.350  46.488 0.0000000000
72519  49.361  -20.281  45.409 0.0000000000
73546  49.773  -19.587  44.352 0.0000000000
73554  49.997  -19.455  43.687 0.0000000000
71540  49.650  -21.230  44.238 0.0000000000
70478  50.255  -22.122  44.348 0.0000000000
34119  9.176  -60.309  75.811 0.0000000000
67653  44.378  -25.566  49.418 0.0000000000
66826  43.512  -25.921  48.539 0.0000000000
66816  43.220  -26.325  49.157 0.0000000000
65977  42.168  -27.489  49.056 0.0000000000
64053  42.023  -28.742  48.924 0.0000000000
64015  38.337  -29.654  51.851 0.0000000000
63089  39.412  -30.163  50.694 0.0000000000
62019  38.912  -31.113  51.598 0.0000000000
60951  40.679  -31.867  51.956 0.0000000000
60938  42.221  -32.274  52.683 0.0000000000
60907  43.083  -32.654  54.560 0.0000000000
60890  42.505  -32.352  55.351 0.0000000000
47015  36.881  -46.590  64.636 0.0000000000
42630  20.030  -50.802  68.523 0.0000000000
42615  20.498  -51.158  69.184 0.0000000000
42616  19.543  -51.327  69.025 0.0000000000
41702  18.786  -52.227  70.566 0.0000000000
41686  18.737  -52.600  71.707 0.0000000000
40679  16.282  -53.637  70.271 0.0000000000
39557  15.726  -54.232  70.801 0.0000000000
40649  14.270  -53.899  73.185 0.0000000000
38376  12.673  -54.942  73.897 0.0000000000
38378  11.440  -56.054  73.899 0.0000000000
37365  10.821  -56.766  74.314 0.0000000000
38369  11.448  -56.189  75.063 0.0000000000
38359  11.440  -56.191  76.212 0.0000000000
37339  10.733  -56.324  77.823 0.0000000000
49979  33.752  -42.290  58.597 0.0000000000
49012  34.154  -43.376  59.844 0.0000000000
49944  32.733  -43.262  60.210 0.0000000000
48998  32.552  -43.784  61.091 0.0000000000
48035  31.833  -44.958  62.655 0.0000000000
47001  27.038  -46.800  65.291 0.0000000000
47000  28.108  -46.556  65.249 0.0000000000
46115  27.602  -47.133  65.943 0.0000000000
65013  49.179  -28.233  49.831 0.0000000000
62947  35.737  -30.894  60.470 0.0000000000
58156  39.327  -35.356  58.854 0.0000000000
59047  38.745  -34.458  59.059 0.0000000000
59913  39.454  -33.815  59.920 0.0000000000
60801  40.275  -33.117  60.352 0.0000000000
77218  58.124  -15.058  39.416 0.0000000000
34140  6.826  -60.635  75.132 0.0000000000
64959  41.793  -28.958  53.482 0.0000000000
64960  40.742  -28.868  53.512 0.0000000000
64961  39.734  -28.704  53.469 0.0000000000
64982  38.421  -28.751  52.950 0.0000000000
63063  37.307  -29.519  53.220 0.0000000000
63036  36.959  -30.477  53.858 0.0000000000
44318  25.787  -49.637  67.431 0.0000000000
43449  25.429  -50.669  68.423 0.0000000000
43464  24.107  -50.168  67.496 0.0000000000
43465  23.140  -49.884  67.393 0.0000000000
43466  22.065  -49.964  67.429 0.0000000000
45206  21.691  -48.306  65.945 0.0000000000
44322  20.597  -49.398  66.913 0.0000000000
43468  20.089  -49.880  67.432 0.0000000000
43469  19.178  -49.867  67.511 0.0000000000
43457  17.882  -50.324  68.139 0.0000000000
43441  17.306  -50.584  69.244 0.0000000000
50922  28.646  -42.417  60.891 0.0000000000
50905  27.289  -42.595  61.486 0.0000000000
48984  26.388  -44.227  62.328 0.0000000000
48021  26.288  -45.501  63.473 0.0000000000
48952  24.343  -44.408  63.981 0.0000000000
48022  25.359  -45.483  63.415 0.0000000000
47049  25.694  -46.032  63.979 0.0000000000
46134  25.952  -47.281  65.230 0.0000000000
45203  25.803  -48.712  66.540 0.0000000000
59009  38.205  -34.450  63.428 0.0000000000
59878  37.060  -33.402  62.983 0.0000000000
58139  37.808  -34.840  61.669 0.0000000000
57196  37.766  -35.665  59.888 0.0000000000
58172  37.838  -35.904  58.808 0.0000000000
56184  39.218  -37.606  58.529 0.0000000000
57220  39.157  -36.754  58.269 0.0000000000
58170  39.219  -35.808  58.403 0.0000000000
57193  40.508  -36.249  59.541 0.0000000000
57181  41.519  -36.094  61.026 0.0000000000
75458  54.591  -17.547  41.981 0.0000000000
75472  53.282  -17.485  41.208 0.0000000000
74567  52.775  -18.364  40.979 0.0000000000
73569  50.875  -19.254  42.664 0.0000000000
73568  51.877  -19.304  42.094 0.0000000000
69454  45.873  -23.500  46.942 0.0000000000
68544  47.711  -24.257  46.399 0.0000000000
67697  46.576  -25.114  47.188 0.0000000000
66836  46.682  -26.443  47.480 0.0000000000
65982  47.194  -27.131  47.661 0.0000000000
65985  44.345  -26.875  48.171 0.0000000000
65972  45.813  -27.708  48.099 0.0000000000
65023  47.136  -28.265  48.572 0.0000000000
64031  47.464  -29.202  49.906 0.0000000000
64022  47.736  -29.712  50.676 0.0000000000
65006  41.768  -28.584  50.492 0.0000000000
65017  41.399  -28.707  49.780 0.0000000000
64036  42.328  -29.581  49.137 0.0000000000
63087  41.130  -30.583  50.125 0.0000000000
62043  42.163  -30.745  49.911 0.0000000000
63100  43.851  -30.295  49.513 0.0000000000
63083  45.170  -30.665  50.400 0.0000000000
49958  38.095  -42.683  59.662 0.0000000000
50898  39.456  -42.636  60.588 0.0000000000
49926  39.631  -43.568  61.780 0.0000000000
48961  40.119  -44.497  62.848 0.0000000000
71486  46.817  -22.114  47.824 0.0000000000
71507  45.905  -22.130  47.313 0.0000000000
43432  17.255  -50.371  70.479 0.0000000000
43416  16.908  -51.137  71.858 0.0000000000
42603  16.128  -51.625  70.147 0.0000000000
42604  15.605  -52.219  69.849 0.0000000000
41705  14.727  -53.360  70.175 0.0000000000
39570  14.667  -54.486  70.554 0.0000000000
40664  13.528  -54.243  71.773 0.0000000000
39559  14.056  -54.754  70.902 0.0000000000
38408  14.382  -55.424  71.397 0.0000000000
38394  14.167  -56.017  72.304 0.0000000000
37362  14.018  -56.245  74.552 0.0000000000
35170  10.432  -59.579  75.405 0.0000000000
37366  10.563  -57.522  73.799 0.0000000000
34146  9.760  -59.796  73.864 0.0000000000
34126  9.808  -60.077  74.620 0.0000000000
34127  9.039  -60.366  74.568 0.0000000000
35172  8.418  -59.648  75.133 0.0000000000
35173  7.713  -59.666  75.547 0.0000000000
36257  8.199  -57.604  77.954 0.0000000000
35156  7.206  -58.807  76.620 0.0000000000
35174  6.782  -59.365  76.063 0.0000000000
52994  37.795  -40.801  58.575 0.0000000000
51943  37.118  -41.058  59.001 0.0000000000
49975  37.440  -42.410  58.977 0.0000000000
49959  37.239  -42.994  59.432 0.0000000000
48973  37.171  -44.350  61.725 0.0000000000
48030  36.859  -44.880  62.498 0.0000000000
48996  34.615  -43.994  60.634 0.0000000000
48031  35.872  -44.926  62.479 0.0000000000
48011  36.545  -45.448  63.252 0.0000000000
49001  29.651  -43.866  61.736 0.0000000000
48980  30.264  -44.442  62.206 0.0000000000
48016  31.401  -45.483  63.294 0.0000000000
47023  29.590  -46.276  64.506 0.0000000000
46133  30.879  -46.646  64.864 0.0000000000
47020  32.250  -46.549  64.388 0.0000000000
67694  49.181  -25.445  46.578 0.0000000000
65873  37.531  -27.879  56.868 0.0000000000
63971  36.014  -29.320  55.375 0.0000000000
61972  36.425  -30.648  54.795 0.0000000000
59890  35.849  -33.175  61.518 0.0000000000
60793  35.321  -32.600  60.591 0.0000000000
61860  34.766  -31.801  59.100 0.0000000000
59927  36.632  -33.641  58.528 0.0000000000
60841  35.474  -32.655  58.015 0.0000000000
61910  35.074  -31.709  57.543 0.0000000000
61932  35.810  -31.324  56.435 0.0000000000
61951  37.541  -31.082  55.413 0.0000000000
61950  38.708  -31.222  55.526 0.0000000000
61949  39.826  -31.396  55.647 0.0000000000
50896  40.612  -42.114  61.128 0.0000000000
51909  41.417  -41.745  61.845 0.0000000000
52957  42.469  -40.587  62.467 0.0000000000
52949  43.127  -40.594  63.339 0.0000000000
54002  42.649  -39.592  62.172 0.0000000000
78120  60.925  -14.544  35.033 0.0000000000
77213  56.912  -15.780  40.051 0.0000000000
76350  58.030  -15.863  38.130 0.0000000000
74574  55.945  -18.426  39.190 0.0000000000
75495  57.402  -17.391  37.990 0.0000000000
75499  58.325  -16.635  37.314 0.0000000000
143367  58.731  -17.406  36.758 0.0000000000
143386  60.461  -17.564  35.261 0.0000000000
69470  47.905  -23.390  45.885 0.0000000000
68562  48.826  -24.149  45.799 0.0000000000
68563  48.262  -24.123  46.076 0.0000000000
51965  38.196  -41.258  58.695 0.0000000000
51964  39.027  -41.246  59.162 0.0000000000
69471  47.149  -22.743  46.053 0.0000000000
70468  47.523  -22.205  45.613 0.0000000000
70467  48.260  -22.567  45.318 0.0000000000
33105  7.823  -61.286  75.040 0.0000000000
62005  38.647  -31.513  52.647 0.0000000000
61988  38.889  -31.618  53.556 0.0000000000
60910  40.234  -31.996  54.219 0.0000000000
42618  16.924  -51.267  68.998 0.0000000000
41713  16.741  -52.494  69.197 0.0000000000
51950  30.684  -41.525  60.500 0.0000000000
50920  30.690  -41.943  60.146 0.0000000000
50921  29.527  -42.137  60.609 0.0000000000
60765  37.087  -32.524  63.391 0.0000000000
45230  23.504  -47.841  64.938 0.0000000000
44345  22.970  -48.841  65.747 0.0000000000
45224  22.628  -48.176  65.441 0.0000000000
46138  22.972  -46.947  64.944 0.0000000000
47029  23.480  -46.359  64.564 0.0000000000
57194  39.187  -36.823  60.716 0.0000000000
55117  41.126  -38.620  59.524 0.0000000000
55116  41.722  -38.752  60.524 0.0000000000
73530  51.749  -19.731  44.834 0.0000000000
73544  51.211  -18.982  44.389 0.0000000000
74518  51.667  -18.449  43.726 0.0000000000
74519  50.777  -18.572  43.805 0.0000000000
69492  52.653  -22.781  43.980 0.0000000000
70492  52.237  -22.054  43.781 0.0000000000
70490  54.136  -22.277  43.697 0.0000000000
35153  10.402  -59.294  76.474 0.0000000000
68528  44.275  -24.508  47.873 0.0000000000
68529  44.014  -24.818  48.253 0.0000000000
64051  43.854  -28.970  48.724 0.0000000000
64033  45.294  -29.518  49.324 0.0000000000
64034  44.333  -29.615  49.165 0.0000000000
64995  40.078  -29.205  51.503 0.0000000000
65008  40.194  -29.206  51.013 0.0000000000
64013  39.620  -29.369  51.251 0.0000000000
60937  43.389  -32.213  52.600 0.0000000000
62003  44.293  -31.828  51.969 0.0000000000
48009  38.404  -45.199  63.188 0.0000000000
47037  38.308  -45.863  63.817 0.0000000000
68502  44.565  -24.498  49.103 0.0000000000
68513  44.407  -24.167  48.624 0.0000000000
69429  44.750  -23.550  48.482 0.0000000000
42628  21.985  -50.851  68.697 0.0000000000
42614  21.454  -51.167  69.322 0.0000000000
39543  15.883  -54.422  71.985 0.0000000000
39529  15.423  -54.906  72.664 0.0000000000
41672  15.258  -52.762  72.089 0.0000000000
38397  11.839  -55.764  72.096 0.0000000000
37382  11.690  -56.370  72.246 0.0000000000
37381  12.147  -56.793  72.007 0.0000000000
36326  11.591  -57.054  72.486 0.0000000000
36313  11.421  -57.661  72.982 0.0000000000
37341  9.349  -57.445  76.753 0.0000000000
50916  34.421  -41.601  59.068 0.0000000000
50901  35.054  -42.161  60.157 0.0000000000
47041  33.852  -46.155  63.845 0.0000000000
47042  32.835  -46.112  63.791 0.0000000000
48020  27.366  -45.612  63.619 0.0000000000
47999  27.917  -45.828  63.994 0.0000000000
65970  48.056  -27.596  48.241 0.0000000000
66825  48.937  -27.008  48.065 0.0000000000
65969  49.256  -27.333  48.657 0.0000000000
63913  35.662  -30.234  59.427 0.0000000000
64839  36.581  -29.254  59.625 0.0000000000
63912  36.008  -29.573  59.163 0.0000000000
64860  35.769  -29.433  58.070 0.0000000000
62992  35.177  -30.616  57.941 0.0000000000
59049  36.660  -34.633  59.510 0.0000000000
61883  39.296  -31.891  58.601 0.0000000000
61884  38.614  -31.935  58.352 0.0000000000
76349  59.493  -14.983  37.909 0.0000000000
74565  54.078  -18.370  40.137 0.0000000000
46976  23.119  -46.216  66.803 0.0000000000
46986  22.405  -46.756  66.352 0.0000000000
46985  23.048  -46.169  65.929 0.0000000000
69481  50.837  -23.566  44.586 0.0000000000
68571  51.888  -24.106  44.699 0.0000000000
69467  50.544  -23.954  44.853 0.0000000000
68541  50.477  -24.847  46.017 0.0000000000
68540  51.465  -24.735  46.031 0.0000000000
54034  38.950  -39.554  59.175 0.0000000000
52991  39.682  -40.280  59.266 0.0000000000
52978  40.302  -40.392  59.790 0.0000000000
54033  40.616  -39.957  59.908 0.0000000000
52977  40.796  -40.460  60.368 0.0000000000
71505  47.656  -21.932  47.451 0.0000000000
71504  48.890  -21.975  47.112 0.0000000000
71520  48.279  -21.335  46.528 0.0000000000
71530  48.143  -20.945  45.235 0.0000000000
72521  47.915  -20.942  45.704 0.0000000000
72520  48.494  -20.635  45.302 0.0000000000
73533  49.266  -20.003  44.953 0.0000000000
72527  48.861  -20.532  44.791 0.0000000000
72526  49.426  -20.298  44.283 0.0000000000
69482  49.682  -22.914  44.748 0.0000000000
70477  51.225  -22.624  44.221 0.0000000000
66814  44.379  -26.309  49.722 0.0000000000
66815  43.758  -26.401  49.502 0.0000000000
65953  42.377  -27.902  49.936 0.0000000000
65963  42.699  -27.111  49.293 0.0000000000
65029  41.861  -28.017  48.995 0.0000000000
63075  38.599  -30.134  51.392 0.0000000000
60940  40.208  -32.107  52.743 0.0000000000
60952  39.705  -31.757  52.051 0.0000000000
60923  42.687  -32.560  53.577 0.0000000000
60924  41.629  -32.476  53.583 0.0000000000
60908  42.078  -32.540  54.484 0.0000000000
61946  42.865  -32.017  56.149 0.0000000000
67645  44.749  -26.072  49.749 0.0000000000
42631  19.139  -50.967  68.295 0.0000000000
42617  18.744  -51.362  68.686 0.0000000000
41720  17.631  -51.917  68.959 0.0000000000
41711  18.721  -51.742  69.427 0.0000000000
41703  17.926  -52.700  70.783 0.0000000000
41687  18.053  -52.835  71.403 0.0000000000
40687  16.476  -53.111  69.527 0.0000000000
39568  15.586  -53.970  70.213 0.0000000000
38367  12.669  -55.078  74.486 0.0000000000
38368  12.078  -55.586  74.703 0.0000000000
38358  12.034  -55.692  75.774 0.0000000000
38348  11.351  -56.039  77.308 0.0000000000
51948  32.490  -41.501  59.729 0.0000000000
51971  32.943  -41.467  58.840 0.0000000000
51970  33.698  -41.323  58.303 0.0000000000
49980  33.081  -42.265  58.835 0.0000000000
49964  32.283  -42.489  59.552 0.0000000000
49946  30.927  -43.143  60.928 0.0000000000
49945  31.877  -43.189  60.511 0.0000000000
48999  31.581  -43.789  61.366 0.0000000000
48978  32.218  -44.417  61.909 0.0000000000
48979  31.237  -44.418  62.076 0.0000000000
46116  26.451  -47.604  65.827 0.0000000000
46091  27.165  -47.776  66.663 0.0000000000
63876  36.434  -30.306  60.995 0.0000000000
61815  36.135  -31.301  61.442 0.0000000000
59045  39.857  -35.136  59.879 0.0000000000
59046  39.323  -34.743  59.388 0.0000000000
59036  39.735  -34.467  60.070 0.0000000000
59903  41.365  -33.760  61.309 0.0000000000
34130  6.354  -59.757  75.561 0.0000000000
64944  39.493  -28.401  54.255 0.0000000000
64962  38.855  -28.521  53.437 0.0000000000
64946  37.896  -28.298  54.468 0.0000000000
64964  37.589  -28.630  53.944 0.0000000000
64947  37.209  -28.659  54.450 0.0000000000
63052  36.973  -29.699  53.617 0.0000000000
63979  36.566  -29.277  54.527 0.0000000000
44334  25.295  -49.457  66.814 0.0000000000
43463  25.112  -50.192  67.517 0.0000000000
43475  24.550  -49.877  66.946 0.0000000000
44319  23.085  -49.575  66.933 0.0000000000
44321  21.586  -49.460  66.852 0.0000000000
46094  21.651  -47.506  66.335 0.0000000000
46095  21.006  -47.728  66.854 0.0000000000
44340  19.898  -48.696  66.964 0.0000000000
44339  20.282  -48.813  66.744 0.0000000000
43455  19.590  -50.431  67.867 0.0000000000
44303  18.382  -49.094  68.571 0.0000000000
44304  18.166  -49.607  68.089 0.0000000000
44284  17.892  -49.631  68.897 0.0000000000
51934  27.726  -42.115  61.528 0.0000000000
50889  27.255  -42.179  62.165 0.0000000000
50891  25.858  -43.315  62.556 0.0000000000
49932  26.259  -43.458  62.140 0.0000000000
48041  25.888  -44.961  62.929 0.0000000000
47028  24.144  -46.654  64.209 0.0000000000
47050  24.761  -46.072  63.785 0.0000000000
47026  26.187  -46.646  64.706 0.0000000000
46135  25.281  -47.284  64.903 0.0000000000
45222  24.611  -48.521  65.600 0.0000000000
45221  25.614  -48.307  65.975 0.0000000000
45204  25.144  -48.906  66.220 0.0000000000
58130  38.563  -35.046  62.823 0.0000000000
59019  37.986  -34.514  62.857 0.0000000000
58138  38.377  -35.211  62.024 0.0000000000
58147  38.214  -35.380  61.237 0.0000000000
57206  37.916  -36.040  59.387 0.0000000000
57222  38.093  -36.353  58.944 0.0000000000
56167  39.013  -37.760  59.039 0.0000000000
57219  39.831  -36.742  58.258 0.0000000000
58169  39.851  -36.266  58.559 0.0000000000
57204  40.478  -36.722  58.905 0.0000000000
57191  42.125  -37.127  60.887 0.0000000000
75443  55.227  -17.742  42.594 0.0000000000
74545  53.933  -17.738  42.246 0.0000000000
75461  51.604  -17.918  42.060 0.0000000000
75460  52.469  -17.738  42.134 0.0000000000
75473  52.477  -17.934  41.439 0.0000000000
75483  52.751  -18.120  40.991 0.0000000000
74557  52.350  -18.394  41.320 0.0000000000
72541  50.413  -19.997  43.387 0.0000000000
73553  50.391  -19.297  43.189 0.0000000000
72555  51.076  -19.944  42.999 0.0000000000
72538  52.974  -20.723  43.046 0.0000000000
72553  52.419  -20.076  42.563 0.0000000000
73567  52.875  -19.598  41.942 0.0000000000
68545  46.737  -24.328  46.839 0.0000000000
68546  45.933  -24.604  47.222 0.0000000000
67682  46.264  -25.704  47.380 0.0000000000
65983  46.269  -27.087  47.733 0.0000000000
66840  43.190  -26.688  48.575 0.0000000000
66839  43.806  -26.056  48.280 0.0000000000
65986  43.598  -27.127  48.392 0.0000000000
65025  45.332  -28.316  48.483 0.0000000000
65973  44.851  -27.630  48.255 0.0000000000
65024  46.252  -28.302  48.461 0.0000000000
65016  46.571  -28.712  48.938 0.0000000000
65015  47.261  -28.722  49.221 0.0000000000
64023  46.957  -29.721  50.306 0.0000000000
63081  47.000  -30.189  50.827 0.0000000000
64993  42.381  -28.782  51.508 0.0000000000
65018  40.814  -29.038  50.134 0.0000000000
64037  41.446  -29.338  49.462 0.0000000000
62033  39.724  -30.863  50.848 0.0000000000
63088  40.311  -30.455  50.378 0.0000000000
62032  40.666  -31.039  50.620 0.0000000000
62015  43.179  -31.526  51.085 0.0000000000
62030  42.763  -31.124  50.274 0.0000000000
63101  42.805  -30.434  49.537 0.0000000000
63085  43.498  -30.813  49.926 0.0000000000
63084  44.264  -30.747  50.076 0.0000000000
62028  44.455  -31.092  50.678 0.0000000000
49941  37.914  -43.353  60.409 0.0000000000
49940  39.055  -43.189  60.874 0.0000000000
48991  38.908  -43.658  61.503 0.0000000000
48007  39.933  -45.052  63.324 0.0000000000
70447  48.038  -22.423  48.020 0.0000000000
70432  47.440  -22.535  48.293 0.0000000000
70449  44.972  -22.973  47.867 0.0000000000
70448  45.386  -22.846  47.404 0.0000000000
70459  45.815  -22.724  46.854 0.0000000000
43450  24.472  -50.596  68.190 0.0000000000
42625  24.704  -51.039  68.783 0.0000000000
42611  24.356  -51.407  69.373 0.0000000000
42601  20.897  -51.449  69.901 0.0000000000
42583  16.467  -51.684  72.308 0.0000000000
43425  16.741  -51.076  70.811 0.0000000000
42590  15.688  -52.080  70.527 0.0000000000
40672  14.580  -53.254  70.827 0.0000000000
41690  14.612  -53.281  70.563 0.0000000000
40681  14.643  -54.048  70.330 0.0000000000
39545  13.653  -54.239  72.789 0.0000000000
38410  12.537  -55.687  71.562 0.0000000000
39560  13.025  -55.023  71.402 0.0000000000
38395  13.541  -56.325  71.930 0.0000000000
37363  13.150  -57.025  73.929 0.0000000000
35208  11.083  -58.734  73.666 0.0000000000
36290  11.600  -58.674  74.905 0.0000000000
35169  11.086  -59.109  75.190 0.0000000000
35191  10.393  -59.582  74.505 0.0000000000
37358  10.277  -57.444  74.779 0.0000000000
36292  9.376  -58.780  74.560 0.0000000000
36303  9.577  -59.193  73.995 0.0000000000
34137  9.446  -60.109  74.101 0.0000000000
37328  8.366  -57.222  78.645 0.0000000000
36270  7.654  -58.242  77.309 0.0000000000
35157  6.313  -58.523  77.007 0.0000000000
52980  38.247  -40.476  59.099 0.0000000000
51983  35.612  -41.582  57.789 0.0000000000
51944  36.179  -41.372  58.708 0.0000000000
51967  36.219  -41.515  58.175 0.0000000000
50931  36.913  -41.924  58.334 0.0000000000
49976  36.572  -42.479  58.589 0.0000000000
49010  35.764  -43.446  59.800 0.0000000000
48994  36.493  -43.821  60.615 0.0000000000
48974  36.202  -44.430  61.598 0.0000000000
48976  34.233  -44.456  61.598 0.0000000000
48032  34.856  -44.963  62.473 0.0000000000
48012  35.487  -45.509  63.264 0.0000000000
47039  36.177  -46.049  63.981 0.0000000000
47040  35.001  -46.197  64.031 0.0000000000
49949  28.222  -43.472  61.290 0.0000000000
49948  29.038  -43.352  61.301 0.0000000000
49002  28.728  -43.953  61.750 0.0000000000
48018  29.474  -45.554  63.414 0.0000000000
48037  29.880  -45.059  62.770 0.0000000000
48036  30.855  -44.963  62.750 0.0000000000
48017  30.440  -45.496  63.346 0.0000000000
46114  28.669  -46.946  65.869 0.0000000000
46999  29.140  -46.567  65.159 0.0000000000
46112  30.767  -47.041  65.500 0.0000000000
47021  31.352  -46.412  64.376 0.0000000000
67695  48.243  -25.278  46.652 0.0000000000
67679  48.795  -25.990  47.104 0.0000000000
65857  38.137  -27.586  57.607 0.0000000000
65858  37.398  -27.939  57.715 0.0000000000
63959  35.576  -29.697  56.436 0.0000000000
64906  35.968  -28.971  56.405 0.0000000000
63022  35.696  -30.182  55.473 0.0000000000
63038  35.921  -29.838  54.934 0.0000000000
63021  35.993  -30.626  55.086 0.0000000000
59021  36.873  -34.021  61.959 0.0000000000
59879  36.586  -33.172  62.583 0.0000000000
59029  36.650  -34.127  61.372 0.0000000000
59907  35.300  -33.523  60.031 0.0000000000
59898  35.606  -33.291  60.912 0.0000000000
59908  34.892  -33.152  59.441 0.0000000000
60803  34.922  -32.657  59.866 0.0000000000
60804  34.734  -32.577  59.242 0.0000000000
59925  38.379  -33.772  59.047 0.0000000000
59926  37.636  -33.754  58.702 0.0000000000
60858  36.745  -32.191  57.748 0.0000000000
60840  36.223  -32.844  58.099 0.0000000000
60859  35.912  -32.272  57.575 0.0000000000
60842  34.937  -32.321  57.981 0.0000000000
61909  35.593  -31.735  57.230 0.0000000000
61933  35.310  -31.356  57.029 0.0000000000
61931  36.866  -31.310  56.328 0.0000000000
61927  41.447  -31.406  56.771 0.0000000000
49925  40.113  -43.173  61.614 0.0000000000
50897  39.981  -42.317  60.671 0.0000000000
50879  40.588  -42.641  61.542 0.0000000000
50861  42.291  -42.410  63.036 0.0000000000
50877  41.670  -42.340  62.465 0.0000000000
51908  41.915  -41.473  62.352 0.0000000000
52964  41.786  -40.578  61.628 0.0000000000
52956  42.841  -40.086  62.691 0.0000000000
55092  42.931  -39.075  62.246 0.0000000000
143381  60.305  -15.015  36.503 0.0000000000
143373  60.527  -14.970  35.853 0.0000000000
143375  60.293  -15.335  35.388 0.0000000000
143388  60.187  -16.174  34.879 0.0000000000
75470  55.164  -17.142  41.445 0.0000000000
76345  55.558  -17.245  39.534 0.0000000000
76344  56.542  -16.589  39.095 0.0000000000
74578  58.404  -18.018  37.640 0.0000000000
74579  57.247  -18.199  38.388 0.0000000000
54049  38.783  -40.138  58.986 0.0000000000
51963  39.408  -40.797  59.245 0.0000000000
51940  39.949  -41.289  59.921 0.0000000000
71522  46.648  -21.817  46.562 0.0000000000
71531  47.679  -21.296  45.680 0.0000000000
71542  47.958  -21.667  45.249 0.0000000000
70480  48.393  -21.952  44.985 0.0000000000
69483  48.879  -22.544  44.963 0.0000000000
34128  8.390  -60.707  75.035 0.0000000000
62007  37.525  -30.430  52.705 0.0000000000
60941  39.362  -31.858  52.772 0.0000000000
60925  40.661  -32.267  53.558 0.0000000000
61968  40.308  -31.720  54.900 0.0000000000
41721  17.205  -52.265  69.020 0.0000000000
41714  15.912  -52.850  69.321 0.0000000000
39494  12.505  -55.328  76.334 0.0000000000
50937  31.830  -41.871  59.404 0.0000000000
50918  31.980  -42.055  59.226 0.0000000000
49947  29.960  -43.186  61.233 0.0000000000
45202  26.507  -48.378  66.779 0.0000000000
45201  26.991  -48.248  67.131 0.0000000000
45183  26.677  -48.669  67.323 0.0000000000
61782  36.474  -32.112  62.547 0.0000000000
58145  41.004  -35.581  60.762 0.0000000000
59034  41.058  -34.643  61.148 0.0000000000
65906  39.380  -28.141  54.968 0.0000000000
65888  39.341  -27.824  55.793 0.0000000000
65908  37.981  -28.023  55.254 0.0000000000
44344  23.756  -49.034  65.772 0.0000000000
44337  22.217  -48.982  66.179 0.0000000000
46076  20.589  -47.859  67.379 0.0000000000
45185  19.811  -48.405  67.417 0.0000000000
49917  25.294  -43.550  62.974 0.0000000000
48000  23.584  -45.585  64.702 0.0000000000
48024  23.900  -45.408  64.023 0.0000000000
47052  23.713  -45.830  64.278 0.0000000000
46136  24.333  -47.408  64.658 0.0000000000
45229  24.147  -48.048  65.077 0.0000000000
57183  38.762  -35.754  61.696 0.0000000000
56158  38.680  -36.793  59.649 0.0000000000
55126  40.215  -38.909  58.693 0.0000000000
55140  40.076  -38.591  58.419 0.0000000000
55125  40.476  -38.644  58.818 0.0000000000
56165  40.715  -37.776  58.783 0.0000000000
57203  41.022  -37.239  59.347 0.0000000000
56155  42.080  -37.751  60.610 0.0000000000
56144  42.608  -37.585  61.300 0.0000000000
72518  50.265  -20.186  45.451 0.0000000000
74547  52.723  -17.939  42.582 0.0000000000
74531  52.147  -17.996  42.908 0.0000000000
75445  51.696  -17.879  42.545 0.0000000000
75462  51.071  -18.257  42.472 0.0000000000
72540  51.191  -20.454  43.334 0.0000000000
71555  51.683  -21.273  43.621 0.0000000000
71554  52.627  -21.374  43.466 0.0000000000
71561  53.712  -20.758  42.996 0.0000000000
71553  53.642  -21.419  43.365 0.0000000000
69440  44.594  -23.567  47.849 0.0000000000
68527  45.045  -24.288  47.485 0.0000000000
66838  44.807  -26.131  47.787 0.0000000000
65975  43.100  -27.479  48.507 0.0000000000
65974  43.910  -27.564  48.404 0.0000000000
63098  45.590  -30.036  49.844 0.0000000000
64994  41.282  -29.012  51.479 0.0000000000
64038  40.587  -29.411  50.152 0.0000000000
62014  44.046  -31.475  51.196 0.0000000000
48972  38.129  -44.284  61.913 0.0000000000
48028  38.545  -44.660  62.623 0.0000000000
48008  39.190  -44.940  63.123 0.0000000000
68491  46.477  -24.978  50.021 0.0000000000
68500  46.526  -24.316  49.631 0.0000000000
69417  45.910  -23.804  49.169 0.0000000000
69427  46.158  -23.289  48.850 0.0000000000
70433  46.297  -22.675  48.442 0.0000000000
69428  45.534  -23.232  48.680 0.0000000000
70435  44.815  -23.094  48.064 0.0000000000
42627  22.971  -50.840  68.790 0.0000000000
42612  23.418  -51.330  69.418 0.0000000000
39542  16.654  -54.191  72.767 0.0000000000
39515  15.640  -54.892  73.909 0.0000000000
38374  15.093  -55.443  74.056 0.0000000000
41671  15.787  -52.234  71.671 0.0000000000
41688  15.675  -52.195  70.993 0.0000000000
40662  14.601  -53.289  71.462 0.0000000000
39532  12.576  -54.830  72.736 0.0000000000
39547  12.525  -54.993  71.943 0.0000000000
37387  12.609  -56.252  71.642 0.0000000000
37380  12.988  -56.640  71.989 0.0000000000
37373  12.465  -57.190  72.527 0.0000000000
37364  12.639  -57.413  73.186 0.0000000000
36301  12.369  -57.870  73.884 0.0000000000
35207  11.643  -58.270  73.459 0.0000000000
35225  10.766  -58.593  73.500 0.0000000000
36280  9.625  -57.760  75.589 0.0000000000
35171  8.905  -59.259  74.834 0.0000000000
36269  8.355  -58.150  76.860 0.0000000000
50933  35.292  -41.859  58.007 0.0000000000
49977  35.793  -42.420  58.376 0.0000000000
49960  36.272  -43.094  59.318 0.0000000000
48977  33.218  -44.409  61.726 0.0000000000
48983  27.401  -44.466  62.302 0.0000000000
48982  28.342  -44.535  62.277 0.0000000000
47046  29.130  -45.892  64.050 0.0000000000
46113  29.698  -46.944  65.728 0.0000000000
66824  49.672  -26.868  48.290 0.0000000000
64838  37.201  -28.563  59.261 0.0000000000
64858  36.905  -28.503  58.631 0.0000000000
65859  36.805  -28.326  57.878 0.0000000000
64859  36.363  -28.873  58.428 0.0000000000
64884  35.816  -29.195  57.339 0.0000000000
63006  35.317  -30.724  56.790 0.0000000000
58149  36.888  -34.801  60.081 0.0000000000
59038  36.546  -34.386  60.516 0.0000000000
59050  35.789  -34.029  59.375 0.0000000000
59065  35.659  -33.836  58.932 0.0000000000
60838  38.407  -32.604  58.760 0.0000000000
60857  37.704  -32.030  58.067 0.0000000000
61907  37.337  -31.600  57.251 0.0000000000
49908  41.583  -43.809  62.894 0.0000000000
49924  41.068  -43.245  62.341 0.0000000000
49907  41.989  -43.290  62.936 0.0000000000
49906  42.797  -43.291  63.489 0.0000000000
50860  42.941  -42.446  63.573 0.0000000000
76330  54.866  -17.084  40.443 0.0000000000
76346  55.192  -17.428  39.700 0.0000000000
143366  59.481  -18.005  36.623 0.0000000000
143364  60.146  -17.940  37.362 0.0000000000
46119  22.485  -47.377  65.434 0.0000000000
46093  22.207  -47.120  65.852 0.0000000000
48940  23.833  -44.978  65.160 0.0000000000
47988  23.474  -45.598  65.511 0.0000000000
68569  53.368  -23.728  44.631 0.0000000000
68570  52.791  -23.902  44.657 0.0000000000
68558  52.652  -24.303  45.332 0.0000000000
68560  50.744  -24.363  45.147 0.0000000000
68539  52.392  -24.581  46.084 0.0000000000
55109  39.523  -38.359  60.695 0.0000000000
54065  39.845  -38.991  58.584 0.0000000000
54032  41.203  -39.594  60.270 0.0000000000
54017  41.553  -40.079  61.061 0.0000000000
72502  49.769  -20.749  45.968 0.0000000000
72504  47.984  -20.855  45.975 0.0000000000
72503  48.793  -20.733  45.972 0.0000000000
73532  49.875  -19.649  44.966 0.0000000000
74520  50.157  -18.897  43.902 0.0000000000
72542  49.841  -20.050  43.731 0.0000000000
71557  49.921  -20.543  43.864 0.0000000000
70494  50.879  -21.972  44.171 0.0000000000
35154  9.720  -59.537  76.727 0.0000000000
68503  44.080  -25.045  49.066 0.0000000000
67665  43.650  -25.516  48.546 0.0000000000
67654  43.601  -25.591  49.062 0.0000000000
66827  43.192  -26.258  48.770 0.0000000000
65962  43.254  -26.799  49.459 0.0000000000
65976  42.614  -27.208  48.751 0.0000000000
65028  42.547  -28.060  48.630 0.0000000000
64052  42.864  -28.894  48.702 0.0000000000
64014  39.013  -29.390  51.571 0.0000000000
64026  39.281  -29.720  50.983 0.0000000000
63090  39.006  -29.841  51.080 0.0000000000
62034  39.233  -30.679  51.024 0.0000000000
62018  40.111  -31.450  51.295 0.0000000000
60950  41.705  -31.889  51.900 0.0000000000
60922  43.746  -32.561  53.658 0.0000000000
60889  43.485  -32.421  55.595 0.0000000000
47038  37.273  -45.989  63.951 0.0000000000
47014  38.115  -46.684  64.665 0.0000000000
67652  44.928  -25.086  49.462 0.0000000000
42602  20.105  -51.454  69.625 0.0000000000
41710  19.589  -51.570  69.611 0.0000000000
40670  17.508  -53.254  71.349 0.0000000000
40678  17.131  -53.064  70.098 0.0000000000
40671  16.556  -53.901  71.528 0.0000000000
39530  13.768  -54.300  73.711 0.0000000000
39518  12.725  -54.821  73.472 0.0000000000
38377  12.185  -55.271  73.542 0.0000000000
37374  11.047  -56.969  73.153 0.0000000000
37348  10.712  -56.558  76.715 0.0000000000
49978  34.036  -42.284  58.480 0.0000000000
49963  33.408  -42.876  59.471 0.0000000000
46090  28.197  -47.373  66.582 0.0000000000
46073  27.803  -47.808  67.232 0.0000000000
46072  28.743  -47.621  67.177 0.0000000000
63893  36.217  -29.991  60.288 0.0000000000
63894  35.731  -30.483  59.979 0.0000000000
59061  38.995  -35.031  58.758 0.0000000000
59062  38.338  -34.821  58.665 0.0000000000
59914  38.940  -33.789  59.458 0.0000000000
59905  40.016  -33.854  60.352 0.0000000000
60802  39.769  -33.360  60.104 0.0000000000
60818  39.430  -32.820  59.620 0.0000000000
61857  40.047  -32.041  59.357 0.0000000000
74564  55.131  -18.953  40.065 0.0000000000
64977  43.088  -28.852  52.489 0.0000000000
64980  39.963  -29.023  52.568 0.0000000000
64981  38.970  -28.868  52.515 0.0000000000
64002  38.026  -29.159  52.549 0.0000000000
64945  38.682  -28.280  54.249 0.0000000000
63989  37.767  -28.928  53.143 0.0000000000
63062  37.408  -29.809  52.802 0.0000000000
61990  37.392  -30.727  53.351 0.0000000000
43462  25.876  -50.060  67.914 0.0000000000
43476  23.792  -49.801  66.866 0.0000000000
43451  23.531  -50.438  68.159 0.0000000000
43453  21.525  -50.454  68.001 0.0000000000
45225  22.035  -47.747  65.717 0.0000000000
44338  21.116  -48.879  66.466 0.0000000000
45207  20.644  -48.194  66.708 0.0000000000
43467  21.052  -49.963  67.393 0.0000000000
43454  20.535  -50.405  67.959 0.0000000000
43456  18.709  -50.482  67.832 0.0000000000
43470  18.455  -49.914  67.702 0.0000000000
51952  28.813  -41.882  60.866 0.0000000000
51933  28.276  -41.825  61.336 0.0000000000
50923  27.905  -42.760  61.002 0.0000000000
49950  27.424  -43.319  61.382 0.0000000000
50906  26.711  -43.107  61.658 0.0000000000
49004  27.140  -43.912  61.865 0.0000000000
48040  26.860  -44.992  62.892 0.0000000000
49934  24.988  -44.144  62.882 0.0000000000
48964  24.155  -44.898  63.774 0.0000000000
48043  24.783  -44.876  63.200 0.0000000000
48042  25.127  -44.970  63.065 0.0000000000
47048  26.610  -45.944  64.087 0.0000000000
47002  26.408  -47.073  65.272 0.0000000000
46117  25.443  -47.809  65.438 0.0000000000
45220  26.197  -48.204  66.296 0.0000000000
44333  26.099  -49.035  67.123 0.0000000000
59871  37.469  -33.339  63.666 0.0000000000
59010  37.634  -34.030  63.226 0.0000000000
59020  37.425  -34.241  62.391 0.0000000000
59028  37.212  -34.452  61.483 0.0000000000
58148  37.441  -35.036  60.524 0.0000000000
58157  37.347  -35.282  59.431 0.0000000000
58171  38.354  -35.843  58.452 0.0000000000
56168  38.724  -37.098  59.158 0.0000000000
56185  38.840  -37.312  58.742 0.0000000000
57221  38.573  -36.679  58.677 0.0000000000
58155  39.874  -35.756  59.130 0.0000000000
58146  40.423  -35.738  60.040 0.0000000000
74546  53.330  -17.863  42.404 0.0000000000
75459  53.602  -17.552  41.800 0.0000000000
75482  53.231  -17.878  40.733 0.0000000000
73584  53.513  -18.752  40.663 0.0000000000
74533  50.582  -18.663  43.147 0.0000000000
74549  50.910  -18.595  42.542 0.0000000000
72554  51.520  -19.930  42.768 0.0000000000
73578  51.938  -18.719  41.642 0.0000000000
73577  52.492  -19.029  41.430 0.0000000000
73576  53.412  -19.212  41.205 0.0000000000
69453  47.036  -23.464  46.394 0.0000000000
67696  47.363  -25.125  46.887 0.0000000000
67698  46.048  -25.185  47.328 0.0000000000
67681  47.050  -25.810  47.244 0.0000000000
66835  47.496  -26.520  47.423 0.0000000000
65981  47.786  -27.024  47.660 0.0000000000
65984  45.311  -26.967  47.920 0.0000000000
65971  46.801  -27.747  48.034 0.0000000000
65961  48.218  -28.053  48.927 0.0000000000
65022  47.782  -28.247  48.870 0.0000000000
65014  48.216  -28.537  49.508 0.0000000000
64030  48.173  -29.098  50.197 0.0000000000
65005  42.858  -28.345  50.679 0.0000000000
65954  41.822  -28.245  49.840 0.0000000000
64054  41.664  -28.669  49.270 0.0000000000
63105  39.848  -29.835  50.457 0.0000000000
63104  40.163  -30.018  50.220 0.0000000000
62031  41.692  -31.026  50.350 0.0000000000
63086  41.580  -30.651  50.002 0.0000000000
63102  41.725  -30.304  49.643 0.0000000000
63073  45.783  -30.860  50.984 0.0000000000
63072  46.526  -30.693  51.226 0.0000000000
50912  38.482  -42.390  59.589 0.0000000000
50911  39.085  -42.217  59.790 0.0000000000
49957  38.688  -42.617  59.986 0.0000000000
48970  40.121  -43.847  62.317 0.0000000000
48971  39.181  -44.077  62.179 0.0000000000
48960  41.020  -44.231  62.845 0.0000000000
71506  46.632  -21.714  47.233 0.0000000000
71487  46.080  -22.108  47.783 0.0000000000
71523  45.936  -22.301  46.878 0.0000000000
70458  46.483  -22.536  46.432 0.0000000000
44264  17.940  -49.383  70.196 0.0000000000
43433  16.724  -51.119  69.785 0.0000000000
42620  15.726  -52.448  69.416 0.0000000000
41704  15.240  -52.839  69.698 0.0000000000
40680  15.360  -53.595  69.826 0.0000000000
39569  15.114  -54.248  70.326 0.0000000000
39558  14.989  -54.836  71.000 0.0000000000
40663  13.892  -53.892  71.965 0.0000000000
40674  13.617  -54.362  71.433 0.0000000000
39546  13.187  -54.476  72.086 0.0000000000
38407  14.841  -55.198  71.480 0.0000000000
38393  14.837  -55.371  72.059 0.0000000000
38385  14.450  -55.868  73.629 0.0000000000
37371  13.738  -56.436  73.256 0.0000000000
36289  12.315  -58.068  75.042 0.0000000000
35152  11.077  -58.888  76.225 0.0000000000
37375  10.749  -57.521  73.408 0.0000000000
36314  10.699  -58.037  73.427 0.0000000000
36302  9.979  -58.319  74.099 0.0000000000
35209  10.230  -59.189  73.801 0.0000000000
34118  9.750  -59.964  75.535 0.0000000000
34138  8.108  -61.153  74.905 0.0000000000
34139  7.723  -60.996  74.822 0.0000000000
37327  9.096  -57.051  78.224 0.0000000000
36256  8.767  -57.593  77.270 0.0000000000
34129  7.369  -60.260  75.218 0.0000000000
58119  38.716  -34.862  63.579 0.0000000000
51966  37.346  -41.384  58.593 0.0000000000
50930  38.007  -42.025  59.005 0.0000000000
49974  37.843  -42.364  59.190 0.0000000000
49943  36.502  -43.492  59.982 0.0000000000
49942  37.002  -43.481  60.114 0.0000000000
48993  37.520  -43.799  61.071 0.0000000000
48975  35.231  -44.484  61.577 0.0000000000
49967  29.287  -42.717  60.940 0.0000000000
48981  29.298  -44.507  62.259 0.0000000000
47024  28.629  -46.184  64.522 0.0000000000
46998  30.111  -46.618  65.042 0.0000000000
47044  30.941  -45.979  63.850 0.0000000000
47043  31.873  -46.020  63.820 0.0000000000
68543  48.608  -24.709  46.224 0.0000000000
67693  50.190  -25.430  46.682 0.0000000000
67678  49.772  -25.966  47.251 0.0000000000
65959  50.102  -27.531  49.506 0.0000000000
65856  38.951  -27.345  57.474 0.0000000000
65872  38.304  -27.650  56.717 0.0000000000
65890  37.589  -27.972  55.894 0.0000000000
65874  36.878  -28.185  57.047 0.0000000000
64928  36.213  -28.813  55.848 0.0000000000
63970  36.355  -29.050  55.060 0.0000000000
63980  36.138  -29.666  54.770 0.0000000000
63037  36.366  -30.172  54.407 0.0000000000
61971  37.120  -30.841  54.355 0.0000000000
60773  36.307  -32.608  62.374 0.0000000000
60783  35.949  -32.615  61.884 0.0000000000
59897  36.116  -33.740  61.165 0.0000000000
60784  35.685  -32.593  61.307 0.0000000000
61799  35.893  -32.152  61.602 0.0000000000
61816  35.756  -31.738  61.097 0.0000000000
61833  35.176  -31.765  60.005 0.0000000000
62965  35.067  -31.207  59.107 0.0000000000
59928  35.604  -33.393  58.526 0.0000000000
60820  34.753  -32.424  58.602 0.0000000000
61885  34.779  -31.789  58.199 0.0000000000
62980  34.950  -31.221  58.465 0.0000000000
62993  34.994  -31.233  57.670 0.0000000000
61952  36.427  -30.985  55.410 0.0000000000
61970  38.272  -31.236  54.455 0.0000000000
61948  40.962  -31.622  55.648 0.0000000000
61947  41.981  -31.827  55.986 0.0000000000
50910  39.635  -41.892  59.999 0.0000000000
51925  40.391  -41.804  60.646 0.0000000000
50878  41.118  -42.341  61.825 0.0000000000
51924  40.864  -41.386  60.942 0.0000000000
54016  41.945  -39.631  61.307 0.0000000000
51896  43.039  -41.613  63.623 0.0000000000
55107  42.958  -38.065  61.764 0.0000000000
77219  57.434  -15.563  39.214 0.0000000000
74575  55.039  -18.442  39.738 0.0000000000
74580  56.661  -18.379  38.727 0.0000000000
75496  56.661  -18.090  38.579 0.0000000000
75489  56.631  -17.210  38.586 0.0000000000
143371  59.994  -16.983  35.298 0.0000000000
143370  59.642  -17.778  36.160 0.0000000000
34136  9.897  -59.992  74.027 0.0000000000
34147  9.596  -60.031  73.856 0.0000000000
35210  9.527  -59.741  73.931 0.0000000000
35223  11.542  -58.044  73.126 0.0000000000
36325  11.906  -57.365  72.493 0.0000000000
37350  9.524  -57.596  76.157 0.0000000000
37379  13.516  -56.498  72.412 0.0000000000
37389  11.843  -56.011  71.858 0.0000000000
38396  12.202  -55.432  71.825 0.0000000000
38411  12.047  -55.793  71.719 0.0000000000
43471  18.141  -49.874  67.838 0.0000000000
43477  23.332  -49.654  66.914 0.0000000000
44325  18.357  -49.653  67.791 0.0000000000
45205  22.249  -48.534  65.808 0.0000000000
45208  20.104  -48.503  66.905 0.0000000000
46074  27.315  -48.057  67.178 0.0000000000
47022  30.493  -46.338  64.415 0.0000000000
47030  23.085  -46.550  65.041 0.0000000000
47047  28.617  -45.911  64.108 0.0000000000
47998  28.237  -45.931  64.162 0.0000000000
48023  24.541  -45.294  63.510 0.0000000000
48953  23.936  -44.918  64.370 0.0000000000
48963  24.605  -44.592  63.370 0.0000000000
48986  24.963  -44.614  63.013 0.0000000000
49933  25.622  -43.846  62.488 0.0000000000
49939  39.652  -42.812  60.975 0.0000000000
49951  26.768  -43.568  61.855 0.0000000000
49968  28.474  -42.982  60.985 0.0000000000
49969  27.961  -43.148  61.045 0.0000000000
50914  36.058  -41.494  59.290 0.0000000000
50919  31.529  -42.090  59.593 0.0000000000
50934  34.115  -41.970  58.146 0.0000000000
50935  33.530  -41.774  58.290 0.0000000000
50938  31.379  -41.903  59.716 0.0000000000
50946  35.511  -41.558  57.562 0.0000000000
50947  35.583  -41.695  57.590 0.0000000000
50948  34.229  -41.847  57.794 0.0000000000
50949  34.011  -41.833  57.897 0.0000000000
51918  27.865  -41.863  61.786 0.0000000000
51923  41.471  -41.151  61.556 0.0000000000
51931  29.886  -41.341  61.210 0.0000000000
51946  33.967  -41.373  58.547 0.0000000000
51947  33.412  -41.470  59.284 0.0000000000
51953  28.061  -42.222  61.107 0.0000000000
51968  35.657  -41.455  58.313 0.0000000000
51969  34.229  -41.344  58.073 0.0000000000
51972  32.137  -41.648  59.430 0.0000000000
51982  35.651  -41.744  57.683 0.0000000000
51984  34.217  -41.691  57.764 0.0000000000
51985  34.009  -41.590  57.861 0.0000000000
52950  42.770  -41.090  63.170 0.0000000000
54064  40.075  -38.999  58.611 0.0000000000
55139  40.271  -38.487  58.523 0.0000000000
56182  40.303  -38.248  58.461 0.0000000000
58129  38.955  -35.262  63.208 0.0000000000
58131  38.060  -34.759  62.355 0.0000000000
58158  37.046  -34.981  59.853 0.0000000000
59888  36.849  -33.673  62.406 0.0000000000
59889  36.321  -33.447  61.980 0.0000000000
59906  35.863  -33.864  60.543 0.0000000000
59916  34.872  -33.097  58.833 0.0000000000
59929  35.064  -32.813  58.366 0.0000000000
60856  38.287  -31.954  58.258 0.0000000000
60860  35.348  -32.162  57.643 0.0000000000
61781  36.809  -31.621  62.787 0.0000000000
61834  34.844  -32.201  59.570 0.0000000000
61858  39.475  -32.230  59.162 0.0000000000
61859  35.090  -31.425  59.467 0.0000000000
62021  37.676  -30.161  52.367 0.0000000000
62044  41.816  -30.692  49.952 0.0000000000
62932  36.027  -31.028  61.117 0.0000000000
62946  36.182  -30.582  60.889 0.0000000000
62964  35.375  -30.937  59.633 0.0000000000
63007  35.137  -31.261  57.256 0.0000000000
63051  37.045  -30.231  53.412 0.0000000000
63074  39.004  -30.531  51.128 0.0000000000
63076  37.928  -29.895  52.089 0.0000000000
63930  35.568  -29.956  58.507 0.0000000000
63990  37.389  -29.081  53.510 0.0000000000
64001  38.634  -29.147  52.186 0.0000000000
64003  37.507  -29.405  53.001 0.0000000000
64024  40.353  -29.339  50.491 0.0000000000
64025  39.876  -29.474  50.780 0.0000000000
64905  36.454  -28.510  56.348 0.0000000000
64927  36.673  -28.596  55.381 0.0000000000
64963  38.012  -28.604  53.467 0.0000000000
65841  36.822  -28.453  58.353 0.0000000000
65891  36.971  -28.151  56.284 0.0000000000
67655  43.350  -25.888  49.109 0.0000000000
67666  43.396  -25.826  48.853 0.0000000000
67685  43.987  -25.164  48.078 0.0000000000
68572  51.285  -24.223  44.845 0.0000000000
69430  44.366  -24.025  48.343 0.0000000000
69493  51.914  -22.595  44.017 0.0000000000
70469  46.993  -22.300  46.028 0.0000000000
71485  47.246  -22.163  47.827 0.0000000000
71539  50.143  -21.511  44.169 0.0000000000
71560  54.203  -21.023  43.175 0.0000000000
73547  49.170  -20.211  44.769 0.0000000000
74521  49.967  -19.175  43.898 0.0000000000
74530  53.144  -18.211  42.968 0.0000000000
74534  50.152  -19.009  43.661 0.0000000000
74556  52.920  -18.680  41.003 0.0000000000
74558  51.851  -18.400  41.638 0.0000000000
74566  53.164  -18.344  40.695 0.0000000000
75446  51.123  -18.027  42.639 0.0000000000
75474  51.867  -18.152  41.652 0.0000000000
76339  55.020  -17.272  39.938 0.0000000000
77223  57.953  -15.333  38.831 0.0000000000
143363  59.789  -18.026  36.220 0.0000000000
143372  60.444  -17.281  34.984 0.0000000000
143382  60.290  -17.092  34.958 0.0000000000
143389  60.430  -15.128  35.312 0.0000000000
143390  60.309  -15.431  34.990 0.0000000000
143392  60.211  -16.571  34.880 0.0000000000
143395  60.587  -14.907  35.308 0.0000000000
143396  60.522  -14.980  35.040 0.0000000000
