#!ascii label  , from subject 3822 vox2ras=TkReg
894
85321  -23.667  -17.678  9.548 0.5555555820
86566  -24.369  -17.114  8.690 0.6666666865
86577  -24.415  -16.601  8.065 0.7777777910
86588  -25.172  -16.467  7.331 0.7777777910
87830  -25.258  -15.167  6.777 0.8888888955
89162  -26.955  -14.401  6.227 0.8888888955
85311  -23.026  -17.688  9.975 0.5555555820
86565  -23.749  -16.562  9.161 0.5555555820
86576  -23.929  -16.120  8.423 0.6666666865
87810  -24.007  -15.816  7.981 0.8888888955
87820  -25.384  -15.811  6.921 0.8888888955
89160  -25.619  -14.508  6.396 0.8888888955
90542  -26.181  -13.847  6.041 1.0000000000
89163  -27.538  -14.074  6.401 0.8888888955
90560  -27.321  -13.276  5.717 1.0000000000
87799  -23.148  -15.457  9.253 0.7777777910
90522  -23.577  -13.584  7.590 1.0000000000
91921  -23.878  -12.837  7.163 1.0000000000
90523  -24.284  -13.560  6.872 1.0000000000
91950  -25.108  -12.305  5.548 1.0000000000
90557  -25.622  -12.713  5.576 1.0000000000
91951  -25.946  -12.185  4.965 1.0000000000
91969  -27.151  -12.177  4.975 1.0000000000
93253  -25.364  -11.337  5.023 1.0000000000
91967  -26.273  -11.680  4.605 1.0000000000
93271  -27.530  -11.543  4.794 1.0000000000
94523  -27.029  -10.582  4.252 1.0000000000
94524  -27.686  -10.358  4.581 0.7777777910
93212  -22.690  -12.003  8.273 0.8888888955
91935  -23.640  -12.241  6.861 1.0000000000
93238  -23.869  -11.760  6.380 1.0000000000
93252  -24.406  -11.416  5.643 1.0000000000
94509  -25.583  -10.698  4.439 1.0000000000
94522  -26.277  -10.276  4.136 1.0000000000
94534  -26.880  -10.075  3.679 1.0000000000
95722  -27.425  -9.435  4.337 1.0000000000
95708  -27.680  -9.295  5.148 0.8888888955
96829  -27.934  -8.796  5.521 0.7777777910
96814  -28.635  -8.529  5.973 0.7777777910
94484  -22.546  -10.449  7.721 0.5555555820
96813  -23.346  -9.006  6.073 0.7777777910
95693  -23.101  -9.494  6.529 0.8888888955
94508  -24.880  -10.251  4.859 1.0000000000
95706  -24.229  -9.404  5.228 0.8888888955
95707  -24.856  -9.177  4.700 1.0000000000
95721  -25.770  -9.492  3.888 1.0000000000
96852  -26.514  -8.843  3.636 1.0000000000
96841  -27.242  -8.588  4.201 0.8888888955
96840  -26.804  -8.280  3.985 1.0000000000
97986  -26.882  -7.910  4.699 0.8888888955
99222  -27.904  -6.530  5.977 0.7777777910
97958  -28.681  -7.241  6.148 0.6666666865
99208  -28.558  -6.467  6.447 0.6666666865
96796  -21.946  -8.297  8.009 0.4444444478
95680  -22.515  -9.382  7.364 0.7777777910
97957  -22.721  -7.398  6.748 0.6666666865
97968  -23.740  -7.384  5.148 0.7777777910
97969  -24.119  -7.947  4.992 0.8888888955
96838  -24.950  -8.528  3.907 0.8888888955
96851  -25.719  -8.638  3.660 1.0000000000
97997  -24.912  -7.493  3.479 1.0000000000
97998  -25.611  -7.541  3.539 1.0000000000
97985  -26.534  -7.368  4.354 1.0000000000
99236  -26.722  -6.472  4.684 0.8888888955
99221  -27.120  -6.471  5.251 0.7777777910
99209  -29.154  -6.444  6.965 0.5555555820
100473  -27.857  -5.682  6.301 0.7777777910
100460  -28.482  -5.559  6.659 0.6666666865
99207  -22.432  -6.507  7.012 0.6666666865
97946  -22.224  -7.387  7.576 0.6666666865
97967  -23.027  -7.411  5.822 0.7777777910
99218  -22.686  -6.446  5.934 0.7777777910
97983  -23.950  -6.962  4.533 0.8888888955
99235  -23.996  -6.685  4.078 1.0000000000
99248  -24.437  -6.518  3.579 1.0000000000
99249  -25.331  -6.536  3.459 1.0000000000
99250  -26.304  -6.553  3.771 0.8888888955
100489  -26.615  -5.503  4.536 0.8888888955
100472  -27.419  -5.457  5.783 0.8888888955
100488  -26.118  -5.188  4.364 0.8888888955
100490  -26.996  -5.179  5.170 0.7777777910
101642  -27.668  -4.409  6.305 0.7777777910
100459  -28.001  -5.103  6.297 0.7777777910
101644  -28.954  -4.434  7.164 0.6666666865
99194  -21.773  -6.543  7.514 0.6666666865
99233  -23.141  -6.051  5.176 0.8888888955
99234  -23.604  -6.345  4.553 0.8888888955
100487  -23.669  -5.465  4.000 1.0000000000
99247  -23.805  -6.151  3.747 1.0000000000
100500  -25.711  -5.545  3.871 1.0000000000
100501  -26.238  -5.696  4.050 0.8888888955
101657  -27.105  -4.395  5.661 0.7777777910
102805  -27.430  -3.484  6.233 0.7777777910
102807  -28.772  -3.461  7.047 0.6666666865
102793  -29.483  -3.414  7.473 0.5555555820
100445  -22.145  -5.959  7.235 0.7777777910
100444  -21.653  -5.402  7.589 0.6666666865
100471  -22.793  -5.417  5.380 0.8888888955
101673  -23.550  -4.616  4.259 1.0000000000
101686  -24.561  -4.737  3.860 1.0000000000
101674  -25.751  -4.572  4.385 0.8888888955
102838  -25.969  -3.755  4.691 0.8888888955
101675  -26.421  -4.426  4.698 0.8888888955
104047  -27.376  -2.802  5.996 0.7777777910
104048  -28.009  -2.443  6.249 0.7777777910
104049  -28.570  -2.678  6.804 0.7777777910
104057  -27.116  -2.432  5.574 0.7777777910
105257  -28.766  -1.723  6.634 0.5555555820
104035  -29.203  -2.293  7.313 0.5555555820
101608  -20.183  -4.601  8.464 0.4444444478
100429  -21.153  -4.777  7.877 0.5555555820
101641  -22.352  -4.360  6.273 0.7777777910
101672  -23.016  -4.591  4.762 1.0000000000
101655  -22.703  -4.519  5.537 0.8888888955
102836  -23.322  -3.791  4.351 1.0000000000
102852  -24.360  -3.880  3.753 0.8888888955
104097  -24.747  -3.198  4.005 0.8888888955
102837  -25.279  -3.679  4.431 0.8888888955
104077  -25.742  -2.889  5.068 0.8888888955
102818  -26.481  -3.295  5.185 0.8888888955
104058  -27.559  -2.347  5.908 0.6666666865
105240  -29.313  -1.027  7.140 0.5555555820
105255  -22.394  -2.045  6.571 0.6666666865
102803  -21.918  -3.433  6.928 0.6666666865
104055  -22.621  -2.639  5.661 0.7777777910
104095  -23.504  -2.780  4.142 0.8888888955
104094  -23.029  -2.235  4.130 0.7777777910
105301  -24.010  -1.989  3.739 0.7777777910
104096  -24.183  -2.955  3.782 0.8888888955
105282  -25.210  -1.499  4.630 0.7777777910
104076  -25.183  -2.536  4.574 0.8888888955
105283  -25.809  -1.796  5.049 0.7777777910
104056  -26.505  -2.125  5.181 0.6666666865
106504  -25.808  -0.763  5.349 0.6666666865
106494  -27.197  -0.338  5.406 0.6666666865
105269  -27.159  -1.399  5.460 0.6666666865
105270  -27.703  -1.762  5.778 0.5555555820
107717  -28.026  0.453  4.871 0.6666666865
106479  -28.517  -0.198  5.763 0.5555555820
106480  -28.966  -0.626  6.404 0.4444444478
107697  -28.642  0.355  5.499 0.5555555820
106477  -21.022  -0.195  6.658 0.3333333433
105234  -21.430  -0.952  7.265 0.3333333433
106492  -21.428  -0.832  5.453 0.5555555820
105266  -21.863  -1.372  5.394 0.6666666865
107725  -21.475  -0.565  4.931 0.5555555820
106500  -22.032  -1.268  4.748 0.7777777910
106521  -23.734  -1.089  3.904 0.7777777910
106501  -23.427  -0.347  4.312 0.6666666865
105281  -24.516  -1.286  4.226 0.6666666865
106502  -24.309  -0.406  4.410 0.6666666865
106503  -25.147  -0.526  4.859 0.6666666865
107715  -26.582  0.487  5.226 0.6666666865
107716  -27.067  0.539  5.028 0.6666666865
107718  -28.729  0.610  5.342 0.5555555820
108943  -28.833  1.185  5.169 0.5555555820
107695  -20.737  0.534  6.020 0.4444444478
107694  -20.804  0.539  6.848 0.4444444478
107696  -21.261  1.081  5.872 0.5555555820
107712  -21.147  -0.135  5.308 0.5555555820
107726  -21.845  -0.089  4.822 0.6666666865
107745  -22.400  -0.449  4.497 0.6666666865
107728  -23.927  0.357  4.678 0.6666666865
107730  -25.927  0.368  5.465 0.6666666865
107731  -26.648  0.749  4.473 0.6666666865
108958  -27.578  1.623  4.082 0.6666666865
108942  -28.218  1.554  4.555 0.5555555820
108921  -21.072  1.489  6.347 0.4444444478
107714  -22.421  0.845  5.071 0.6666666865
107727  -22.756  0.407  4.672 0.6666666865
108953  -23.583  1.003  4.973 0.6666666865
107729  -24.882  0.285  5.082 0.6666666865
87819  -24.593  -15.518  7.362 0.8888888955
87818  -23.853  -15.197  7.792 1.0000000000
89152  -24.047  -14.494  7.366 1.0000000000
90541  -25.278  -13.355  6.192 1.0000000000
90559  -26.889  -13.486  5.570 1.0000000000
102791  -21.032  -3.835  7.782 0.5555555820
100458  -22.416  -5.429  6.521 0.7777777910
101685  -24.022  -4.670  3.888 1.0000000000
102773  -19.881  -3.838  8.676 0.2222222239
105256  -28.384  -1.270  5.992 0.6666666865
105300  -23.279  -1.765  3.856 0.7777777910
107713  -21.791  0.707  5.340 0.6666666865
108937  -22.774  1.307  5.455 0.6666666865
97945  -21.205  -7.486  7.966 0.4444444478
99193  -21.044  -6.479  7.780 0.4444444478
110222  -29.221  2.243  5.440 0.5555555820
110205  -29.607  1.665  5.929 0.5555555820
107676  -20.870  0.709  7.314 0.2222222239
110221  -28.418  1.963  4.963 0.5555555820
82806  -23.821  -19.192  9.709 0.5555555820
84047  -24.571  -18.576  8.708 0.5555555820
85322  -24.252  -17.680  9.011 0.6666666865
85333  -24.683  -17.714  8.235 0.5555555820
85334  -25.476  -17.726  8.054 0.5555555820
86590  -26.925  -16.030  7.082 0.7777777910
87822  -27.253  -15.292  7.256 0.8888888955
84035  -23.391  -18.540  9.854 0.5555555820
85348  -25.772  -17.042  7.577 0.6666666865
86589  -26.072  -16.291  6.861 0.6666666865
86606  -26.274  -15.785  6.664 0.8888888955
87833  -27.221  -14.687  6.771 0.7777777910
90524  -27.870  -13.597  6.709 0.7777777910
91937  -27.826  -12.628  5.949 0.8888888955
85310  -22.633  -17.550  10.713 0.4444444478
87798  -22.729  -15.546  9.834 0.5555555820
91953  -27.542  -12.501  5.459 1.0000000000
89129  -22.640  -14.568  9.539 0.2222222239
89130  -23.158  -14.565  8.876 0.6666666865
93272  -28.213  -10.899  5.046 0.8888888955
94510  -28.736  -10.525  5.702 0.6666666865
95709  -28.327  -9.570  5.468 0.7777777910
96815  -29.148  -8.774  6.528 0.6666666865
91903  -22.422  -12.571  8.531 0.5555555820
97959  -29.159  -7.768  6.684 0.6666666865
93211  -22.140  -11.644  8.647 0.4444444478
99195  -29.715  -6.417  7.525 0.5555555820
95659  -21.862  -9.397  8.244 0.2222222239
100446  -29.722  -5.542  7.807 0.5555555820
97925  -20.765  -8.047  8.382 0.4444444478
101629  -29.572  -4.412  7.710 0.5555555820
99175  -20.338  -6.169  8.839 0.3333333433
102794  -30.140  -3.395  8.049 0.5555555820
104015  -30.521  -2.372  8.553 0.4444444478
101594  -19.391  -4.689  8.941 0.3333333433
105241  -29.909  -1.345  7.834 0.5555555820
106463  -30.055  -0.371  7.387 0.4444444478
105212  -21.128  -1.565  8.463 0.3333333433
105235  -21.694  -1.879  7.835 0.4444444478
107682  -29.837  0.288  6.469 0.4444444478
108923  -29.812  1.217  6.209 0.4444444478
110223  -30.379  2.564  5.856 0.2222222239
108920  -20.620  1.135  6.846 0.3333333433
108936  -21.827  1.490  6.001 0.6666666865
108938  -23.933  1.663  5.461 0.6666666865
108955  -25.420  1.019  5.308 0.6666666865
108956  -26.276  1.175  4.730 0.6666666865
108941  -26.647  1.974  4.730 0.6666666865
108957  -26.831  1.580  3.924 0.6666666865
110234  -29.084  3.182  4.676 0.4444444478
110215  -22.498  1.996  6.255 0.5555555820
86554  -23.362  -17.123  9.736 0.5555555820
85347  -25.010  -17.233  7.648 0.7777777910
89153  -24.786  -14.472  6.743 1.0000000000
90543  -26.697  -14.095  5.965 1.0000000000
89161  -26.337  -14.625  6.293 0.8888888955
87832  -26.690  -15.325  6.709 0.8888888955
86553  -22.826  -16.607  10.027 0.5555555820
86564  -23.121  -16.036  9.588 0.6666666865
87809  -23.577  -15.474  8.491 0.8888888955
87831  -25.927  -15.448  6.486 0.8888888955
89173  -27.260  -13.822  5.852 1.0000000000
90558  -26.122  -13.029  5.593 1.0000000000
90544  -27.651  -13.182  6.147 1.0000000000
91952  -26.721  -12.556  5.213 1.0000000000
89116  -22.483  -15.003  10.074 0.5555555820
90503  -22.899  -13.553  8.523 0.8888888955
89142  -23.493  -14.488  8.088 1.0000000000
91920  -23.161  -12.455  7.734 0.8888888955
91936  -24.334  -12.511  6.364 1.0000000000
91968  -26.709  -11.938  4.749 1.0000000000
93254  -27.855  -11.942  5.221 0.8888888955
93269  -25.951  -11.315  4.422 1.0000000000
93270  -26.611  -11.253  4.405 1.0000000000
94525  -28.331  -10.219  4.985 0.7777777910
93237  -23.352  -11.455  6.953 1.0000000000
93227  -22.759  -11.398  7.835 0.5555555820
93251  -23.809  -11.084  6.235 1.0000000000
94507  -23.948  -10.390  5.627 1.0000000000
94521  -25.663  -9.995  4.423 1.0000000000
95736  -26.309  -9.475  3.672 1.0000000000
96853  -27.103  -9.040  3.684 1.0000000000
96828  -27.315  -8.541  5.108 0.8888888955
97972  -27.994  -7.842  5.635 0.7777777910
94469  -22.051  -10.548  8.376 0.5555555820
93226  -22.412  -11.001  8.196 0.5555555820
95660  -22.301  -9.925  7.990 0.6666666865
94495  -22.763  -10.142  6.968 0.6666666865
94485  -23.005  -10.755  7.225 0.7777777910
94496  -23.350  -10.418  6.476 0.7777777910
96812  -23.054  -8.429  6.413 0.6666666865
96826  -23.697  -8.528  5.502 0.8888888955
95694  -23.525  -9.565  5.833 0.8888888955
96827  -24.388  -8.509  4.772 0.8888888955
96839  -25.434  -9.027  3.861 1.0000000000
97999  -26.116  -7.929  4.035 1.0000000000
97970  -26.740  -7.052  4.981 0.8888888955
97971  -27.276  -7.404  5.317 0.8888888955
100461  -29.125  -5.295  7.307 0.6666666865
96797  -22.548  -8.274  7.410 0.5555555820
96776  -21.236  -8.520  8.397 0.3333333433
95679  -22.206  -8.849  7.768 0.4444444478
96825  -23.355  -7.941  5.709 0.7777777910
97984  -24.324  -7.503  4.289 0.8888888955
96850  -25.284  -8.050  3.612 1.0000000000
99237  -27.024  -5.807  5.025 0.7777777910
99219  -23.296  -6.696  5.368 0.8888888955
100499  -24.881  -5.591  3.622 1.0000000000
101643  -28.332  -4.420  6.703 0.7777777910
97944  -20.791  -6.945  8.086 0.4444444478
100486  -23.243  -5.420  4.633 0.8888888955
101687  -25.159  -4.698  3.994 0.8888888955
101656  -26.807  -4.036  5.186 0.7777777910
102806  -28.089  -3.483  6.647 0.6666666865
104036  -29.869  -2.426  7.982 0.5555555820
100457  -22.249  -4.853  6.937 0.6666666865
102853  -24.883  -4.010  3.824 1.0000000000
101610  -21.153  -4.466  7.794 0.5555555820
101640  -22.074  -4.280  6.999 0.5555555820
102835  -22.956  -3.742  4.864 1.0000000000
102817  -22.710  -3.571  5.552 0.7777777910
102804  -22.382  -3.478  6.313 0.7777777910
104074  -23.163  -3.249  4.499 0.7777777910
104030  -21.686  -2.509  7.494 0.5555555820
104045  -22.014  -2.558  6.961 0.5555555820
105254  -21.815  -1.451  6.568 0.4444444478
104046  -22.385  -2.653  6.426 0.6666666865
105280  -22.322  -1.720  4.984 0.6666666865
101627  -21.159  -3.981  7.631 0.7777777910
102792  -21.421  -3.415  7.530 0.6666666865
105299  -22.672  -1.718  4.189 0.7777777910
104073  -22.804  -2.712  4.665 0.7777777910
104075  -24.691  -2.214  3.997 0.7777777910
105268  -26.496  -1.079  5.409 0.6666666865
106493  -26.518  -0.093  5.472 0.6666666865
106495  -27.826  -0.722  5.613 0.5555555820
107698  -29.323  0.441  5.922 0.4444444478
106462  -29.638  -0.172  6.680 0.4444444478
106478  -21.042  -0.500  6.037 0.5555555820
106518  -21.889  -0.925  4.646 0.6666666865
106520  -22.852  -0.910  3.944 0.7777777910
107732  -27.174  0.767  4.043 0.6666666865
100443  -20.821  -5.962  7.783 0.4444444478
102774  -20.821  -3.607  8.129 0.3333333433
99192  -20.485  -6.439  7.979 0.4444444478
110206  -30.010  1.908  6.253 0.3333333433
111445  -29.897  3.309  5.325 0.3333333433
84046  -24.040  -18.521  9.349 0.5555555820
84034  -22.878  -18.475  10.471 0.4444444478
82792  -22.815  -18.994  10.879 0.5555555820
91954  -28.003  -12.350  5.814 0.7777777910
84023  -22.513  -18.439  11.255 0.3333333433
95695  -28.866  -9.686  6.163 0.6666666865
94468  -21.395  -10.382  8.809 0.1111111119
95658  -21.245  -9.315  8.838 0.1111111119
97924  -20.529  -7.415  8.617 0.4444444478
100428  -20.476  -5.415  7.933 0.3333333433
105213  -21.251  -2.242  8.339 0.3333333433
110233  -28.259  2.664  4.036 0.6666666865
82810  -27.331  -18.793  9.385 0.4444444478
84024  -28.879  -18.590  10.704 0.2222222239
82807  -24.680  -19.336  9.445 0.4444444478
82808  -25.635  -19.445  9.289 0.4444444478
82820  -25.143  -19.076  8.760 0.4444444478
82821  -25.861  -18.923  8.747 0.4444444478
84048  -27.028  -18.531  8.907 0.4444444478
84049  -27.571  -17.953  9.195 0.4444444478
85325  -29.319  -17.369  9.754 0.2222222239
84061  -26.020  -18.252  8.431 0.4444444478
85335  -26.334  -17.538  8.133 0.4444444478
85336  -27.416  -17.365  8.364 0.4444444478
86568  -29.793  -16.380  9.505 0.1111111119
86569  -30.316  -16.362  9.784 0.1111111119
85337  -28.179  -16.740  8.479 0.3333333433
86579  -28.349  -16.055  8.267 0.3333333433
85350  -27.344  -16.592  7.636 0.4444444478
86578  -27.870  -16.482  7.973 0.3333333433
85349  -26.655  -16.862  7.558 0.4444444478
89143  -28.887  -14.434  8.307 0.2222222239
89144  -29.729  -14.180  8.568 0.1111111119
90486  -30.888  -13.737  8.876 0.1111111119
87823  -27.864  -15.153  8.168 0.3333333433
89155  -28.269  -14.135  7.845 0.3333333433
89154  -27.734  -14.307  7.229 0.4444444478
90525  -28.497  -13.316  7.084 0.5555555820
91922  -28.711  -12.483  6.760 0.6666666865
91924  -29.744  -12.302  7.916 0.4444444478
91938  -28.213  -12.571  6.313 0.6666666865
93230  -29.929  -11.280  7.761 0.3333333433
93239  -28.791  -11.973  6.418 0.6666666865
94486  -29.686  -10.673  7.371 0.5555555820
93255  -28.368  -11.702  5.606 0.6666666865
94498  -29.188  -10.508  6.421 0.5555555820
95681  -29.867  -9.616  7.440 0.3333333433
93256  -29.009  -10.998  5.867 0.5555555820
96800  -29.693  -8.398  7.162 0.4444444478
95696  -29.322  -9.417  6.756 0.4444444478
97949  -29.761  -7.170  7.282 0.4444444478
108954  -24.477  0.966  5.269 0.5555555820
108939  -24.957  1.683  5.649 0.5555555820
108940  -25.840  1.843  5.129 0.5555555820
110232  -27.306  2.837  3.621 0.5555555820
82809  -26.608  -19.285  9.253 0.4444444478
84037  -28.659  -18.376  10.141 0.2222222239
86567  -28.836  -16.303  9.028 0.2222222239
87812  -29.363  -14.882  8.754 0.2222222239
89131  -30.044  -14.798  9.055 0.1111111119
90504  -28.795  -13.651  7.911 0.4444444478
90505  -29.399  -13.569  8.213 0.3333333433
93228  -28.873  -12.083  6.891 0.6666666865
93229  -29.231  -11.561  7.045 0.4444444478
96801  -30.446  -8.442  7.810 0.3333333433
97950  -30.299  -7.552  7.620 0.4444444478
110218  -25.305  2.614  5.474 0.5555555820
81518  -26.109  -20.688  10.551 0.4444444478
81519  -27.069  -20.065  10.509 0.4444444478
82780  -28.692  -19.188  11.271 0.2222222239
82781  -29.687  -19.211  11.658 0.1111111119
82794  -24.175  -19.638  10.046 0.4444444478
81517  -24.961  -20.689  10.185 0.4444444478
85312  -29.650  -17.671  10.195 0.1111111119
85326  -30.145  -16.888  9.840 0.1111111119
84025  -29.540  -18.595  11.070 0.1111111119
86555  -30.670  -16.430  10.281 0.1111111119
87802  -30.546  -15.635  9.704 0.1111111119
89132  -30.919  -14.455  9.304 0.1111111119
90507  -31.280  -13.148  8.802 0.1111111119
93213  -30.651  -11.490  8.319 0.2222222239
94487  -30.626  -10.491  7.915 0.1111111119
95682  -30.773  -9.365  8.159 0.2222222239
99196  -30.242  -6.454  8.135 0.4444444478
100447  -30.348  -5.281  8.516 0.3333333433
101630  -30.178  -4.382  8.361 0.4444444478
104009  -21.313  -2.711  8.120 0.4444444478
105221  -30.231  -1.680  8.414 0.4444444478
107700  -30.232  0.751  7.088 0.3333333433
111457  -28.619  3.599  4.107 0.5555555820
110216  -23.357  2.383  6.044 0.5555555820
110217  -24.383  2.450  5.843 0.5555555820
110219  -26.330  2.714  5.097 0.5555555820
111444  -26.928  3.452  3.707 0.5555555820
111440  -23.903  3.173  6.041 0.5555555820
90545  -27.968  -13.105  6.642 0.6666666865
94497  -28.961  -10.266  6.073 0.5555555820
107699  -30.030  0.693  6.535 0.3333333433
84060  -25.250  -18.461  8.383 0.4444444478
86591  -27.638  -15.960  7.557 0.3333333433
84036  -27.921  -18.570  9.814 0.4444444478
82797  -28.192  -18.930  10.497 0.3333333433
82796  -27.383  -19.349  10.018 0.4444444478
84038  -29.416  -18.055  10.374 0.1111111119
81527  -24.678  -20.044  9.944 0.4444444478
81528  -25.366  -20.081  9.794 0.4444444478
81529  -26.097  -19.927  9.729 0.4444444478
82822  -26.469  -18.653  8.753 0.4444444478
84062  -26.744  -18.072  8.570 0.4444444478
84063  -27.173  -17.994  8.763 0.4444444478
84050  -28.451  -17.953  9.636 0.4444444478
85323  -27.673  -17.507  8.931 0.4444444478
84051  -28.964  -17.948  9.978 0.2222222239
85324  -28.181  -17.301  9.081 0.4444444478
87811  -28.831  -15.460  8.632 0.3333333433
86592  -27.952  -15.942  7.968 0.3333333433
87800  -28.946  -15.726  9.022 0.2222222239
87801  -29.423  -15.564  9.166 0.2222222239
89145  -30.385  -14.098  8.805 0.1111111119
90506  -30.274  -13.211  8.462 0.1111111119
91923  -29.065  -12.482  7.204 0.4444444478
90526  -29.261  -13.111  7.642 0.4444444478
90527  -29.718  -13.088  7.978 0.3333333433
94470  -30.909  -10.877  8.273 0.1111111119
93240  -29.047  -11.383  6.166 0.5555555820
110220  -26.818  2.714  4.140 0.5555555820
82795  -26.665  -19.900  9.979 0.4444444478
111441  -24.676  3.357  5.850 0.5555555820
91904  -30.379  -12.341  8.382 0.2222222239
82779  -27.788  -19.672  10.864 0.4444444478
81504  -28.014  -19.816  11.706 0.2222222239
81516  -24.193  -20.266  10.467 0.4444444478
85313  -30.169  -17.539  10.509 0.1111111119
84039  -29.979  -18.207  10.808 0.1111111119
75208  -26.858  -25.807  15.544 0.1111111119
76490  -24.892  -23.949  13.731 0.3333333433
76469  -26.287  -24.527  14.103 0.2222222239
75227  -26.565  -25.261  14.660 0.2222222239
75228  -27.578  -25.276  14.857 0.1111111119
78941  -22.658  -22.423  13.048 0.3333333433
77739  -23.432  -23.257  13.593 0.3333333433
77715  -23.745  -23.925  14.008 0.3333333433
77741  -25.304  -23.547  13.473 0.3333333433
77742  -26.266  -23.783  13.664 0.3333333433
77743  -27.341  -23.433  13.678 0.2222222239
76470  -27.191  -24.554  14.488 0.2222222239
76471  -28.203  -24.561  14.558 0.1111111119
77717  -26.864  -23.998  14.104 0.2222222239
80205  -22.508  -21.252  12.553 0.2222222239
80178  -22.112  -21.562  13.165 0.2222222239
78942  -23.977  -22.817  12.866 0.3333333433
78943  -24.994  -23.030  12.901 0.3333333433
81500  -22.437  -20.165  11.738 0.2222222239
80206  -23.153  -21.226  11.967 0.3333333433
81501  -23.096  -20.407  11.524 0.3333333433
80226  -23.716  -21.244  11.149 0.3333333433
78993  -24.100  -21.789  11.374 0.3333333433
78973  -23.660  -22.111  11.925 0.3333333433
78994  -24.592  -22.106  11.446 0.3333333433
78975  -25.645  -22.616  12.279 0.3333333433
78995  -25.426  -22.276  11.566 0.3333333433
78976  -26.559  -22.268  12.533 0.3333333433
80207  -26.499  -21.465  12.018 0.3333333433
78977  -27.560  -22.265  12.813 0.3333333433
78946  -27.840  -22.740  13.288 0.1111111119
78978  -28.171  -22.302  12.983 0.2222222239
82777  -22.533  -19.538  11.324 0.2222222239
80239  -23.917  -20.779  10.724 0.3333333433
80240  -24.378  -20.992  10.673 0.3333333433
80227  -24.517  -21.517  11.090 0.3333333433
80242  -25.662  -21.300  10.973 0.3333333433
80229  -26.011  -21.645  11.266 0.3333333433
81502  -26.587  -21.094  11.479 0.3333333433
80208  -27.283  -21.483  12.488 0.3333333433
80209  -28.450  -21.648  12.846 0.1111111119
82776  -22.208  -18.871  11.671 0.3333333433
81503  -27.284  -20.509  11.284 0.3333333433
97931  -30.773  -7.351  8.404 0.2222222239
99179  -30.863  -6.483  8.593 0.2222222239
102778  -30.785  -3.317  8.728 0.2222222239
76492  -25.855  -24.351  13.805 0.3333333433
77718  -27.778  -23.899  14.183 0.1111111119
81476  -22.712  -20.634  12.065 0.3333333433
78972  -22.940  -21.831  12.303 0.3333333433
78974  -24.702  -22.624  12.072 0.3333333433
78944  -25.934  -22.946  13.094 0.3333333433
78945  -26.927  -22.915  13.156 0.3333333433
82778  -23.244  -19.870  11.181 0.3333333433
81478  -26.971  -20.973  11.998 0.3333333433
75192  -26.519  -25.988  16.165 0.1111111119
73931  -27.523  -26.373  15.923 0.1111111119
77714  -22.954  -23.841  14.039 0.3333333433
76450  -23.887  -24.723  14.592 0.3333333433
75225  -25.086  -24.924  14.320 0.3333333433
75226  -25.647  -25.159  14.417 0.3333333433
75209  -28.003  -25.833  15.423 0.1111111119
75229  -28.628  -25.243  14.954 0.1111111119
80204  -21.755  -20.847  12.925 0.2222222239
77719  -28.766  -23.785  14.278 0.1111111119
81475  -22.118  -20.316  12.259 0.2222222239
77744  -28.264  -23.096  13.932 0.1111111119
78947  -28.697  -22.341  13.347 0.1111111119
82753  -22.130  -19.888  11.774 0.2222222239
81479  -27.955  -20.616  12.314 0.1111111119
84022  -21.790  -18.152  11.932 0.1111111119
100433  -31.072  -5.578  8.912 0.2222222239
104016  -31.352  -2.197  8.974 0.2222222239
86537  -22.367  -16.600  11.037 0.3333333433
82793  -23.394  -19.437  10.534 0.4444444478
101614  -30.897  -4.353  9.018 0.2222222239
76467  -24.498  -24.512  14.130 0.3333333433
77740  -24.402  -23.586  13.526 0.3333333433
76468  -25.460  -24.694  13.995 0.3333333433
77738  -22.792  -23.089  13.866 0.2222222239
78996  -26.056  -22.129  11.867 0.3333333433
80228  -25.246  -21.706  11.170 0.3333333433
81477  -26.659  -21.159  11.856 0.3333333433
80241  -25.157  -21.131  10.812 0.3333333433
75191  -25.955  -25.819  16.107 0.1111111119
75207  -25.789  -25.522  15.234 0.2222222239
76466  -23.342  -24.620  14.375 0.3333333433
75206  -24.710  -25.100  14.995 0.3333333433
78940  -22.023  -21.961  13.491 0.2222222239
78923  -22.400  -22.797  13.878 0.2222222239
99180  -31.312  -6.535  9.117 0.1111111119
100435  -33.252  -5.457  9.688 0.1111111119
100434  -32.079  -5.505  9.522 0.1111111119
101615  -31.839  -4.356  9.552 0.1111111119
101616  -33.020  -4.341  9.590 0.1111111119
102780  -32.698  -3.173  9.552 0.1111111119
102779  -31.575  -3.193  9.358 0.1111111119
106464  -30.514  -0.550  8.133 0.2222222239
104017  -32.062  -2.108  8.828 0.1111111119
107684  -30.850  0.556  7.634 0.1111111119
107683  -30.044  0.311  6.996 0.2222222239
108924  -30.304  1.356  6.969 0.1111111119
107669  -31.580  0.318  8.074 0.1111111119
108913  -31.701  1.377  7.645 0.1111111119
111429  -22.352  3.383  6.962 0.4444444478
110224  -31.021  2.887  6.180 0.1111111119
112480  -30.423  3.623  5.439 0.1111111119
111446  -30.713  3.269  5.689 0.1111111119
111442  -25.677  3.626  5.594 0.4444444478
112477  -26.279  4.293  5.629 0.4444444478
111443  -26.578  3.593  4.615 0.4444444478
111455  -26.872  3.831  3.899 0.4444444478
111456  -27.237  3.805  3.197 0.4444444478
111471  -27.876  4.219  2.861 0.4444444478
111472  -28.268  4.410  4.022 0.2222222239
111473  -29.099  4.880  4.223 0.2222222239
111458  -29.482  4.065  4.493 0.2222222239
111459  -29.780  4.659  4.124 0.2222222239
112492  -30.637  4.693  4.622 0.2222222239
116589  -28.897  8.290  1.383 0.1111111119
114543  -30.318  6.983  2.644 0.1111111119
113533  -31.706  5.798  3.756 0.1111111119
112470  -22.879  3.799  7.202 0.4444444478
111426  -23.785  3.975  7.160 0.4444444478
111431  -24.131  3.968  6.462 0.4444444478
111432  -24.794  4.165  5.980 0.3333333433
112478  -26.795  4.294  4.831 0.4444444478
112490  -27.981  4.317  4.025 0.4444444478
112489  -27.213  4.034  4.101 0.4444444478
112507  -28.050  4.977  3.280 0.4444444478
113509  -27.711  5.300  4.896 0.3333333433
113530  -28.806  5.653  2.990 0.1111111119
112509  -29.220  5.436  3.925 0.1111111119
113531  -29.611  5.828  3.475 0.1111111119
112510  -29.931  5.109  3.876 0.2222222239
114531  -30.071  6.397  3.258 0.1111111119
112466  -23.157  4.261  7.251 0.2222222239
112473  -25.383  4.667  6.119 0.3333333433
113507  -26.640  4.720  5.682 0.3333333433
112479  -27.312  4.591  4.721 0.3333333433
113516  -28.343  5.399  4.109 0.2222222239
113529  -28.300  5.689  3.379 0.2222222239
113545  -29.027  5.932  2.593 0.1111111119
114528  -27.972  6.377  3.753 0.1111111119
114529  -28.447  6.346  3.178 0.1111111119
115525  -28.533  6.886  2.990 0.1111111119
114542  -29.361  6.520  2.667 0.1111111119
115535  -28.503  7.200  2.461 0.1111111119
112472  -24.414  4.905  6.510 0.3333333433
113502  -24.986  5.618  6.736 0.3333333433
113503  -26.119  5.346  6.296 0.3333333433
115524  -27.914  7.355  3.240 0.1111111119
115547  -27.831  7.381  1.956 0.1111111119
116581  -28.541  7.647  1.888 0.1111111119
116598  -26.980  8.126  0.642 0.1111111119
114502  -24.558  6.645  8.311 0.1111111119
114503  -25.290  6.953  7.781 0.1111111119
114507  -25.560  6.282  7.053 0.2222222239
114508  -26.271  6.492  6.664 0.2222222239
113504  -26.502  5.843  6.132 0.3333333433
115510  -26.802  6.772  5.663 0.2222222239
113508  -26.937  5.290  5.576 0.3333333433
114510  -26.633  6.311  5.888 0.3333333433
115512  -27.756  7.008  5.105 0.2222222239
115516  -27.410  7.282  4.289 0.1111111119
116570  -27.320  8.274  3.775 0.1111111119
116579  -27.185  8.493  2.669 0.1111111119
115534  -27.540  7.501  2.276 0.1111111119
116587  -27.065  8.065  1.655 0.1111111119
116588  -27.798  7.770  1.470 0.1111111119
116599  -28.028  8.660  0.561 0.1111111119
116600  -29.267  8.328  0.319 0.1111111119
115500  -26.360  7.731  7.412 0.1111111119
114504  -25.814  6.996  7.281 0.1111111119
116560  -27.231  8.405  5.694 0.1111111119
115511  -27.173  7.321  5.336 0.2222222239
116564  -27.043  8.296  4.748 0.1111111119
117582  -27.383  9.174  3.392 0.1111111119
117593  -27.097  9.609  2.713 0.1111111119
115501  -27.311  8.165  7.176 0.1111111119
116551  -26.490  8.532  8.295 0.1111111119
116556  -27.368  8.263  6.240 0.1111111119
116561  -27.776  9.068  5.739 0.1111111119
117571  -27.131  9.096  5.191 0.1111111119
117583  -27.792  9.782  3.639 0.1111111119
116553  -27.882  8.835  7.529 0.1111111119
117568  -28.305  9.687  6.262 0.1111111119
99181  -32.289  -6.695  9.598 0.1111111119
101617  -34.141  -4.304  9.485 0.1111111119
105223  -32.126  -1.232  8.839 0.1111111119
108912  -30.952  1.694  7.462 0.1111111119
110204  -22.631  2.740  6.529 0.4444444478
110248  -28.180  3.670  3.321 0.4444444478
112491  -30.183  4.020  5.228 0.1111111119
111447  -31.514  3.483  6.020 0.1111111119
113532  -30.655  5.653  3.746 0.2222222239
114530  -29.563  6.158  3.066 0.1111111119
114544  -30.964  7.142  2.625 0.1111111119
115505  -26.561  7.131  6.158 0.2222222239
115507  -27.473  8.221  6.645 0.1111111119
117594  -27.613  9.748  3.155 0.1111111119
117572  -27.909  9.852  5.265 0.1111111119
100436  -34.337  -5.187  9.530 0.1111111119
105222  -31.028  -1.200  8.629 0.2222222239
110207  -30.849  2.334  6.932 0.1111111119
100420  -33.781  -5.929  9.943 0.1111111119
100419  -33.075  -6.321  9.804 0.1111111119
100437  -35.083  -5.194  9.211 0.1111111119
100421  -34.640  -5.879  9.716 0.1111111119
101618  -34.919  -4.406  9.147 0.1111111119
102781  -33.894  -3.233  9.442 0.1111111119
104018  -33.501  -2.241  9.025 0.1111111119
105224  -33.338  -1.225  8.709 0.1111111119
106448  -32.749  -0.442  8.628 0.1111111119
107686  -32.844  0.466  8.401 0.1111111119
110198  -32.252  1.945  7.518 0.1111111119
110208  -31.866  2.523  7.127 0.1111111119
112482  -31.725  4.245  5.316 0.1111111119
111448  -32.506  3.858  6.055 0.1111111119
111430  -23.354  3.407  6.793 0.4444444478
114520  -32.692  5.921  3.940 0.1111111119
115526  -32.033  6.902  2.986 0.1111111119
113499  -22.824  5.109  7.698 0.2222222239
112467  -23.739  4.699  7.099 0.3333333433
115537  -30.692  7.572  2.195 0.1111111119
114506  -24.804  6.352  7.402 0.1111111119
116601  -29.862  8.091  0.739 0.1111111119
116613  -29.190  8.228  -0.693 0.1111111119
113496  -23.748  6.592  8.896 0.1111111119
114499  -24.594  6.734  9.396 0.1111111119
115495  -25.751  7.453  8.269 0.1111111119
115496  -26.238  7.975  8.655 0.1111111119
116612  -28.342  8.701  -0.549 0.1111111119
115497  -26.744  7.971  9.080 0.1111111119
116546  -27.185  8.519  8.977 0.1111111119
117602  -26.056  9.614  1.518 0.1111111119
116609  -25.862  8.977  0.280 0.1111111119
116610  -26.124  8.467  -0.107 0.1111111119
116547  -27.780  8.996  8.384 0.1111111119
117576  -27.997  10.157  4.280 0.1111111119
118551  -27.804  10.541  3.474 0.1111111119
105242  -30.361  -1.163  8.342 0.1111111119
110247  -27.751  3.513  3.134 0.4444444478
106446  -31.346  -0.183  8.271 0.1111111119
107685  -31.962  0.734  8.042 0.1111111119
111433  -31.498  2.906  6.610 0.1111111119
112481  -30.879  3.886  5.392 0.1111111119
112508  -28.381  5.442  4.003 0.2222222239
111474  -29.539  5.014  4.064 0.1111111119
113517  -31.358  5.389  4.324 0.1111111119
115548  -29.598  8.127  1.520 0.1111111119
115536  -29.539  7.698  2.138 0.1111111119
115549  -30.288  7.954  1.289 0.1111111119
113534  -32.358  5.811  3.984 0.1111111119
113518  -32.069  5.505  4.382 0.1111111119
114532  -31.220  6.611  3.158 0.2222222239
114541  -28.768  6.273  2.654 0.1111111119
116580  -28.112  7.399  1.926 0.1111111119
113500  -23.985  5.758  7.631 0.1111111119
114517  -27.804  6.361  4.679 0.2222222239
115546  -27.493  7.545  1.817 0.1111111119
114511  -27.195  6.282  5.348 0.3333333433
114512  -27.662  6.717  5.154 0.2222222239
114518  -27.793  6.694  4.867 0.1111111119
116597  -26.426  8.885  0.872 0.1111111119
115499  -25.790  7.303  7.660 0.1111111119
115506  -26.925  7.953  6.339 0.1111111119
117575  -27.495  9.223  4.327 0.1111111119
117595  -27.755  9.862  3.357 0.1111111119
116578  -26.652  9.201  2.464 0.1111111119
116586  -26.481  8.992  1.973 0.1111111119
116552  -26.960  8.823  7.873 0.1111111119
115502  -27.741  8.364  6.981 0.1111111119
116557  -27.833  8.743  6.522 0.1111111119
106447  -31.974  -0.461  8.627 0.1111111119
112493  -31.828  5.003  4.816 0.1111111119
115538  -31.590  7.327  2.491 0.1111111119
118562  -27.590  10.218  2.885 0.1111111119
118538  -28.384  10.831  4.912 0.1111111119
116545  -26.611  8.334  8.709 0.1111111119
107671  -32.440  -0.048  8.539 0.1111111119
108914  -32.656  1.315  7.877 0.1111111119
112494  -32.373  5.292  4.812 0.1111111119
115561  -31.157  7.650  0.614 0.1111111119
115560  -30.229  7.803  0.235 0.1111111119
114500  -25.233  7.019  8.892 0.1111111119
117592  -26.300  9.860  2.261 0.1111111119
119456  -27.719  11.283  3.821 0.1111111119
118550  -27.578  10.733  2.849 0.1111111119
75205  -23.552  -25.164  14.934 0.2222222239
91902  -21.693  -12.597  8.931 0.2222222239
90502  -22.050  -13.140  8.945 0.3333333433
93188  -21.736  -12.062  9.087 0.3333333433
110203  -21.689  2.499  6.609 0.3333333433
110202  -21.033  1.953  7.154 0.2222222239
112461  -21.478  4.411  8.341 0.1111111119
112462  -21.947  4.757  8.065 0.1111111119
112465  -22.192  4.284  7.517 0.2222222239
103988  -20.312  -2.093  8.898 0.2222222239
104007  -19.777  -3.356  9.009 0.1111111119
90484  -22.464  -13.712  9.247 0.2222222239
103987  -19.575  -2.831  9.545 0.1111111119
106457  -21.524  -0.203  8.200 0.1111111119
107677  -21.322  0.413  7.938 0.1111111119
110194  -20.785  2.510  8.153 0.1111111119
111420  -20.686  3.638  8.751 0.1111111119
113494  -21.985  5.308  8.593 0.1111111119
108910  -20.579  1.021  7.183 0.1111111119
87788  -22.345  -15.589  10.559 0.2222222239
89128  -22.385  -13.892  9.712 0.2222222239
90485  -22.921  -14.018  9.149 0.3333333433
108911  -20.916  1.312  7.683 0.1111111119
96775  -20.697  -8.532  8.838 0.1111111119
111424  -21.684  3.451  7.275 0.3333333433
111423  -21.331  3.420  8.002 0.1111111119
90483  -21.790  -13.328  9.529 0.2222222239
110195  -21.282  2.777  7.428 0.1111111119
107662  -21.337  0.758  8.465 0.1111111119
108903  -20.921  1.805  8.661 0.1111111119
110187  -20.555  2.761  9.165 0.1111111119
91905  -30.999  -12.395  8.615 0.1111111119
73929  -23.927  -25.868  15.597 0.1111111119
75190  -24.966  -25.802  15.847 0.1111111119
73927  -21.956  -26.007  15.584 0.1111111119
75204  -22.465  -25.313  14.937 0.1111111119
76465  -22.377  -24.423  14.642 0.1111111119
77713  -22.259  -23.371  14.364 0.1111111119
78922  -21.775  -22.453  14.027 0.1111111119
87770  -22.225  -15.871  11.417 0.1111111119
93187  -21.455  -11.537  9.200 0.1111111119
99174  -19.917  -5.673  9.352 0.2222222239
100427  -19.853  -5.267  8.817 0.2222222239
100413  -19.304  -5.334  9.336 0.2222222239
101593  -19.133  -4.740  9.658 0.2222222239
76449  -21.896  -24.897  15.027 0.1111111119
93210  -21.633  -11.064  8.697 0.1111111119
73928  -22.899  -26.048  15.397 0.1111111119
75203  -21.442  -25.345  15.575 0.1111111119
77712  -21.320  -23.350  14.756 0.1111111119
81474  -21.603  -20.056  12.731 0.1111111119
86536  -22.281  -16.472  11.977 0.1111111119
87787  -21.870  -15.157  11.169 0.1111111119
91881  -21.458  -12.352  9.206 0.1111111119
99161  -19.585  -6.117  9.866 0.2222222239
101571  -18.969  -4.800  10.473 0.2222222239
102755  -18.991  -3.844  10.181 0.1111111119
73909  -23.187  -26.505  16.169 0.1111111119
102756  -19.372  -3.911  9.290 0.1111111119
99162  -20.020  -6.413  9.538 0.2222222239
82752  -22.008  -19.293  12.243 0.1111111119
75224  -23.024  -25.117  14.553 0.1111111119
76464  -21.860  -23.867  14.777 0.1111111119
91901  -21.263  -12.834  9.135 0.1111111119
87769  -22.087  -15.516  12.061 0.1111111119
100412  -19.264  -5.342  9.932 0.1111111119
78921  -20.878  -22.501  14.636 0.1111111119
86535  -21.457  -16.341  12.358 0.1111111119
87768  -21.226  -15.580  12.463 0.1111111119
89115  -22.283  -14.319  10.384 0.1111111119
102734  -18.419  -3.637  11.355 0.1111111119
103986  -18.679  -2.951  10.594 0.1111111119
105198  -20.277  -1.702  9.385 0.1111111119
97908  -19.952  -7.101  9.929 0.1111111119
106438  -20.952  -0.760  8.684 0.1111111119
106456  -21.379  -0.193  7.588 0.1111111119
75223  -22.787  -24.945  14.525 0.1111111119
76451  -24.164  -24.803  14.729 0.3333333433
76491  -25.381  -24.166  13.766 0.3333333433
77716  -26.478  -24.118  13.935 0.2222222239
80179  -28.763  -21.856  13.171 0.1111111119
81515  -23.610  -20.338  10.942 0.3333333433
86607  -26.481  -15.897  6.786 0.8888888955
87789  -30.824  -15.896  10.225 0.1111111119
87821  -26.967  -15.571  6.996 0.7777777910
89172  -26.982  -14.042  5.760 1.0000000000
90501  -21.450  -13.109  8.946 0.1111111119
94511  -29.026  -10.716  5.957 0.5555555820
94533  -26.625  -9.870  3.693 1.0000000000
94535  -27.243  -10.055  3.995 1.0000000000
95720  -25.356  -9.369  4.342 1.0000000000
95723  -27.982  -9.776  4.811 0.8888888955
95737  -26.799  -9.556  3.561 1.0000000000
95738  -27.155  -9.688  3.646 1.0000000000
99160  -19.401  -5.680  10.101 0.1111111119
99220  -26.814  -6.651  4.997 0.7777777910
100391  -19.303  -5.319  10.232 0.1111111119
100498  -24.162  -5.536  3.655 1.0000000000
101609  -20.882  -4.372  7.872 0.5555555820
101628  -21.436  -4.259  7.565 0.5555555820
101676  -26.824  -4.706  4.992 0.8888888955
102775  -21.357  -3.089  7.849 0.4444444478
102819  -26.994  -3.402  5.689 0.8888888955
102851  -23.778  -3.779  3.889 1.0000000000
104008  -20.513  -2.804  8.675 0.1111111119
105253  -21.328  -0.706  6.585 0.3333333433
105267  -22.286  -1.952  5.946 0.6666666865
105279  -21.924  -1.341  4.944 0.7777777910
106499  -21.682  -1.058  4.800 0.6666666865
106519  -22.196  -1.070  4.509 0.7777777910
107670  -32.047  0.176  8.401 0.1111111119
107744  -21.877  -0.680  4.685 0.6666666865
107746  -22.878  -0.355  4.382 0.6666666865
108919  -20.524  0.851  6.992 0.3333333433
108922  -29.362  1.339  5.751 0.5555555820
110196  -31.034  2.081  7.351 0.1111111119
110197  -31.430  2.045  7.419 0.1111111119
111425  -23.468  3.850  7.145 0.4444444478
112464  -21.599  3.958  7.690 0.1111111119
112471  -23.238  3.798  7.170 0.4444444478
113498  -22.240  4.875  7.960 0.2222222239
113546  -29.242  5.913  2.820 0.1111111119
114513  -27.947  6.824  5.058 0.2222222239
114519  -28.142  6.756  4.912 0.1111111119
114533  -32.449  6.366  3.482 0.1111111119
115513  -27.989  7.071  5.045 0.1111111119
115517  -27.758  7.026  4.801 0.1111111119
115518  -27.947  6.858  4.934 0.1111111119
115539  -32.404  7.118  2.618 0.1111111119
116590  -29.597  8.203  1.068 0.1111111119
117584  -27.881  9.981  3.511 0.1111111119
118552  -27.845  10.213  3.490 0.1111111119
118563  -27.797  10.102  3.261 0.1111111119
