#!ascii label  , from subject 3822 vox2ras=TkReg
1524
80424  17.902  -20.530  81.962 0.0000000000
80271  32.244  -18.692  90.609 0.0000000000
97381  38.561  -7.121  64.605 0.0000000000
84279  32.399  -17.923  74.958 0.0000000000
80437  38.237  -19.325  81.308 0.0000000000
99812  52.379  -5.553  58.116 0.0000000000
93630  40.235  -9.763  67.324 0.0000000000
88287  35.194  -12.919  67.417 0.0000000000
70087  14.530  -27.786  82.868 0.0000000000
80326  26.053  -18.834  86.603 0.0000000000
80355  30.184  -18.564  84.863 0.0000000000
76600  21.580  -20.922  78.885 0.0000000000
99765  45.216  -4.097  60.119 0.0000000000
82835  22.149  -17.481  89.084 0.0000000000
77743  16.600  -21.766  88.276 0.0000000000
101864  43.258  -2.691  65.156 0.0000000000
71218  11.857  -26.689  88.358 0.0000000000
62420  9.132  -33.553  88.292 0.0000000000
89461  34.330  -12.528  73.580 0.0000000000
85645  35.421  -17.744  78.278 0.0000000000
77955  35.287  -21.345  77.469 0.0000000000
76531  33.256  -20.560  81.039 0.0000000000
90868  40.318  -10.673  69.348 0.0000000000
88312  37.358  -11.722  67.102 0.0000000000
89497  37.395  -11.524  69.601 0.0000000000
94853  43.007  -8.484  69.752 0.0000000000
75269  17.759  -24.399  79.883 0.0000000000
70109  16.001  -28.577  80.447 0.0000000000
75234  15.941  -24.275  82.189 0.0000000000
80359  21.909  -18.837  84.019 0.0000000000
77825  23.489  -20.445  82.834 0.0000000000
77891  19.965  -20.674  80.265 0.0000000000
75303  18.484  -24.216  77.752 0.0000000000
98608  38.467  -6.360  62.097 0.0000000000
99706  40.523  -5.710  67.460 0.0000000000
99737  40.517  -4.070  64.599 0.0000000000
100845  41.466  -4.417  61.740 0.0000000000
76415  16.084  -21.849  91.720 0.0000000000
75192  13.752  -24.186  88.337 0.0000000000
75146  13.149  -24.058  90.871 0.0000000000
67370  9.229  -30.320  93.269 0.0000000000
67433  9.395  -30.641  90.035 0.0000000000
62386  8.745  -34.039  90.321 0.0000000000
58877  6.843  -36.251  89.826 0.0000000000
58856  6.855  -36.196  91.644 0.0000000000
86882  36.258  -15.903  81.938 0.0000000000
84208  37.236  -18.189  80.471 0.0000000000
80495  36.476  -20.061  77.223 0.0000000000
79203  37.279  -20.525  79.722 0.0000000000
81622  27.844  -18.560  80.971 0.0000000000
79116  32.201  -19.198  83.052 0.0000000000
79185  30.764  -19.500  79.962 0.0000000000
76594  31.421  -21.363  78.470 0.0000000000
86978  32.099  -14.952  74.123 0.0000000000
87020  32.134  -14.473  71.097 0.0000000000
84312  30.655  -17.441  72.128 0.0000000000
99818  55.947  -4.668  57.582 0.0000000000
98669  54.132  -5.971  56.944 0.0000000000
96140  39.139  -8.259  65.734 0.0000000000
92275  37.095  -10.654  65.591 0.0000000000
98546  41.322  -7.089  68.553 0.0000000000
78983  29.262  -18.855  89.528 0.0000000000
79012  31.569  -19.668  88.112 0.0000000000
77762  27.569  -19.641  85.637 0.0000000000
77845  25.753  -19.876  82.243 0.0000000000
79223  24.173  -19.758  78.344 0.0000000000
104124  46.067  -1.013  63.018 0.0000000000
101897  46.993  -3.120  61.021 0.0000000000
98622  48.278  -5.374  59.631 0.0000000000
98672  50.293  -5.899  57.763 0.0000000000
81570  20.184  -18.806  86.513 0.0000000000
80346  16.942  -20.632  85.763 0.0000000000
80305  19.389  -19.824  89.276 0.0000000000
84123  24.012  -16.869  87.124 0.0000000000
101901  43.703  -3.442  62.417 0.0000000000
75222  14.850  -24.066  85.265 0.0000000000
70079  12.836  -27.410  85.394 0.0000000000
64890  11.604  -30.955  85.714 0.0000000000
71201  11.378  -26.691  91.624 0.0000000000
67478  10.634  -30.550  87.813 0.0000000000
56432  5.267  -38.074  92.877 0.0000000000
92146  36.734  -10.817  72.554 0.0000000000
88157  33.236  -14.689  76.540 0.0000000000
86915  34.349  -15.580  79.694 0.0000000000
85678  33.948  -17.925  76.602 0.0000000000
82988  35.512  -19.943  75.547 0.0000000000
78010  36.002  -21.716  74.885 0.0000000000
76674  33.690  -22.226  74.780 0.0000000000
79053  32.703  -20.147  86.147 0.0000000000
76483  34.810  -20.715  83.650 0.0000000000
76510  35.921  -20.802  81.731 0.0000000000
76565  34.180  -21.322  79.325 0.0000000000
76649  32.582  -21.552  76.091 0.0000000000
90874  34.109  -12.209  70.092 0.0000000000
88263  32.332  -14.497  67.684 0.0000000000
90842  40.785  -10.272  70.219 0.0000000000
90870  38.741  -11.136  69.089 0.0000000000
90844  38.752  -10.697  69.782 0.0000000000
92180  42.288  -9.600  70.380 0.0000000000
77874  17.614  -21.775  81.276 0.0000000000
73918  16.284  -24.624  80.940 0.0000000000
77852  16.664  -21.940  82.777 0.0000000000
81612  20.063  -19.601  82.848 0.0000000000
79141  20.622  -19.814  82.002 0.0000000000
79166  19.360  -20.352  81.718 0.0000000000
77915  18.144  -22.215  79.568 0.0000000000
98601  38.264  -6.385  63.150 0.0000000000
98575  39.293  -6.187  66.012 0.0000000000
99722  40.124  -4.696  65.960 0.0000000000
99734  39.391  -5.194  64.562 0.0000000000
99739  39.282  -4.707  63.341 0.0000000000
64789  8.635  -32.096  92.682 0.0000000000
64804  8.486  -32.261  91.767 0.0000000000
62369  7.769  -33.623  91.206 0.0000000000
59969  7.630  -35.014  89.919 0.0000000000
59956  7.424  -35.147  90.628 0.0000000000
58866  6.886  -36.221  90.693 0.0000000000
85601  37.907  -17.816  81.236 0.0000000000
82916  37.938  -18.480  80.597 0.0000000000
80467  37.484  -19.520  79.746 0.0000000000
79182  37.822  -20.017  80.976 0.0000000000
78961  33.396  -19.152  89.809 0.0000000000
80455  26.887  -18.536  79.314 0.0000000000
81630  29.731  -18.537  80.202 0.0000000000
80470  29.343  -18.652  78.500 0.0000000000
79220  30.281  -19.623  78.151 0.0000000000
86979  31.707  -16.054  74.393 0.0000000000
85723  31.339  -16.277  73.015 0.0000000000
99798  51.687  -5.355  59.263 0.0000000000
100834  52.363  -4.431  60.807 0.0000000000
99811  53.511  -5.209  58.288 0.0000000000
99820  54.251  -5.507  57.499 0.0000000000
99821  53.308  -5.567  57.196 0.0000000000
94900  40.248  -8.946  66.873 0.0000000000
94910  38.180  -9.596  65.616 0.0000000000
92273  38.529  -10.561  66.393 0.0000000000
88313  36.672  -12.372  67.102 0.0000000000
88354  36.414  -11.972  66.389 0.0000000000
89582  35.126  -12.875  66.588 0.0000000000
93610  42.059  -9.371  68.538 0.0000000000
94887  40.966  -8.846  67.756 0.0000000000
97351  40.669  -7.656  67.569 0.0000000000
70103  15.406  -28.298  81.526 0.0000000000
68863  14.094  -29.429  83.379 0.0000000000
79016  27.394  -19.412  87.994 0.0000000000
79015  28.567  -19.465  88.033 0.0000000000
79060  26.274  -19.471  85.764 0.0000000000
77871  22.149  -20.736  81.089 0.0000000000
77846  24.740  -20.585  82.092 0.0000000000
79190  23.548  -20.888  80.706 0.0000000000
77886  24.557  -19.844  79.878 0.0000000000
77933  22.607  -20.696  78.073 0.0000000000
77963  21.070  -21.680  77.291 0.0000000000
80545  36.201  -20.756  73.372 0.0000000000
101899  45.417  -2.817  61.428 0.0000000000
103011  46.194  -1.669  61.559 0.0000000000
100816  45.952  -3.461  60.747 0.0000000000
98641  47.498  -5.533  58.876 0.0000000000
98657  48.211  -5.760  58.326 0.0000000000
97452  48.988  -5.696  58.404 0.0000000000
82837  20.836  -18.244  87.844 0.0000000000
81560  19.467  -19.419  87.300 0.0000000000
81552  20.468  -18.745  88.709 0.0000000000
84112  23.056  -17.130  88.523 0.0000000000
82857  21.605  -17.670  86.241 0.0000000000
101868  44.490  -2.487  63.500 0.0000000000
101879  43.535  -3.200  63.472 0.0000000000
99767  41.820  -4.595  60.983 0.0000000000
79041  16.291  -21.445  86.836 0.0000000000
76473  15.768  -22.369  85.427 0.0000000000
76461  15.375  -22.672  86.586 0.0000000000
72443  12.868  -25.520  88.122 0.0000000000
157097  13.187  -25.487  86.963 0.0000000000
157094  12.031  -27.003  86.323 0.0000000000
68843  12.872  -29.012  85.811 0.0000000000
68816  11.948  -29.185  86.733 0.0000000000
69987  10.561  -27.284  92.124 0.0000000000
64834  10.026  -32.321  89.299 0.0000000000
67449  9.660  -30.199  89.292 0.0000000000
63653  10.008  -32.639  88.378 0.0000000000
63673  10.590  -32.510  87.205 0.0000000000
88165  33.826  -14.013  75.960 0.0000000000
85619  35.768  -17.537  80.105 0.0000000000
86914  35.001  -16.375  80.323 0.0000000000
85632  34.971  -17.228  78.977 0.0000000000
85647  34.047  -16.866  77.731 0.0000000000
85660  34.864  -18.036  77.623 0.0000000000
82977  34.867  -19.216  76.087 0.0000000000
84260  35.713  -18.826  76.984 0.0000000000
77953  35.951  -20.994  77.036 0.0000000000
79251  36.229  -21.022  76.567 0.0000000000
77983  35.790  -21.486  75.933 0.0000000000
78011  35.147  -22.079  74.582 0.0000000000
78013  34.348  -21.621  75.619 0.0000000000
79056  30.442  -19.122  86.442 0.0000000000
79032  31.822  -19.729  87.209 0.0000000000
79077  31.853  -19.550  85.494 0.0000000000
77842  32.556  -20.357  82.056 0.0000000000
77820  33.336  -20.351  83.297 0.0000000000
76497  33.740  -20.836  82.683 0.0000000000
76494  35.759  -20.711  82.719 0.0000000000
76512  34.509  -20.652  81.745 0.0000000000
76528  35.380  -20.812  80.852 0.0000000000
76546  34.070  -20.985  80.188 0.0000000000
76651  31.102  -21.602  76.601 0.0000000000
76623  31.826  -21.513  77.622 0.0000000000
90805  35.953  -11.384  73.101 0.0000000000
90824  35.205  -11.832  71.613 0.0000000000
90807  34.582  -12.255  72.187 0.0000000000
87037  31.092  -15.984  69.715 0.0000000000
87049  31.765  -14.796  69.215 0.0000000000
100888  56.720  -4.811  55.915 0.0000000000
90908  40.433  -10.787  68.117 0.0000000000
90941  38.698  -11.031  66.908 0.0000000000
89540  39.192  -11.410  68.006 0.0000000000
89542  37.654  -11.528  68.046 0.0000000000
89544  36.163  -12.221  68.482 0.0000000000
93579  43.046  -8.709  70.660 0.0000000000
92214  42.265  -9.546  69.595 0.0000000000
73943  16.494  -26.383  80.236 0.0000000000
72606  16.203  -26.495  81.455 0.0000000000
72578  15.432  -26.260  83.261 0.0000000000
80342  24.219  -18.293  84.848 0.0000000000
79084  24.329  -19.526  84.476 0.0000000000
79106  22.265  -19.903  83.433 0.0000000000
77849  21.996  -20.333  81.840 0.0000000000
77913  20.342  -21.208  79.115 0.0000000000
77965  19.777  -22.240  77.839 0.0000000000
77938  18.631  -22.432  78.931 0.0000000000
75283  17.915  -24.236  78.592 0.0000000000
97422  44.743  -5.608  58.791 0.0000000000
82804  21.784  -18.443  90.661 0.0000000000
101861  41.934  -3.578  67.319 0.0000000000
101866  41.816  -3.509  66.282 0.0000000000
101881  41.877  -3.505  64.476 0.0000000000
101880  42.589  -3.444  63.831 0.0000000000
100800  41.220  -3.853  63.645 0.0000000000
99750  39.822  -4.970  62.249 0.0000000000
77715  16.454  -21.917  89.788 0.0000000000
77727  15.324  -22.464  87.986 0.0000000000
76433  15.011  -22.772  89.819 0.0000000000
75178  13.418  -24.469  89.277 0.0000000000
72422  12.305  -25.742  89.466 0.0000000000
68732  9.995  -28.968  92.248 0.0000000000
68759  9.102  -29.892  91.720 0.0000000000
66054  9.139  -31.362  90.407 0.0000000000
62403  9.074  -33.881  89.561 0.0000000000
61182  7.731  -34.972  89.356 0.0000000000
85603  36.833  -17.484  81.003 0.0000000000
85629  36.379  -18.262  79.854 0.0000000000
84245  36.371  -18.640  77.972 0.0000000000
82946  36.983  -18.869  79.006 0.0000000000
79219  36.793  -20.195  79.060 0.0000000000
77927  35.841  -21.559  78.448 0.0000000000
80401  28.446  -18.595  82.395 0.0000000000
80369  31.456  -18.773  83.511 0.0000000000
80400  30.002  -18.594  81.925 0.0000000000
77844  31.383  -20.064  81.581 0.0000000000
77865  32.058  -20.441  81.072 0.0000000000
76568  32.224  -21.162  79.643 0.0000000000
77906  31.460  -20.385  79.140 0.0000000000
77959  30.620  -21.186  77.489 0.0000000000
88187  33.562  -13.436  73.970 0.0000000000
89473  33.088  -13.361  72.017 0.0000000000
86991  31.977  -14.524  73.153 0.0000000000
85748  30.878  -15.843  71.198 0.0000000000
99809  55.274  -4.505  58.160 0.0000000000
98667  55.079  -5.760  56.931 0.0000000000
96156  38.823  -7.682  65.202 0.0000000000
96178  37.361  -7.885  63.743 0.0000000000
96142  37.885  -8.825  65.231 0.0000000000
89626  37.468  -11.362  66.404 0.0000000000
90961  35.643  -11.629  64.940 0.0000000000
97292  43.765  -7.045  70.254 0.0000000000
97294  42.954  -6.635  69.464 0.0000000000
99672  42.214  -5.434  68.882 0.0000000000
99705  40.625  -6.429  67.901 0.0000000000
97353  39.636  -7.151  66.795 0.0000000000
80289  31.197  -18.754  90.513 0.0000000000
78980  31.921  -18.771  89.720 0.0000000000
78999  30.428  -19.010  89.026 0.0000000000
79057  29.260  -19.240  86.331 0.0000000000
79080  28.666  -19.272  85.477 0.0000000000
77806  25.685  -20.427  84.033 0.0000000000
77822  26.165  -20.150  83.405 0.0000000000
79119  27.161  -19.031  83.527 0.0000000000
79160  26.877  -18.803  81.806 0.0000000000
80443  26.169  -18.695  79.998 0.0000000000
79236  24.770  -19.650  77.308 0.0000000000
103009  48.410  -2.354  60.879 0.0000000000
99779  46.837  -4.983  60.078 0.0000000000
100859  47.693  -4.856  60.433 0.0000000000
100837  48.578  -4.027  60.405 0.0000000000
98639  49.563  -5.049  59.507 0.0000000000
99799  50.496  -5.318  59.155 0.0000000000
98654  51.555  -5.787  57.822 0.0000000000
99832  52.573  -5.936  56.667 0.0000000000
81593  18.805  -19.502  83.873 0.0000000000
79124  17.085  -20.901  83.941 0.0000000000
80344  18.648  -19.873  85.576 0.0000000000
80330  18.089  -20.240  87.340 0.0000000000
80317  17.661  -20.739  88.875 0.0000000000
81536  20.498  -19.334  90.632 0.0000000000
80307  17.787  -20.675  90.046 0.0000000000
78969  17.120  -21.375  91.545 0.0000000000
80253  31.932  -18.738  91.118 0.0000000000
80255  30.537  -18.514  91.074 0.0000000000
78985  27.976  -18.971  89.498 0.0000000000
80303  26.758  -18.386  88.510 0.0000000000
82818  26.416  -16.937  88.658 0.0000000000
81557  24.906  -18.054  86.893 0.0000000000
81569  23.183  -17.700  85.296 0.0000000000
82868  21.114  -18.301  85.252 0.0000000000
104110  45.842  -1.057  63.812 0.0000000000
101877  44.774  -2.593  62.536 0.0000000000
101917  44.424  -3.473  61.432 0.0000000000
100819  42.756  -3.718  62.158 0.0000000000
100843  43.000  -4.271  61.199 0.0000000000
99782  43.765  -4.648  59.848 0.0000000000
77828  16.450  -21.610  83.924 0.0000000000
75227  15.537  -23.520  84.083 0.0000000000
72579  15.044  -25.925  83.968 0.0000000000
75215  14.348  -23.662  86.420 0.0000000000
72531  14.206  -25.363  85.544 0.0000000000
71302  14.352  -27.220  84.271 0.0000000000
67509  13.160  -29.568  84.761 0.0000000000
66176  12.337  -30.480  84.378 0.0000000000
72409  11.847  -25.840  91.177 0.0000000000
71219  11.433  -27.076  89.197 0.0000000000
70027  10.399  -28.252  89.385 0.0000000000
68801  10.958  -29.180  87.588 0.0000000000
66116  11.146  -30.684  87.006 0.0000000000
58845  6.305  -36.552  92.897 0.0000000000
92164  38.530  -10.147  71.535 0.0000000000
89452  35.077  -12.367  74.910 0.0000000000
88176  33.495  -13.588  75.091 0.0000000000
88166  32.990  -14.592  75.658 0.0000000000
85680  32.580  -16.916  76.184 0.0000000000
88134  33.531  -14.710  78.198 0.0000000000
85663  32.993  -16.584  76.863 0.0000000000
84264  33.430  -17.888  75.952 0.0000000000
84286  34.274  -19.008  75.317 0.0000000000
81718  35.227  -20.156  74.578 0.0000000000
79290  36.141  -21.243  74.520 0.0000000000
81700  36.046  -20.031  76.111 0.0000000000
79269  36.239  -20.787  75.577 0.0000000000
78029  36.216  -21.822  74.328 0.0000000000
76696  34.859  -22.813  73.172 0.0000000000
75350  34.114  -23.027  73.393 0.0000000000
79133  37.994  -19.836  82.562 0.0000000000
78996  33.116  -20.244  88.436 0.0000000000
77724  33.574  -20.597  87.578 0.0000000000
77740  34.821  -20.764  86.814 0.0000000000
79097  32.536  -19.686  84.687 0.0000000000
77781  33.842  -20.254  85.118 0.0000000000
77779  35.661  -20.870  85.107 0.0000000000
76481  36.286  -20.683  83.889 0.0000000000
77819  37.142  -20.479  83.164 0.0000000000
77862  37.481  -20.349  81.239 0.0000000000
76526  36.658  -21.022  80.740 0.0000000000
76563  35.686  -21.532  79.174 0.0000000000
76589  35.110  -21.451  78.331 0.0000000000
76592  32.603  -21.422  78.559 0.0000000000
76591  33.455  -21.459  78.407 0.0000000000
77957  34.249  -21.233  77.066 0.0000000000
76648  33.322  -21.481  75.759 0.0000000000
92181  37.037  -10.815  70.846 0.0000000000
89499  35.569  -11.656  69.974 0.0000000000
88261  34.047  -12.517  68.320 0.0000000000
88218  32.784  -13.761  70.550 0.0000000000
88237  32.888  -12.870  69.235 0.0000000000
88262  32.949  -13.437  67.903 0.0000000000
98699  53.211  -6.619  55.658 0.0000000000
90819  40.204  -10.165  70.907 0.0000000000
90843  39.797  -10.469  69.991 0.0000000000
90820  39.185  -10.209  70.709 0.0000000000
90818  41.189  -10.249  71.166 0.0000000000
77875  16.914  -22.251  81.843 0.0000000000
79168  17.239  -21.068  82.019 0.0000000000
80406  18.780  -19.749  82.669 0.0000000000
80405  19.597  -19.860  82.367 0.0000000000
79167  18.240  -20.794  81.443 0.0000000000
79193  18.212  -21.310  80.777 0.0000000000
97396  38.440  -6.734  63.818 0.0000000000
97404  38.018  -6.967  62.658 0.0000000000
97397  37.881  -7.368  63.674 0.0000000000
98593  39.017  -6.265  65.205 0.0000000000
99723  39.497  -5.425  65.682 0.0000000000
98600  38.861  -6.003  63.900 0.0000000000
63596  8.199  -32.677  92.906 0.0000000000
63613  8.175  -32.940  91.990 0.0000000000
61153  7.480  -34.333  90.888 0.0000000000
61139  7.495  -34.194  91.799 0.0000000000
59943  7.584  -34.997  91.552 0.0000000000
82903  38.486  -18.303  81.459 0.0000000000
82904  38.210  -18.235  81.021 0.0000000000
81628  38.254  -19.116  80.954 0.0000000000
81629  37.994  -19.255  80.500 0.0000000000
80270  32.987  -18.719  90.465 0.0000000000
78962  32.592  -18.565  89.914 0.0000000000
81662  26.625  -18.779  77.731 0.0000000000
80471  27.855  -18.474  78.330 0.0000000000
80483  28.856  -18.910  77.652 0.0000000000
85698  31.833  -17.079  74.608 0.0000000000
85711  31.564  -16.844  73.787 0.0000000000
99774  52.094  -4.763  60.250 0.0000000000
99797  52.757  -5.067  59.253 0.0000000000
93644  40.361  -9.307  67.189 0.0000000000
93646  39.220  -9.897  66.384 0.0000000000
93631  39.679  -10.114  67.058 0.0000000000
88314  35.968  -12.981  66.995 0.0000000000
89565  34.750  -13.090  66.865 0.0000000000
89583  34.421  -13.317  66.427 0.0000000000
89566  34.416  -13.263  66.772 0.0000000000
93611  41.090  -9.616  68.306 0.0000000000
93627  41.545  -9.087  68.144 0.0000000000
93629  40.710  -9.370  67.708 0.0000000000
94899  40.513  -8.726  67.219 0.0000000000
70096  15.222  -27.900  82.187 0.0000000000
68861  15.071  -28.704  82.084 0.0000000000
68852  14.535  -28.375  82.487 0.0000000000
68862  14.542  -29.205  82.594 0.0000000000
68853  14.467  -28.677  83.302 0.0000000000
79017  26.756  -19.190  87.523 0.0000000000
79037  26.718  -19.147  86.791 0.0000000000
79038  26.007  -18.960  86.121 0.0000000000
76550  21.891  -20.541  79.682 0.0000000000
77870  23.195  -20.768  81.105 0.0000000000
77911  22.478  -20.574  79.776 0.0000000000
77910  22.899  -20.577  79.345 0.0000000000
76569  22.304  -20.652  78.687 0.0000000000
77934  21.719  -21.032  77.863 0.0000000000
77935  21.030  -21.169  78.272 0.0000000000
79311  36.397  -21.743  73.216 0.0000000000
100817  45.190  -3.237  60.898 0.0000000000
99748  45.313  -3.634  60.487 0.0000000000
98673  49.063  -6.026  57.735 0.0000000000
82836  21.392  -18.057  88.574 0.0000000000
82846  22.359  -17.401  87.916 0.0000000000
101863  43.796  -2.586  64.695 0.0000000000
102973  44.229  -2.427  64.653 0.0000000000
101870  43.368  -3.045  64.348 0.0000000000
79040  17.139  -21.101  87.600 0.0000000000
77744  15.812  -21.988  87.447 0.0000000000
71217  12.289  -26.117  87.894 0.0000000000
72468  12.683  -25.795  87.305 0.0000000000
71233  11.873  -26.800  86.899 0.0000000000
68815  12.025  -28.189  86.426 0.0000000000
157098  11.540  -27.906  86.954 0.0000000000
69971  10.852  -27.323  93.108 0.0000000000
63654  9.500  -33.264  88.741 0.0000000000
64833  10.304  -31.898  88.701 0.0000000000
62419  9.611  -33.124  88.295 0.0000000000
62436  9.718  -33.078  87.752 0.0000000000
85631  35.607  -17.575  79.251 0.0000000000
85620  35.315  -17.095  79.798 0.0000000000
85646  34.659  -17.383  78.078 0.0000000000
84247  35.394  -18.413  77.472 0.0000000000
77954  35.697  -21.238  77.241 0.0000000000
77984  35.285  -21.576  76.140 0.0000000000
77985  34.777  -21.478  76.318 0.0000000000
79079  29.734  -19.020  85.548 0.0000000000
79078  31.060  -18.701  85.503 0.0000000000
76515  32.710  -20.486  81.638 0.0000000000
76498  33.384  -20.677  82.780 0.0000000000
76513  33.819  -20.633  81.812 0.0000000000
76530  33.940  -20.393  80.916 0.0000000000
90806  35.041  -11.858  72.751 0.0000000000
89471  34.370  -12.312  72.743 0.0000000000
90889  40.629  -10.641  68.686 0.0000000000
90909  39.838  -11.149  67.876 0.0000000000
90890  39.828  -11.200  68.602 0.0000000000
89496  38.098  -11.217  69.302 0.0000000000
89521  38.278  -11.412  68.655 0.0000000000
89522  37.516  -11.532  68.839 0.0000000000
89543  36.900  -11.790  68.213 0.0000000000
89523  36.697  -11.704  69.245 0.0000000000
93565  43.690  -8.460  71.086 0.0000000000
90867  41.245  -10.259  69.531 0.0000000000
92198  41.961  -9.743  69.906 0.0000000000
90888  41.262  -10.368  69.017 0.0000000000
92216  41.201  -10.258  68.794 0.0000000000
75245  16.164  -23.818  82.299 0.0000000000
73897  15.965  -24.624  81.685 0.0000000000
72577  15.830  -26.313  82.273 0.0000000000
73898  15.670  -25.151  82.454 0.0000000000
80358  22.887  -18.659  83.925 0.0000000000
80357  23.774  -18.926  84.245 0.0000000000
80373  22.521  -19.371  83.502 0.0000000000
79191  19.829  -20.419  81.128 0.0000000000
77850  21.165  -19.886  81.705 0.0000000000
77873  20.477  -20.087  81.145 0.0000000000
77872  21.207  -20.368  80.966 0.0000000000
77914  19.084  -21.478  79.275 0.0000000000
76552  17.321  -23.083  80.026 0.0000000000
76572  17.838  -23.145  79.153 0.0000000000
99691  41.400  -5.107  68.108 0.0000000000
100788  41.207  -4.422  66.999 0.0000000000
99732  40.536  -4.202  65.358 0.0000000000
100792  41.048  -3.919  65.856 0.0000000000
100796  41.118  -3.730  64.865 0.0000000000
101872  41.828  -3.443  65.302 0.0000000000
98607  38.830  -5.547  62.678 0.0000000000
100802  39.744  -4.437  62.793 0.0000000000
98616  39.421  -5.820  61.425 0.0000000000
77704  16.303  -21.958  90.709 0.0000000000
76432  15.882  -22.516  90.274 0.0000000000
76425  15.364  -22.791  90.711 0.0000000000
76427  13.813  -23.848  90.339 0.0000000000
73800  12.710  -24.764  89.511 0.0000000000
75147  12.585  -24.611  90.339 0.0000000000
67387  9.373  -29.920  92.987 0.0000000000
68733  9.342  -29.655  92.318 0.0000000000
63612  8.294  -32.992  90.985 0.0000000000
64803  8.860  -32.275  90.722 0.0000000000
63626  9.049  -33.286  90.289 0.0000000000
62402  9.196  -33.933  89.971 0.0000000000
61181  8.324  -34.478  89.510 0.0000000000
61166  8.754  -34.261  90.005 0.0000000000
59970  7.327  -35.720  90.173 0.0000000000
59984  7.408  -35.726  89.339 0.0000000000
57671  6.337  -36.687  91.233 0.0000000000
57658  6.400  -36.742  91.895 0.0000000000
85616  37.402  -17.916  80.811 0.0000000000
85602  37.369  -17.686  81.092 0.0000000000
85617  36.957  -17.968  80.516 0.0000000000
85618  36.317  -17.701  80.471 0.0000000000
84224  36.867  -18.543  79.949 0.0000000000
84235  36.471  -18.598  78.924 0.0000000000
82933  37.120  -18.784  79.892 0.0000000000
79218  37.313  -19.853  79.498 0.0000000000
80468  37.141  -19.729  79.215 0.0000000000
77925  36.363  -20.808  78.114 0.0000000000
77902  36.627  -20.804  79.175 0.0000000000
80420  28.076  -18.646  81.751 0.0000000000
81609  29.137  -18.676  81.568 0.0000000000
80452  30.290  -18.890  79.675 0.0000000000
80439  30.521  -19.487  81.117 0.0000000000
79184  31.007  -19.772  80.660 0.0000000000
77866  31.434  -20.186  81.175 0.0000000000
77885  31.562  -20.246  80.339 0.0000000000
77884  31.860  -20.684  80.114 0.0000000000
79204  31.284  -19.831  79.825 0.0000000000
79234  30.059  -20.545  77.083 0.0000000000
88188  32.766  -14.028  73.611 0.0000000000
85724  30.718  -16.908  72.610 0.0000000000
85735  30.914  -15.945  72.193 0.0000000000
85736  30.487  -16.896  71.650 0.0000000000
98668  54.783  -5.879  56.965 0.0000000000
98684  54.590  -6.177  56.312 0.0000000000
96157  38.537  -8.013  64.883 0.0000000000
96141  38.361  -8.622  65.318 0.0000000000
93657  37.727  -10.095  65.558 0.0000000000
94911  37.561  -9.337  65.267 0.0000000000
93658  36.964  -10.129  65.171 0.0000000000
92276  36.360  -10.922  65.072 0.0000000000
89602  38.260  -11.414  66.888 0.0000000000
89625  38.036  -11.304  66.599 0.0000000000
89603  37.780  -11.530  66.767 0.0000000000
89628  35.843  -11.911  65.973 0.0000000000
94852  43.495  -8.081  70.341 0.0000000000
96071  43.852  -7.634  70.535 0.0000000000
96091  43.387  -7.883  69.967 0.0000000000
96094  42.282  -7.892  68.758 0.0000000000
97318  42.642  -7.146  69.378 0.0000000000
98531  42.638  -6.318  69.271 0.0000000000
98532  41.905  -6.580  69.060 0.0000000000
99690  41.073  -6.146  68.478 0.0000000000
98557  40.803  -7.035  68.064 0.0000000000
96132  40.081  -8.074  66.971 0.0000000000
97352  39.987  -7.571  67.112 0.0000000000
97363  39.550  -7.555  66.396 0.0000000000
98592  39.283  -6.832  65.905 0.0000000000
78982  30.199  -18.906  89.909 0.0000000000
78981  31.100  -18.828  89.935 0.0000000000
79000  29.411  -18.972  88.878 0.0000000000
79036  27.769  -19.249  86.996 0.0000000000
79035  28.847  -19.173  87.142 0.0000000000
79058  27.985  -19.543  85.980 0.0000000000
79081  27.836  -19.569  85.132 0.0000000000
79104  23.789  -19.947  83.855 0.0000000000
77786  25.065  -20.177  84.424 0.0000000000
77808  24.072  -20.189  83.426 0.0000000000
77823  25.243  -20.406  83.081 0.0000000000
79103  26.808  -19.711  83.723 0.0000000000
79120  26.591  -19.490  82.958 0.0000000000
79138  27.171  -18.772  82.602 0.0000000000
79161  26.360  -19.501  81.533 0.0000000000
77908  24.349  -19.782  79.255 0.0000000000
79188  25.662  -19.199  80.263 0.0000000000
79206  24.904  -19.418  79.063 0.0000000000
80473  25.657  -19.159  78.273 0.0000000000
79222  24.812  -19.502  77.925 0.0000000000
76601  19.301  -22.716  77.838 0.0000000000
76632  19.772  -23.142  77.348 0.0000000000
75323  18.947  -23.552  77.511 0.0000000000
105275  46.176  -0.539  63.602 0.0000000000
102999  46.657  -2.822  61.129 0.0000000000
104134  46.939  -1.176  61.299 0.0000000000
103010  47.107  -2.314  61.054 0.0000000000
104133  47.937  -1.410  60.934 0.0000000000
99802  46.310  -5.428  59.142 0.0000000000
98640  47.969  -5.471  59.032 0.0000000000
98623  47.564  -5.422  59.622 0.0000000000
99778  47.757  -5.152  60.209 0.0000000000
99761  48.191  -4.579  60.396 0.0000000000
99777  48.586  -4.812  60.091 0.0000000000
100858  49.296  -4.311  60.269 0.0000000000
97419  48.678  -5.389  59.277 0.0000000000
97465  49.603  -5.670  58.306 0.0000000000
98655  49.980  -5.491  58.558 0.0000000000
99824  50.666  -5.721  58.002 0.0000000000
99814  50.650  -5.625  58.310 0.0000000000
81582  19.464  -19.443  85.014 0.0000000000
80360  18.755  -19.743  84.701 0.0000000000
81571  19.342  -19.396  86.143 0.0000000000
81553  19.736  -19.311  88.381 0.0000000000
80329  18.775  -19.714  87.425 0.0000000000
80315  19.077  -19.934  88.023 0.0000000000
80331  17.802  -20.526  88.086 0.0000000000
80316  18.474  -20.323  88.527 0.0000000000
81542  21.023  -18.767  90.197 0.0000000000
80278  19.941  -19.881  91.390 0.0000000000
78986  17.881  -20.550  90.976 0.0000000000
78987  17.494  -21.096  90.672 0.0000000000
80254  31.236  -18.648  91.186 0.0000000000
80293  27.484  -18.630  89.241 0.0000000000
84098  24.927  -16.627  88.514 0.0000000000
82834  25.491  -17.124  87.775 0.0000000000
84122  24.465  -17.228  87.250 0.0000000000
81568  23.944  -17.518  85.742 0.0000000000
84133  23.580  -16.876  86.707 0.0000000000
82858  20.779  -18.040  85.845 0.0000000000
81581  20.462  -18.802  85.212 0.0000000000
81591  20.144  -19.175  84.194 0.0000000000
96159  36.436  -8.928  63.908 0.0000000000
101878  44.243  -3.058  63.022 0.0000000000
101900  44.579  -3.291  61.821 0.0000000000
101918  44.103  -3.586  61.559 0.0000000000
100820  41.786  -4.006  62.425 0.0000000000
100799  42.243  -3.559  62.994 0.0000000000
99783  42.683  -4.957  60.191 0.0000000000
99766  42.444  -4.527  61.004 0.0000000000
100863  43.494  -4.434  60.560 0.0000000000
99804  43.556  -5.309  59.520 0.0000000000
79107  16.798  -20.970  84.624 0.0000000000
77811  16.285  -21.544  84.854 0.0000000000
76474  15.520  -22.881  85.648 0.0000000000
76486  15.906  -22.516  84.754 0.0000000000
75228  15.070  -24.009  84.521 0.0000000000
75236  15.149  -24.417  83.928 0.0000000000
75229  14.858  -24.408  84.900 0.0000000000
75191  14.240  -23.651  87.997 0.0000000000
76451  14.945  -23.091  87.611 0.0000000000
75206  14.151  -23.720  87.071 0.0000000000
72555  12.989  -26.414  85.758 0.0000000000
157103  13.608  -25.355  86.356 0.0000000000
71303  13.650  -27.201  84.968 0.0000000000
72554  14.612  -26.263  84.893 0.0000000000
68854  14.077  -29.040  84.326 0.0000000000
70080  13.305  -27.838  85.081 0.0000000000
67510  12.684  -29.697  85.622 0.0000000000
66153  12.646  -30.020  84.919 0.0000000000
64912  11.613  -30.976  84.978 0.0000000000
63701  11.276  -31.654  84.733 0.0000000000
71209  11.696  -26.863  90.386 0.0000000000
67410  9.610  -29.510  90.931 0.0000000000
67432  9.574  -29.710  90.353 0.0000000000
67462  10.434  -30.082  88.251 0.0000000000
68789  10.173  -29.045  88.954 0.0000000000
70040  10.632  -28.398  88.534 0.0000000000
67461  10.773  -29.589  87.821 0.0000000000
67477  10.997  -30.033  87.517 0.0000000000
57645  5.520  -37.303  93.066 0.0000000000
57644  5.811  -37.016  92.786 0.0000000000
90794  36.265  -11.421  74.013 0.0000000000
88186  34.118  -12.942  74.619 0.0000000000
88175  34.301  -13.116  75.561 0.0000000000
86962  32.030  -15.606  75.352 0.0000000000
86953  32.712  -15.623  76.329 0.0000000000
86927  33.754  -15.435  78.646 0.0000000000
85662  33.578  -17.288  77.113 0.0000000000
85648  33.401  -16.318  77.497 0.0000000000
85679  33.421  -17.541  76.495 0.0000000000
84277  33.942  -18.496  75.595 0.0000000000
84263  34.071  -18.093  76.089 0.0000000000
82976  35.603  -19.371  76.210 0.0000000000
82989  35.092  -19.781  75.256 0.0000000000
81717  35.571  -20.335  74.774 0.0000000000
80526  35.860  -20.561  75.097 0.0000000000
82959  36.506  -19.037  77.969 0.0000000000
81683  36.283  -19.650  76.822 0.0000000000
77982  36.166  -21.375  75.812 0.0000000000
79270  36.251  -21.282  75.572 0.0000000000
78009  36.229  -21.594  75.175 0.0000000000
78028  36.240  -21.627  74.928 0.0000000000
78030  35.661  -22.290  73.653 0.0000000000
76673  34.289  -22.453  74.212 0.0000000000
75351  33.698  -22.871  73.607 0.0000000000
78998  31.352  -19.249  89.029 0.0000000000
78997  32.237  -19.540  88.782 0.0000000000
79031  32.365  -20.295  86.969 0.0000000000
79010  32.891  -20.592  87.449 0.0000000000
79030  32.890  -20.543  86.681 0.0000000000
77741  34.108  -20.659  86.840 0.0000000000
77742  33.440  -20.646  86.796 0.0000000000
80385  31.691  -18.936  82.856 0.0000000000
79098  31.878  -19.163  84.345 0.0000000000
79115  32.750  -19.466  83.603 0.0000000000
76472  33.924  -20.531  84.177 0.0000000000
77802  33.544  -20.241  84.183 0.0000000000
76471  34.471  -20.510  84.590 0.0000000000
76460  34.796  -20.518  85.310 0.0000000000
76470  35.233  -20.636  84.796 0.0000000000
76469  35.847  -20.801  84.559 0.0000000000
76482  35.514  -20.690  83.702 0.0000000000
76493  36.519  -20.698  82.698 0.0000000000
77840  37.010  -20.637  82.245 0.0000000000
76509  36.548  -20.787  81.596 0.0000000000
77863  37.080  -20.668  81.403 0.0000000000
76545  34.829  -20.832  80.016 0.0000000000
76544  35.535  -21.198  80.041 0.0000000000
76564  34.948  -21.359  79.245 0.0000000000
77905  31.850  -21.013  79.205 0.0000000000
76567  32.660  -21.305  79.562 0.0000000000
76593  31.845  -21.330  78.740 0.0000000000
76622  32.617  -21.481  77.394 0.0000000000
76621  33.635  -21.283  77.142 0.0000000000
93529  37.870  -10.268  72.015 0.0000000000
92165  37.590  -10.366  71.546 0.0000000000
92166  36.619  -10.891  71.374 0.0000000000
90848  34.981  -11.690  70.613 0.0000000000
90847  36.074  -11.395  70.671 0.0000000000
89500  35.059  -11.586  69.987 0.0000000000
89545  35.149  -12.266  68.928 0.0000000000
89547  33.957  -12.326  69.459 0.0000000000
88207  32.603  -13.745  71.644 0.0000000000
89482  33.341  -13.276  71.357 0.0000000000
87035  32.229  -14.448  70.406 0.0000000000
87063  31.700  -14.970  68.351 0.0000000000
88238  32.277  -14.106  68.690 0.0000000000
100883  56.695  -4.447  57.005 0.0000000000
100887  57.666  -3.980  56.311 0.0000000000
98700  52.722  -6.734  55.739 0.0000000000
90869  39.444  -10.964  69.213 0.0000000000
90845  37.769  -10.877  69.929 0.0000000000
75255  17.239  -24.021  80.813 0.0000000000
76534  17.104  -22.926  81.194 0.0000000000
76516  16.911  -23.259  81.827 0.0000000000
76517  16.551  -23.132  82.359 0.0000000000
81600  20.709  -19.386  83.273 0.0000000000
80389  21.261  -19.543  82.937 0.0000000000
80404  20.281  -19.760  82.410 0.0000000000
79142  20.069  -20.168  82.072 0.0000000000
79192  19.074  -20.852  80.922 0.0000000000
77892  18.565  -21.236  80.063 0.0000000000
77893  17.700  -22.158  80.317 0.0000000000
99707  39.770  -5.515  66.588 0.0000000000
100789  40.402  -4.893  66.698 0.0000000000
99733  39.986  -4.639  65.044 0.0000000000
99738  40.069  -4.412  64.068 0.0000000000
76407  15.971  -21.857  92.059 0.0000000000
76416  15.610  -22.407  91.475 0.0000000000
77688  15.452  -22.300  92.106 0.0000000000
62368  8.392  -33.641  90.608 0.0000000000
61167  7.997  -34.393  90.201 0.0000000000
62387  8.028  -33.998  90.558 0.0000000000
58865  7.268  -35.693  90.756 0.0000000000
58855  7.248  -35.631  91.235 0.0000000000
59944  7.262  -35.527  92.098 0.0000000000
85587  38.425  -17.693  81.831 0.0000000000
84191  38.005  -17.992  80.992 0.0000000000
84207  37.650  -18.256  80.574 0.0000000000
82932  37.445  -18.757  80.198 0.0000000000
81643  37.745  -19.161  80.302 0.0000000000
80451  37.780  -19.438  80.228 0.0000000000
79183  37.547  -20.396  80.286 0.0000000000
81632  28.195  -18.577  80.526 0.0000000000
81631  28.916  -18.558  80.456 0.0000000000
81646  28.592  -18.616  80.129 0.0000000000
80453  29.558  -18.550  79.365 0.0000000000
80469  30.133  -19.063  78.945 0.0000000000
79205  30.858  -19.598  79.143 0.0000000000
79221  29.589  -19.149  77.876 0.0000000000
79235  29.478  -19.619  77.317 0.0000000000
86992  31.761  -15.665  73.489 0.0000000000
85712  31.147  -17.104  73.254 0.0000000000
99775  51.002  -4.841  59.936 0.0000000000
99746  51.020  -4.131  60.833 0.0000000000
99759  51.343  -4.456  60.628 0.0000000000
99810  54.521  -4.996  58.314 0.0000000000
94901  39.640  -9.071  66.296 0.0000000000
94902  38.819  -9.270  65.758 0.0000000000
93656  38.434  -10.034  65.919 0.0000000000
92274  37.838  -10.579  65.987 0.0000000000
88337  36.760  -11.913  66.702 0.0000000000
88338  36.246  -12.331  66.586 0.0000000000
89604  35.563  -12.546  66.416 0.0000000000
89605  34.893  -12.798  65.943 0.0000000000
93592  42.759  -9.097  69.104 0.0000000000
94871  42.803  -8.793  68.950 0.0000000000
96115  41.914  -8.255  68.549 0.0000000000
97350  41.148  -7.714  68.056 0.0000000000
96130  41.136  -8.302  67.865 0.0000000000
96138  40.298  -8.583  67.001 0.0000000000
70102  15.721  -27.943  80.958 0.0000000000
67542  13.952  -30.202  82.752 0.0000000000
67543  13.334  -30.735  83.236 0.0000000000
79001  28.419  -19.402  88.900 0.0000000000
77764  26.743  -19.741  85.501 0.0000000000
77848  22.878  -20.633  81.979 0.0000000000
77824  24.358  -20.409  82.850 0.0000000000
77847  23.794  -20.860  82.056 0.0000000000
77869  24.097  -20.941  81.214 0.0000000000
77868  25.106  -20.238  81.033 0.0000000000
77887  23.925  -20.719  80.252 0.0000000000
77909  23.750  -20.157  79.017 0.0000000000
77932  23.441  -20.198  77.751 0.0000000000
77962  21.834  -21.407  76.881 0.0000000000
81731  35.310  -20.229  73.780 0.0000000000
103001  45.416  -1.868  62.130 0.0000000000
104136  46.007  -1.251  62.208 0.0000000000
103000  46.137  -2.455  61.301 0.0000000000
101898  46.395  -3.158  60.984 0.0000000000
98642  46.784  -5.624  58.806 0.0000000000
98658  47.419  -6.050  58.129 0.0000000000
97435  48.812  -5.513  58.910 0.0000000000
98656  48.700  -5.766  58.233 0.0000000000
98688  49.914  -6.511  56.777 0.0000000000
81559  20.192  -18.749  87.626 0.0000000000
81544  19.938  -19.234  89.203 0.0000000000
84124  23.285  -17.029  87.492 0.0000000000
82856  22.868  -17.123  86.507 0.0000000000
82847  21.575  -17.674  87.343 0.0000000000
102972  44.919  -2.135  64.504 0.0000000000
101869  44.130  -2.786  64.065 0.0000000000
79064  16.513  -21.036  86.329 0.0000000000
77788  15.970  -21.697  85.586 0.0000000000
79065  16.194  -21.396  86.497 0.0000000000
77766  15.819  -21.791  86.302 0.0000000000
75214  14.874  -23.241  86.114 0.0000000000
73820  13.377  -24.658  88.189 0.0000000000
73819  13.540  -24.373  87.604 0.0000000000
72467  13.296  -25.244  87.640 0.0000000000
157099  12.712  -25.922  86.759 0.0000000000
157096  12.335  -26.986  85.614 0.0000000000
68829  13.043  -27.962  85.855 0.0000000000
70065  12.670  -28.026  86.147 0.0000000000
68831  12.521  -29.131  86.225 0.0000000000
67494  12.265  -29.950  86.446 0.0000000000
71193  11.298  -26.529  92.729 0.0000000000
67450  9.522  -30.933  89.551 0.0000000000
66085  9.752  -31.464  89.253 0.0000000000
66084  9.977  -30.981  88.610 0.0000000000
64850  10.500  -31.792  87.825 0.0000000000
66117  10.741  -30.960  87.531 0.0000000000
88164  34.512  -13.542  76.394 0.0000000000
88156  33.816  -13.921  76.887 0.0000000000
88146  33.381  -14.651  77.423 0.0000000000
86913  35.726  -16.934  80.518 0.0000000000
86897  35.520  -16.190  81.173 0.0000000000
85621  34.711  -16.632  79.555 0.0000000000
85633  34.298  -16.473  78.698 0.0000000000
85634  33.774  -16.087  78.078 0.0000000000
85661  34.239  -17.888  77.238 0.0000000000
84262  34.494  -18.472  76.374 0.0000000000
84248  34.744  -18.456  77.068 0.0000000000
84261  35.146  -18.810  76.643 0.0000000000
79232  36.403  -20.529  77.552 0.0000000000
79250  36.306  -20.689  76.428 0.0000000000
78012  34.625  -21.813  75.240 0.0000000000
79033  31.045  -19.316  87.321 0.0000000000
79055  31.466  -19.241  86.450 0.0000000000
79054  32.131  -19.784  86.350 0.0000000000
79076  32.458  -19.863  85.585 0.0000000000
79134  32.634  -19.770  82.742 0.0000000000
77821  32.952  -20.090  83.025 0.0000000000
77841  33.074  -20.494  82.609 0.0000000000
76485  33.672  -20.644  83.427 0.0000000000
76484  34.149  -20.797  83.534 0.0000000000
76495  35.035  -20.651  82.673 0.0000000000
76511  35.214  -20.721  81.742 0.0000000000
76529  34.669  -20.598  80.871 0.0000000000
76624  31.315  -21.451  77.883 0.0000000000
76650  31.782  -21.704  76.383 0.0000000000
76676  31.834  -22.339  75.211 0.0000000000
90823  36.040  -11.542  72.006 0.0000000000
90825  34.464  -12.286  71.428 0.0000000000
87036  31.307  -15.052  70.247 0.0000000000
87050  31.330  -15.662  69.042 0.0000000000
99829  55.863  -5.323  56.478 0.0000000000
92235  40.215  -10.653  67.752 0.0000000000
92248  39.486  -10.540  67.219 0.0000000000
92247  39.581  -10.839  67.460 0.0000000000
89560  39.003  -11.282  67.531 0.0000000000
89561  38.565  -11.409  67.559 0.0000000000
89520  39.033  -11.326  68.594 0.0000000000
89541  38.471  -11.456  68.056 0.0000000000
88284  37.425  -11.648  67.582 0.0000000000
88285  36.907  -11.934  67.602 0.0000000000
88286  36.340  -12.687  67.790 0.0000000000
88260  35.565  -12.659  68.200 0.0000000000
93578  43.479  -8.449  70.810 0.0000000000
94838  42.858  -8.650  70.146 0.0000000000
92197  42.508  -9.250  70.325 0.0000000000
93580  42.530  -9.013  70.000 0.0000000000
93593  42.534  -9.376  69.288 0.0000000000
92232  42.127  -9.751  69.015 0.0000000000
92233  41.522  -9.890  68.716 0.0000000000
71357  16.459  -27.649  80.409 0.0000000000
73942  16.323  -25.712  80.570 0.0000000000
71340  16.225  -27.366  81.291 0.0000000000
71321  15.753  -27.176  81.929 0.0000000000
71322  15.298  -27.125  82.679 0.0000000000
80327  25.248  -18.474  86.156 0.0000000000
80341  24.930  -18.796  85.426 0.0000000000
79085  23.594  -19.340  83.908 0.0000000000
79122  23.142  -20.346  83.242 0.0000000000
79123  21.710  -19.906  83.072 0.0000000000
77827  21.797  -20.125  82.502 0.0000000000
77826  22.609  -20.388  82.844 0.0000000000
77890  21.331  -20.776  80.022 0.0000000000
77912  21.172  -21.082  79.101 0.0000000000
79225  20.738  -21.262  78.709 0.0000000000
77937  19.392  -22.069  78.449 0.0000000000
76602  18.535  -23.100  78.092 0.0000000000
99781  44.750  -4.635  59.656 0.0000000000
98625  45.263  -5.270  59.060 0.0000000000
82821  21.561  -18.182  89.683 0.0000000000
82820  22.213  -17.676  90.125 0.0000000000
101854  42.136  -3.691  67.870 0.0000000000
100793  40.672  -4.437  66.268 0.0000000000
101865  42.561  -3.115  65.648 0.0000000000
101871  42.624  -3.246  64.786 0.0000000000
100821  40.812  -4.337  62.405 0.0000000000
100801  40.118  -4.237  63.110 0.0000000000
100822  40.097  -4.391  62.502 0.0000000000
99749  40.334  -4.601  62.100 0.0000000000
98615  40.176  -5.514  61.205 0.0000000000
77714  16.717  -21.658  89.463 0.0000000000
77726  15.974  -22.245  88.666 0.0000000000
76440  15.686  -22.519  89.454 0.0000000000
76441  14.836  -22.817  88.704 0.0000000000
76442  14.330  -23.789  88.695 0.0000000000
76426  14.492  -23.324  90.307 0.0000000000
75164  14.036  -24.103  89.755 0.0000000000
75177  14.045  -24.312  89.024 0.0000000000
73799  12.797  -24.951  88.900 0.0000000000
72444  12.259  -25.780  88.741 0.0000000000
68758  9.514  -29.434  91.504 0.0000000000
67411  9.177  -30.243  90.968 0.0000000000
64818  9.259  -32.204  89.745 0.0000000000
63637  9.597  -33.103  89.405 0.0000000000
63655  9.167  -33.531  88.813 0.0000000000
61197  7.822  -34.945  88.754 0.0000000000
59983  7.684  -34.981  89.603 0.0000000000
86895  37.193  -17.263  81.591 0.0000000000
86896  36.433  -16.916  81.161 0.0000000000
86912  36.068  -17.337  80.596 0.0000000000
85630  35.921  -17.974  79.662 0.0000000000
85644  35.858  -17.991  78.805 0.0000000000
84236  36.193  -18.290  78.403 0.0000000000
81672  36.666  -19.436  78.075 0.0000000000
82945  37.208  -18.950  79.595 0.0000000000
80482  36.812  -19.775  78.477 0.0000000000
77926  36.155  -21.194  78.257 0.0000000000
80388  28.478  -18.529  83.592 0.0000000000
80370  30.456  -18.456  83.832 0.0000000000
80387  29.602  -18.435  83.106 0.0000000000
80386  31.013  -18.695  82.564 0.0000000000
79117  31.766  -19.248  82.478 0.0000000000
80419  30.021  -18.904  81.234 0.0000000000
80399  30.814  -19.235  81.800 0.0000000000
79136  31.411  -19.669  81.946 0.0000000000
77843  31.820  -20.184  81.695 0.0000000000
77864  32.490  -20.459  81.463 0.0000000000
76532  32.609  -20.536  81.027 0.0000000000
76548  32.703  -20.997  80.350 0.0000000000
76549  32.206  -20.906  80.193 0.0000000000
77930  31.254  -21.318  78.309 0.0000000000
77907  30.996  -20.035  78.571 0.0000000000
77931  30.752  -20.614  78.165 0.0000000000
77958  30.903  -21.444  77.239 0.0000000000
89462  33.779  -13.106  73.260 0.0000000000
89472  33.733  -12.821  72.375 0.0000000000
88198  33.438  -13.521  73.138 0.0000000000
88199  32.735  -13.688  72.609 0.0000000000
87006  31.920  -14.333  72.139 0.0000000000
87007  31.657  -15.338  72.589 0.0000000000
87021  31.403  -15.093  71.588 0.0000000000
99819  55.175  -5.398  57.276 0.0000000000
98683  55.276  -5.814  56.447 0.0000000000
97382  38.145  -7.719  64.415 0.0000000000
96158  37.521  -8.370  64.505 0.0000000000
94903  38.166  -9.116  65.509 0.0000000000
92272  38.754  -10.797  66.750 0.0000000000
90958  37.914  -10.996  66.335 0.0000000000
90959  37.302  -11.092  66.001 0.0000000000
88353  36.718  -11.715  66.350 0.0000000000
89627  36.863  -11.505  66.100 0.0000000000
90960  36.530  -11.297  65.621 0.0000000000
97317  43.292  -7.435  69.794 0.0000000000
97293  43.261  -6.812  69.735 0.0000000000
98558  40.313  -6.857  67.564 0.0000000000
98559  39.776  -6.538  67.018 0.0000000000
98560  39.496  -6.142  66.491 0.0000000000
78963  32.034  -18.603  90.252 0.0000000000
79013  30.674  -19.422  88.185 0.0000000000
79014  29.649  -19.380  88.118 0.0000000000
79034  29.987  -19.255  87.288 0.0000000000
79100  29.062  -18.985  85.047 0.0000000000
79083  25.252  -19.619  84.970 0.0000000000
77785  26.057  -19.902  84.918 0.0000000000
77784  26.923  -19.960  85.125 0.0000000000
77807  24.785  -20.482  83.704 0.0000000000
77804  27.263  -19.866  84.874 0.0000000000
79102  27.372  -19.473  84.358 0.0000000000
79101  28.298  -19.062  84.694 0.0000000000
80372  28.400  -18.694  84.204 0.0000000000
79137  27.712  -18.547  83.264 0.0000000000
80402  27.567  -18.657  81.988 0.0000000000
80421  27.544  -18.683  81.389 0.0000000000
79162  26.018  -19.894  80.965 0.0000000000
79187  26.567  -19.346  80.799 0.0000000000
80441  27.373  -18.725  80.715 0.0000000000
81647  26.500  -18.593  79.477 0.0000000000
80472  26.597  -18.707  78.337 0.0000000000
80485  26.192  -18.960  77.570 0.0000000000
77964  20.383  -22.013  77.596 0.0000000000
76631  20.699  -22.749  77.057 0.0000000000
84288  32.915  -18.791  74.389 0.0000000000
104132  49.034  -1.557  61.024 0.0000000000
99764  46.012  -4.043  60.221 0.0000000000
100840  46.434  -3.951  60.483 0.0000000000
100839  46.925  -4.312  60.522 0.0000000000
98624  47.063  -5.376  59.379 0.0000000000
100860  47.374  -4.793  60.396 0.0000000000
101916  47.046  -3.716  60.828 0.0000000000
101915  47.808  -3.287  60.702 0.0000000000
101914  49.024  -3.130  60.736 0.0000000000
101930  49.533  -3.730  60.617 0.0000000000
99776  49.822  -4.749  59.846 0.0000000000
97434  49.070  -5.409  59.119 0.0000000000
99800  49.873  -5.081  59.427 0.0000000000
99813  51.386  -5.622  58.389 0.0000000000
98653  51.851  -5.760  57.972 0.0000000000
98670  52.021  -5.888  57.454 0.0000000000
80390  18.191  -19.896  83.251 0.0000000000
80391  17.585  -20.340  83.575 0.0000000000
80376  18.262  -19.861  84.075 0.0000000000
80361  18.066  -20.217  85.028 0.0000000000
80362  17.271  -20.607  85.223 0.0000000000
81572  18.458  -19.849  86.420 0.0000000000
80345  17.682  -20.380  86.083 0.0000000000
79039  17.570  -20.683  87.302 0.0000000000
79018  17.092  -21.408  88.662 0.0000000000
81551  21.012  -18.665  89.375 0.0000000000
81543  20.434  -19.175  89.732 0.0000000000
80304  19.963  -19.517  89.631 0.0000000000
81522  20.500  -19.310  91.297 0.0000000000
80295  20.110  -19.886  90.137 0.0000000000
80306  18.565  -20.430  89.644 0.0000000000
79003  17.096  -21.341  89.585 0.0000000000
79004  16.919  -21.453  90.185 0.0000000000
78988  16.783  -21.560  90.664 0.0000000000
77694  16.372  -21.761  91.352 0.0000000000
78954  17.052  -21.546  92.564 0.0000000000
76414  16.236  -21.825  92.094 0.0000000000
80252  32.614  -18.857  91.134 0.0000000000
80272  31.601  -18.703  90.609 0.0000000000
80273  30.896  -18.759  90.738 0.0000000000
80290  29.743  -18.829  90.043 0.0000000000
80291  29.272  -18.671  90.069 0.0000000000
78984  28.492  -18.960  89.486 0.0000000000
79002  27.654  -19.395  89.078 0.0000000000
80302  26.946  -19.127  88.422 0.0000000000
80313  26.220  -18.665  87.437 0.0000000000
81549  26.117  -17.728  88.154 0.0000000000
81550  25.519  -17.920  87.396 0.0000000000
80314  25.453  -18.326  86.976 0.0000000000
80328  24.552  -17.924  85.665 0.0000000000
80343  23.215  -18.155  84.688 0.0000000000
81579  22.482  -18.032  84.849 0.0000000000
82866  22.337  -17.646  85.615 0.0000000000
82867  21.617  -17.941  85.360 0.0000000000
81590  21.123  -18.909  84.095 0.0000000000
81602  19.158  -19.406  83.460 0.0000000000
97398  37.380  -7.762  63.347 0.0000000000
105261  46.271  -0.599  64.261 0.0000000000
104111  45.468  -1.364  63.091 0.0000000000
104101  45.420  -1.606  63.905 0.0000000000
102981  44.859  -1.876  63.259 0.0000000000
100841  44.573  -3.630  60.836 0.0000000000
101902  42.956  -3.319  62.961 0.0000000000
100844  42.219  -4.267  61.595 0.0000000000
100818  43.468  -3.731  61.653 0.0000000000
100842  43.853  -4.092  61.108 0.0000000000
100862  44.168  -4.210  60.357 0.0000000000
99803  44.208  -5.100  59.429 0.0000000000
79143  16.949  -20.895  83.100 0.0000000000
76499  16.075  -22.772  83.461 0.0000000000
75235  15.520  -23.937  82.902 0.0000000000
73899  15.260  -25.168  83.449 0.0000000000
71301  14.718  -27.141  83.421 0.0000000000
77745  15.358  -22.568  87.555 0.0000000000
75205  14.978  -23.310  86.843 0.0000000000
73855  14.433  -23.909  85.882 0.0000000000
73857  13.773  -24.153  86.464 0.0000000000
72510  14.145  -24.659  85.824 0.0000000000
73872  14.552  -24.659  85.257 0.0000000000
70088  14.403  -28.031  83.836 0.0000000000
67525  13.358  -30.036  83.904 0.0000000000
68842  13.187  -28.621  85.235 0.0000000000
66175  12.919  -30.052  84.528 0.0000000000
66177  12.117  -31.059  83.677 0.0000000000
73750  12.293  -24.955  90.813 0.0000000000
72423  12.288  -25.926  90.201 0.0000000000
71208  11.873  -26.305  89.395 0.0000000000
70025  11.536  -27.399  88.395 0.0000000000
68731  10.245  -28.170  91.674 0.0000000000
68756  10.369  -28.339  91.092 0.0000000000
70000  10.659  -27.676  90.975 0.0000000000
68776  9.825  -28.921  89.934 0.0000000000
70028  10.223  -28.476  89.867 0.0000000000
70011  10.839  -27.585  89.834 0.0000000000
70026  10.976  -27.755  88.818 0.0000000000
70039  11.225  -28.117  87.694 0.0000000000
68817  11.305  -29.156  87.148 0.0000000000
67476  11.518  -29.914  86.850 0.0000000000
64866  11.497  -30.892  86.195 0.0000000000
63672  11.018  -31.819  86.677 0.0000000000
64867  11.159  -31.118  86.588 0.0000000000
63689  11.133  -31.551  85.453 0.0000000000
58844  6.756  -36.229  92.529 0.0000000000
57659  6.104  -37.174  92.335 0.0000000000
92163  39.544  -9.873  71.667 0.0000000000
90795  35.283  -11.712  73.882 0.0000000000
88177  32.776  -14.285  74.636 0.0000000000
86963  31.725  -16.418  74.990 0.0000000000
85681  32.087  -16.984  75.374 0.0000000000
88145  33.893  -14.017  77.840 0.0000000000
86928  33.407  -15.432  77.848 0.0000000000
86941  33.083  -15.541  77.107 0.0000000000
84265  32.680  -17.737  75.682 0.0000000000
84278  33.235  -18.406  75.315 0.0000000000
84287  33.855  -18.955  74.846 0.0000000000
82978  34.535  -18.863  75.965 0.0000000000
82990  34.567  -19.221  75.544 0.0000000000
82999  35.001  -20.028  74.548 0.0000000000
81730  35.771  -20.620  74.057 0.0000000000
80537  36.025  -20.757  74.044 0.0000000000
79291  36.394  -21.814  73.843 0.0000000000
82960  36.176  -19.020  77.090 0.0000000000
81684  36.032  -19.477  76.446 0.0000000000
81701  35.822  -19.999  75.857 0.0000000000
80508  36.210  -20.283  76.186 0.0000000000
80525  36.049  -20.512  75.564 0.0000000000
79289  36.053  -20.755  75.203 0.0000000000
75349  34.367  -23.097  73.256 0.0000000000
79157  38.230  -19.549  82.289 0.0000000000
78979  32.846  -19.475  89.386 0.0000000000
79011  32.282  -20.147  87.890 0.0000000000
77713  33.752  -20.477  88.133 0.0000000000
77739  35.593  -20.638  86.831 0.0000000000
79099  31.039  -18.668  84.461 0.0000000000
77782  33.108  -19.982  85.128 0.0000000000
77803  33.182  -19.822  83.967 0.0000000000
77761  33.321  -20.331  86.019 0.0000000000
77760  33.967  -20.455  86.082 0.0000000000
77759  34.665  -20.637  86.015 0.0000000000
77757  36.258  -20.838  86.034 0.0000000000
77778  36.065  -20.990  85.207 0.0000000000
76480  36.837  -20.667  83.641 0.0000000000
77818  37.648  -20.146  83.743 0.0000000000
77839  37.547  -20.270  82.421 0.0000000000
79181  38.114  -19.597  81.647 0.0000000000
77881  37.491  -20.394  80.670 0.0000000000
77882  37.121  -20.908  80.273 0.0000000000
76527  36.053  -21.095  80.856 0.0000000000
76543  36.250  -21.367  80.016 0.0000000000
77903  36.339  -21.274  79.362 0.0000000000
77904  36.023  -21.576  79.121 0.0000000000
76588  35.562  -21.585  78.570 0.0000000000
76619  34.919  -21.346  77.677 0.0000000000
76547  33.346  -21.070  80.331 0.0000000000
76566  33.386  -21.339  79.440 0.0000000000
76590  34.316  -21.435  78.383 0.0000000000
76620  34.499  -21.349  77.656 0.0000000000
77956  34.678  -21.254  77.101 0.0000000000
77986  34.129  -21.321  76.227 0.0000000000
76675  32.675  -22.189  74.903 0.0000000000
76697  32.779  -22.835  73.854 0.0000000000
75366  33.207  -23.757  73.630 0.0000000000
90821  38.207  -10.404  70.633 0.0000000000
90846  37.050  -11.397  70.276 0.0000000000
90871  36.670  -11.758  70.001 0.0000000000
89524  35.819  -11.842  69.300 0.0000000000
89481  33.865  -12.673  71.153 0.0000000000
89502  33.499  -12.824  70.399 0.0000000000
88219  32.328  -14.264  69.725 0.0000000000
89527  33.592  -12.507  69.681 0.0000000000
88236  33.455  -12.506  68.858 0.0000000000
88288  34.010  -13.309  67.025 0.0000000000
99822  52.523  -5.691  56.991 0.0000000000
99831  52.847  -5.834  56.657 0.0000000000
98685  53.551  -6.140  56.388 0.0000000000
59957  7.290  -35.723  90.520 0.0000000000
61180  8.919  -34.190  89.817 0.0000000000
61195  8.799  -33.924  87.861 0.0000000000
62421  8.887  -33.856  88.993 0.0000000000
63597  8.330  -32.632  92.447 0.0000000000
63614  8.298  -32.773  92.259 0.0000000000
63636  10.220  -32.575  89.023 0.0000000000
63638  9.218  -33.502  89.143 0.0000000000
64790  8.400  -32.500  92.247 0.0000000000
64805  8.334  -32.649  92.057 0.0000000000
64868  10.977  -31.545  87.172 0.0000000000
64891  11.096  -31.384  86.120 0.0000000000
66068  9.331  -31.341  89.733 0.0000000000
66100  10.359  -31.068  88.056 0.0000000000
66115  11.613  -30.524  86.504 0.0000000000
66134  12.196  -30.587  86.071 0.0000000000
66154  12.175  -30.434  85.286 0.0000000000
67526  12.691  -30.655  83.595 0.0000000000
68777  10.056  -28.655  89.880 0.0000000000
68790  10.122  -28.654  89.603 0.0000000000
68802  10.618  -29.036  88.052 0.0000000000
68830  12.844  -28.505  86.029 0.0000000000
68841  13.187  -27.942  85.434 0.0000000000
70012  10.328  -28.344  90.270 0.0000000000
70013  10.128  -28.577  90.075 0.0000000000
70038  11.966  -27.408  87.954 0.0000000000
70089  13.777  -27.991  84.554 0.0000000000
70095  15.716  -27.762  81.613 0.0000000000
71232  13.231  -25.391  87.264 0.0000000000
72442  13.232  -25.263  88.006 0.0000000000
72489  13.559  -24.966  87.029 0.0000000000
72530  14.332  -24.736  85.520 0.0000000000
72553  14.806  -26.569  83.931 0.0000000000
72638  16.453  -26.787  80.744 0.0000000000
72639  16.640  -26.965  80.209 0.0000000000
73773  12.477  -25.418  89.208 0.0000000000
73774  12.411  -25.063  89.768 0.0000000000
73797  13.390  -24.973  87.954 0.0000000000
73798  13.153  -25.065  88.264 0.0000000000
73821  13.159  -24.815  88.469 0.0000000000
73839  13.669  -24.213  86.861 0.0000000000
73840  13.704  -24.059  86.662 0.0000000000
73856  13.873  -24.343  86.338 0.0000000000
73871  14.527  -24.259  85.528 0.0000000000
73884  14.685  -25.115  84.884 0.0000000000
73900  15.024  -25.281  84.301 0.0000000000
73919  15.962  -25.458  81.516 0.0000000000
73966  16.515  -25.936  79.916 0.0000000000
75165  13.372  -24.299  89.960 0.0000000000
75166  12.792  -24.511  89.966 0.0000000000
75179  12.962  -24.559  89.492 0.0000000000
75193  13.381  -24.560  88.659 0.0000000000
75207  13.801  -23.888  86.812 0.0000000000
75216  13.890  -23.887  86.560 0.0000000000
75221  14.931  -23.649  85.608 0.0000000000
75237  14.974  -24.658  84.508 0.0000000000
75244  16.636  -23.890  81.732 0.0000000000
75364  34.461  -23.734  73.209 0.0000000000
76405  16.467  -21.722  92.066 0.0000000000
76406  16.218  -21.645  92.099 0.0000000000
76418  14.067  -23.537  90.836 0.0000000000
76424  16.012  -22.357  91.067 0.0000000000
76434  14.425  -23.487  89.395 0.0000000000
76450  15.341  -22.774  87.192 0.0000000000
76459  35.050  -20.667  85.512 0.0000000000
76468  36.243  -20.792  84.661 0.0000000000
76475  15.171  -23.579  85.292 0.0000000000
76487  15.418  -23.421  84.896 0.0000000000
76488  15.070  -23.890  84.983 0.0000000000
76496  34.347  -20.808  82.658 0.0000000000
76514  33.135  -20.608  81.965 0.0000000000
76533  32.187  -20.627  80.607 0.0000000000
76535  16.968  -22.928  81.847 0.0000000000
76542  36.728  -21.189  80.270 0.0000000000
76551  21.541  -20.810  79.535 0.0000000000
76553  17.501  -22.751  79.828 0.0000000000
76562  36.102  -21.491  79.434 0.0000000000
76570  22.083  -20.595  79.165 0.0000000000
76571  21.670  -20.782  79.280 0.0000000000
76573  17.653  -22.730  79.641 0.0000000000
76598  22.121  -20.810  78.299 0.0000000000
76599  21.817  -20.859  78.536 0.0000000000
76633  19.130  -23.129  77.670 0.0000000000
77686  16.404  -21.622  92.262 0.0000000000
77689  14.898  -22.579  91.762 0.0000000000
77693  16.491  -21.556  91.949 0.0000000000
77695  15.189  -22.554  91.585 0.0000000000
77725  16.655  -21.727  89.061 0.0000000000
77758  35.432  -20.835  85.816 0.0000000000
77763  27.300  -19.683  85.606 0.0000000000
77765  16.039  -21.456  86.061 0.0000000000
77780  34.371  -20.436  85.458 0.0000000000
77783  27.468  -19.723  85.381 0.0000000000
77787  24.365  -20.209  84.059 0.0000000000
77789  15.736  -22.213  85.730 0.0000000000
77805  26.629  -20.042  84.363 0.0000000000
77809  22.497  -20.199  83.320 0.0000000000
77810  22.151  -20.236  83.118 0.0000000000
77851  20.599  -19.921  81.576 0.0000000000
77867  25.777  -19.874  81.469 0.0000000000
77883  36.670  -21.251  79.992 0.0000000000
77888  23.093  -20.740  80.276 0.0000000000
77889  22.365  -20.622  80.355 0.0000000000
77894  17.488  -22.583  80.007 0.0000000000
77916  17.651  -22.463  79.836 0.0000000000
77928  35.492  -21.512  78.236 0.0000000000
77929  31.572  -21.421  78.611 0.0000000000
77936  20.223  -21.554  78.265 0.0000000000
77952  36.193  -20.812  77.475 0.0000000000
77987  30.796  -21.505  76.619 0.0000000000
78964  30.835  -18.786  90.398 0.0000000000
78965  30.566  -18.756  90.439 0.0000000000
78970  16.617  -21.635  90.994 0.0000000000
78995  33.715  -20.401  88.596 0.0000000000
79059  27.140  -19.438  86.079 0.0000000000
79061  25.449  -19.213  85.588 0.0000000000
79062  24.793  -19.147  85.116 0.0000000000
79063  17.443  -20.718  86.940 0.0000000000
79082  25.749  -19.630  85.342 0.0000000000
79086  16.511  -20.956  85.386 0.0000000000
79105  22.967  -19.891  83.576 0.0000000000
79118  27.816  -18.778  84.002 0.0000000000
79121  23.502  -20.195  83.418 0.0000000000
79132  38.363  -19.555  83.072 0.0000000000
79135  32.147  -19.760  82.256 0.0000000000
79139  26.488  -19.202  82.226 0.0000000000
79140  21.257  -19.684  82.403 0.0000000000
79158  37.870  -19.944  81.825 0.0000000000
79159  30.933  -19.842  81.456 0.0000000000
79163  23.884  -21.080  81.053 0.0000000000
79164  23.633  -20.977  81.016 0.0000000000
79165  20.170  -20.110  81.576 0.0000000000
79186  26.946  -19.092  81.239 0.0000000000
79189  23.840  -20.978  80.801 0.0000000000
79202  37.657  -19.970  79.952 0.0000000000
79207  24.254  -19.730  78.947 0.0000000000
79208  20.952  -21.187  78.915 0.0000000000
79209  20.800  -21.192  78.987 0.0000000000
79224  21.013  -21.182  78.676 0.0000000000
79233  36.136  -20.778  77.115 0.0000000000
79310  36.351  -21.046  73.325 0.0000000000
80274  30.110  -18.646  90.534 0.0000000000
80288  31.473  -18.690  90.307 0.0000000000
80297  18.421  -20.433  90.772 0.0000000000
80298  17.849  -20.617  90.654 0.0000000000
80312  26.755  -19.246  87.869 0.0000000000
80356  29.521  -18.738  85.019 0.0000000000
80371  29.216  -18.582  84.356 0.0000000000
80374  21.831  -19.254  83.465 0.0000000000
80375  18.760  -19.599  84.222 0.0000000000
80377  17.501  -20.468  84.427 0.0000000000
80403  20.780  -19.572  82.580 0.0000000000
80407  17.826  -20.314  82.625 0.0000000000
80417  38.403  -19.166  82.035 0.0000000000
80418  30.513  -19.245  81.469 0.0000000000
80422  19.082  -19.991  82.138 0.0000000000
80423  18.549  -20.270  82.052 0.0000000000
80438  38.005  -19.489  80.614 0.0000000000
80440  30.323  -19.090  80.555 0.0000000000
80442  26.714  -18.684  80.160 0.0000000000
80454  28.188  -18.512  79.676 0.0000000000
80456  26.039  -18.729  79.360 0.0000000000
80481  37.214  -19.439  79.227 0.0000000000
80484  27.870  -18.857  77.349 0.0000000000
80486  25.427  -19.414  77.235 0.0000000000
80509  35.961  -20.286  75.756 0.0000000000
80538  35.949  -20.597  73.635 0.0000000000
81541  26.833  -17.691  88.790 0.0000000000
81558  24.545  -17.725  86.263 0.0000000000
81561  18.712  -19.563  86.952 0.0000000000
81580  21.672  -18.505  84.665 0.0000000000
81592  19.257  -19.393  84.150 0.0000000000
81601  19.812  -19.416  83.467 0.0000000000
81603  18.690  -19.578  83.386 0.0000000000
81610  28.509  -18.680  81.739 0.0000000000
81611  20.470  -19.572  82.744 0.0000000000
81613  19.411  -19.509  82.938 0.0000000000
81614  18.997  -19.426  83.059 0.0000000000
81620  29.460  -18.613  80.881 0.0000000000
81621  28.439  -18.549  81.176 0.0000000000
81633  26.464  -18.606  79.754 0.0000000000
81634  26.173  -18.659  79.778 0.0000000000
81642  38.079  -18.783  80.632 0.0000000000
81644  29.751  -18.525  79.752 0.0000000000
81645  29.141  -18.539  79.904 0.0000000000
81648  26.303  -18.628  79.568 0.0000000000
81660  37.365  -19.148  79.708 0.0000000000
81661  27.124  -18.689  77.682 0.0000000000
81671  37.137  -19.223  78.980 0.0000000000
82833  26.043  -17.055  88.122 0.0000000000
82844  24.873  -17.543  87.324 0.0000000000
82845  24.477  -17.416  86.861 0.0000000000
82848  20.749  -18.080  86.896 0.0000000000
82855  23.958  -17.107  86.456 0.0000000000
82915  38.208  -18.541  80.885 0.0000000000
84110  24.645  -17.049  87.639 0.0000000000
84111  23.986  -17.107  88.057 0.0000000000
84134  23.431  -16.780  86.922 0.0000000000
84190  38.433  -17.994  81.411 0.0000000000
84223  37.274  -18.506  80.256 0.0000000000
84237  35.968  -17.984  78.017 0.0000000000
84246  36.028  -18.512  77.640 0.0000000000
84276  34.347  -18.654  75.821 0.0000000000
84301  30.754  -17.450  72.371 0.0000000000
84311  30.791  -17.840  71.956 0.0000000000
85600  38.217  -17.907  81.319 0.0000000000
85643  36.100  -18.280  79.166 0.0000000000
85725  30.551  -17.167  72.176 0.0000000000
85737  30.548  -17.305  71.950 0.0000000000
88257  37.488  -11.603  67.801 0.0000000000
88258  37.253  -11.676  67.825 0.0000000000
88259  36.109  -12.688  68.201 0.0000000000
88315  35.307  -13.047  66.962 0.0000000000
88336  37.219  -11.604  66.608 0.0000000000
88352  37.091  -11.528  66.361 0.0000000000
89498  37.017  -11.777  69.832 0.0000000000
89501  33.878  -12.549  70.661 0.0000000000
89525  35.164  -11.849  69.568 0.0000000000
89526  33.657  -12.419  69.099 0.0000000000
89546  34.325  -12.301  69.131 0.0000000000
89562  37.953  -11.546  67.550 0.0000000000
89563  36.709  -12.135  67.887 0.0000000000
89564  36.563  -12.204  68.084 0.0000000000
89578  38.770  -11.224  67.277 0.0000000000
89579  38.540  -11.342  67.217 0.0000000000
89580  38.119  -11.557  67.140 0.0000000000
89581  35.495  -12.778  66.623 0.0000000000
89601  38.605  -11.227  67.027 0.0000000000
89624  38.388  -11.227  66.781 0.0000000000
90822  37.493  -10.706  70.593 0.0000000000
90849  34.274  -12.263  70.625 0.0000000000
90850  33.895  -12.447  70.394 0.0000000000
90872  36.194  -11.744  69.846 0.0000000000
90873  34.599  -11.832  69.962 0.0000000000
90875  33.785  -12.445  70.085 0.0000000000
90891  34.732  -12.091  69.429 0.0000000000
90892  34.291  -12.180  69.633 0.0000000000
90893  33.935  -12.316  69.791 0.0000000000
90923  39.060  -11.087  67.316 0.0000000000
90924  35.280  -12.702  66.399 0.0000000000
90925  35.074  -12.722  66.230 0.0000000000
90942  35.228  -12.589  66.185 0.0000000000
90943  35.036  -12.619  66.038 0.0000000000
90957  38.381  -11.021  66.593 0.0000000000
92182  36.699  -11.124  70.767 0.0000000000
92215  41.720  -10.042  69.188 0.0000000000
92234  40.764  -10.248  68.352 0.0000000000
92236  39.830  -10.575  67.446 0.0000000000
92261  39.077  -10.795  67.102 0.0000000000
92262  39.129  -10.477  66.804 0.0000000000
92263  36.880  -10.728  65.498 0.0000000000
92264  36.701  -10.705  65.340 0.0000000000
93528  38.186  -10.203  72.037 0.0000000000
93547  38.146  -10.255  71.683 0.0000000000
93548  37.937  -10.284  71.804 0.0000000000
93609  42.591  -9.111  68.726 0.0000000000
93612  40.523  -9.998  67.813 0.0000000000
93613  40.065  -10.278  67.444 0.0000000000
93614  39.760  -10.388  67.304 0.0000000000
93628  41.281  -9.224  68.127 0.0000000000
93645  39.939  -9.517  66.816 0.0000000000
93647  36.864  -10.530  65.364 0.0000000000
93648  36.606  -10.522  65.118 0.0000000000
94836  43.827  -8.111  70.825 0.0000000000
94837  43.294  -8.424  70.460 0.0000000000
94854  42.695  -8.876  69.671 0.0000000000
94886  41.695  -8.854  68.216 0.0000000000
94888  40.580  -9.021  67.323 0.0000000000
96093  42.395  -7.783  68.873 0.0000000000
96095  42.118  -7.817  68.747 0.0000000000
96116  41.904  -7.843  68.668 0.0000000000
96117  42.070  -7.730  68.789 0.0000000000
96131  40.483  -8.279  67.225 0.0000000000
96139  39.903  -8.368  66.695 0.0000000000
97316  43.576  -7.524  70.188 0.0000000000
97319  42.021  -7.410  68.975 0.0000000000
97320  42.229  -7.643  68.894 0.0000000000
97336  41.416  -7.571  68.412 0.0000000000
97337  41.763  -7.550  68.719 0.0000000000
97338  42.035  -7.623  68.846 0.0000000000
97362  39.871  -7.935  66.827 0.0000000000
97380  39.044  -7.299  65.526 0.0000000000
97418  48.879  -5.302  59.352 0.0000000000
97420  48.417  -5.453  59.128 0.0000000000
97421  44.988  -5.408  58.827 0.0000000000
97436  48.469  -5.580  58.712 0.0000000000
97451  49.321  -5.503  58.746 0.0000000000
97453  48.574  -5.691  58.436 0.0000000000
97466  49.482  -5.814  58.059 0.0000000000
98509  43.144  -6.242  69.461 0.0000000000
98545  41.117  -7.164  68.285 0.0000000000
98556  41.092  -7.337  68.172 0.0000000000
98574  39.469  -6.752  66.454 0.0000000000
98620  49.129  -5.269  59.319 0.0000000000
98621  49.032  -5.142  59.523 0.0000000000
98626  44.708  -5.260  59.111 0.0000000000
98638  49.553  -5.262  59.169 0.0000000000
99671  42.802  -5.873  69.279 0.0000000000
99708  39.446  -5.783  66.220 0.0000000000
99721  40.596  -4.318  65.848 0.0000000000
99745  51.400  -4.121  61.143 0.0000000000
99747  45.615  -3.553  60.581 0.0000000000
99762  47.975  -4.843  60.409 0.0000000000
99763  46.572  -4.325  60.317 0.0000000000
99823  51.012  -5.713  57.921 0.0000000000
100814  51.081  -3.914  61.088 0.0000000000
100815  46.560  -3.731  60.726 0.0000000000
100838  47.683  -4.350  60.516 0.0000000000
100857  49.983  -4.170  60.546 0.0000000000
100861  44.678  -4.098  60.225 0.0000000000
102969  43.438  -2.445  65.670 0.0000000000
103012  45.877  -1.393  62.050 0.0000000000
104125  45.824  -1.307  62.429 0.0000000000
157095  12.301  -27.416  86.055 0.0000000000
157100  12.205  -26.899  86.095 0.0000000000
157101  11.552  -28.536  86.955 0.0000000000
157102  12.597  -25.892  87.054 0.0000000000
157104  12.436  -26.077  87.025 0.0000000000
