#!ascii label  , from subject 3161 vox2ras=TkReg
313
92909  -31.448  -3.665  -3.967 0.0000000000
96567  -28.639  -0.269  -8.220 0.0000000000
113231  -26.566  14.316  -10.628 0.0000000000
107851  -28.564  9.646  -8.927 0.0000000000
103186  -29.110  5.144  -6.682 0.0000000000
97663  -32.794  1.310  -4.721 0.0000000000
115386  -25.012  16.225  -10.057 0.0000000000
105529  -28.675  7.652  -8.249 0.0000000000
103209  -28.613  5.123  -9.460 0.0000000000
94227  -30.242  -2.151  -5.806 0.0000000000
97673  -30.947  0.319  -5.787 0.0000000000
95406  -31.933  -1.532  -3.830 0.0000000000
86292  -27.993  -8.012  -5.075 0.0000000000
91605  -28.977  -4.517  -6.332 0.0000000000
119562  -26.386  20.580  -8.252 0.0000000000
118562  -26.321  19.759  -8.970 0.0000000000
117532  -27.090  18.017  -9.566 0.0000000000
115390  -28.254  16.141  -9.197 0.0000000000
113214  -28.611  14.579  -8.160 0.0000000000
111105  -27.288  12.267  -10.270 0.0000000000
111041  -29.207  12.397  -6.782 0.0000000000
107813  -29.593  9.771  -6.041 0.0000000000
105479  -30.765  7.535  -5.157 0.0000000000
103148  -32.289  5.806  -4.813 0.0000000000
99937  -28.859  2.413  -7.314 0.0000000000
100968  -31.902  3.509  -5.979 0.0000000000
104371  -28.135  5.980  -9.624 0.0000000000
101031  -28.356  4.206  -10.249 0.0000000000
92952  -30.819  -2.659  -5.337 0.0000000000
95439  -30.816  -1.490  -5.460 0.0000000000
94192  -31.546  -2.441  -4.173 0.0000000000
80691  -27.151  -11.788  -2.304 0.0000000000
83496  -27.707  -10.543  -2.525 0.0000000000
84810  -28.612  -10.052  -2.580 0.0000000000
92977  -28.338  -3.593  -7.317 0.0000000000
91624  -27.625  -4.358  -7.253 0.0000000000
118604  -26.801  18.595  -9.351 0.0000000000
114285  -25.472  15.035  -10.485 0.0000000000
115388  -26.771  16.517  -10.104 0.0000000000
114278  -27.723  15.309  -9.644 0.0000000000
114279  -28.272  15.219  -8.926 0.0000000000
113222  -27.782  14.295  -10.008 0.0000000000
108897  -27.739  10.872  -9.594 0.0000000000
111068  -28.464  12.234  -8.076 0.0000000000
109955  -28.599  11.307  -8.019 0.0000000000
108884  -29.001  10.985  -7.032 0.0000000000
107840  -28.560  9.717  -7.883 0.0000000000
103163  -28.862  6.262  -6.639 0.0000000000
105494  -29.302  7.839  -6.256 0.0000000000
104313  -30.240  6.535  -5.566 0.0000000000
104295  -31.206  6.529  -5.114 0.0000000000
103165  -30.841  5.519  -5.694 0.0000000000
97720  -28.132  1.119  -8.886 0.0000000000
98829  -28.532  1.997  -8.628 0.0000000000
98822  -28.668  1.535  -7.894 0.0000000000
97675  -32.386  1.149  -5.217 0.0000000000
98810  -31.206  2.047  -6.193 0.0000000000
98794  -32.436  1.906  -5.394 0.0000000000
100948  -32.749  3.500  -5.008 0.0000000000
99905  -33.139  2.609  -4.846 0.0000000000
86277  -29.516  -8.106  -4.016 0.0000000000
87712  -28.407  -7.434  -5.032 0.0000000000
87695  -29.711  -7.481  -4.470 0.0000000000
88978  -30.605  -6.221  -4.943 0.0000000000
106731  -28.171  8.085  -9.959 0.0000000000
106706  -28.675  8.732  -8.132 0.0000000000
105541  -28.181  7.283  -9.019 0.0000000000
104344  -28.683  6.552  -8.363 0.0000000000
102036  -28.670  4.565  -7.481 0.0000000000
96557  -29.718  -1.167  -7.005 0.0000000000
97689  -29.657  0.183  -6.911 0.0000000000
96532  -30.623  -0.575  -6.005 0.0000000000
96533  -31.227  -0.570  -5.327 0.0000000000
97662  -32.437  0.354  -4.401 0.0000000000
86256  -28.740  -9.218  -3.453 0.0000000000
96555  -28.627  -1.102  -7.648 0.0000000000
94251  -29.138  -2.204  -6.846 0.0000000000
94226  -29.606  -2.846  -5.999 0.0000000000
91562  -30.616  -4.249  -5.080 0.0000000000
121426  -27.421  22.545  -8.326 0.0000000000
118546  -25.826  20.059  -7.413 0.0000000000
119563  -26.796  20.114  -9.152 0.0000000000
119583  -28.928  20.413  -9.578 0.0000000000
118585  -28.998  19.083  -9.794 0.0000000000
117506  -29.023  17.904  -9.080 0.0000000000
116413  -26.399  17.360  -9.907 0.0000000000
116415  -27.886  17.059  -9.504 0.0000000000
116388  -28.718  17.166  -8.528 0.0000000000
115365  -28.884  16.729  -7.960 0.0000000000
114257  -29.572  15.598  -7.068 0.0000000000
113206  -29.496  14.615  -7.353 0.0000000000
112139  -27.422  13.280  -10.238 0.0000000000
112140  -27.867  13.395  -9.398 0.0000000000
112118  -28.781  13.484  -7.356 0.0000000000
112105  -29.574  13.563  -6.431 0.0000000000
111017  -29.817  12.676  -6.183 0.0000000000
107795  -30.578  9.607  -4.776 0.0000000000
106689  -29.182  8.482  -6.769 0.0000000000
106673  -29.604  8.782  -6.142 0.0000000000
101017  -28.284  3.808  -9.721 0.0000000000
100989  -28.481  3.492  -7.845 0.0000000000
102037  -29.310  4.180  -6.708 0.0000000000
98808  -29.424  1.205  -6.820 0.0000000000
99921  -30.759  2.566  -6.454 0.0000000000
102014  -30.125  4.512  -6.196 0.0000000000
102016  -32.038  4.288  -5.602 0.0000000000
102002  -32.844  4.631  -4.757 0.0000000000
90325  -29.102  -5.094  -6.105 0.0000000000
90304  -30.236  -5.072  -5.457 0.0000000000
90269  -31.456  -5.150  -3.860 0.0000000000
92936  -31.134  -3.255  -4.836 0.0000000000
92910  -31.927  -3.144  -3.415 0.0000000000
82106  -27.931  -11.512  -1.563 0.0000000000
82117  -27.498  -11.131  -2.224 0.0000000000
82118  -27.972  -10.951  -1.694 0.0000000000
114286  -26.220  15.090  -10.799 0.0000000000
114287  -26.977  15.105  -10.887 0.0000000000
114288  -27.408  14.967  -10.344 0.0000000000
113232  -27.185  14.286  -10.465 0.0000000000
108912  -28.179  10.091  -9.745 0.0000000000
108911  -27.563  10.587  -10.206 0.0000000000
108898  -28.190  10.697  -9.107 0.0000000000
108891  -28.452  10.568  -8.352 0.0000000000
108883  -28.750  10.643  -7.554 0.0000000000
103164  -29.662  5.755  -6.054 0.0000000000
97709  -28.545  0.487  -8.315 0.0000000000
98830  -28.371  1.379  -8.671 0.0000000000
97700  -29.260  0.414  -7.519 0.0000000000
97676  -32.628  1.588  -5.120 0.0000000000
99904  -32.652  2.624  -5.276 0.0000000000
98784  -33.268  1.816  -4.472 0.0000000000
99894  -33.412  2.595  -4.084 0.0000000000
86278  -30.097  -7.795  -4.133 0.0000000000
105553  -28.198  6.855  -9.780 0.0000000000
104355  -28.409  6.191  -9.126 0.0000000000
103199  -28.671  5.464  -8.489 0.0000000000
102052  -28.461  4.463  -8.630 0.0000000000
95447  -30.079  -1.558  -6.689 0.0000000000
96546  -29.964  -0.652  -6.777 0.0000000000
95438  -30.396  -1.299  -6.191 0.0000000000
95423  -31.449  -1.457  -4.633 0.0000000000
95424  -31.729  -1.006  -4.339 0.0000000000
97661  -31.916  -0.050  -4.627 0.0000000000
96519  -32.012  -0.542  -4.242 0.0000000000
96507  -32.501  -0.557  -3.643 0.0000000000
80690  -26.511  -12.178  -2.475 0.0000000000
84821  -28.829  -9.376  -2.967 0.0000000000
86257  -29.330  -8.827  -3.074 0.0000000000
95457  -28.801  -1.526  -7.157 0.0000000000
92961  -28.691  -4.037  -6.796 0.0000000000
92978  -29.105  -2.947  -7.198 0.0000000000
92962  -29.135  -3.562  -6.514 0.0000000000
92950  -29.715  -3.686  -5.830 0.0000000000
91584  -29.464  -4.248  -5.919 0.0000000000
120537  -26.726  21.495  -8.112 0.0000000000
121425  -26.848  22.127  -8.035 0.0000000000
120538  -27.157  21.662  -8.659 0.0000000000
119581  -26.851  21.164  -8.718 0.0000000000
118561  -25.804  19.531  -8.106 0.0000000000
118584  -27.325  19.138  -9.224 0.0000000000
117523  -27.444  18.447  -9.399 0.0000000000
117524  -28.052  18.045  -9.449 0.0000000000
118563  -29.329  18.597  -9.117 0.0000000000
115387  -25.921  16.578  -10.266 0.0000000000
115389  -27.499  16.322  -9.733 0.0000000000
116403  -28.479  17.113  -9.103 0.0000000000
115378  -28.689  16.415  -8.544 0.0000000000
113205  -28.911  15.161  -7.887 0.0000000000
113207  -29.897  15.065  -6.950 0.0000000000
110009  -27.075  11.386  -10.603 0.0000000000
111106  -27.771  12.434  -9.755 0.0000000000
112117  -28.457  12.921  -7.739 0.0000000000
111069  -28.680  12.512  -7.411 0.0000000000
112081  -29.724  13.019  -5.927 0.0000000000
108868  -29.153  10.702  -6.367 0.0000000000
108847  -29.705  10.681  -5.597 0.0000000000
108848  -30.282  10.514  -4.924 0.0000000000
107794  -30.137  9.916  -5.398 0.0000000000
105510  -29.043  7.978  -7.349 0.0000000000
105495  -29.820  7.347  -5.598 0.0000000000
106674  -29.946  8.198  -5.462 0.0000000000
106657  -30.706  8.647  -4.856 0.0000000000
103147  -31.560  5.880  -5.038 0.0000000000
99958  -27.904  3.038  -9.698 0.0000000000
99936  -28.421  2.530  -8.233 0.0000000000
100990  -29.067  3.392  -6.999 0.0000000000
97690  -30.256  0.300  -6.457 0.0000000000
98809  -30.726  1.405  -6.311 0.0000000000
99922  -31.450  2.646  -6.058 0.0000000000
100966  -30.042  3.418  -6.626 0.0000000000
100967  -31.003  3.520  -6.342 0.0000000000
102015  -31.340  4.422  -6.010 0.0000000000
102017  -32.362  4.149  -5.114 0.0000000000
87697  -31.173  -6.603  -4.295 0.0000000000
88979  -31.195  -5.787  -4.474 0.0000000000
90283  -30.714  -5.137  -5.031 0.0000000000
104370  -28.011  6.512  -9.990 0.0000000000
103227  -28.263  5.269  -9.895 0.0000000000
103210  -28.587  4.594  -9.777 0.0000000000
94228  -30.776  -2.146  -5.401 0.0000000000
94212  -31.165  -2.263  -5.027 0.0000000000
95405  -31.638  -1.815  -4.216 0.0000000000
94193  -31.941  -2.379  -3.572 0.0000000000
80680  -27.470  -12.236  -1.752 0.0000000000
84819  -27.526  -10.034  -3.431 0.0000000000
83509  -27.867  -10.309  -2.751 0.0000000000
83498  -29.015  -10.408  -1.829 0.0000000000
94250  -28.434  -2.394  -7.154 0.0000000000
91604  -28.292  -4.420  -6.879 0.0000000000
118583  -26.264  18.931  -8.907 0.0000000000
117531  -26.117  18.211  -9.559 0.0000000000
115398  -25.708  15.737  -10.401 0.0000000000
115399  -26.462  15.799  -10.449 0.0000000000
115400  -27.196  15.709  -10.307 0.0000000000
113223  -27.838  14.411  -8.959 0.0000000000
109991  -27.494  11.534  -9.936 0.0000000000
111088  -28.204  12.436  -8.987 0.0000000000
109992  -28.001  11.588  -9.372 0.0000000000
109974  -28.274  11.470  -8.642 0.0000000000
109956  -28.968  11.637  -7.442 0.0000000000
109930  -29.202  11.460  -6.771 0.0000000000
108867  -28.932  10.427  -6.938 0.0000000000
107812  -29.140  9.986  -6.634 0.0000000000
104330  -28.769  6.918  -7.476 0.0000000000
104311  -29.035  7.269  -6.773 0.0000000000
104312  -29.498  6.820  -6.179 0.0000000000
103166  -31.656  5.081  -5.254 0.0000000000
98838  -28.257  1.752  -9.368 0.0000000000
98821  -28.532  2.018  -8.243 0.0000000000
98792  -31.311  0.917  -5.786 0.0000000000
98793  -31.701  1.617  -5.752 0.0000000000
99903  -32.025  2.601  -5.561 0.0000000000
100947  -32.306  3.210  -5.441 0.0000000000
100949  -33.222  3.232  -4.529 0.0000000000
100934  -33.462  3.513  -3.833 0.0000000000
87694  -29.016  -7.703  -4.466 0.0000000000
88976  -29.166  -7.140  -4.822 0.0000000000
88977  -29.845  -6.829  -4.995 0.0000000000
88992  -29.749  -5.974  -5.404 0.0000000000
87696  -30.530  -7.243  -4.223 0.0000000000
107865  -27.766  9.402  -10.321 0.0000000000
107866  -28.198  9.143  -9.621 0.0000000000
106718  -28.265  8.429  -8.953 0.0000000000
103185  -28.785  5.811  -7.551 0.0000000000
96556  -29.178  -0.660  -7.555 0.0000000000
96545  -29.564  -0.201  -7.225 0.0000000000
97674  -31.795  0.355  -5.299 0.0000000000
97654  -33.200  0.910  -4.028 0.0000000000
97653  -32.957  0.129  -3.507 0.0000000000
95395  -32.579  -1.287  -3.034 0.0000000000
79279  -26.017  -12.807  -2.419 0.0000000000
86276  -28.401  -8.616  -4.273 0.0000000000
84837  -27.782  -9.357  -4.063 0.0000000000
96566  -28.400  -0.738  -8.268 0.0000000000
95458  -29.560  -1.644  -6.979 0.0000000000
94237  -29.767  -2.145  -6.569 0.0000000000
94236  -29.342  -2.613  -6.665 0.0000000000
92951  -30.443  -3.400  -5.460 0.0000000000
92935  -30.764  -3.814  -4.911 0.0000000000
121409  -26.722  21.927  -7.484 0.0000000000
119582  -27.659  20.658  -9.250 0.0000000000
118586  -29.738  19.856  -9.277 0.0000000000
118564  -29.786  19.038  -8.832 0.0000000000
117507  -29.175  18.453  -8.110 0.0000000000
116414  -27.193  17.154  -9.711 0.0000000000
117533  -27.570  17.577  -9.547 0.0000000000
116389  -28.883  17.546  -7.862 0.0000000000
115366  -29.486  16.626  -7.276 0.0000000000
114269  -28.668  15.562  -8.453 0.0000000000
114256  -29.068  15.813  -7.774 0.0000000000
112152  -26.262  13.349  -10.665 0.0000000000
112153  -26.855  13.577  -10.549 0.0000000000
112128  -28.294  13.435  -8.294 0.0000000000
112129  -28.641  13.943  -7.859 0.0000000000
113215  -28.949  14.165  -7.712 0.0000000000
113195  -29.816  14.255  -6.612 0.0000000000
109904  -29.551  11.594  -6.131 0.0000000000
109905  -30.018  11.818  -5.084 0.0000000000
109906  -30.796  11.401  -4.365 0.0000000000
106688  -28.783  8.976  -7.285 0.0000000000
106672  -29.206  9.292  -6.684 0.0000000000
105511  -29.173  8.028  -6.824 0.0000000000
107814  -30.099  9.139  -5.421 0.0000000000
105480  -31.946  7.439  -5.193 0.0000000000
101018  -28.449  4.134  -10.116 0.0000000000
102065  -28.461  4.372  -9.529 0.0000000000
99949  -28.349  2.779  -9.116 0.0000000000
101006  -28.258  3.585  -8.853 0.0000000000
99920  -29.845  2.391  -6.821 0.0000000000
100969  -32.317  3.733  -5.531 0.0000000000
102001  -32.311  4.896  -4.939 0.0000000000
90324  -28.644  -5.106  -6.372 0.0000000000
90303  -29.637  -5.071  -5.746 0.0000000000
91585  -30.170  -4.435  -5.547 0.0000000000
91563  -31.003  -4.360  -4.438 0.0000000000
82107  -28.548  -11.127  -1.294 0.0000000000
84820  -28.178  -9.801  -3.214 0.0000000000
86247  -29.662  -9.191  -2.352 0.0000000000
88993  -30.230  -5.524  -5.346 0.0000000000
90284  -31.094  -5.149  -4.457 0.0000000000
91625  -28.160  -4.174  -7.258 0.0000000000
94252  -29.544  -2.148  -6.793 0.0000000000
96518  -31.636  -0.521  -4.717 0.0000000000
98795  -32.893  1.964  -5.052 0.0000000000
98839  -28.256  1.396  -9.008 0.0000000000
102066  -28.581  4.349  -9.925 0.0000000000
102081  -28.138  4.613  -10.219 0.0000000000
102082  -28.464  4.337  -10.078 0.0000000000
102094  -27.830  4.463  -10.506 0.0000000000
103228  -28.626  4.697  -10.002 0.0000000000
105493  -29.138  7.783  -6.816 0.0000000000
107827  -28.769  9.825  -7.113 0.0000000000
118605  -27.177  18.567  -9.351 0.0000000000
