#!ascii label  , from subject 3161 vox2ras=TkReg
1151
72031  21.522  -9.706  69.950 0.0000000000
70477  35.877  -10.676  70.200 0.0000000000
98943  38.493  8.726  49.436 0.0000000000
83411  32.007  -2.693  55.135 0.0000000000
80282  32.945  -4.282  64.266 0.0000000000
106388  48.338  16.422  41.297 0.0000000000
95265  39.668  6.120  51.233 0.0000000000
91386  33.800  2.855  51.480 0.0000000000
70489  16.050  -11.345  69.895 0.0000000000
73402  29.073  -8.874  70.532 0.0000000000
72114  28.706  -10.222  65.974 0.0000000000
76170  22.886  -7.277  65.661 0.0000000000
103949  42.736  12.638  45.178 0.0000000000
70388  26.098  -10.357  73.800 0.0000000000
68902  21.165  -10.400  73.525 0.0000000000
101477  43.290  11.502  48.565 0.0000000000
71930  15.271  -10.862  74.941 0.0000000000
64729  10.894  -15.376  76.120 0.0000000000
86237  35.280  0.063  54.431 0.0000000000
81823  33.484  -2.850  60.172 0.0000000000
77579  28.311  -7.030  61.900 0.0000000000
72180  29.272  -9.991  63.061 0.0000000000
92696  39.292  5.125  52.648 0.0000000000
91413  36.902  4.485  51.879 0.0000000000
91383  37.208  3.515  53.158 0.0000000000
97652  41.410  7.515  53.382 0.0000000000
72078  18.749  -10.215  67.423 0.0000000000
70533  16.781  -10.879  67.385 0.0000000000
70486  19.163  -10.206  69.770 0.0000000000
73405  25.184  -8.670  71.085 0.0000000000
76127  25.982  -7.333  68.656 0.0000000000
72074  21.919  -8.891  68.218 0.0000000000
72117  19.449  -9.816  65.177 0.0000000000
100238  37.582  9.757  47.298 0.0000000000
101453  40.590  9.916  50.320 0.0000000000
100221  40.385  10.030  48.902 0.0000000000
100251  40.329  11.096  47.545 0.0000000000
68846  20.434  -10.590  76.308 0.0000000000
70392  18.583  -10.538  73.799 0.0000000000
71909  18.058  -10.902  77.165 0.0000000000
66033  12.647  -14.125  80.599 0.0000000000
67376  12.590  -13.912  78.422 0.0000000000
64698  11.061  -15.235  78.175 0.0000000000
63371  8.626  -16.594  77.868 0.0000000000
63325  8.872  -16.080  81.066 0.0000000000
80364  36.033  -2.690  60.280 0.0000000000
80324  34.160  -3.885  62.179 0.0000000000
80347  30.528  -3.838  61.823 0.0000000000
80305  31.077  -4.914  63.153 0.0000000000
73521  26.556  -9.216  63.289 0.0000000000
69061  28.956  -10.628  63.949 0.0000000000
70648  26.821  -10.450  61.293 0.0000000000
72211  27.506  -10.588  60.156 0.0000000000
161892  33.752  -2.465  54.475 0.0000000000
84942  31.924  -1.900  52.373 0.0000000000
81994  30.591  -4.220  52.399 0.0000000000
107611  51.077  15.788  38.635 0.0000000000
106397  49.054  15.465  38.819 0.0000000000
97678  38.684  7.745  50.224 0.0000000000
94035  35.724  5.227  50.021 0.0000000000
98932  40.228  8.507  51.421 0.0000000000
67439  32.153  -11.736  70.162 0.0000000000
68978  32.269  -11.297  68.290 0.0000000000
72049  28.881  -10.009  68.063 0.0000000000
76153  26.023  -7.805  65.845 0.0000000000
76200  22.970  -7.422  63.303 0.0000000000
103936  45.661  13.021  46.785 0.0000000000
105113  45.100  13.705  45.069 0.0000000000
105135  45.341  15.004  43.277 0.0000000000
106375  45.078  15.096  40.958 0.0000000000
70431  23.964  -10.055  71.908 0.0000000000
70433  22.236  -10.376  72.137 0.0000000000
68882  24.299  -11.130  73.595 0.0000000000
73378  27.995  -9.385  72.272 0.0000000000
102733  42.627  11.757  46.762 0.0000000000
70437  18.130  -10.271  71.790 0.0000000000
70418  15.806  -11.012  72.563 0.0000000000
68887  13.389  -12.728  72.901 0.0000000000
68779  14.642  -11.848  78.230 0.0000000000
67388  12.723  -13.699  75.730 0.0000000000
64632  6.178  -15.495  84.005 0.0000000000
88792  37.306  1.944  54.276 0.0000000000
81953  34.440  -2.671  56.143 0.0000000000
81871  35.465  -2.971  57.790 0.0000000000
81902  32.892  -2.705  57.594 0.0000000000
81826  30.521  -3.306  59.669 0.0000000000
80349  28.206  -4.779  60.647 0.0000000000
74904  27.374  -8.448  57.937 0.0000000000
72113  32.441  -10.254  66.530 0.0000000000
76197  31.792  -8.418  65.363 0.0000000000
77518  30.916  -7.091  64.934 0.0000000000
76232  29.430  -8.347  62.803 0.0000000000
73609  27.894  -9.933  58.877 0.0000000000
88824  34.770  1.402  53.347 0.0000000000
88828  31.275  0.013  50.403 0.0000000000
91379  39.797  4.191  53.090 0.0000000000
91398  38.473  4.343  52.476 0.0000000000
91362  38.582  3.378  53.478 0.0000000000
94003  41.224  5.701  52.739 0.0000000000
72054  19.983  -9.870  68.847 0.0000000000
70531  18.657  -10.158  68.026 0.0000000000
70484  20.768  -10.168  70.021 0.0000000000
72029  23.398  -9.133  70.128 0.0000000000
73439  23.574  -8.471  69.538 0.0000000000
72052  21.448  -9.385  69.104 0.0000000000
72076  20.361  -8.864  67.988 0.0000000000
98956  37.786  9.206  48.528 0.0000000000
100207  39.213  9.070  49.514 0.0000000000
100205  40.872  9.949  49.348 0.0000000000
100222  39.131  9.614  48.912 0.0000000000
100237  38.344  10.078  47.903 0.0000000000
66034  12.014  -14.375  80.956 0.0000000000
64682  11.503  -14.938  79.436 0.0000000000
64672  10.956  -14.865  79.857 0.0000000000
64700  9.471  -16.043  78.732 0.0000000000
66055  9.720  -15.419  79.920 0.0000000000
63343  8.624  -16.137  80.185 0.0000000000
80323  35.156  -3.111  62.328 0.0000000000
80302  34.066  -3.487  63.465 0.0000000000
80325  33.005  -4.209  62.200 0.0000000000
81759  32.406  -4.509  63.724 0.0000000000
72046  35.495  -10.280  69.405 0.0000000000
73539  25.767  -8.794  62.291 0.0000000000
72169  26.507  -9.772  62.512 0.0000000000
73555  25.475  -9.153  61.199 0.0000000000
73570  25.732  -9.573  60.208 0.0000000000
161922  32.605  -2.848  54.647 0.0000000000
161935  31.714  -2.796  53.521 0.0000000000
106373  47.513  16.101  41.881 0.0000000000
106371  49.937  16.422  42.123 0.0000000000
107592  49.828  16.309  40.467 0.0000000000
107605  49.563  15.694  39.220 0.0000000000
107606  48.608  15.951  39.252 0.0000000000
96471  39.442  6.796  50.939 0.0000000000
95268  37.482  6.177  50.575 0.0000000000
95267  38.449  6.120  50.741 0.0000000000
92701  35.581  4.028  51.711 0.0000000000
92718  35.037  4.491  50.568 0.0000000000
92702  34.249  3.743  50.950 0.0000000000
96459  40.278  6.838  52.176 0.0000000000
97667  40.130  7.524  51.815 0.0000000000
97668  39.556  7.654  51.276 0.0000000000
70534  16.155  -11.645  67.626 0.0000000000
70490  14.851  -11.800  69.454 0.0000000000
70453  30.449  -10.175  70.406 0.0000000000
68947  30.568  -10.749  69.042 0.0000000000
72006  28.975  -9.178  69.098 0.0000000000
76155  23.823  -7.363  67.001 0.0000000000
76140  26.334  -7.312  67.050 0.0000000000
76169  24.107  -7.018  65.654 0.0000000000
76183  24.827  -7.313  64.232 0.0000000000
76184  23.529  -7.189  64.383 0.0000000000
74806  21.521  -7.969  64.566 0.0000000000
81850  28.571  -3.596  57.777 0.0000000000
102747  44.316  12.504  45.904 0.0000000000
103947  45.320  12.915  45.619 0.0000000000
102776  43.591  13.468  45.006 0.0000000000
105137  43.413  14.217  43.027 0.0000000000
106377  43.850  14.516  42.099 0.0000000000
106362  45.492  15.478  41.982 0.0000000000
70409  25.116  -10.286  72.789 0.0000000000
70410  24.207  -10.715  72.916 0.0000000000
70389  25.159  -10.966  73.643 0.0000000000
70407  26.646  -9.985  73.414 0.0000000000
71988  25.898  -9.486  72.399 0.0000000000
102722  44.200  11.960  47.385 0.0000000000
101492  42.691  11.261  47.702 0.0000000000
101506  40.568  11.409  46.151 0.0000000000
68914  21.772  -10.360  72.591 0.0000000000
70435  20.319  -10.328  71.807 0.0000000000
70414  20.375  -10.545  72.946 0.0000000000
70372  17.033  -10.710  74.535 0.0000000000
70393  17.511  -10.758  73.653 0.0000000000
70395  15.500  -11.178  73.705 0.0000000000
70419  14.935  -11.769  72.545 0.0000000000
70375  13.927  -11.991  74.252 0.0000000000
68763  15.160  -12.529  79.072 0.0000000000
66077  11.994  -14.123  76.980 0.0000000000
67384  12.601  -13.645  76.626 0.0000000000
66083  11.707  -14.739  75.506 0.0000000000
66091  11.893  -13.938  74.403 0.0000000000
161893  35.746  -2.172  56.212 0.0000000000
80365  35.308  -2.749  60.077 0.0000000000
81843  36.140  -2.756  58.438 0.0000000000
81845  34.279  -2.826  59.033 0.0000000000
81901  33.776  -2.653  57.375 0.0000000000
81874  32.688  -2.782  58.367 0.0000000000
83335  31.545  -2.890  58.404 0.0000000000
81824  32.491  -2.892  60.164 0.0000000000
80328  29.868  -4.658  62.494 0.0000000000
80348  29.240  -4.468  61.552 0.0000000000
78879  28.299  -5.802  61.473 0.0000000000
77581  27.487  -6.983  60.023 0.0000000000
76250  27.676  -7.696  60.453 0.0000000000
68995  30.052  -11.369  66.768 0.0000000000
70545  32.447  -10.792  67.461 0.0000000000
69014  30.528  -11.307  66.095 0.0000000000
70627  29.217  -10.741  63.028 0.0000000000
72151  30.974  -10.215  65.014 0.0000000000
73536  30.808  -9.597  64.443 0.0000000000
76182  31.735  -7.836  65.288 0.0000000000
76213  30.491  -8.193  64.315 0.0000000000
76214  29.805  -7.987  63.504 0.0000000000
74847  29.374  -8.855  63.135 0.0000000000
72241  25.922  -10.215  57.623 0.0000000000
72238  28.000  -9.944  59.278 0.0000000000
87494  35.621  0.943  54.500 0.0000000000
88811  35.952  1.547  53.783 0.0000000000
87509  35.309  0.532  53.844 0.0000000000
84958  31.125  -2.462  51.271 0.0000000000
86249  31.518  -0.707  51.572 0.0000000000
107618  51.639  15.599  37.816 0.0000000000
94016  39.329  5.591  51.803 0.0000000000
92715  38.033  4.980  51.652 0.0000000000
92698  38.246  4.556  51.974 0.0000000000
91400  37.137  4.018  52.446 0.0000000000
90127  36.019  3.717  52.601 0.0000000000
96445  41.592  7.085  53.742 0.0000000000
95251  40.667  6.193  52.493 0.0000000000
70532  17.877  -10.875  67.342 0.0000000000
70510  18.008  -10.575  68.594 0.0000000000
70487  18.134  -10.193  69.695 0.0000000000
73404  26.663  -8.723  70.942 0.0000000000
74722  27.637  -8.524  69.693 0.0000000000
74736  25.765  -7.766  69.988 0.0000000000
74764  23.535  -7.947  68.183 0.0000000000
73472  22.393  -8.302  66.960 0.0000000000
73489  21.236  -8.368  65.741 0.0000000000
73474  20.709  -9.030  66.930 0.0000000000
72098  19.705  -9.701  66.631 0.0000000000
103974  41.771  12.395  44.097 0.0000000000
68862  26.445  -10.746  75.152 0.0000000000
101463  41.463  10.646  49.957 0.0000000000
100204  41.663  10.644  49.329 0.0000000000
100219  41.892  11.087  48.732 0.0000000000
100249  42.293  11.215  48.013 0.0000000000
100235  40.903  10.598  48.291 0.0000000000
100252  39.197  10.595  46.819 0.0000000000
68867  21.617  -10.559  74.987 0.0000000000
70391  19.706  -10.439  73.952 0.0000000000
70369  20.040  -10.252  75.078 0.0000000000
70351  18.367  -10.600  75.906 0.0000000000
70333  16.337  -10.763  76.525 0.0000000000
67369  13.608  -13.323  79.618 0.0000000000
66052  12.369  -14.237  79.626 0.0000000000
66066  11.846  -14.602  78.473 0.0000000000
64713  10.975  -15.420  77.103 0.0000000000
64731  9.895  -16.300  76.802 0.0000000000
80343  35.172  -3.271  61.154 0.0000000000
80344  33.996  -3.386  60.977 0.0000000000
81801  32.598  -3.396  60.843 0.0000000000
80345  32.786  -4.009  61.370 0.0000000000
80327  30.752  -4.581  62.640 0.0000000000
78846  30.144  -5.882  63.127 0.0000000000
72135  27.425  -9.572  64.712 0.0000000000
69041  28.748  -10.658  64.552 0.0000000000
70606  27.493  -10.579  63.274 0.0000000000
70629  27.446  -10.725  62.427 0.0000000000
70645  28.751  -11.477  62.117 0.0000000000
70671  28.752  -10.786  61.264 0.0000000000
72198  26.890  -10.580  60.570 0.0000000000
72213  26.054  -9.807  59.260 0.0000000000
161906  34.089  -2.076  54.233 0.0000000000
161923  33.447  -0.732  53.366 0.0000000000
161929  32.715  -1.808  53.323 0.0000000000
161933  31.097  -2.867  52.445 0.0000000000
107603  51.360  16.136  40.027 0.0000000000
107612  50.310  15.513  38.664 0.0000000000
97679  37.874  7.673  49.750 0.0000000000
97691  36.710  7.715  48.790 0.0000000000
96474  37.228  6.866  49.937 0.0000000000
94034  36.716  5.593  51.024 0.0000000000
98910  41.774  8.226  53.215 0.0000000000
98911  41.884  9.174  53.032 0.0000000000
100183  41.820  9.651  52.004 0.0000000000
100194  40.638  9.448  50.953 0.0000000000
98933  39.623  8.542  50.628 0.0000000000
68944  33.928  -11.815  70.406 0.0000000000
70504  33.796  -11.342  68.954 0.0000000000
67469  31.954  -11.520  69.125 0.0000000000
68965  30.260  -11.002  68.163 0.0000000000
70529  29.053  -10.349  67.085 0.0000000000
74748  27.721  -8.305  68.133 0.0000000000
74761  27.645  -8.059  66.860 0.0000000000
73487  27.733  -9.312  65.541 0.0000000000
74804  26.507  -8.472  64.243 0.0000000000
74820  25.285  -7.976  63.123 0.0000000000
74834  23.292  -8.108  61.557 0.0000000000
106352  46.078  14.435  44.968 0.0000000000
105125  43.338  13.763  44.002 0.0000000000
105123  45.140  14.460  44.273 0.0000000000
105122  46.227  14.728  44.300 0.0000000000
105134  46.412  15.209  43.026 0.0000000000
106361  46.663  15.520  41.987 0.0000000000
107583  46.812  15.699  41.242 0.0000000000
107608  46.729  14.976  39.209 0.0000000000
70456  22.805  -10.237  70.886 0.0000000000
70457  21.986  -10.587  71.018 0.0000000000
70432  23.088  -10.354  71.939 0.0000000000
70412  22.848  -10.228  72.812 0.0000000000
68884  22.572  -10.471  73.861 0.0000000000
68863  25.343  -11.030  74.466 0.0000000000
68866  22.532  -10.777  74.729 0.0000000000
68844  22.305  -10.993  75.549 0.0000000000
70451  35.571  -11.304  70.982 0.0000000000
67436  33.209  -12.033  71.148 0.0000000000
68910  32.219  -11.502  71.182 0.0000000000
71986  29.894  -9.441  71.412 0.0000000000
71971  29.655  -9.674  72.655 0.0000000000
73390  28.899  -8.689  71.506 0.0000000000
73392  26.126  -9.234  71.802 0.0000000000
72008  24.042  -9.424  71.215 0.0000000000
103928  45.568  12.774  47.257 0.0000000000
102732  43.766  12.138  46.494 0.0000000000
102749  42.968  12.178  45.722 0.0000000000
101493  41.943  11.470  47.406 0.0000000000
102734  41.557  11.753  46.527 0.0000000000
103951  41.688  12.160  45.396 0.0000000000
70459  20.287  -10.330  70.883 0.0000000000
70460  19.305  -9.855  70.788 0.0000000000
70462  17.202  -10.618  70.803 0.0000000000
70415  19.016  -10.127  72.872 0.0000000000
70438  17.103  -10.549  71.729 0.0000000000
72010  15.978  -11.256  70.595 0.0000000000
70440  15.174  -11.512  71.296 0.0000000000
70442  13.559  -12.743  71.723 0.0000000000
70315  16.529  -10.889  77.550 0.0000000000
70334  15.297  -11.159  76.277 0.0000000000
68802  14.172  -12.474  76.988 0.0000000000
70355  14.137  -11.727  75.193 0.0000000000
68870  13.107  -12.959  74.217 0.0000000000
64653  7.494  -16.177  82.679 0.0000000000
90094  38.478  2.966  53.956 0.0000000000
84924  35.140  -1.017  54.527 0.0000000000
161905  35.405  -2.071  54.985 0.0000000000
161916  33.470  -3.067  54.954 0.0000000000
81955  32.948  -2.790  55.892 0.0000000000
81899  35.368  -3.254  57.108 0.0000000000
81929  33.784  -2.694  56.587 0.0000000000
83392  32.019  -2.787  56.155 0.0000000000
83352  31.249  -2.779  57.629 0.0000000000
83336  30.501  -2.742  58.450 0.0000000000
81828  28.171  -3.510  59.179 0.0000000000
81803  30.208  -3.448  60.638 0.0000000000
81804  28.827  -3.698  60.446 0.0000000000
80367  27.827  -4.454  59.855 0.0000000000
78881  27.260  -6.069  59.521 0.0000000000
77619  27.749  -7.752  56.964 0.0000000000
78827  33.194  -4.850  65.038 0.0000000000
70525  34.085  -10.588  68.706 0.0000000000
73469  34.030  -9.585  67.758 0.0000000000
74788  33.609  -8.630  67.362 0.0000000000
70582  31.122  -11.481  64.843 0.0000000000
73503  32.275  -9.739  66.142 0.0000000000
76180  33.082  -7.799  66.640 0.0000000000
77504  32.554  -6.851  66.235 0.0000000000
78815  32.594  -6.389  65.536 0.0000000000
78828  32.477  -5.725  64.855 0.0000000000
78829  31.562  -5.974  64.164 0.0000000000
77533  30.261  -7.011  63.169 0.0000000000
76248  28.670  -8.143  61.574 0.0000000000
73580  28.813  -10.098  61.139 0.0000000000
74868  28.322  -9.471  61.043 0.0000000000
76263  28.167  -8.517  60.898 0.0000000000
74903  27.560  -8.942  58.712 0.0000000000
90096  37.179  2.543  53.765 0.0000000000
88823  35.701  2.075  53.389 0.0000000000
90116  34.305  2.326  52.516 0.0000000000
86247  33.485  -0.855  52.769 0.0000000000
88826  32.315  1.001  51.976 0.0000000000
90118  32.235  1.494  51.249 0.0000000000
107615  47.877  14.884  38.483 0.0000000000
91361  39.416  3.634  53.422 0.0000000000
92679  40.397  4.723  53.000 0.0000000000
72053  20.576  -9.654  69.192 0.0000000000
70507  20.252  -10.011  69.241 0.0000000000
72032  21.123  -9.918  69.946 0.0000000000
72030  22.398  -9.564  70.094 0.0000000000
72051  22.420  -9.102  68.982 0.0000000000
98957  36.822  8.268  48.392 0.0000000000
98955  38.503  9.288  48.871 0.0000000000
100223  38.480  9.543  48.548 0.0000000000
64648  11.273  -14.271  81.021 0.0000000000
64656  11.477  -14.521  80.308 0.0000000000
64657  10.809  -14.744  80.697 0.0000000000
64684  10.170  -15.392  79.527 0.0000000000
64673  10.235  -15.268  80.409 0.0000000000
64674  9.525  -15.673  80.660 0.0000000000
80303  32.980  -4.019  63.264 0.0000000000
72024  36.709  -9.740  70.713 0.0000000000
72026  35.730  -10.516  69.960 0.0000000000
74849  24.141  -8.666  60.844 0.0000000000
73571  24.711  -9.345  60.125 0.0000000000
83458  31.486  -2.753  54.063 0.0000000000
106372  48.652  16.437  42.355 0.0000000000
107593  48.841  16.471  40.335 0.0000000000
108773  49.294  16.459  40.032 0.0000000000
95266  39.206  6.100  50.845 0.0000000000
92683  34.760  3.511  51.838 0.0000000000
91403  33.624  3.135  50.734 0.0000000000
91387  33.035  2.390  51.193 0.0000000000
96460  39.705  6.852  51.640 0.0000000000
70512  16.244  -11.619  68.710 0.0000000000
70513  15.093  -11.908  68.637 0.0000000000
72004  30.006  -9.494  70.436 0.0000000000
70454  30.097  -9.744  69.859 0.0000000000
77482  23.413  -7.316  66.529 0.0000000000
77481  23.604  -7.221  66.285 0.0000000000
77494  23.449  -7.170  65.965 0.0000000000
76185  22.258  -7.607  64.373 0.0000000000
74791  21.669  -7.989  65.414 0.0000000000
81851  27.798  -4.173  57.883 0.0000000000
102765  43.292  12.814  45.336 0.0000000000
102764  43.935  13.128  45.389 0.0000000000
102777  43.372  13.269  45.082 0.0000000000
105145  43.955  14.032  41.168 0.0000000000
70368  25.844  -10.563  74.511 0.0000000000
70387  27.533  -10.296  73.847 0.0000000000
70408  25.888  -9.889  73.248 0.0000000000
100218  42.530  11.343  48.366 0.0000000000
102713  43.580  11.611  47.930 0.0000000000
101484  42.922  11.331  47.980 0.0000000000
68901  21.548  -10.441  73.017 0.0000000000
70413  20.909  -10.810  72.425 0.0000000000
71929  15.929  -10.679  75.172 0.0000000000
71943  16.210  -10.507  74.483 0.0000000000
71944  15.532  -10.858  74.394 0.0000000000
70373  15.355  -11.145  74.172 0.0000000000
70374  14.936  -11.304  74.458 0.0000000000
68753  14.863  -12.140  80.060 0.0000000000
66078  11.511  -14.818  76.402 0.0000000000
64728  11.319  -15.140  75.612 0.0000000000
64745  11.315  -15.132  74.932 0.0000000000
80366  34.586  -2.801  59.839 0.0000000000
80382  34.930  -2.694  59.260 0.0000000000
81846  33.144  -3.053  59.122 0.0000000000
78864  29.156  -5.846  62.590 0.0000000000
77580  27.715  -6.938  61.035 0.0000000000
76249  28.159  -7.826  61.016 0.0000000000
70547  28.998  -10.974  66.288 0.0000000000
68996  29.411  -11.225  66.116 0.0000000000
70643  29.253  -10.535  62.798 0.0000000000
72167  30.581  -10.124  64.176 0.0000000000
73537  30.441  -9.539  63.770 0.0000000000
74831  30.807  -9.071  63.983 0.0000000000
73552  29.701  -9.449  63.314 0.0000000000
74832  30.268  -8.879  63.521 0.0000000000
73553  29.047  -9.580  62.666 0.0000000000
86238  34.360  -0.205  53.837 0.0000000000
94015  39.952  5.744  52.515 0.0000000000
92697  38.673  5.060  52.204 0.0000000000
91382  37.599  3.535  53.149 0.0000000000
91399  37.963  3.963  52.357 0.0000000000
90126  36.406  3.528  52.889 0.0000000000
90125  36.880  3.379  53.200 0.0000000000
97641  42.501  7.574  54.372 0.0000000000
94004  40.792  5.482  52.729 0.0000000000
95242  41.060  5.864  52.622 0.0000000000
70509  18.877  -10.316  68.782 0.0000000000
70511  17.025  -10.816  68.603 0.0000000000
74724  26.144  -8.413  70.614 0.0000000000
73422  24.996  -8.294  70.368 0.0000000000
73440  23.134  -8.632  68.806 0.0000000000
74751  23.632  -8.240  68.959 0.0000000000
73456  22.407  -8.525  67.842 0.0000000000
74776  22.839  -7.803  67.239 0.0000000000
73473  21.595  -8.444  66.587 0.0000000000
73457  21.471  -8.789  67.639 0.0000000000
72077  19.465  -9.561  68.031 0.0000000000
72099  18.790  -10.231  66.555 0.0000000000
101464  40.924  10.337  49.844 0.0000000000
100220  41.415  10.259  48.766 0.0000000000
100236  39.618  10.709  48.297 0.0000000000
68868  20.773  -10.207  75.445 0.0000000000
70349  20.212  -10.371  75.773 0.0000000000
70331  18.579  -10.976  76.918 0.0000000000
70352  17.218  -10.655  75.652 0.0000000000
70332  17.618  -10.941  76.881 0.0000000000
67360  13.157  -13.520  80.935 0.0000000000
67366  13.197  -13.851  80.161 0.0000000000
64683  11.245  -15.317  79.152 0.0000000000
66054  11.673  -15.028  79.066 0.0000000000
64697  11.264  -14.981  77.736 0.0000000000
64714  10.385  -15.776  77.389 0.0000000000
64715  9.611  -16.124  77.590 0.0000000000
63326  8.058  -16.422  80.707 0.0000000000
63307  8.295  -16.012  81.398 0.0000000000
80304  31.982  -4.633  63.391 0.0000000000
80326  31.872  -4.219  62.480 0.0000000000
78863  29.951  -5.192  62.895 0.0000000000
72152  27.507  -10.272  63.776 0.0000000000
72153  27.135  -9.874  63.588 0.0000000000
72182  26.215  -10.015  61.536 0.0000000000
70630  26.950  -10.295  62.022 0.0000000000
70646  27.941  -11.316  62.081 0.0000000000
70647  27.409  -10.681  61.659 0.0000000000
70661  27.780  -10.917  61.203 0.0000000000
70663  26.831  -10.525  60.873 0.0000000000
84940  33.319  -1.658  53.596 0.0000000000
161917  33.133  -2.151  53.692 0.0000000000
161931  31.027  -3.235  53.230 0.0000000000
161932  31.653  -2.885  53.233 0.0000000000
107613  49.853  15.304  38.495 0.0000000000
106408  49.331  14.902  38.292 0.0000000000
96473  38.098  6.966  50.490 0.0000000000
95269  36.453  6.080  49.990 0.0000000000
92716  37.224  4.836  51.703 0.0000000000
94033  37.769  5.565  51.218 0.0000000000
92719  33.961  4.060  49.739 0.0000000000
94036  34.715  4.722  49.400 0.0000000000
98897  42.571  8.854  53.876 0.0000000000
98931  40.487  7.984  51.997 0.0000000000
98921  41.088  8.483  52.298 0.0000000000
98922  40.800  8.965  51.497 0.0000000000
100184  41.107  9.586  51.461 0.0000000000
97677  39.248  7.645  50.604 0.0000000000
98942  39.276  8.465  49.958 0.0000000000
67453  32.711  -12.412  70.016 0.0000000000
67467  33.068  -12.438  69.649 0.0000000000
67455  31.783  -11.494  69.627 0.0000000000
72048  29.398  -10.086  68.324 0.0000000000
68948  29.973  -10.634  68.269 0.0000000000
70505  29.241  -10.540  67.908 0.0000000000
68966  29.580  -10.999  67.657 0.0000000000
72072  28.808  -9.842  67.258 0.0000000000
76116  26.491  -7.659  69.205 0.0000000000
74734  28.089  -8.568  68.932 0.0000000000
76115  26.964  -7.617  68.692 0.0000000000
74762  27.182  -7.556  66.690 0.0000000000
74775  27.184  -7.908  65.967 0.0000000000
73470  27.853  -8.981  66.122 0.0000000000
73471  27.504  -8.572  65.859 0.0000000000
73488  27.328  -8.922  65.319 0.0000000000
74789  26.539  -8.214  64.963 0.0000000000
76199  24.162  -7.409  63.179 0.0000000000
74833  24.525  -8.238  62.079 0.0000000000
76216  23.511  -7.627  62.429 0.0000000000
73490  20.727  -8.719  65.585 0.0000000000
73506  20.622  -8.873  64.904 0.0000000000
73507  20.246  -9.344  64.680 0.0000000000
103948  44.909  12.985  45.304 0.0000000000
105102  45.515  13.471  45.505 0.0000000000
106345  45.644  13.907  45.402 0.0000000000
106344  45.968  14.199  45.380 0.0000000000
106353  45.668  14.268  44.924 0.0000000000
105138  42.739  13.500  43.298 0.0000000000
105126  42.905  13.434  43.905 0.0000000000
106364  44.027  14.601  42.760 0.0000000000
105136  44.391  14.662  43.422 0.0000000000
107575  46.233  15.661  41.527 0.0000000000
107584  45.814  15.607  40.797 0.0000000000
70455  23.539  -9.996  71.111 0.0000000000
68898  23.821  -10.752  73.129 0.0000000000
70411  23.298  -10.382  72.733 0.0000000000
68899  23.378  -10.521  73.201 0.0000000000
68900  22.460  -10.132  73.007 0.0000000000
68883  23.457  -10.713  73.787 0.0000000000
68842  24.266  -11.167  75.352 0.0000000000
68865  23.444  -10.959  74.586 0.0000000000
68843  23.260  -11.218  75.374 0.0000000000
68925  34.417  -11.455  71.298 0.0000000000
68912  30.910  -10.607  70.933 0.0000000000
71972  28.439  -9.716  72.882 0.0000000000
73377  28.878  -9.265  72.348 0.0000000000
73389  29.376  -9.201  72.038 0.0000000000
73391  27.467  -8.799  71.599 0.0000000000
73379  26.929  -9.109  72.459 0.0000000000
70430  24.647  -9.864  72.243 0.0000000000
72007  24.833  -9.319  71.642 0.0000000000
71990  24.499  -9.633  71.873 0.0000000000
97681  36.450  7.340  48.951 0.0000000000
102723  43.315  11.585  47.391 0.0000000000
100250  41.425  11.042  47.786 0.0000000000
101494  40.996  11.318  46.911 0.0000000000
102735  40.955  11.676  46.330 0.0000000000
102751  40.981  11.797  45.446 0.0000000000
70458  21.110  -10.701  70.984 0.0000000000
70436  19.259  -10.141  71.815 0.0000000000
70461  18.133  -9.861  70.782 0.0000000000
70417  16.808  -10.571  72.637 0.0000000000
70439  16.153  -10.874  71.568 0.0000000000
70463  16.467  -10.982  70.924 0.0000000000
70420  13.903  -12.353  72.559 0.0000000000
70421  13.480  -12.736  72.254 0.0000000000
68904  13.165  -13.268  72.189 0.0000000000
68778  15.636  -11.648  78.737 0.0000000000
70294  15.697  -11.158  78.156 0.0000000000
70316  15.375  -11.203  77.333 0.0000000000
67375  13.251  -13.299  78.972 0.0000000000
68780  13.591  -13.064  78.101 0.0000000000
68826  13.392  -13.180  76.263 0.0000000000
68803  13.101  -13.157  77.255 0.0000000000
68825  13.953  -12.560  75.784 0.0000000000
68848  13.592  -12.430  74.876 0.0000000000
68849  13.251  -13.102  75.297 0.0000000000
64652  8.165  -15.455  82.286 0.0000000000
64640  7.858  -15.823  83.396 0.0000000000
64641  6.923  -16.123  83.467 0.0000000000
87471  36.791  1.179  55.204 0.0000000000
84873  36.531  -1.178  55.663 0.0000000000
161900  34.411  -2.665  55.347 0.0000000000
161911  33.903  -2.890  55.270 0.0000000000
81973  33.013  -3.148  55.224 0.0000000000
81954  33.806  -2.778  55.737 0.0000000000
81930  32.939  -2.807  56.752 0.0000000000
83373  32.076  -3.001  57.087 0.0000000000
81848  31.071  -3.194  59.052 0.0000000000
81849  30.295  -2.989  59.191 0.0000000000
83322  29.737  -2.665  59.036 0.0000000000
81827  29.541  -3.115  59.695 0.0000000000
80346  31.727  -3.908  61.679 0.0000000000
81802  31.499  -3.365  60.886 0.0000000000
81805  28.219  -4.047  60.109 0.0000000000
80350  27.575  -5.233  59.984 0.0000000000
76274  27.138  -7.974  58.317 0.0000000000
77600  26.921  -7.035  58.889 0.0000000000
76283  27.692  -8.217  56.664 0.0000000000
68976  33.386  -11.457  68.887 0.0000000000
70526  33.291  -10.726  68.442 0.0000000000
72094  32.669  -10.506  67.098 0.0000000000
72093  33.085  -10.135  67.431 0.0000000000
74773  34.358  -9.022  67.666 0.0000000000
73485  32.942  -9.540  66.859 0.0000000000
69040  29.208  -10.889  64.720 0.0000000000
69039  29.704  -11.355  64.890 0.0000000000
69059  30.056  -11.172  64.509 0.0000000000
73520  31.149  -9.545  65.055 0.0000000000
72150  31.016  -9.857  65.520 0.0000000000
74803  32.036  -8.984  65.873 0.0000000000
74802  32.695  -8.723  66.516 0.0000000000
76181  32.312  -7.965  65.798 0.0000000000
77506  31.304  -7.518  65.252 0.0000000000
77505  31.757  -6.924  65.504 0.0000000000
77517  31.618  -6.433  64.892 0.0000000000
76215  29.686  -7.739  62.889 0.0000000000
77534  29.739  -7.166  62.796 0.0000000000
76233  29.300  -8.149  62.283 0.0000000000
72210  28.074  -10.465  60.536 0.0000000000
72209  28.592  -10.342  60.979 0.0000000000
72239  27.783  -10.043  58.598 0.0000000000
73593  28.085  -9.790  59.615 0.0000000000
74885  28.260  -8.932  61.155 0.0000000000
74902  27.845  -9.381  59.457 0.0000000000
74887  27.741  -8.860  59.696 0.0000000000
73610  27.748  -9.695  58.227 0.0000000000
90080  38.072  2.646  54.363 0.0000000000
90095  37.768  2.778  53.876 0.0000000000
88809  37.239  2.285  53.876 0.0000000000
88812  35.236  0.939  53.617 0.0000000000
90115  35.525  2.845  52.894 0.0000000000
88825  33.389  1.271  52.781 0.0000000000
84941  32.849  -1.093  53.000 0.0000000000
86248  32.262  -0.783  52.289 0.0000000000
87526  31.157  -0.244  50.915 0.0000000000
87525  31.817  0.040  51.763 0.0000000000
88827  31.512  0.657  50.812 0.0000000000
108789  51.996  15.901  37.806 0.0000000000
107617  52.184  15.477  37.455 0.0000000000
108788  52.349  16.339  37.735 0.0000000000
107607  47.418  15.314  39.019 0.0000000000
106399  46.917  14.569  38.786 0.0000000000
92680  39.717  4.681  52.915 0.0000000000
91397  38.809  4.720  52.605 0.0000000000
91380  39.047  4.206  52.941 0.0000000000
91381  38.293  3.732  52.927 0.0000000000
91363  37.940  3.328  53.484 0.0000000000
93989  40.991  5.019  52.955 0.0000000000
70530  19.009  -9.817  68.146 0.0000000000
70508  19.665  -10.149  68.847 0.0000000000
70485  20.003  -10.369  69.901 0.0000000000
73406  24.150  -8.888  70.781 0.0000000000
73423  24.313  -8.467  70.239 0.0000000000
73458  20.946  -8.941  67.750 0.0000000000
72075  21.417  -9.036  68.305 0.0000000000
98965  37.603  9.646  47.849 0.0000000000
100206  39.819  9.457  49.753 0.0000000000
101465  40.410  9.878  49.911 0.0000000000
68822  20.922  -10.979  76.741 0.0000000000
68823  20.232  -11.255  76.783 0.0000000000
64671  11.566  -14.858  79.723 0.0000000000
64699  10.333  -15.593  78.423 0.0000000000
64685  9.280  -15.683  79.759 0.0000000000
64659  9.395  -15.445  81.474 0.0000000000
81775  32.509  -4.343  63.505 0.0000000000
72170  26.210  -9.284  62.290 0.0000000000
72183  26.087  -9.409  61.928 0.0000000000
73554  26.008  -9.734  60.886 0.0000000000
72199  26.430  -10.226  60.578 0.0000000000
73582  25.123  -9.735  59.476 0.0000000000
161928  32.749  -2.506  53.837 0.0000000000
105144  47.807  15.880  42.494 0.0000000000
105132  48.361  15.792  42.853 0.0000000000
107604  50.536  15.868  39.701 0.0000000000
108782  49.158  16.096  39.479 0.0000000000
96472  38.945  6.837  50.566 0.0000000000
91414  36.715  4.360  51.991 0.0000000000
92717  36.306  4.582  51.399 0.0000000000
92703  33.617  3.339  50.225 0.0000000000
96458  40.772  6.833  52.652 0.0000000000
97653  41.030  7.461  52.838 0.0000000000
68949  14.436  -12.434  69.292 0.0000000000
70491  14.450  -12.234  69.708 0.0000000000
68929  30.923  -10.901  70.195 0.0000000000
68946  31.158  -11.183  69.471 0.0000000000
70480  30.518  -10.519  69.651 0.0000000000
70481  30.036  -10.077  68.999 0.0000000000
72028  28.891  -9.399  68.475 0.0000000000
76141  24.829  -7.040  68.017 0.0000000000
76126  26.958  -7.692  67.753 0.0000000000
76154  25.132  -7.062  66.473 0.0000000000
76168  25.555  -7.348  65.182 0.0000000000
76201  21.873  -7.675  63.269 0.0000000000
76186  21.381  -7.799  63.987 0.0000000000
83354  29.314  -3.274  57.212 0.0000000000
102730  45.319  12.663  45.876 0.0000000000
102763  44.718  12.862  45.477 0.0000000000
105114  44.699  13.546  45.117 0.0000000000
106363  44.561  14.925  42.519 0.0000000000
106376  44.535  14.793  41.538 0.0000000000
106391  44.570  14.347  40.569 0.0000000000
70390  24.687  -11.172  73.469 0.0000000000
68881  24.920  -11.327  73.710 0.0000000000
71973  27.420  -9.634  73.107 0.0000000000
71974  26.349  -9.491  72.907 0.0000000000
71975  25.640  -9.734  72.736 0.0000000000
102712  44.270  11.778  48.224 0.0000000000
101495  40.102  10.996  46.449 0.0000000000
70434  21.276  -10.734  72.016 0.0000000000
70371  17.995  -10.537  74.755 0.0000000000
70394  16.364  -10.547  73.627 0.0000000000
70396  14.544  -11.861  73.502 0.0000000000
70397  13.742  -12.310  73.450 0.0000000000
68762  16.124  -11.620  79.230 0.0000000000
66072  12.199  -14.295  77.864 0.0000000000
67381  12.620  -13.824  77.518 0.0000000000
66082  12.287  -14.383  76.081 0.0000000000
67395  12.573  -13.581  74.779 0.0000000000
66086  12.004  -14.055  75.264 0.0000000000
81926  35.791  -2.867  56.662 0.0000000000
81927  35.107  -2.768  56.649 0.0000000000
81820  36.511  -2.662  59.386 0.0000000000
81822  35.599  -2.609  59.401 0.0000000000
81844  35.378  -2.703  58.798 0.0000000000
81872  34.577  -2.794  58.041 0.0000000000
81873  33.595  -2.697  58.233 0.0000000000
83351  32.130  -2.982  57.893 0.0000000000
83334  32.142  -2.950  58.418 0.0000000000
81847  32.074  -2.906  59.058 0.0000000000
81825  31.343  -3.346  59.867 0.0000000000
78880  27.625  -5.962  60.547 0.0000000000
76265  27.403  -8.053  59.562 0.0000000000
68980  31.226  -11.264  67.712 0.0000000000
68991  32.405  -10.999  68.051 0.0000000000
68993  31.382  -11.177  67.275 0.0000000000
69012  31.579  -11.024  66.859 0.0000000000
70564  31.784  -10.779  66.603 0.0000000000
69082  29.100  -10.805  63.374 0.0000000000
70604  30.157  -10.863  64.219 0.0000000000
70625  30.273  -10.530  63.990 0.0000000000
74818  31.412  -8.967  65.280 0.0000000000
76198  31.144  -8.170  65.075 0.0000000000
77532  30.496  -6.991  63.987 0.0000000000
74848  28.768  -8.979  62.517 0.0000000000
72225  27.283  -10.292  59.135 0.0000000000
72224  27.845  -10.196  59.612 0.0000000000
72240  27.076  -10.064  57.972 0.0000000000
72260  27.659  -9.987  57.894 0.0000000000
72261  27.228  -9.788  57.719 0.0000000000
73627  26.763  -9.570  57.036 0.0000000000
87492  36.697  1.494  54.507 0.0000000000
88793  36.516  1.586  54.144 0.0000000000
88794  36.057  1.354  54.238 0.0000000000
87510  34.683  0.576  53.558 0.0000000000
84957  31.573  -1.761  51.495 0.0000000000
86258  31.622  -1.291  51.758 0.0000000000
106406  50.662  15.334  38.158 0.0000000000
108786  51.785  16.128  38.318 0.0000000000
94031  39.323  5.769  51.184 0.0000000000
94032  38.723  5.511  51.288 0.0000000000
94017  38.793  5.326  51.740 0.0000000000
92714  38.458  5.117  51.774 0.0000000000
92699  37.753  4.378  51.934 0.0000000000
91401  36.315  4.160  52.183 0.0000000000
91402  36.075  4.033  52.217 0.0000000000
92665  34.928  3.311  52.246 0.0000000000
97642  41.928  7.789  54.046 0.0000000000
96446  41.166  6.713  53.208 0.0000000000
95241  41.266  6.046  52.770 0.0000000000
95252  39.919  6.235  51.985 0.0000000000
70488  17.135  -10.674  69.746 0.0000000000
73403  28.132  -9.029  70.078 0.0000000000
74723  26.927  -8.499  70.139 0.0000000000
74749  25.315  -7.643  69.160 0.0000000000
74737  24.839  -8.095  70.002 0.0000000000
74750  24.456  -7.817  69.186 0.0000000000
76128  25.117  -7.330  68.833 0.0000000000
76142  24.074  -7.479  67.901 0.0000000000
74777  22.294  -7.735  66.482 0.0000000000
73491  20.171  -9.386  65.959 0.0000000000
72097  20.269  -9.370  67.077 0.0000000000
73475  20.211  -9.428  66.668 0.0000000000
103963  42.315  12.588  44.667 0.0000000000
103962  42.892  12.995  44.785 0.0000000000
103973  42.466  12.943  43.891 0.0000000000
70367  26.809  -10.550  74.657 0.0000000000
68861  27.158  -10.789  75.129 0.0000000000
101451  41.827  11.029  50.490 0.0000000000
100193  41.810  10.907  49.798 0.0000000000
100203  42.413  11.387  49.025 0.0000000000
100232  42.550  11.289  47.741 0.0000000000
100234  41.734  10.943  48.363 0.0000000000
68886  20.827  -10.098  74.244 0.0000000000
70370  19.096  -10.719  74.903 0.0000000000
70350  19.550  -10.800  76.076 0.0000000000
71911  15.886  -10.729  75.899 0.0000000000
67365  13.830  -13.005  80.355 0.0000000000
67370  12.756  -13.807  79.487 0.0000000000
67371  12.200  -14.139  79.073 0.0000000000
66065  12.231  -14.293  78.258 0.0000000000
66073  11.496  -14.600  77.420 0.0000000000
66074  11.184  -14.991  76.982 0.0000000000
63382  9.754  -16.427  76.265 0.0000000000
80342  36.058  -3.182  61.281 0.0000000000
83320  32.973  -2.887  60.391 0.0000000000
81800  33.214  -3.443  60.754 0.0000000000
78847  29.550  -6.590  62.819 0.0000000000
70566  28.621  -10.585  65.419 0.0000000000
70567  27.995  -10.398  64.749 0.0000000000
70584  28.257  -10.548  64.308 0.0000000000
70605  27.967  -10.860  63.552 0.0000000000
70607  27.070  -10.297  62.762 0.0000000000
69084  28.207  -11.229  63.149 0.0000000000
69102  28.437  -11.406  62.661 0.0000000000
70658  29.240  -10.728  62.078 0.0000000000
72181  29.214  -10.243  62.205 0.0000000000
70660  28.434  -11.178  61.388 0.0000000000
72197  27.802  -10.729  60.717 0.0000000000
72212  26.808  -10.529  59.858 0.0000000000
72226  26.471  -10.167  58.675 0.0000000000
161918  33.919  -1.066  54.102 0.0000000000
84943  31.400  -2.428  51.982 0.0000000000
106407  50.235  14.894  38.055 0.0000000000
98944  37.460  8.289  49.121 0.0000000000
97680  36.966  7.581  49.343 0.0000000000
96475  36.361  6.848  49.398 0.0000000000
98920  41.401  7.851  52.883 0.0000000000
101442  41.522  10.425  51.287 0.0000000000
100195  40.211  9.287  50.469 0.0000000000
70479  35.018  -11.454  70.180 0.0000000000
70478  35.641  -11.092  69.867 0.0000000000
68961  33.870  -11.782  69.398 0.0000000000
68962  33.151  -11.956  69.128 0.0000000000
67486  32.113  -11.466  68.687 0.0000000000
68964  30.787  -11.048  68.737 0.0000000000
67470  31.245  -11.254  68.785 0.0000000000
67488  30.796  -11.259  67.853 0.0000000000
68981  29.943  -11.253  67.486 0.0000000000
68982  29.450  -11.182  66.912 0.0000000000
70548  28.854  -10.554  66.423 0.0000000000
74747  28.025  -8.841  68.227 0.0000000000
73437  28.469  -9.256  68.004 0.0000000000
73454  28.534  -9.480  67.374 0.0000000000
72096  28.493  -9.549  66.596 0.0000000000
72095  28.787  -10.061  66.481 0.0000000000
72115  28.150  -9.802  65.512 0.0000000000
72116  27.609  -9.456  65.279 0.0000000000
73504  26.894  -8.993  64.225 0.0000000000
73505  26.480  -8.638  63.754 0.0000000000
74805  25.957  -8.023  64.162 0.0000000000
73522  26.076  -8.639  63.173 0.0000000000
74792  21.199  -8.518  65.295 0.0000000000
74807  20.886  -8.530  64.398 0.0000000000
83393  30.997  -2.997  55.605 0.0000000000
105111  47.304  14.900  44.872 0.0000000000
103972  43.176  13.418  44.501 0.0000000000
103971  43.797  13.606  44.792 0.0000000000
105124  44.229  14.058  44.454 0.0000000000
105121  47.291  15.286  43.907 0.0000000000
105133  47.423  15.567  42.736 0.0000000000
106374  47.083  15.585  41.766 0.0000000000
107582  47.343  15.838  41.212 0.0000000000
107594  47.591  16.071  40.490 0.0000000000
107595  46.500  15.433  39.933 0.0000000000
70482  22.087  -9.879  70.413 0.0000000000
70483  21.692  -10.103  70.447 0.0000000000
68841  25.351  -10.969  75.403 0.0000000000
68864  24.375  -11.200  74.483 0.0000000000
68885  21.743  -10.430  74.025 0.0000000000
68845  21.373  -10.461  75.943 0.0000000000
68821  21.999  -11.015  76.216 0.0000000000
72003  36.435  -10.234  71.054 0.0000000000
70450  36.084  -10.802  70.628 0.0000000000
68943  34.529  -11.481  70.531 0.0000000000
67451  33.532  -11.820  70.903 0.0000000000
67437  32.848  -12.279  70.728 0.0000000000
67424  32.576  -11.982  71.011 0.0000000000
68928  31.733  -11.384  70.376 0.0000000000
71987  29.550  -9.059  70.755 0.0000000000
70429  30.625  -10.336  71.777 0.0000000000
73393  25.346  -9.286  71.664 0.0000000000
72009  23.283  -9.831  70.629 0.0000000000
105075  45.909  12.939  47.525 0.0000000000
102721  45.190  12.159  47.685 0.0000000000
102731  45.022  12.484  46.510 0.0000000000
102748  43.709  12.514  45.733 0.0000000000
100248  42.706  11.188  47.885 0.0000000000
102750  42.007  12.005  45.868 0.0000000000
103950  42.216  12.356  45.298 0.0000000000
103964  41.677  12.242  44.875 0.0000000000
70416  17.921  -10.670  72.720 0.0000000000
72034  15.403  -11.512  70.049 0.0000000000
70464  14.900  -11.731  70.219 0.0000000000
70465  14.307  -12.339  70.424 0.0000000000
70441  14.254  -12.229  71.558 0.0000000000
68915  13.805  -12.881  70.820 0.0000000000
71898  17.873  -10.878  77.321 0.0000000000
68754  14.258  -12.702  79.597 0.0000000000
68764  14.022  -12.710  78.999 0.0000000000
68801  14.658  -11.718  77.385 0.0000000000
70317  14.736  -11.614  76.846 0.0000000000
70335  14.454  -11.738  76.126 0.0000000000
70354  14.882  -11.224  75.448 0.0000000000
68869  13.519  -12.452  74.339 0.0000000000
70398  13.303  -12.705  73.541 0.0000000000
67403  12.425  -13.798  73.648 0.0000000000
68888  12.908  -13.180  73.164 0.0000000000
63292  8.436  -15.175  81.752 0.0000000000
64660  8.145  -15.654  81.694 0.0000000000
64661  7.817  -15.962  81.890 0.0000000000
64662  7.135  -16.343  82.019 0.0000000000
91349  39.024  3.169  53.815 0.0000000000
87472  35.884  0.965  55.030 0.0000000000
84890  35.712  -0.043  55.184 0.0000000000
81928  34.518  -2.697  56.640 0.0000000000
81900  34.639  -2.804  57.223 0.0000000000
83374  31.066  -2.893  56.656 0.0000000000
83353  30.194  -2.787  57.392 0.0000000000
83337  29.362  -2.959  58.336 0.0000000000
83323  29.079  -2.701  59.172 0.0000000000
80368  27.637  -5.096  58.917 0.0000000000
78890  27.371  -6.173  58.410 0.0000000000
77618  27.588  -6.980  57.023 0.0000000000
80281  34.178  -4.052  64.978 0.0000000000
70502  35.298  -10.946  69.269 0.0000000000
72070  34.671  -10.352  68.776 0.0000000000
72069  35.095  -9.891  68.909 0.0000000000
73453  34.232  -9.916  68.444 0.0000000000
73452  34.588  -9.658  68.652 0.0000000000
74787  33.976  -8.128  67.670 0.0000000000
69016  29.320  -11.223  65.359 0.0000000000
69037  30.991  -11.305  65.659 0.0000000000
70580  31.815  -10.531  66.265 0.0000000000
70602  31.231  -10.978  64.740 0.0000000000
72132  31.428  -10.213  65.838 0.0000000000
73486  32.632  -9.925  66.545 0.0000000000
76166  33.888  -7.735  67.151 0.0000000000
77492  34.658  -7.049  67.112 0.0000000000
78814  33.396  -5.689  65.799 0.0000000000
80283  32.259  -4.836  64.107 0.0000000000
78845  30.975  -5.930  63.431 0.0000000000
77554  28.946  -7.270  62.619 0.0000000000
72194  29.161  -10.505  61.630 0.0000000000
73568  29.001  -9.909  61.702 0.0000000000
73569  28.649  -9.807  61.234 0.0000000000
72223  28.220  -10.063  60.088 0.0000000000
73581  28.401  -9.879  60.624 0.0000000000
74867  28.555  -9.120  61.716 0.0000000000
76264  27.826  -8.417  60.368 0.0000000000
73626  27.347  -9.472  57.597 0.0000000000
74935  27.368  -8.867  56.668 0.0000000000
74918  27.454  -8.806  57.553 0.0000000000
90112  37.491  3.075  53.691 0.0000000000
90113  37.058  3.042  53.609 0.0000000000
88810  36.884  1.943  53.770 0.0000000000
90097  36.785  2.234  53.603 0.0000000000
90114  36.383  2.645  53.400 0.0000000000
90098  35.313  2.970  52.707 0.0000000000
161930  33.599  -0.386  53.296 0.0000000000
87523  33.879  0.357  53.284 0.0000000000
87524  32.802  0.192  52.561 0.0000000000
90117  33.026  1.953  51.845 0.0000000000
107614  48.191  15.263  38.636 0.0000000000
63293  8.366  -15.550  81.603 0.0000000000
63306  8.715  -15.525  81.495 0.0000000000
64712  11.196  -15.033  77.338 0.0000000000
66042  9.919  -15.340  80.135 0.0000000000
66043  9.850  -15.468  80.415 0.0000000000
66056  9.633  -15.495  80.220 0.0000000000
66067  11.520  -15.139  78.753 0.0000000000
66079  11.133  -15.178  76.645 0.0000000000
67377  12.207  -14.215  78.646 0.0000000000
67423  32.910  -12.101  71.460 0.0000000000
67435  33.730  -11.715  71.544 0.0000000000
67438  32.479  -12.099  70.382 0.0000000000
67452  33.273  -12.337  70.352 0.0000000000
67454  32.318  -11.866  69.791 0.0000000000
67468  32.601  -11.871  69.365 0.0000000000
67471  30.676  -11.144  68.273 0.0000000000
67487  31.510  -11.327  68.368 0.0000000000
67489  30.362  -11.214  67.849 0.0000000000
67511  30.453  -11.332  67.287 0.0000000000
67512  30.282  -11.310  67.463 0.0000000000
68781  13.067  -13.605  77.830 0.0000000000
68824  19.877  -11.371  76.899 0.0000000000
68847  19.932  -11.139  76.602 0.0000000000
68903  13.451  -12.739  72.500 0.0000000000
68913  21.917  -10.320  72.401 0.0000000000
68924  34.993  -11.265  71.224 0.0000000000
68926  33.847  -11.593  71.055 0.0000000000
68927  32.271  -11.767  70.616 0.0000000000
68945  33.538  -12.285  69.732 0.0000000000
68960  34.439  -11.666  69.898 0.0000000000
68963  32.589  -11.558  68.841 0.0000000000
68977  32.811  -11.250  68.573 0.0000000000
68979  31.740  -11.291  67.984 0.0000000000
68992  31.979  -11.114  67.555 0.0000000000
68994  30.772  -11.287  67.064 0.0000000000
69013  31.092  -11.181  66.506 0.0000000000
69015  29.891  -11.416  65.698 0.0000000000
69017  28.960  -10.916  65.153 0.0000000000
69036  31.334  -11.022  66.227 0.0000000000
69038  30.480  -11.645  65.089 0.0000000000
69060  29.476  -10.768  64.294 0.0000000000
69062  28.468  -10.766  63.748 0.0000000000
69081  29.653  -10.666  64.074 0.0000000000
69083  28.691  -11.096  63.263 0.0000000000
69101  28.883  -11.279  62.757 0.0000000000
69103  28.069  -11.360  62.672 0.0000000000
70353  16.429  -10.688  75.694 0.0000000000
70376  13.502  -12.464  73.963 0.0000000000
70452  34.912  -11.337  70.856 0.0000000000
70503  34.593  -11.186  69.163 0.0000000000
70506  28.965  -10.260  67.554 0.0000000000
70527  32.697  -10.866  68.187 0.0000000000
70528  29.200  -10.767  67.031 0.0000000000
70544  32.807  -10.460  67.642 0.0000000000
70546  31.949  -10.929  67.098 0.0000000000
70563  32.264  -10.587  66.749 0.0000000000
70565  29.003  -11.052  65.674 0.0000000000
70581  31.245  -10.855  65.657 0.0000000000
70583  30.644  -11.431  64.495 0.0000000000
70585  27.809  -10.460  63.973 0.0000000000
70603  30.897  -11.161  64.271 0.0000000000
70624  30.936  -10.722  64.312 0.0000000000
70626  29.538  -10.528  63.623 0.0000000000
70628  27.784  -11.151  62.865 0.0000000000
70642  29.587  -10.267  63.463 0.0000000000
70644  29.167  -11.050  62.492 0.0000000000
70659  29.063  -11.012  61.676 0.0000000000
70662  27.216  -10.644  60.977 0.0000000000
70672  28.431  -10.756  61.006 0.0000000000
70673  27.508  -10.680  60.725 0.0000000000
70674  27.179  -10.653  60.473 0.0000000000
71897  18.188  -10.849  77.447 0.0000000000
71910  17.827  -10.977  77.098 0.0000000000
71912  15.472  -10.945  75.563 0.0000000000
71928  16.612  -10.707  75.104 0.0000000000
71945  15.264  -11.019  74.594 0.0000000000
71960  15.744  -10.533  74.002 0.0000000000
71961  15.587  -10.815  74.020 0.0000000000
71989  25.223  -9.590  72.174 0.0000000000
71991  16.129  -11.106  71.008 0.0000000000
71992  15.811  -11.249  70.996 0.0000000000
72005  29.486  -9.345  69.745 0.0000000000
72011  15.512  -11.431  70.558 0.0000000000
72025  35.928  -9.973  70.345 0.0000000000
72027  29.367  -9.621  68.682 0.0000000000
72033  15.755  -11.383  70.261 0.0000000000
72045  35.787  -9.740  69.848 0.0000000000
72047  35.128  -10.813  68.992 0.0000000000
72050  23.095  -8.849  69.406 0.0000000000
72071  33.854  -10.168  68.322 0.0000000000
72073  28.548  -9.542  67.102 0.0000000000
72112  32.800  -10.005  66.787 0.0000000000
72133  31.181  -10.642  65.266 0.0000000000
72134  27.609  -10.125  64.389 0.0000000000
72168  30.059  -9.956  63.590 0.0000000000
72195  28.957  -10.589  61.363 0.0000000000
72196  28.122  -10.920  60.910 0.0000000000
72208  28.975  -10.319  61.327 0.0000000000
73380  26.307  -9.334  72.391 0.0000000000
73421  28.554  -9.045  68.878 0.0000000000
73438  28.021  -8.963  67.910 0.0000000000
73455  28.284  -9.002  67.239 0.0000000000
73502  32.460  -9.283  66.356 0.0000000000
73519  31.465  -9.556  65.674 0.0000000000
73538  26.254  -9.153  62.661 0.0000000000
73594  27.780  -9.705  58.950 0.0000000000
74735  27.240  -7.897  69.404 0.0000000000
74763  24.196  -7.526  68.352 0.0000000000
74774  27.616  -8.361  66.152 0.0000000000
74790  26.177  -7.664  64.830 0.0000000000
74819  31.174  -8.963  64.545 0.0000000000
74886  28.105  -9.204  60.327 0.0000000000
74919  27.459  -8.364  57.539 0.0000000000
76139  27.166  -7.469  67.093 0.0000000000
76156  23.012  -7.311  66.585 0.0000000000
76165  34.309  -7.783  67.699 0.0000000000
76167  26.182  -7.623  65.192 0.0000000000
76275  27.405  -7.965  57.472 0.0000000000
77495  23.251  -7.236  66.222 0.0000000000
80381  35.248  -2.664  59.466 0.0000000000
81758  32.598  -4.487  63.952 0.0000000000
81774  32.691  -4.302  63.732 0.0000000000
81821  35.956  -2.585  59.345 0.0000000000
83308  33.048  -3.112  60.563 0.0000000000
83309  32.850  -3.231  60.652 0.0000000000
83321  32.815  -3.013  60.546 0.0000000000
84925  33.745  -0.796  52.666 0.0000000000
86213  35.603  0.589  55.197 0.0000000000
86230  35.432  0.478  54.909 0.0000000000
86239  33.556  -0.856  52.619 0.0000000000
87473  35.525  0.810  54.956 0.0000000000
87493  36.224  1.287  54.594 0.0000000000
87522  34.433  0.743  53.438 0.0000000000
90099  35.023  2.901  52.644 0.0000000000
91364  35.717  3.472  52.502 0.0000000000
91365  35.299  3.221  52.537 0.0000000000
91366  34.662  3.085  52.291 0.0000000000
91384  35.784  3.766  52.202 0.0000000000
91385  35.759  3.671  52.414 0.0000000000
92663  35.385  3.275  52.456 0.0000000000
92664  35.212  3.378  52.314 0.0000000000
92681  35.610  3.562  52.290 0.0000000000
92682  35.425  3.649  52.127 0.0000000000
92695  40.015  5.207  52.827 0.0000000000
92700  36.109  4.269  51.749 0.0000000000
95250  40.986  6.436  52.754 0.0000000000
96487  36.132  6.972  48.758 0.0000000000
98945  37.003  7.963  48.917 0.0000000000
100233  42.226  11.237  48.265 0.0000000000
101452  41.038  10.336  50.613 0.0000000000
102746  45.017  12.707  45.539 0.0000000000
102762  44.956  12.656  45.080 0.0000000000
103959  44.996  12.477  45.245 0.0000000000
103960  44.974  12.924  45.322 0.0000000000
103961  44.429  13.385  45.188 0.0000000000
105086  45.880  13.174  47.259 0.0000000000
105112  46.469  14.524  45.217 0.0000000000
105131  48.883  15.891  43.093 0.0000000000
105143  48.033  16.134  42.451 0.0000000000
106335  46.197  14.171  45.664 0.0000000000
106336  45.830  13.725  45.608 0.0000000000
106359  48.831  16.030  42.862 0.0000000000
106360  47.195  15.574  42.067 0.0000000000
106398  48.723  15.242  38.632 0.0000000000
107574  46.560  15.604  41.586 0.0000000000
108774  49.072  16.355  39.724 0.0000000000
108781  49.376  16.242  39.761 0.0000000000
161912  33.367  -2.176  53.783 0.0000000000
161924  32.954  -2.043  53.576 0.0000000000
