#!ascii label  , from subject 3161 vox2ras=TkReg
912
64718  26.889  -17.308  75.089 0.0000000000
81814  44.923  -4.577  59.242 0.0000000000
88720  50.738  0.913  58.389 0.0000000000
68971  44.252  -12.582  67.074 0.0000000000
62096  32.352  -19.294  68.683 0.0000000000
58981  30.844  -19.209  72.191 0.0000000000
87392  47.611  -1.192  59.675 0.0000000000
83266  48.427  -4.603  63.183 0.0000000000
67450  40.423  -14.582  68.439 0.0000000000
57688  37.283  -21.395  67.175 0.0000000000
98818  51.453  9.769  55.080 0.0000000000
93937  48.942  4.017  55.602 0.0000000000
76164  40.518  -9.757  64.496 0.0000000000
78790  45.404  -7.431  65.491 0.0000000000
64807  30.399  -17.229  71.718 0.0000000000
62020  28.893  -18.184  74.386 0.0000000000
83314  46.570  -2.999  59.792 0.0000000000
86090  48.121  -2.343  62.223 0.0000000000
83285  46.839  -4.211  62.298 0.0000000000
60694  40.469  -18.581  65.828 0.0000000000
59003  34.106  -20.979  69.969 0.0000000000
59057  35.066  -21.147  68.295 0.0000000000
56412  35.366  -22.582  68.517 0.0000000000
100139  49.051  8.532  53.713 0.0000000000
97622  50.053  7.813  53.843 0.0000000000
96394  49.078  6.499  54.144 0.0000000000
90009  48.836  1.668  58.041 0.0000000000
91316  47.857  2.405  55.752 0.0000000000
92566  50.346  3.569  58.041 0.0000000000
92602  51.566  3.692  56.528 0.0000000000
88756  52.248  0.487  55.991 0.0000000000
68921  42.711  -13.685  68.334 0.0000000000
72091  40.630  -12.067  66.517 0.0000000000
73432  42.992  -10.973  67.487 0.0000000000
77475  43.468  -8.723  65.673 0.0000000000
74740  45.305  -9.424  67.081 0.0000000000
76160  46.624  -8.908  65.007 0.0000000000
73482  45.323  -10.953  65.018 0.0000000000
63425  32.386  -18.316  70.940 0.0000000000
88741  47.244  0.085  57.583 0.0000000000
89939  49.255  0.250  59.818 0.0000000000
86102  49.423  -1.392  60.793 0.0000000000
81785  49.614  -4.630  61.054 0.0000000000
60630  39.272  -19.239  67.111 0.0000000000
62092  40.870  -17.489  67.600 0.0000000000
63481  42.325  -16.308  67.228 0.0000000000
66211  42.303  -14.773  66.122 0.0000000000
69054  42.575  -12.578  64.896 0.0000000000
60674  37.917  -20.020  66.082 0.0000000000
56408  39.000  -21.481  67.426 0.0000000000
98905  51.783  8.906  52.344 0.0000000000
95194  48.005  5.503  53.608 0.0000000000
95169  50.322  5.408  55.551 0.0000000000
91340  50.185  2.443  54.516 0.0000000000
80272  45.859  -6.012  62.872 0.0000000000
81727  47.384  -5.621  64.462 0.0000000000
77510  47.812  -7.449  63.351 0.0000000000
62004  26.890  -18.092  75.240 0.0000000000
63375  28.371  -17.846  74.716 0.0000000000
62021  28.338  -18.341  74.519 0.0000000000
83315  45.828  -3.546  59.389 0.0000000000
83295  46.773  -3.703  61.309 0.0000000000
83305  46.090  -4.115  60.631 0.0000000000
56384  35.232  -21.363  69.482 0.0000000000
98894  48.486  8.218  53.324 0.0000000000
97594  49.587  7.532  54.435 0.0000000000
97625  48.151  7.343  53.391 0.0000000000
89987  49.885  1.451  58.575 0.0000000000
91264  49.395  2.406  58.018 0.0000000000
91237  50.515  1.993  58.226 0.0000000000
91283  51.450  2.200  57.157 0.0000000000
68938  43.378  -13.202  67.885 0.0000000000
72021  42.935  -11.848  68.423 0.0000000000
72019  44.048  -11.297  67.737 0.0000000000
74742  44.155  -9.659  67.513 0.0000000000
72043  44.512  -11.280  67.222 0.0000000000
72064  45.378  -10.800  66.396 0.0000000000
72089  45.127  -11.431  66.197 0.0000000000
63438  31.477  -17.762  71.268 0.0000000000
62046  32.000  -18.944  71.733 0.0000000000
58994  32.328  -19.648  70.792 0.0000000000
86155  46.570  -1.396  58.209 0.0000000000
87423  45.766  -0.817  56.839 0.0000000000
87401  47.313  -0.751  58.888 0.0000000000
89990  48.357  0.247  59.124 0.0000000000
89941  48.583  -0.177  59.948 0.0000000000
88671  49.273  -0.482  60.323 0.0000000000
88673  48.865  -1.021  60.914 0.0000000000
84764  48.388  -3.640  62.718 0.0000000000
84778  49.290  -3.055  62.030 0.0000000000
83275  48.794  -4.226  62.339 0.0000000000
80314  49.505  -5.583  61.664 0.0000000000
80291  48.982  -5.939  62.511 0.0000000000
59053  40.012  -19.819  67.606 0.0000000000
62079  39.980  -17.823  67.752 0.0000000000
59074  40.746  -19.678  67.077 0.0000000000
62121  41.164  -17.317  66.692 0.0000000000
64902  42.297  -15.524  66.519 0.0000000000
59077  36.269  -21.422  67.263 0.0000000000
59076  37.586  -20.879  66.716 0.0000000000
57686  38.534  -20.657  67.148 0.0000000000
56409  38.225  -21.749  67.302 0.0000000000
101394  50.549  10.893  54.372 0.0000000000
100158  51.586  9.588  53.872 0.0000000000
96417  49.643  6.648  53.895 0.0000000000
92605  48.751  3.243  56.132 0.0000000000
92634  47.477  2.864  54.421 0.0000000000
92633  48.170  3.661  54.373 0.0000000000
93972  47.377  4.728  53.371 0.0000000000
93956  48.972  4.360  54.738 0.0000000000
93955  49.616  4.758  55.101 0.0000000000
96374  50.257  5.597  56.288 0.0000000000
90045  51.309  1.923  55.446 0.0000000000
92630  50.816  3.033  55.138 0.0000000000
66160  39.680  -15.483  67.945 0.0000000000
68959  39.481  -14.244  67.311 0.0000000000
73484  40.795  -10.941  65.487 0.0000000000
72130  39.733  -12.027  64.784 0.0000000000
77474  44.394  -8.129  65.900 0.0000000000
77514  43.297  -7.840  63.522 0.0000000000
78802  44.759  -7.275  64.422 0.0000000000
78824  44.837  -6.861  62.992 0.0000000000
80229  45.556  -6.516  64.402 0.0000000000
80250  46.393  -5.933  63.921 0.0000000000
81717  46.640  -6.187  65.035 0.0000000000
73479  46.678  -9.213  64.349 0.0000000000
76158  47.087  -8.216  64.284 0.0000000000
74813  47.093  -8.638  63.639 0.0000000000
77512  47.501  -7.959  62.616 0.0000000000
63403  30.042  -17.603  73.292 0.0000000000
60506  29.717  -18.740  73.305 0.0000000000
58998  29.610  -19.098  71.957 0.0000000000
60507  28.930  -18.707  73.657 0.0000000000
86124  47.248  -1.878  59.846 0.0000000000
87373  48.124  -1.498  61.018 0.0000000000
84795  47.525  -2.473  61.647 0.0000000000
84766  47.690  -3.126  62.674 0.0000000000
83277  47.708  -3.862  63.208 0.0000000000
60591  33.556  -20.150  69.646 0.0000000000
60632  33.355  -20.262  68.218 0.0000000000
59033  34.998  -20.872  69.059 0.0000000000
57653  35.649  -21.560  68.907 0.0000000000
56411  36.135  -22.097  68.407 0.0000000000
55193  37.209  -22.343  67.678 0.0000000000
55194  36.331  -22.746  67.901 0.0000000000
100123  49.781  9.387  54.878 0.0000000000
98841  50.507  8.725  54.907 0.0000000000
97568  49.825  7.897  55.089 0.0000000000
96393  49.716  6.910  54.270 0.0000000000
95215  49.569  5.246  54.002 0.0000000000
90035  46.962  1.211  56.245 0.0000000000
90033  48.404  2.134  56.648 0.0000000000
92587  49.081  2.902  56.814 0.0000000000
93891  50.204  3.988  57.114 0.0000000000
96347  50.199  5.820  57.157 0.0000000000
92584  51.456  3.806  57.224 0.0000000000
91301  51.810  2.011  56.311 0.0000000000
67448  41.388  -14.236  68.492 0.0000000000
70501  40.246  -13.432  67.878 0.0000000000
70475  41.841  -13.011  68.227 0.0000000000
73449  41.416  -11.467  66.732 0.0000000000
74769  41.975  -10.009  66.278 0.0000000000
76176  41.577  -9.471  64.728 0.0000000000
76134  42.944  -9.603  66.484 0.0000000000
77456  44.525  -8.534  66.998 0.0000000000
78773  45.117  -7.877  66.797 0.0000000000
78779  46.057  -7.478  65.688 0.0000000000
74754  46.229  -9.284  66.185 0.0000000000
73462  45.914  -9.784  65.593 0.0000000000
73515  45.286  -9.742  64.074 0.0000000000
64849  30.210  -17.516  70.137 0.0000000000
63449  31.862  -18.238  70.129 0.0000000000
62074  32.643  -19.103  69.899 0.0000000000
60571  33.171  -19.911  70.307 0.0000000000
57626  33.198  -21.118  70.323 0.0000000000
90025  47.400  0.747  57.390 0.0000000000
89989  48.745  0.816  58.963 0.0000000000
89963  49.882  0.727  58.742 0.0000000000
87390  49.987  -0.552  59.552 0.0000000000
86122  50.008  -1.526  59.851 0.0000000000
84805  50.480  -2.665  60.087 0.0000000000
87360  48.506  -1.935  61.816 0.0000000000
84794  49.623  -2.799  60.756 0.0000000000
62095  38.639  -17.984  66.779 0.0000000000
63473  38.915  -17.048  66.834 0.0000000000
64847  39.760  -16.654  67.949 0.0000000000
64845  40.731  -16.130  67.918 0.0000000000
60651  40.660  -18.032  66.843 0.0000000000
63471  41.308  -17.114  67.720 0.0000000000
64844  41.251  -15.872  67.705 0.0000000000
66134  42.165  -14.976  67.833 0.0000000000
66180  42.983  -14.335  67.443 0.0000000000
67507  43.395  -13.454  66.447 0.0000000000
69030  43.721  -12.795  65.703 0.0000000000
69031  43.051  -13.004  65.426 0.0000000000
60654  38.452  -19.433  66.511 0.0000000000
59054  39.405  -20.002  67.477 0.0000000000
56421  39.686  -21.280  67.210 0.0000000000
55209  38.092  -22.329  67.136 0.0000000000
56422  39.014  -21.900  66.941 0.0000000000
98904  52.854  8.790  52.039 0.0000000000
96419  47.913  6.444  53.290 0.0000000000
96395  48.354  6.159  53.921 0.0000000000
95192  49.628  5.316  54.466 0.0000000000
95214  50.055  4.674  54.615 0.0000000000
93934  51.344  4.723  55.681 0.0000000000
92631  50.497  3.466  54.793 0.0000000000
92643  49.702  3.481  54.097 0.0000000000
70543  39.742  -13.246  66.314 0.0000000000
80317  44.152  -6.041  60.667 0.0000000000
80335  45.337  -5.579  60.425 0.0000000000
81767  46.425  -4.824  62.614 0.0000000000
83268  47.487  -4.599  63.607 0.0000000000
83259  47.747  -4.892  63.765 0.0000000000
78787  46.862  -7.072  65.076 0.0000000000
80225  47.965  -6.234  64.408 0.0000000000
80270  48.527  -6.178  63.457 0.0000000000
77526  48.243  -7.108  62.272 0.0000000000
72109  44.199  -11.851  65.374 0.0000000000
72126  44.753  -10.667  64.455 0.0000000000
63364  26.923  -17.607  75.226 0.0000000000
61986  26.378  -17.966  75.891 0.0000000000
63365  26.360  -17.735  75.835 0.0000000000
63376  27.555  -17.651  75.091 0.0000000000
62003  27.634  -18.103  74.998 0.0000000000
83316  45.172  -3.991  58.877 0.0000000000
81813  45.555  -4.729  60.023 0.0000000000
89986  50.469  1.501  58.412 0.0000000000
91238  50.372  2.029  58.375 0.0000000000
90007  50.688  1.587  58.131 0.0000000000
90006  50.953  1.470  57.768 0.0000000000
88728  50.936  0.920  58.205 0.0000000000
68955  43.914  -12.569  67.478 0.0000000000
70472  43.632  -12.307  68.051 0.0000000000
70471  44.135  -11.884  67.726 0.0000000000
70498  44.516  -11.990  67.220 0.0000000000
70519  44.972  -11.309  66.668 0.0000000000
70520  44.719  -11.859  66.661 0.0000000000
60528  30.918  -19.009  72.359 0.0000000000
62047  31.397  -18.459  72.113 0.0000000000
60527  31.364  -18.986  72.251 0.0000000000
58996  30.969  -19.581  71.488 0.0000000000
87402  47.052  -1.228  59.210 0.0000000000
87411  46.910  -1.011  58.571 0.0000000000
88723  48.054  -0.470  59.297 0.0000000000
88711  48.160  -0.812  59.755 0.0000000000
88691  48.744  -0.479  60.340 0.0000000000
88674  48.461  -1.236  60.862 0.0000000000
81766  49.336  -4.922  62.082 0.0000000000
81750  48.655  -5.241  62.867 0.0000000000
57667  40.541  -20.315  67.176 0.0000000000
59052  40.418  -19.859  67.363 0.0000000000
57672  36.579  -21.768  67.915 0.0000000000
57687  38.121  -21.078  66.916 0.0000000000
57671  37.737  -21.646  67.263 0.0000000000
101363  50.865  10.042  54.971 0.0000000000
102625  51.297  11.338  54.421 0.0000000000
101361  51.677  10.329  55.247 0.0000000000
100136  51.860  9.970  53.840 0.0000000000
100137  51.678  9.669  54.250 0.0000000000
93914  49.116  4.068  56.148 0.0000000000
92621  48.643  3.611  55.085 0.0000000000
92632  48.644  3.838  54.694 0.0000000000
93936  49.396  4.614  55.756 0.0000000000
88770  50.451  0.406  55.079 0.0000000000
90058  50.860  1.411  55.230 0.0000000000
66138  40.151  -15.134  68.262 0.0000000000
67465  39.450  -14.810  67.597 0.0000000000
67464  39.956  -14.646  68.144 0.0000000000
74786  40.589  -10.182  64.973 0.0000000000
74799  40.029  -10.381  64.223 0.0000000000
77487  44.972  -7.472  65.189 0.0000000000
77488  44.732  -7.632  65.138 0.0000000000
78801  45.187  -7.100  64.925 0.0000000000
80230  45.073  -6.777  64.130 0.0000000000
80208  45.651  -6.538  65.036 0.0000000000
81719  46.026  -6.288  64.648 0.0000000000
80207  45.952  -6.640  65.413 0.0000000000
73514  46.163  -9.511  63.937 0.0000000000
73512  47.044  -9.106  64.014 0.0000000000
73529  46.509  -9.139  63.603 0.0000000000
74827  46.668  -8.649  63.206 0.0000000000
63389  28.859  -17.513  74.413 0.0000000000
64749  29.570  -17.295  73.302 0.0000000000
63388  29.701  -17.797  73.664 0.0000000000
62018  30.052  -18.095  73.449 0.0000000000
60485  29.339  -18.415  73.856 0.0000000000
60529  29.592  -19.015  72.860 0.0000000000
60486  29.057  -18.531  73.953 0.0000000000
83328  45.758  -3.080  58.469 0.0000000000
84826  45.692  -2.974  57.826 0.0000000000
84817  46.027  -2.687  58.854 0.0000000000
84824  46.332  -2.216  58.700 0.0000000000
84816  46.635  -2.436  59.340 0.0000000000
86116  47.294  -2.086  60.533 0.0000000000
84807  46.980  -2.580  60.152 0.0000000000
84780  47.248  -3.176  61.888 0.0000000000
84767  47.349  -3.459  62.486 0.0000000000
59016  33.801  -20.516  69.773 0.0000000000
60609  34.209  -20.432  68.953 0.0000000000
59015  34.692  -20.929  69.555 0.0000000000
56396  35.119  -22.126  69.114 0.0000000000
56395  35.493  -21.672  69.198 0.0000000000
100160  49.108  8.653  53.326 0.0000000000
100138  49.302  9.155  53.971 0.0000000000
101395  49.953  10.098  54.224 0.0000000000
98867  49.514  8.685  54.743 0.0000000000
98842  49.965  8.625  55.224 0.0000000000
90024  47.973  1.306  57.278 0.0000000000
90034  48.016  1.762  56.554 0.0000000000
90023  48.567  1.947  57.103 0.0000000000
91263  49.797  2.685  58.294 0.0000000000
91286  49.560  2.963  57.803 0.0000000000
92567  49.934  3.529  57.789 0.0000000000
92586  49.517  3.398  57.036 0.0000000000
93874  50.457  4.094  57.591 0.0000000000
93873  50.683  4.295  57.763 0.0000000000
92565  50.954  3.673  58.008 0.0000000000
90031  51.847  1.502  56.372 0.0000000000
91300  51.650  2.217  56.690 0.0000000000
88757  52.160  1.086  55.829 0.0000000000
90044  51.771  1.507  55.622 0.0000000000
90056  51.875  0.477  55.533 0.0000000000
68922  42.177  -13.756  68.384 0.0000000000
68923  41.720  -13.755  68.405 0.0000000000
70449  42.059  -13.366  68.371 0.0000000000
73416  42.797  -11.566  68.070 0.0000000000
73417  42.601  -11.888  67.973 0.0000000000
73448  42.122  -11.194  66.937 0.0000000000
73464  41.922  -10.681  66.512 0.0000000000
74758  42.227  -10.507  66.608 0.0000000000
74768  42.622  -9.729  66.410 0.0000000000
74757  42.894  -10.180  66.737 0.0000000000
74741  44.599  -9.612  67.363 0.0000000000
76120  44.189  -9.101  67.174 0.0000000000
76119  44.750  -8.803  67.321 0.0000000000
77455  44.818  -8.164  67.075 0.0000000000
76118  45.320  -8.727  67.141 0.0000000000
76131  45.724  -8.689  66.593 0.0000000000
74755  45.722  -9.309  66.559 0.0000000000
72088  45.544  -10.685  65.825 0.0000000000
73445  45.843  -9.863  66.056 0.0000000000
73481  45.579  -10.204  65.269 0.0000000000
73497  45.827  -9.719  64.574 0.0000000000
73498  45.326  -10.461  64.815 0.0000000000
64808  29.759  -17.025  71.659 0.0000000000
64828  29.497  -17.404  70.892 0.0000000000
64827  30.256  -17.516  71.067 0.0000000000
63450  31.428  -17.787  70.627 0.0000000000
63436  32.392  -18.467  70.385 0.0000000000
62066  32.583  -18.974  70.464 0.0000000000
62065  33.009  -19.575  70.198 0.0000000000
60572  32.616  -19.294  70.612 0.0000000000
88742  46.499  -0.149  57.096 0.0000000000
88749  46.818  0.446  56.938 0.0000000000
90011  47.512  0.568  57.884 0.0000000000
89966  48.667  0.335  59.624 0.0000000000
89965  48.969  0.561  59.683 0.0000000000
89964  49.417  0.713  59.062 0.0000000000
89938  49.563  0.273  59.396 0.0000000000
88707  49.831  0.159  59.253 0.0000000000
88689  49.542  -0.173  59.827 0.0000000000
87370  49.313  -1.023  60.638 0.0000000000
87383  49.720  -1.295  59.987 0.0000000000
86114  49.658  -1.622  60.466 0.0000000000
84806  50.109  -2.095  60.276 0.0000000000
86104  48.142  -2.003  61.899 0.0000000000
87372  48.442  -1.643  61.481 0.0000000000
83284  49.314  -3.912  61.453 0.0000000000
83294  49.735  -3.769  60.777 0.0000000000
83293  49.813  -4.061  60.307 0.0000000000
62094  39.213  -18.127  67.206 0.0000000000
60607  40.338  -18.125  67.435 0.0000000000
63461  39.941  -17.180  68.004 0.0000000000
63460  40.414  -17.080  68.076 0.0000000000
64846  40.194  -16.336  68.051 0.0000000000
63459  40.948  -16.978  68.057 0.0000000000
60673  40.796  -18.862  66.476 0.0000000000
63482  41.772  -16.521  67.045 0.0000000000
62106  41.273  -17.382  67.121 0.0000000000
63470  41.591  -16.710  67.381 0.0000000000
64862  41.525  -16.305  67.452 0.0000000000
64861  41.886  -15.815  67.433 0.0000000000
64843  41.737  -15.429  67.737 0.0000000000
64877  42.157  -15.743  67.285 0.0000000000
66199  42.530  -14.909  66.754 0.0000000000
66181  42.626  -14.805  67.172 0.0000000000
67483  42.807  -14.418  66.971 0.0000000000
67482  43.303  -13.817  67.080 0.0000000000
67508  42.784  -14.109  66.659 0.0000000000
67532  42.893  -13.615  66.103 0.0000000000
67551  42.206  -13.827  65.719 0.0000000000
59058  34.275  -20.671  68.210 0.0000000000
60656  33.258  -20.475  67.610 0.0000000000
59079  33.867  -20.834  67.398 0.0000000000
59122  37.108  -19.999  65.610 0.0000000000
60675  37.586  -19.499  65.861 0.0000000000
60655  37.999  -19.054  66.277 0.0000000000
57670  38.696  -20.961  67.375 0.0000000000
59055  38.859  -20.192  67.247 0.0000000000
57669  39.491  -20.692  67.507 0.0000000000
56407  39.589  -21.054  67.428 0.0000000000
55192  37.993  -22.049  67.431 0.0000000000
56433  39.667  -21.346  66.509 0.0000000000
100171  52.470  9.514  52.731 0.0000000000
97636  52.507  8.419  51.903 0.0000000000
97647  51.946  8.042  51.675 0.0000000000
91317  47.279  2.069  55.392 0.0000000000
91328  47.019  2.309  54.660 0.0000000000
93957  48.182  4.620  54.002 0.0000000000
95217  46.814  5.214  52.991 0.0000000000
95216  47.440  5.635  52.845 0.0000000000
95191  50.290  4.943  55.117 0.0000000000
95152  51.948  5.006  56.794 0.0000000000
95153  51.549  5.367  56.455 0.0000000000
92603  51.506  4.173  56.018 0.0000000000
91327  50.613  2.700  54.923 0.0000000000
70523  40.346  -13.153  67.107 0.0000000000
72092  40.238  -12.688  66.262 0.0000000000
77490  42.918  -9.183  64.991 0.0000000000
78826  43.296  -7.584  63.115 0.0000000000
78823  45.380  -6.568  62.677 0.0000000000
78842  45.029  -6.744  61.986 0.0000000000
80294  45.215  -6.336  61.432 0.0000000000
80316  44.862  -6.251  60.839 0.0000000000
80293  45.637  -5.979  61.957 0.0000000000
81786  45.944  -5.355  61.578 0.0000000000
81752  46.087  -5.145  62.857 0.0000000000
83261  46.846  -5.564  64.059 0.0000000000
83269  46.933  -5.228  63.723 0.0000000000
83260  47.208  -5.434  64.121 0.0000000000
77472  46.349  -7.842  65.477 0.0000000000
78788  46.423  -7.262  65.394 0.0000000000
77471  46.613  -7.635  64.973 0.0000000000
77499  47.659  -7.450  63.798 0.0000000000
78799  47.814  -6.993  64.145 0.0000000000
78811  48.101  -6.917  63.936 0.0000000000
80249  48.331  -6.371  64.091 0.0000000000
78821  48.273  -6.906  63.460 0.0000000000
80271  48.480  -6.402  62.980 0.0000000000
78822  48.314  -6.918  62.824 0.0000000000
77527  47.739  -7.672  62.103 0.0000000000
70575  43.754  -12.296  65.325 0.0000000000
70576  43.193  -12.160  64.909 0.0000000000
64733  28.724  -17.119  74.274 0.0000000000
62036  28.808  -18.458  74.191 0.0000000000
62002  28.181  -18.031  74.812 0.0000000000
60487  27.885  -18.404  74.743 0.0000000000
83304  46.634  -3.318  60.373 0.0000000000
56374  34.099  -21.455  69.807 0.0000000000
56372  35.000  -21.167  69.507 0.0000000000
56385  34.799  -21.749  69.418 0.0000000000
98868  49.199  8.229  54.168 0.0000000000
97624  48.886  7.411  53.809 0.0000000000
89988  49.423  1.430  58.566 0.0000000000
90008  49.428  2.065  58.255 0.0000000000
91239  50.010  2.125  58.523 0.0000000000
91262  50.368  2.756  58.244 0.0000000000
91285  51.196  3.306  57.698 0.0000000000
91260  51.142  2.105  57.499 0.0000000000
90005  51.269  1.760  57.350 0.0000000000
68939  43.088  -13.388  68.262 0.0000000000
70448  42.512  -12.990  68.337 0.0000000000
70446  43.316  -12.469  68.286 0.0000000000
72020  43.403  -11.824  68.256 0.0000000000
73415  43.346  -11.131  67.841 0.0000000000
74729  43.630  -10.563  67.739 0.0000000000
73414  43.806  -10.907  67.788 0.0000000000
73413  44.196  -10.443  67.580 0.0000000000
73430  44.680  -10.375  67.224 0.0000000000
73429  45.298  -9.954  66.877 0.0000000000
72042  45.049  -10.688  66.907 0.0000000000
72108  44.878  -11.368  65.457 0.0000000000
64806  30.868  -17.537  71.683 0.0000000000
63427  31.254  -17.854  71.756 0.0000000000
62057  31.820  -18.320  71.705 0.0000000000
62056  32.284  -18.662  71.337 0.0000000000
60550  32.427  -19.336  70.915 0.0000000000
58979  32.052  -19.344  71.279 0.0000000000
86156  46.096  -1.647  57.664 0.0000000000
87422  46.766  -0.761  57.722 0.0000000000
87421  47.266  -0.346  57.889 0.0000000000
88732  47.586  0.327  58.116 0.0000000000
88731  47.774  -0.051  58.606 0.0000000000
89967  48.464  -0.170  59.704 0.0000000000
88709  48.849  -0.030  60.110 0.0000000000
89920  49.182  -0.193  60.238 0.0000000000
88690  48.981  -0.461  60.519 0.0000000000
88672  49.085  -0.662  60.650 0.0000000000
87371  48.919  -1.423  61.367 0.0000000000
84765  48.076  -3.194  62.892 0.0000000000
86089  48.693  -2.415  62.144 0.0000000000
78839  49.347  -6.248  61.953 0.0000000000
60629  39.885  -18.874  67.485 0.0000000000
62093  39.679  -18.352  67.478 0.0000000000
60608  40.155  -18.208  67.545 0.0000000000
60628  40.469  -18.551  67.309 0.0000000000
60693  40.505  -17.830  66.042 0.0000000000
63490  41.517  -16.615  66.402 0.0000000000
64878  42.007  -16.081  67.224 0.0000000000
64903  41.965  -15.933  66.002 0.0000000000
59078  34.898  -21.386  67.349 0.0000000000
59100  35.768  -21.048  66.325 0.0000000000
59099  37.165  -20.577  66.104 0.0000000000
59098  37.996  -20.318  66.385 0.0000000000
59075  38.411  -20.379  66.803 0.0000000000
55191  38.450  -21.851  67.318 0.0000000000
101414  52.353  10.546  53.747 0.0000000000
100157  52.181  9.880  53.492 0.0000000000
100172  51.797  9.473  53.153 0.0000000000
92606  48.187  2.735  55.846 0.0000000000
92623  47.401  2.555  54.938 0.0000000000
92622  47.950  2.901  55.249 0.0000000000
92646  47.746  4.094  53.793 0.0000000000
95193  48.682  5.447  54.215 0.0000000000
91315  51.474  2.404  55.705 0.0000000000
92619  51.208  3.523  55.555 0.0000000000
91326  50.974  2.438  55.297 0.0000000000
90072  50.402  1.927  54.972 0.0000000000
66161  39.042  -15.584  67.531 0.0000000000
73466  40.848  -11.493  65.947 0.0000000000
72110  40.457  -11.779  65.575 0.0000000000
72129  40.327  -11.446  65.105 0.0000000000
73500  39.354  -11.119  64.176 0.0000000000
77489  44.051  -8.233  64.809 0.0000000000
77501  43.195  -8.575  64.080 0.0000000000
77513  43.829  -7.628  63.695 0.0000000000
78825  43.926  -7.357  63.282 0.0000000000
78843  44.047  -6.986  62.330 0.0000000000
78812  44.659  -6.985  63.797 0.0000000000
80252  45.390  -6.585  63.632 0.0000000000
80273  45.415  -6.550  63.082 0.0000000000
80251  46.090  -6.094  63.628 0.0000000000
80228  46.013  -6.301  64.045 0.0000000000
81718  46.162  -6.147  64.857 0.0000000000
81728  47.040  -5.899  64.835 0.0000000000
74782  46.709  -8.944  64.608 0.0000000000
76159  46.758  -8.375  64.612 0.0000000000
76175  46.989  -8.561  64.324 0.0000000000
74797  47.258  -8.439  63.881 0.0000000000
74812  47.292  -8.288  63.683 0.0000000000
74814  47.043  -8.450  63.133 0.0000000000
64770  29.438  -17.145  72.920 0.0000000000
64789  29.958  -16.934  72.271 0.0000000000
63417  30.431  -17.654  72.793 0.0000000000
62034  30.540  -18.193  72.801 0.0000000000
58966  30.015  -19.095  72.607 0.0000000000
58982  30.247  -19.117  72.313 0.0000000000
58983  29.804  -19.056  72.458 0.0000000000
60530  29.133  -19.056  72.975 0.0000000000
62037  28.601  -18.558  74.141 0.0000000000
86144  46.293  -1.848  58.328 0.0000000000
86133  47.000  -1.725  59.349 0.0000000000
86123  47.552  -1.648  60.342 0.0000000000
87384  47.962  -1.344  60.372 0.0000000000
86115  47.564  -1.855  61.057 0.0000000000
86105  47.932  -2.068  61.819 0.0000000000
84796  47.151  -2.696  61.037 0.0000000000
84779  47.631  -2.759  62.198 0.0000000000
86091  47.861  -2.555  62.258 0.0000000000
84753  48.049  -3.873  63.281 0.0000000000
84752  48.195  -4.250  63.436 0.0000000000
57700  40.737  -20.153  66.595 0.0000000000
62081  33.011  -19.591  69.431 0.0000000000
60633  32.754  -19.662  68.477 0.0000000000
60610  33.676  -20.092  69.025 0.0000000000
59034  34.490  -20.606  68.774 0.0000000000
59014  35.904  -21.008  70.093 0.0000000000
59032  36.003  -21.082  69.490 0.0000000000
59056  35.627  -21.491  68.571 0.0000000000
56410  37.351  -21.974  67.727 0.0000000000
55210  37.182  -22.754  67.202 0.0000000000
101380  50.342  10.106  54.941 0.0000000000
100105  50.690  9.628  55.039 0.0000000000
98819  50.911  9.498  54.892 0.0000000000
98820  50.438  9.166  55.105 0.0000000000
97566  50.349  8.123  55.000 0.0000000000
97592  50.217  7.860  54.716 0.0000000000
98843  49.487  8.127  54.984 0.0000000000
97593  49.995  7.552  54.779 0.0000000000
96416  50.058  7.220  54.360 0.0000000000
90046  46.673  1.584  55.427 0.0000000000
91304  47.646  1.978  56.051 0.0000000000
91303  48.228  2.391  56.240 0.0000000000
91287  49.139  2.539  57.397 0.0000000000
91302  48.700  2.526  56.733 0.0000000000
92604  49.299  3.758  56.456 0.0000000000
93913  49.762  4.292  56.540 0.0000000000
95140  50.326  5.020  57.012 0.0000000000
95122  50.946  4.968  57.557 0.0000000000
91284  51.396  2.789  57.423 0.0000000000
92583  51.871  2.950  57.031 0.0000000000
92617  51.702  2.627  56.404 0.0000000000
90057  51.658  0.767  55.379 0.0000000000
67449  40.983  -14.502  68.577 0.0000000000
68942  40.208  -14.091  68.310 0.0000000000
68941  40.701  -13.881  68.429 0.0000000000
70500  40.899  -13.282  67.837 0.0000000000
70522  40.981  -12.523  67.257 0.0000000000
70474  42.476  -12.635  68.231 0.0000000000
72066  41.631  -11.911  67.173 0.0000000000
72067  41.142  -11.816  67.043 0.0000000000
73465  41.370  -11.075  66.276 0.0000000000
73483  41.282  -10.656  65.802 0.0000000000
74785  41.418  -10.129  65.552 0.0000000000
76163  41.082  -9.613  64.964 0.0000000000
74784  41.815  -9.699  65.898 0.0000000000
76148  42.757  -9.311  66.103 0.0000000000
77476  42.982  -9.154  65.621 0.0000000000
76121  43.756  -9.584  67.097 0.0000000000
76133  43.525  -9.382  66.720 0.0000000000
76147  43.799  -8.799  66.260 0.0000000000
78781  45.075  -7.939  66.453 0.0000000000
78780  45.571  -7.806  65.880 0.0000000000
80192  45.963  -7.122  65.627 0.0000000000
77463  45.638  -8.150  66.395 0.0000000000
77462  45.981  -7.837  66.164 0.0000000000
76145  46.453  -8.516  65.564 0.0000000000
73446  45.555  -9.970  66.457 0.0000000000
74767  46.412  -9.273  65.688 0.0000000000
73480  46.186  -9.511  64.888 0.0000000000
62097  32.103  -18.924  68.458 0.0000000000
64826  30.901  -17.586  71.176 0.0000000000
63463  31.819  -18.552  69.171 0.0000000000
63462  32.110  -18.941  69.368 0.0000000000
62082  32.490  -19.328  69.248 0.0000000000
62073  33.103  -19.561  69.810 0.0000000000
59004  33.581  -20.596  70.099 0.0000000000
60549  32.934  -19.942  70.510 0.0000000000
57612  33.394  -20.640  70.304 0.0000000000
57625  33.861  -21.022  70.133 0.0000000000
90010  47.916  0.802  58.294 0.0000000000
88721  50.426  0.625  58.588 0.0000000000
88729  50.974  0.264  58.196 0.0000000000
87398  50.284  0.091  58.866 0.0000000000
87399  50.439  -0.521  59.112 0.0000000000
86132  50.178  -1.064  59.506 0.0000000000
87382  49.604  -0.972  59.947 0.0000000000
87391  49.863  -1.016  59.694 0.0000000000
86103  49.353  -1.875  61.303 0.0000000000
63484  37.827  -16.804  66.352 0.0000000000
64865  38.720  -16.168  67.156 0.0000000000
62080  39.735  -17.733  67.662 0.0000000000
63472  39.570  -17.174  67.581 0.0000000000
64864  39.319  -16.326  67.686 0.0000000000
64863  39.788  -16.120  68.020 0.0000000000
66159  40.107  -15.679  68.093 0.0000000000
66137  40.637  -15.316  68.300 0.0000000000
59096  40.890  -19.708  66.642 0.0000000000
60652  40.864  -18.873  66.951 0.0000000000
60627  40.663  -17.973  67.103 0.0000000000
62091  41.065  -17.500  67.407 0.0000000000
66136  41.191  -15.352  68.222 0.0000000000
66116  41.488  -14.868  68.403 0.0000000000
66115  41.794  -14.686  68.309 0.0000000000
67447  42.295  -14.648  68.122 0.0000000000
64890  42.375  -15.619  66.963 0.0000000000
66158  42.581  -14.840  67.586 0.0000000000
67463  43.028  -14.390  67.871 0.0000000000
67462  43.287  -13.986  67.743 0.0000000000
68956  43.602  -13.168  67.332 0.0000000000
68972  43.846  -12.994  66.963 0.0000000000
70541  44.232  -12.643  66.177 0.0000000000
69007  43.849  -13.002  66.074 0.0000000000
69008  43.457  -13.200  65.857 0.0000000000
69032  42.167  -13.258  65.100 0.0000000000
62108  38.161  -18.492  66.461 0.0000000000
62107  38.742  -18.564  66.732 0.0000000000
60631  38.792  -19.836  66.951 0.0000000000
57668  40.048  -20.596  67.375 0.0000000000
57685  40.284  -20.800  67.004 0.0000000000
55208  38.571  -21.999  67.296 0.0000000000
64702  26.240  -17.463  75.668 0.0000000000
97646  53.051  8.116  51.506 0.0000000000
96418  48.496  6.766  53.691 0.0000000000
93970  49.912  4.259  54.347 0.0000000000
96360  49.983  5.946  56.832 0.0000000000
96373  50.743  5.738  56.157 0.0000000000
95168  51.031  5.391  55.702 0.0000000000
93935  50.907  4.267  55.374 0.0000000000
93953  50.816  4.697  55.327 0.0000000000
93954  50.432  4.326  54.996 0.0000000000
92644  48.883  3.580  53.497 0.0000000000
81815  44.321  -4.957  59.123 0.0000000000
68973  39.750  -13.838  67.198 0.0000000000
70524  39.781  -13.625  66.839 0.0000000000
80336  44.661  -5.826  60.166 0.0000000000
80358  45.122  -5.362  59.740 0.0000000000
81795  45.859  -5.055  60.884 0.0000000000
83296  46.365  -4.642  61.590 0.0000000000
81738  45.868  -5.292  63.052 0.0000000000
81751  46.427  -4.807  62.983 0.0000000000
83278  47.158  -4.312  63.084 0.0000000000
84742  48.038  -4.511  63.667 0.0000000000
83258  48.118  -4.873  63.674 0.0000000000
80206  46.479  -6.583  65.237 0.0000000000
80205  46.786  -6.628  65.101 0.0000000000
80227  47.013  -6.047  65.070 0.0000000000
77486  47.007  -7.597  64.567 0.0000000000
78800  47.286  -6.930  64.672 0.0000000000
80226  47.341  -6.252  64.700 0.0000000000
81726  47.907  -5.518  64.237 0.0000000000
81736  48.401  -5.543  63.820 0.0000000000
80292  48.594  -6.402  62.613 0.0000000000
78840  48.754  -6.555  62.195 0.0000000000
70540  44.596  -12.187  66.199 0.0000000000
70559  44.609  -11.958  65.863 0.0000000000
72127  43.935  -11.503  64.714 0.0000000000
72145  44.654  -10.103  64.042 0.0000000000
56373  34.591  -21.373  69.609 0.0000000000
56386  34.044  -22.174  69.518 0.0000000000
57623  35.505  -21.260  69.834 0.0000000000
57624  34.980  -20.969  69.546 0.0000000000
57639  35.956  -21.473  69.935 0.0000000000
57640  35.598  -21.166  70.046 0.0000000000
58967  29.915  -19.143  73.053 0.0000000000
58993  33.077  -20.273  70.444 0.0000000000
58997  30.259  -19.228  71.915 0.0000000000
59097  40.697  -20.015  66.271 0.0000000000
60504  30.961  -18.589  72.326 0.0000000000
60505  30.491  -18.774  72.554 0.0000000000
60526  32.016  -19.219  71.471 0.0000000000
60590  34.273  -20.588  69.404 0.0000000000
60611  33.089  -19.771  68.912 0.0000000000
60653  39.042  -18.834  66.800 0.0000000000
60672  40.570  -17.960  66.403 0.0000000000
60696  37.194  -19.689  65.649 0.0000000000
61985  26.893  -17.850  75.281 0.0000000000
62019  29.662  -18.209  73.687 0.0000000000
62033  31.114  -18.501  72.353 0.0000000000
62035  30.137  -18.561  73.180 0.0000000000
62078  40.451  -17.687  67.617 0.0000000000
62083  31.972  -19.150  69.032 0.0000000000
63377  26.761  -17.646  75.436 0.0000000000
63387  30.214  -17.931  73.314 0.0000000000
63402  30.517  -17.976  72.982 0.0000000000
63404  29.490  -17.426  73.759 0.0000000000
63415  31.498  -18.126  71.872 0.0000000000
63426  31.943  -18.062  71.438 0.0000000000
63437  32.094  -17.929  70.835 0.0000000000
63448  32.276  -18.721  69.743 0.0000000000
63458  41.365  -16.658  67.647 0.0000000000
63469  42.193  -16.439  67.478 0.0000000000
63483  38.132  -17.689  66.501 0.0000000000
63491  37.844  -18.077  66.352 0.0000000000
64717  27.692  -17.286  74.907 0.0000000000
64769  29.981  -17.258  72.786 0.0000000000
64848  30.815  -17.615  70.534 0.0000000000
64891  42.071  -16.098  66.726 0.0000000000
66117  41.148  -14.957  68.536 0.0000000000
66135  41.761  -15.024  68.115 0.0000000000
66157  42.988  -14.395  67.664 0.0000000000
67430  42.677  -14.099  68.300 0.0000000000
67431  42.280  -14.337  68.284 0.0000000000
67432  41.730  -14.366  68.402 0.0000000000
67433  41.333  -14.631  68.494 0.0000000000
67445  43.287  -13.865  68.014 0.0000000000
67446  42.918  -14.210  68.154 0.0000000000
67531  43.374  -13.359  66.034 0.0000000000
68937  43.727  -12.500  67.769 0.0000000000
68940  41.256  -13.807  68.437 0.0000000000
68957  40.319  -13.674  68.136 0.0000000000
68958  39.902  -13.906  67.840 0.0000000000
68974  39.184  -14.080  66.757 0.0000000000
68987  44.354  -12.556  66.717 0.0000000000
68988  43.943  -12.911  66.546 0.0000000000
70447  43.009  -12.869  68.363 0.0000000000
70473  43.250  -12.847  68.189 0.0000000000
70476  41.155  -13.506  68.276 0.0000000000
70497  44.850  -11.337  66.805 0.0000000000
70499  41.618  -12.505  67.466 0.0000000000
70521  41.315  -12.177  67.215 0.0000000000
70542  40.295  -12.811  66.530 0.0000000000
70560  44.268  -12.290  65.809 0.0000000000
71999  43.180  -12.364  68.414 0.0000000000
72000  42.954  -12.357  68.467 0.0000000000
72001  42.716  -12.388  68.362 0.0000000000
72022  42.612  -12.230  68.192 0.0000000000
72023  42.334  -12.271  67.729 0.0000000000
72044  42.104  -11.928  67.303 0.0000000000
72063  45.707  -10.174  66.068 0.0000000000
72065  45.078  -11.361  66.471 0.0000000000
72068  40.711  -12.313  67.032 0.0000000000
72087  45.790  -10.049  65.863 0.0000000000
72090  41.109  -11.598  66.669 0.0000000000
72107  45.416  -10.842  65.406 0.0000000000
72111  40.071  -12.546  65.752 0.0000000000
73431  43.457  -10.698  67.636 0.0000000000
73433  42.514  -11.602  67.638 0.0000000000
73447  42.798  -10.744  67.076 0.0000000000
73463  45.686  -10.186  65.677 0.0000000000
73495  46.823  -9.231  64.102 0.0000000000
73496  46.453  -9.422  64.263 0.0000000000
73513  46.686  -9.306  63.914 0.0000000000
73528  46.873  -9.088  63.808 0.0000000000
73544  46.172  -8.870  63.090 0.0000000000
74727  44.092  -10.146  67.743 0.0000000000
74728  43.788  -10.372  67.775 0.0000000000
74743  43.590  -10.141  67.384 0.0000000000
74744  43.058  -10.500  67.097 0.0000000000
74756  43.515  -9.818  66.989 0.0000000000
74770  41.516  -10.448  65.988 0.0000000000
74783  46.477  -9.136  65.131 0.0000000000
74798  47.077  -8.874  64.139 0.0000000000
74826  46.797  -8.919  63.627 0.0000000000
76130  46.253  -8.597  66.188 0.0000000000
76132  44.189  -8.818  66.781 0.0000000000
76144  46.525  -8.156  64.925 0.0000000000
76146  44.314  -8.465  66.409 0.0000000000
76149  42.025  -9.493  66.026 0.0000000000
76161  42.640  -9.286  65.580 0.0000000000
76162  42.029  -9.551  65.457 0.0000000000
76174  47.276  -8.190  64.057 0.0000000000
76190  47.402  -7.950  63.709 0.0000000000
76191  47.422  -8.016  63.384 0.0000000000
76192  47.337  -8.190  63.027 0.0000000000
76207  47.148  -8.316  62.584 0.0000000000
77454  45.312  -8.091  67.012 0.0000000000
77464  44.875  -7.930  66.887 0.0000000000
77465  44.667  -8.204  66.656 0.0000000000
77473  44.918  -7.737  65.510 0.0000000000
77485  47.359  -7.656  64.190 0.0000000000
77491  42.158  -9.491  64.794 0.0000000000
77500  43.865  -7.936  64.003 0.0000000000
77511  47.773  -7.613  62.797 0.0000000000
78774  45.004  -7.749  66.986 0.0000000000
78782  44.801  -8.045  66.278 0.0000000000
78789  45.773  -7.251  65.586 0.0000000000
78791  44.988  -7.970  65.871 0.0000000000
78803  44.290  -7.736  64.266 0.0000000000
78813  44.212  -7.429  63.931 0.0000000000
78841  45.531  -6.367  62.363 0.0000000000
78860  44.767  -6.461  61.395 0.0000000000
80191  46.005  -6.895  65.596 0.0000000000
80315  45.526  -5.797  61.167 0.0000000000
81729  46.171  -6.014  64.009 0.0000000000
81730  46.004  -6.312  64.393 0.0000000000
81737  46.486  -5.377  63.501 0.0000000000
81768  46.161  -5.238  62.271 0.0000000000
83250  46.921  -5.743  64.621 0.0000000000
83251  46.448  -6.026  64.504 0.0000000000
83267  47.863  -4.129  63.545 0.0000000000
83276  47.928  -3.694  63.210 0.0000000000
83286  46.523  -4.753  62.237 0.0000000000
84743  48.025  -4.267  63.642 0.0000000000
86113  49.472  -1.233  60.504 0.0000000000
86143  46.696  -1.687  58.815 0.0000000000
87361  48.301  -1.976  61.865 0.0000000000
87389  50.110  -0.038  59.186 0.0000000000
87393  47.225  -1.466  59.540 0.0000000000
87400  50.122  -0.754  59.512 0.0000000000
87410  47.310  -0.522  58.299 0.0000000000
88688  49.647  0.078  59.541 0.0000000000
88692  48.341  -0.970  60.241 0.0000000000
88708  49.814  -0.275  59.597 0.0000000000
88710  48.722  0.154  59.869 0.0000000000
88740  47.476  -0.090  58.100 0.0000000000
88748  52.168  1.088  56.107 0.0000000000
89921  49.056  -0.299  60.453 0.0000000000
89940  49.066  -0.003  60.157 0.0000000000
89942  48.470  -0.437  59.904 0.0000000000
89985  50.730  1.200  58.309 0.0000000000
90021  51.505  1.369  56.930 0.0000000000
90022  51.301  1.333  57.403 0.0000000000
90032  52.095  1.609  56.027 0.0000000000
90043  52.027  0.738  55.617 0.0000000000
91259  51.290  2.034  57.316 0.0000000000
91261  50.736  2.300  57.936 0.0000000000
91313  51.721  2.385  56.459 0.0000000000
91314  51.831  2.228  56.088 0.0000000000
91339  50.553  2.167  55.034 0.0000000000
92585  51.233  3.861  57.634 0.0000000000
92601  51.742  2.829  56.630 0.0000000000
92618  51.617  2.893  56.180 0.0000000000
92620  50.707  3.906  55.229 0.0000000000
93872  51.021  4.415  57.788 0.0000000000
93889  51.695  4.588  57.159 0.0000000000
93890  51.307  4.545  57.462 0.0000000000
93911  51.847  4.560  56.945 0.0000000000
93912  51.632  4.633  56.437 0.0000000000
95123  50.547  4.770  57.451 0.0000000000
95124  50.429  4.517  57.312 0.0000000000
95137  51.871  5.085  57.141 0.0000000000
95138  51.167  5.573  57.183 0.0000000000
95139  50.578  5.428  57.262 0.0000000000
95154  49.982  5.195  56.340 0.0000000000
95170  49.916  5.177  55.599 0.0000000000
95190  50.976  5.018  55.388 0.0000000000
96345  50.798  6.046  56.950 0.0000000000
96346  50.459  6.029  57.110 0.0000000000
96358  51.012  5.848  56.620 0.0000000000
96359  50.485  6.003  56.701 0.0000000000
96372  51.147  5.670  56.212 0.0000000000
96392  50.044  7.346  54.585 0.0000000000
97567  50.158  8.030  55.096 0.0000000000
97635  52.818  8.452  51.792 0.0000000000
98817  51.547  10.035  55.200 0.0000000000
98839  51.499  9.825  55.276 0.0000000000
98840  51.188  9.607  54.945 0.0000000000
98893  48.913  8.657  52.807 0.0000000000
100103  51.547  10.010  54.901 0.0000000000
100104  51.058  9.991  55.144 0.0000000000
100106  50.250  9.448  55.202 0.0000000000
100121  51.756  9.901  54.926 0.0000000000
100122  51.559  9.527  54.541 0.0000000000
101362  51.281  10.271  55.215 0.0000000000
101364  50.506  9.800  55.096 0.0000000000
101377  51.868  10.439  54.946 0.0000000000
101378  51.687  10.616  54.937 0.0000000000
101379  50.926  10.794  55.008 0.0000000000
101393  51.968  10.488  54.558 0.0000000000
102623  52.235  10.961  54.302 0.0000000000
