#!ascii label  , from subject 4057 vox2ras=TkReg
497
10738  -39.633  -82.165  -13.215 0.0000000000
17601  -47.372  -76.405  -19.322 0.0000000000
18646  -39.662  -74.826  -16.800 0.0000000000
14118  -42.112  -80.121  -17.155 0.0000000000
22778  -46.515  -71.772  -16.915 0.0000000000
16312  -43.501  -77.298  -12.942 0.0000000000
21679  -39.100  -72.853  -12.955 0.0000000000
23723  -39.936  -70.216  -8.916 0.0000000000
23827  -41.190  -70.405  -16.193 0.0000000000
20689  -42.531  -73.416  -16.695 0.0000000000
25017  -44.468  -69.157  -16.771 0.0000000000
19623  -41.846  -74.841  -13.355 0.0000000000
21656  -41.980  -73.148  -11.683 0.0000000000
28433  -38.735  -66.452  -9.489 0.0000000000
26120  -39.540  -67.872  -11.348 0.0000000000
8639  -40.061  -84.809  -14.987 0.0000000000
16386  -45.845  -77.625  -17.552 0.0000000000
11951  -42.659  -81.643  -18.570 0.0000000000
14135  -44.043  -79.778  -20.607 0.0000000000
14087  -38.831  -78.936  -14.538 0.0000000000
11902  -39.493  -81.543  -16.016 0.0000000000
18660  -44.393  -75.872  -17.410 0.0000000000
20711  -48.000  -73.512  -17.046 0.0000000000
16332  -39.804  -77.120  -14.037 0.0000000000
20673  -38.728  -73.640  -14.484 0.0000000000
24990  -40.053  -69.898  -14.350 0.0000000000
22661  -42.891  -72.082  -9.950 0.0000000000
22679  -38.612  -70.981  -11.415 0.0000000000
24954  -39.587  -68.954  -12.762 0.0000000000
26147  -43.883  -67.655  -12.903 0.0000000000
9729  -41.826  -83.430  -16.598 0.0000000000
25075  -46.881  -69.714  -20.619 0.0000000000
20762  -47.055  -74.120  -19.929 0.0000000000
19756  -45.852  -74.769  -23.739 0.0000000000
25006  -42.908  -69.085  -15.868 0.0000000000
25015  -42.752  -69.978  -16.440 0.0000000000
9698  -39.118  -83.294  -14.168 0.0000000000
16403  -46.621  -77.428  -18.502 0.0000000000
14129  -45.243  -79.561  -18.914 0.0000000000
16407  -45.865  -77.919  -19.782 0.0000000000
15290  -44.822  -78.392  -21.425 0.0000000000
17615  -46.477  -76.613  -20.501 0.0000000000
16368  -38.551  -77.329  -16.051 0.0000000000
18655  -39.533  -75.809  -17.169 0.0000000000
21731  -44.348  -72.731  -16.510 0.0000000000
20710  -43.564  -74.559  -16.983 0.0000000000
20691  -45.136  -73.630  -16.499 0.0000000000
19671  -45.612  -75.139  -16.814 0.0000000000
21734  -47.429  -72.800  -16.683 0.0000000000
15178  -40.616  -78.081  -13.469 0.0000000000
16335  -42.007  -77.331  -13.251 0.0000000000
20637  -40.211  -73.555  -12.986 0.0000000000
19620  -39.404  -74.491  -13.783 0.0000000000
21699  -38.755  -72.692  -13.718 0.0000000000
22733  -39.098  -71.653  -15.120 0.0000000000
22716  -38.743  -71.684  -13.993 0.0000000000
22638  -41.215  -71.329  -9.203 0.0000000000
22659  -40.369  -71.905  -10.164 0.0000000000
22636  -39.465  -70.636  -9.523 0.0000000000
27308  -41.273  -66.813  -11.798 0.0000000000
26143  -39.560  -68.386  -12.053 0.0000000000
26122  -41.358  -67.609  -12.291 0.0000000000
26145  -41.466  -68.185  -12.802 0.0000000000
13053  -41.115  -81.023  -16.983 0.0000000000
10785  -41.304  -82.310  -16.169 0.0000000000
11922  -42.056  -81.736  -16.872 0.0000000000
10823  -41.154  -82.868  -19.673 0.0000000000
26274  -45.305  -69.001  -19.630 0.0000000000
22811  -46.192  -71.669  -20.147 0.0000000000
19721  -45.358  -74.678  -20.767 0.0000000000
21727  -40.304  -72.595  -16.576 0.0000000000
20707  -41.304  -73.774  -16.950 0.0000000000
22751  -42.399  -71.679  -16.683 0.0000000000
22775  -43.882  -70.903  -16.766 0.0000000000
23854  -45.717  -70.705  -16.955 0.0000000000
18622  -42.182  -75.646  -13.377 0.0000000000
20639  -42.100  -73.979  -12.734 0.0000000000
21681  -40.512  -73.214  -12.439 0.0000000000
24863  -38.945  -68.875  -8.648 0.0000000000
24909  -38.558  -68.789  -10.336 0.0000000000
27285  -39.248  -67.086  -10.487 0.0000000000
28454  -40.598  -66.278  -11.012 0.0000000000
28456  -42.545  -66.436  -10.819 0.0000000000
15252  -44.196  -78.995  -17.391 0.0000000000
11939  -42.807  -81.097  -17.460 0.0000000000
13062  -44.470  -80.236  -17.643 0.0000000000
11959  -43.441  -81.025  -19.770 0.0000000000
11969  -42.869  -81.413  -20.696 0.0000000000
13080  -42.841  -80.555  -21.346 0.0000000000
14161  -43.551  -79.098  -22.383 0.0000000000
15319  -43.731  -78.028  -23.953 0.0000000000
12997  -38.802  -79.989  -13.977 0.0000000000
10764  -38.811  -82.010  -14.929 0.0000000000
14110  -39.350  -79.835  -16.906 0.0000000000
15249  -41.297  -79.292  -17.691 0.0000000000
18657  -41.442  -75.501  -17.603 0.0000000000
17572  -42.017  -76.388  -17.988 0.0000000000
16399  -43.193  -77.861  -17.870 0.0000000000
16385  -44.913  -77.562  -17.415 0.0000000000
18663  -46.806  -75.511  -17.492 0.0000000000
18670  -47.288  -75.448  -17.997 0.0000000000
14075  -40.097  -78.979  -13.446 0.0000000000
15201  -39.364  -77.607  -14.253 0.0000000000
17536  -38.872  -76.488  -14.995 0.0000000000
18620  -40.553  -75.659  -13.788 0.0000000000
18630  -39.280  -75.474  -14.431 0.0000000000
19636  -38.922  -73.939  -15.742 0.0000000000
22742  -39.700  -71.763  -15.995 0.0000000000
23816  -40.417  -70.474  -15.569 0.0000000000
24992  -42.050  -68.899  -15.114 0.0000000000
21631  -42.414  -72.559  -10.761 0.0000000000
22681  -40.340  -72.473  -11.197 0.0000000000
22680  -39.381  -71.952  -11.373 0.0000000000
24932  -38.503  -69.092  -11.052 0.0000000000
23782  -38.571  -70.373  -12.321 0.0000000000
23800  -38.822  -70.576  -13.468 0.0000000000
24972  -39.641  -69.590  -13.596 0.0000000000
24957  -42.306  -68.352  -13.643 0.0000000000
9713  -39.513  -83.359  -15.187 0.0000000000
8656  -41.379  -84.050  -15.802 0.0000000000
10805  -41.911  -82.509  -17.304 0.0000000000
9762  -40.851  -83.210  -18.072 0.0000000000
21756  -49.166  -71.983  -17.397 0.0000000000
20722  -48.583  -73.265  -18.140 0.0000000000
19705  -47.906  -73.846  -19.056 0.0000000000
20745  -47.559  -73.596  -19.593 0.0000000000
18690  -47.354  -75.465  -19.745 0.0000000000
17629  -46.280  -76.027  -21.628 0.0000000000
16462  -45.333  -76.634  -23.415 0.0000000000
24993  -42.934  -68.380  -15.039 0.0000000000
26184  -43.354  -68.558  -15.524 0.0000000000
8607  -40.009  -84.045  -12.876 0.0000000000
9684  -39.386  -82.878  -13.294 0.0000000000
16404  -47.064  -77.029  -18.994 0.0000000000
15262  -46.401  -77.783  -18.891 0.0000000000
16408  -46.464  -77.432  -19.530 0.0000000000
16422  -46.244  -77.211  -20.285 0.0000000000
17600  -46.958  -76.729  -19.771 0.0000000000
18645  -39.237  -75.374  -16.734 0.0000000000
17559  -38.923  -76.395  -16.639 0.0000000000
22754  -45.888  -72.214  -16.739 0.0000000000
21732  -45.507  -72.839  -16.591 0.0000000000
22755  -46.488  -72.353  -16.814 0.0000000000
20692  -46.182  -73.543  -16.585 0.0000000000
21754  -47.327  -72.253  -16.824 0.0000000000
15151  -43.711  -78.465  -12.808 0.0000000000
15181  -43.037  -78.025  -13.059 0.0000000000
15180  -42.304  -78.225  -13.186 0.0000000000
16336  -42.719  -77.472  -13.117 0.0000000000
20636  -39.573  -73.423  -13.098 0.0000000000
23702  -39.860  -69.845  -8.646 0.0000000000
24866  -40.818  -69.508  -8.006 0.0000000000
23703  -40.499  -70.050  -8.587 0.0000000000
22617  -40.932  -70.546  -8.711 0.0000000000
22616  -40.524  -70.446  -8.824 0.0000000000
22637  -40.121  -70.745  -9.207 0.0000000000
23722  -39.271  -70.114  -9.308 0.0000000000
27309  -42.261  -67.030  -11.978 0.0000000000
26123  -42.401  -67.597  -12.391 0.0000000000
11937  -41.601  -81.239  -16.756 0.0000000000
13042  -42.002  -81.282  -16.801 0.0000000000
21785  -45.790  -72.509  -19.658 0.0000000000
20743  -45.281  -73.380  -19.578 0.0000000000
19702  -44.769  -74.172  -19.950 0.0000000000
22749  -40.544  -71.777  -16.432 0.0000000000
21728  -41.083  -72.554  -16.736 0.0000000000
22750  -41.429  -71.769  -16.674 0.0000000000
25016  -43.817  -69.507  -16.600 0.0000000000
23836  -43.447  -70.517  -16.702 0.0000000000
25033  -44.363  -70.033  -16.972 0.0000000000
23853  -44.802  -70.560  -16.902 0.0000000000
26227  -45.451  -69.329  -17.126 0.0000000000
21682  -41.280  -73.394  -12.301 0.0000000000
21655  -40.868  -72.989  -11.713 0.0000000000
26070  -38.778  -68.070  -8.402 0.0000000000
26089  -38.604  -67.678  -9.290 0.0000000000
27284  -38.712  -67.074  -9.845 0.0000000000
28455  -41.642  -66.292  -11.151 0.0000000000
7710  -40.302  -85.263  -15.232 0.0000000000
15253  -44.981  -78.468  -17.522 0.0000000000
14121  -44.631  -79.502  -17.416 0.0000000000
14122  -45.235  -79.055  -17.757 0.0000000000
14136  -44.890  -79.490  -20.048 0.0000000000
13073  -44.592  -80.080  -19.303 0.0000000000
13072  -43.951  -80.280  -19.965 0.0000000000
13081  -43.429  -80.387  -20.712 0.0000000000
16437  -44.903  -77.557  -21.939 0.0000000000
14162  -44.179  -78.926  -21.738 0.0000000000
15306  -44.377  -78.170  -22.432 0.0000000000
15305  -43.871  -78.381  -23.132 0.0000000000
16448  -44.934  -77.077  -22.870 0.0000000000
13010  -38.501  -79.926  -14.748 0.0000000000
17589  -41.076  -77.448  -18.296 0.0000000000
19666  -41.084  -74.427  -17.157 0.0000000000
20708  -41.897  -73.994  -16.924 0.0000000000
19668  -43.071  -74.994  -17.310 0.0000000000
18659  -43.485  -75.764  -17.572 0.0000000000
17591  -42.622  -77.172  -18.045 0.0000000000
17574  -43.947  -76.671  -17.584 0.0000000000
16400  -44.098  -77.647  -17.643 0.0000000000
19672  -46.498  -74.878  -16.928 0.0000000000
18662  -46.112  -75.849  -17.119 0.0000000000
17578  -47.036  -76.073  -17.778 0.0000000000
19673  -47.509  -74.199  -17.392 0.0000000000
16333  -40.398  -77.214  -13.708 0.0000000000
15177  -39.759  -78.025  -13.731 0.0000000000
16349  -39.028  -77.207  -14.731 0.0000000000
16350  -39.454  -76.954  -14.382 0.0000000000
18621  -41.356  -75.632  -13.551 0.0000000000
19622  -40.949  -74.913  -13.503 0.0000000000
19630  -39.469  -75.060  -14.066 0.0000000000
19629  -39.005  -74.664  -14.385 0.0000000000
19635  -38.722  -74.613  -15.428 0.0000000000
20678  -38.740  -73.465  -15.293 0.0000000000
20679  -39.124  -73.361  -15.912 0.0000000000
21722  -38.956  -72.622  -15.480 0.0000000000
23815  -39.757  -70.611  -15.005 0.0000000000
22734  -39.611  -71.236  -15.480 0.0000000000
24991  -40.856  -69.716  -15.030 0.0000000000
23742  -38.649  -69.799  -10.163 0.0000000000
24953  -38.734  -69.222  -12.056 0.0000000000
24971  -38.914  -69.695  -12.899 0.0000000000
26146  -42.553  -67.898  -13.032 0.0000000000
24956  -41.532  -68.618  -13.453 0.0000000000
11901  -38.876  -81.404  -15.444 0.0000000000
10750  -38.969  -82.724  -14.849 0.0000000000
10783  -39.917  -82.121  -16.006 0.0000000000
9716  -41.772  -83.397  -15.945 0.0000000000
9715  -41.147  -83.487  -15.651 0.0000000000
8657  -41.833  -83.935  -16.138 0.0000000000
7732  -41.160  -84.715  -16.385 0.0000000000
8673  -41.558  -84.096  -16.778 0.0000000000
11946  -43.168  -81.135  -17.987 0.0000000000
11945  -42.496  -81.642  -17.772 0.0000000000
10818  -42.118  -82.113  -18.177 0.0000000000
10822  -40.340  -83.142  -19.464 0.0000000000
10816  -40.601  -82.899  -18.755 0.0000000000
22781  -49.790  -71.182  -17.392 0.0000000000
22797  -50.474  -70.620  -17.782 0.0000000000
21788  -48.976  -72.316  -18.848 0.0000000000
19685  -48.056  -73.995  -18.399 0.0000000000
20746  -48.261  -73.283  -18.961 0.0000000000
21786  -46.913  -72.557  -19.694 0.0000000000
19723  -47.201  -74.692  -20.062 0.0000000000
18689  -46.733  -75.435  -20.778 0.0000000000
19744  -46.141  -74.826  -22.661 0.0000000000
18711  -46.272  -75.176  -22.493 0.0000000000
18710  -45.981  -75.400  -23.166 0.0000000000
25005  -41.706  -69.812  -16.063 0.0000000000
25014  -42.149  -70.315  -16.498 0.0000000000
25007  -43.494  -68.999  -16.084 0.0000000000
26208  -44.273  -68.944  -16.540 0.0000000000
29588  -39.533  -65.795  -9.892 0.0000000000
29572  -40.076  -65.374  -9.302 0.0000000000
8638  -39.766  -84.348  -14.545 0.0000000000
16402  -46.229  -77.867  -18.011 0.0000000000
14125  -45.571  -79.009  -18.293 0.0000000000
15261  -46.107  -78.234  -18.571 0.0000000000
14137  -45.566  -79.012  -19.469 0.0000000000
14145  -44.441  -79.191  -20.989 0.0000000000
15291  -45.246  -78.177  -20.748 0.0000000000
16438  -45.255  -77.637  -21.243 0.0000000000
17628  -45.661  -76.859  -21.307 0.0000000000
15222  -38.653  -78.031  -15.210 0.0000000000
16381  -38.790  -77.270  -16.802 0.0000000000
17569  -39.019  -76.969  -17.155 0.0000000000
17570  -39.568  -76.549  -17.492 0.0000000000
20709  -42.828  -74.247  -16.957 0.0000000000
20690  -43.826  -73.794  -16.640 0.0000000000
19653  -44.926  -74.460  -16.683 0.0000000000
19654  -45.901  -74.329  -16.535 0.0000000000
19655  -46.782  -74.051  -16.732 0.0000000000
20694  -47.712  -73.385  -16.820 0.0000000000
15179  -41.451  -78.128  -13.345 0.0000000000
16334  -41.167  -77.256  -13.442 0.0000000000
20661  -40.540  -74.232  -13.248 0.0000000000
20660  -39.783  -74.037  -13.376 0.0000000000
20659  -39.015  -73.728  -13.590 0.0000000000
21715  -38.673  -72.618  -14.671 0.0000000000
23814  -39.058  -70.935  -14.366 0.0000000000
23801  -39.417  -70.300  -14.167 0.0000000000
22618  -41.825  -70.703  -8.516 0.0000000000
22639  -42.372  -71.468  -9.139 0.0000000000
22660  -41.763  -72.072  -9.982 0.0000000000
22658  -39.037  -70.962  -10.068 0.0000000000
26142  -38.959  -68.537  -11.502 0.0000000000
26121  -40.400  -67.700  -11.892 0.0000000000
26144  -40.476  -68.305  -12.494 0.0000000000
24955  -40.556  -68.851  -13.167 0.0000000000
13040  -40.542  -81.207  -16.714 0.0000000000
10784  -40.613  -82.222  -16.081 0.0000000000
11920  -41.013  -81.663  -16.565 0.0000000000
11921  -41.663  -81.686  -16.629 0.0000000000
10786  -41.770  -82.572  -16.433 0.0000000000
10824  -42.018  -82.212  -19.111 0.0000000000
25073  -45.145  -69.747  -19.798 0.0000000000
25074  -46.054  -70.003  -20.185 0.0000000000
23887  -46.578  -70.746  -20.522 0.0000000000
20744  -46.431  -73.587  -19.678 0.0000000000
19722  -46.384  -74.537  -20.567 0.0000000000
19733  -45.819  -74.707  -21.809 0.0000000000
20686  -39.753  -73.278  -16.474 0.0000000000
19651  -40.089  -74.275  -16.811 0.0000000000
20687  -40.717  -73.441  -16.843 0.0000000000
21729  -42.013  -72.549  -16.679 0.0000000000
23835  -42.648  -70.797  -16.654 0.0000000000
21730  -43.114  -72.615  -16.564 0.0000000000
22776  -44.432  -71.129  -16.749 0.0000000000
22777  -45.373  -71.390  -16.764 0.0000000000
23855  -46.744  -70.860  -17.149 0.0000000000
17523  -42.740  -76.501  -13.147 0.0000000000
19606  -42.367  -74.598  -13.148 0.0000000000
20662  -41.276  -74.343  -13.140 0.0000000000
20638  -40.983  -73.753  -12.835 0.0000000000
21680  -39.797  -72.998  -12.662 0.0000000000
24864  -39.457  -69.335  -8.515 0.0000000000
24886  -38.970  -69.345  -9.060 0.0000000000
23721  -38.813  -69.533  -9.478 0.0000000000
24885  -38.654  -68.762  -9.436 0.0000000000
26101  -38.671  -67.906  -10.186 0.0000000000
26102  -39.196  -67.724  -10.762 0.0000000000
28453  -39.732  -66.312  -10.493 0.0000000000
27286  -39.854  -66.802  -10.933 0.0000000000
27306  -39.622  -67.329  -10.983 0.0000000000
28474  -40.783  -66.634  -11.482 0.0000000000
27288  -42.106  -66.629  -11.458 0.0000000000
27289  -42.931  -66.822  -11.268 0.0000000000
15251  -43.396  -79.228  -17.355 0.0000000000
14119  -43.023  -79.974  -17.063 0.0000000000
14120  -43.892  -79.737  -17.106 0.0000000000
13056  -43.567  -80.534  -17.321 0.0000000000
13061  -43.926  -80.704  -18.182 0.0000000000
11952  -43.377  -81.184  -18.853 0.0000000000
14144  -43.583  -79.633  -21.348 0.0000000000
14143  -42.875  -79.810  -21.846 0.0000000000
14160  -42.421  -79.509  -22.541 0.0000000000
14184  -43.170  -78.750  -23.313 0.0000000000
11871  -38.981  -80.913  -13.582 0.0000000000
10737  -39.137  -82.008  -13.670 0.0000000000
11885  -38.587  -81.146  -14.475 0.0000000000
13024  -39.097  -80.921  -16.004 0.0000000000
13038  -38.966  -80.358  -16.345 0.0000000000
13039  -39.810  -80.824  -16.575 0.0000000000
14116  -40.460  -80.196  -17.170 0.0000000000
15256  -42.143  -78.760  -17.928 0.0000000000
18656  -40.157  -75.388  -17.274 0.0000000000
18658  -42.514  -75.623  -17.630 0.0000000000
17590  -41.735  -77.265  -18.233 0.0000000000
16398  -42.358  -77.990  -18.057 0.0000000000
15257  -42.916  -78.674  -17.781 0.0000000000
15258  -43.728  -78.495  -17.646 0.0000000000
16401  -44.569  -77.921  -17.510 0.0000000000
18661  -45.252  -75.913  -17.191 0.0000000000
17576  -45.615  -76.741  -17.298 0.0000000000
17577  -46.524  -76.620  -17.634 0.0000000000
17594  -47.165  -76.513  -18.319 0.0000000000
18678  -47.540  -75.548  -18.816 0.0000000000
11872  -39.756  -81.347  -13.200 0.0000000000
12998  -39.634  -80.085  -13.433 0.0000000000
14074  -39.341  -79.055  -13.838 0.0000000000
15176  -39.235  -78.327  -14.163 0.0000000000
15200  -39.027  -78.027  -14.581 0.0000000000
16360  -38.706  -77.061  -15.293 0.0000000000
17548  -38.727  -76.274  -15.627 0.0000000000
18644  -38.693  -75.512  -16.054 0.0000000000
17522  -41.714  -76.442  -13.402 0.0000000000
17521  -40.894  -76.421  -13.656 0.0000000000
17520  -40.198  -76.439  -13.946 0.0000000000
19621  -40.051  -74.890  -13.655 0.0000000000
18619  -39.787  -75.758  -14.099 0.0000000000
17519  -39.717  -76.513  -14.227 0.0000000000
18629  -38.883  -75.621  -14.959 0.0000000000
18634  -38.713  -75.511  -15.491 0.0000000000
19650  -39.235  -74.305  -16.303 0.0000000000
21726  -39.810  -72.462  -16.318 0.0000000000
22743  -40.235  -71.360  -16.079 0.0000000000
22741  -39.196  -72.123  -15.709 0.0000000000
23825  -40.057  -71.048  -15.710 0.0000000000
25004  -40.920  -70.224  -15.830 0.0000000000
21630  -41.289  -72.585  -10.888 0.0000000000
21654  -39.989  -72.719  -11.942 0.0000000000
22697  -39.339  -72.449  -12.317 0.0000000000
23743  -38.890  -70.319  -9.828 0.0000000000
22657  -38.551  -70.477  -10.720 0.0000000000
23762  -38.421  -70.002  -11.300 0.0000000000
22696  -38.809  -71.689  -12.693 0.0000000000
24973  -40.680  -69.242  -13.975 0.0000000000
24974  -41.672  -68.852  -14.213 0.0000000000
24975  -42.789  -68.245  -14.210 0.0000000000
8654  -39.978  -83.917  -15.231 0.0000000000
10767  -40.917  -82.818  -15.692 0.0000000000
9714  -40.375  -83.453  -15.501 0.0000000000
8655  -40.471  -84.278  -15.429 0.0000000000
7731  -40.531  -85.486  -15.927 0.0000000000
13055  -42.481  -80.881  -17.067 0.0000000000
11938  -42.325  -81.536  -17.275 0.0000000000
10817  -41.389  -82.618  -18.212 0.0000000000
10804  -41.626  -82.848  -17.622 0.0000000000
9747  -41.417  -83.375  -17.397 0.0000000000
27372  -45.479  -67.858  -15.901 0.0000000000
25035  -45.959  -69.966  -17.142 0.0000000000
25036  -46.918  -69.977  -17.306 0.0000000000
23856  -47.799  -70.870  -17.294 0.0000000000
22779  -47.531  -71.690  -16.984 0.0000000000
22756  -47.964  -72.311  -16.692 0.0000000000
22757  -48.376  -72.412  -16.795 0.0000000000
20695  -48.254  -73.173  -16.863 0.0000000000
21768  -49.599  -71.723  -18.121 0.0000000000
21767  -48.974  -72.583  -17.743 0.0000000000
20712  -48.383  -73.335  -17.340 0.0000000000
19674  -48.193  -73.728  -17.762 0.0000000000
19684  -47.584  -74.738  -18.354 0.0000000000
22812  -47.320  -71.582  -20.056 0.0000000000
21787  -48.001  -72.524  -19.601 0.0000000000
19704  -47.589  -74.511  -19.225 0.0000000000
17616  -47.124  -76.161  -20.082 0.0000000000
17639  -46.191  -75.615  -22.402 0.0000000000
16449  -45.308  -76.676  -23.017 0.0000000000
16461  -44.966  -77.071  -23.859 0.0000000000
7711  -40.917  -84.694  -15.860 0.0000000000
7712  -41.510  -84.368  -16.083 0.0000000000
7733  -41.647  -84.218  -16.351 0.0000000000
7752  -41.145  -84.734  -16.820 0.0000000000
8620  -39.679  -84.097  -13.340 0.0000000000
8674  -41.796  -83.940  -16.438 0.0000000000
9683  -39.138  -82.535  -13.570 0.0000000000
9697  -38.994  -82.649  -13.754 0.0000000000
9728  -41.758  -83.577  -16.957 0.0000000000
9748  -41.839  -83.257  -17.058 0.0000000000
10749  -38.832  -82.331  -14.294 0.0000000000
10765  -39.241  -82.341  -15.564 0.0000000000
10766  -40.092  -82.764  -15.737 0.0000000000
10768  -41.504  -82.892  -15.848 0.0000000000
10821  -39.794  -83.363  -19.391 0.0000000000
11919  -40.244  -81.593  -16.327 0.0000000000
11936  -41.393  -81.397  -16.715 0.0000000000
13041  -41.840  -81.265  -16.724 0.0000000000
13052  -40.474  -80.844  -16.927 0.0000000000
13054  -41.820  -80.866  -16.879 0.0000000000
13057  -44.243  -80.077  -17.167 0.0000000000
13067  -44.026  -80.621  -19.090 0.0000000000
14117  -41.386  -80.323  -17.185 0.0000000000
14130  -45.741  -78.862  -18.891 0.0000000000
15250  -42.512  -79.380  -17.483 0.0000000000
15254  -45.697  -78.405  -17.901 0.0000000000
15259  -44.411  -78.295  -17.529 0.0000000000
15260  -44.756  -78.091  -17.474 0.0000000000
15266  -45.940  -78.284  -19.316 0.0000000000
15267  -46.253  -77.949  -19.053 0.0000000000
15275  -45.008  -78.778  -20.668 0.0000000000
15276  -45.477  -78.476  -20.055 0.0000000000
15320  -44.373  -77.684  -23.452 0.0000000000
16384  -44.443  -77.150  -17.438 0.0000000000
16387  -46.440  -77.340  -17.901 0.0000000000
16397  -41.492  -78.145  -18.189 0.0000000000
16409  -47.019  -76.921  -19.397 0.0000000000
16421  -45.744  -77.572  -20.410 0.0000000000
17537  -39.279  -76.290  -14.544 0.0000000000
17560  -39.280  -76.019  -17.033 0.0000000000
17573  -42.994  -76.446  -17.813 0.0000000000
17592  -43.365  -77.157  -17.780 0.0000000000
17593  -46.762  -77.021  -18.030 0.0000000000
17614  -46.049  -77.067  -20.621 0.0000000000
17627  -45.165  -77.204  -21.610 0.0000000000
17638  -45.638  -76.347  -22.652 0.0000000000
19649  -38.787  -74.896  -16.225 0.0000000000
19656  -47.274  -73.746  -16.888 0.0000000000
19667  -42.130  -74.774  -17.294 0.0000000000
19670  -44.742  -75.192  -17.023 0.0000000000
19703  -45.698  -74.138  -19.997 0.0000000000
19745  -46.395  -74.998  -22.233 0.0000000000
20688  -41.580  -73.286  -16.778 0.0000000000
20693  -47.024  -73.408  -16.727 0.0000000000
20763  -47.384  -74.226  -19.708 0.0000000000
21723  -39.364  -72.587  -16.037 0.0000000000
21733  -46.527  -72.836  -16.708 0.0000000000
21735  -48.134  -72.814  -16.685 0.0000000000
21753  -46.910  -72.449  -16.822 0.0000000000
21755  -48.671  -72.628  -16.979 0.0000000000
22748  -40.073  -72.135  -16.348 0.0000000000
22752  -43.633  -71.541  -16.649 0.0000000000
22753  -44.866  -71.968  -16.588 0.0000000000
22780  -48.602  -71.746  -16.987 0.0000000000
22796  -50.236  -71.110  -18.089 0.0000000000
23826  -40.702  -70.894  -16.156 0.0000000000
23833  -41.032  -71.294  -16.527 0.0000000000
23834  -41.612  -70.829  -16.553 0.0000000000
23852  -44.091  -70.436  -16.867 0.0000000000
25034  -44.904  -69.701  -17.062 0.0000000000
26119  -38.871  -68.322  -10.866 0.0000000000
26199  -43.411  -68.823  -15.853 0.0000000000
26228  -46.054  -69.201  -17.137 0.0000000000
27269  -38.634  -66.991  -9.235 0.0000000000
27287  -41.704  -66.557  -11.526 0.0000000000
27307  -40.258  -67.055  -11.406 0.0000000000
28452  -38.992  -66.358  -10.136 0.0000000000
28475  -41.091  -66.455  -11.427 0.0000000000
