#!ascii label  , from subject 4057 vox2ras=TkReg
1815
35158  10.463  -61.820  49.360 0.0000000000
68077  46.710  -32.585  33.378 0.0000000000
43300  27.617  -55.259  43.216 0.0000000000
48826  34.699  -49.784  49.866 0.0000000000
40960  19.732  -56.741  42.473 0.0000000000
38584  16.617  -58.731  52.308 0.0000000000
82112  51.574  -19.522  30.214 0.0000000000
73394  55.360  -27.241  36.945 0.0000000000
61235  37.511  -37.835  41.924 0.0000000000
87646  55.869  -15.036  23.961 0.0000000000
38672  26.763  -58.845  46.616 0.0000000000
38604  12.615  -58.663  50.994 0.0000000000
76575  54.422  -24.204  32.375 0.0000000000
74537  49.446  -26.287  31.008 0.0000000000
64688  45.759  -35.596  38.859 0.0000000000
65850  51.695  -34.968  40.355 0.0000000000
64693  40.734  -36.288  38.493 0.0000000000
53301  31.000  -45.894  42.995 0.0000000000
46694  30.877  -52.019  46.138 0.0000000000
37420  22.854  -59.683  48.042 0.0000000000
37329  21.381  -60.309  52.711 0.0000000000
38680  18.256  -58.967  47.393 0.0000000000
42043  14.095  -56.899  46.248 0.0000000000
42112  23.779  -56.193  42.257 0.0000000000
85456  57.010  -17.195  30.058 0.0000000000
79713  59.227  -21.685  33.011 0.0000000000
70309  51.117  -30.339  35.577 0.0000000000
64544  39.292  -36.052  44.689 0.0000000000
55369  35.311  -43.989  45.487 0.0000000000
81003  54.455  -19.996  25.247 0.0000000000
84449  58.765  -16.594  23.929 0.0000000000
87692  59.983  -14.301  20.825 0.0000000000
36250  26.216  -61.653  50.259 0.0000000000
37388  11.332  -59.717  49.568 0.0000000000
38563  11.724  -59.267  53.779 0.0000000000
36234  9.833  -60.754  53.466 0.0000000000
77612  48.308  -23.437  30.480 0.0000000000
64622  44.959  -35.983  41.674 0.0000000000
64597  47.733  -35.916  42.576 0.0000000000
31667  5.751  -65.095  49.799 0.0000000000
63535  41.403  -36.557  35.187 0.0000000000
47854  27.495  -51.112  41.612 0.0000000000
48919  29.466  -50.248  42.778 0.0000000000
44433  29.707  -53.316  44.539 0.0000000000
38733  21.281  -58.379  44.653 0.0000000000
38677  20.908  -59.408  47.431 0.0000000000
39846  18.777  -58.211  45.059 0.0000000000
40958  21.561  -56.863  42.534 0.0000000000
38712  23.660  -58.273  45.327 0.0000000000
37331  19.497  -59.622  52.593 0.0000000000
84363  53.863  -18.171  29.760 0.0000000000
82095  57.824  -19.398  32.150 0.0000000000
80929  55.086  -20.564  31.209 0.0000000000
75551  54.818  -25.310  34.472 0.0000000000
75548  57.420  -24.898  34.772 0.0000000000
71434  46.732  -30.037  31.495 0.0000000000
72372  48.582  -29.366  32.785 0.0000000000
70312  49.168  -31.301  34.754 0.0000000000
64631  34.972  -35.760  41.056 0.0000000000
65841  37.317  -35.309  41.433 0.0000000000
64566  36.937  -36.673  44.604 0.0000000000
51046  33.776  -47.496  46.154 0.0000000000
55372  33.196  -45.447  43.955 0.0000000000
53268  33.826  -45.867  47.953 0.0000000000
80970  50.424  -20.871  28.168 0.0000000000
82152  51.760  -19.536  26.061 0.0000000000
80967  53.174  -20.301  27.984 0.0000000000
82139  55.713  -19.316  27.838 0.0000000000
89795  57.795  -12.341  20.293 0.0000000000
86643  57.749  -15.033  20.580 0.0000000000
85563  59.298  -15.016  22.376 0.0000000000
84467  56.978  -17.406  22.384 0.0000000000
42054  26.783  -56.809  45.435 0.0000000000
40886  29.018  -56.687  46.895 0.0000000000
37415  28.855  -59.665  46.888 0.0000000000
39765  14.191  -58.064  51.475 0.0000000000
38550  16.477  -58.892  55.253 0.0000000000
38561  13.357  -58.706  54.265 0.0000000000
80944  49.826  -20.888  30.182 0.0000000000
79729  53.484  -21.456  31.155 0.0000000000
78653  50.627  -22.748  30.852 0.0000000000
75584  51.895  -25.252  31.460 0.0000000000
74491  52.202  -26.199  34.413 0.0000000000
65938  46.455  -34.729  35.408 0.0000000000
65916  49.560  -34.366  36.650 0.0000000000
64687  48.512  -35.458  38.728 0.0000000000
59041  35.399  -40.803  40.028 0.0000000000
50969  34.899  -47.759  52.280 0.0000000000
34012  9.053  -62.877  48.133 0.0000000000
33960  8.656  -62.770  52.329 0.0000000000
32800  7.583  -63.948  50.179 0.0000000000
67029  44.349  -33.544  32.998 0.0000000000
64748  44.571  -35.554  35.641 0.0000000000
64690  43.846  -35.839  38.707 0.0000000000
64624  42.895  -36.233  41.708 0.0000000000
52253  30.597  -46.903  40.516 0.0000000000
49937  31.938  -48.551  43.975 0.0000000000
47774  33.312  -51.403  47.379 0.0000000000
42015  30.724  -55.932  48.359 0.0000000000
43173  31.380  -54.028  50.115 0.0000000000
37359  24.475  -60.832  50.745 0.0000000000
35101  22.817  -61.858  51.939 0.0000000000
37361  22.918  -60.389  50.826 0.0000000000
37364  20.044  -59.615  50.602 0.0000000000
38618  17.493  -58.929  49.842 0.0000000000
40932  16.362  -57.331  44.360 0.0000000000
39832  15.714  -57.878  46.417 0.0000000000
38639  15.290  -58.184  49.369 0.0000000000
40863  13.592  -57.651  48.669 0.0000000000
38683  12.750  -59.052  47.330 0.0000000000
36297  11.571  -60.410  45.545 0.0000000000
45601  26.682  -52.886  40.543 0.0000000000
44491  24.540  -53.541  39.936 0.0000000000
42098  25.934  -56.080  42.866 0.0000000000
40901  25.138  -57.506  45.297 0.0000000000
37418  25.054  -59.526  48.065 0.0000000000
79724  59.801  -21.943  31.716 0.0000000000
78620  56.535  -22.631  32.441 0.0000000000
74539  47.640  -26.787  31.175 0.0000000000
73427  50.160  -27.482  34.462 0.0000000000
72321  52.869  -28.605  36.845 0.0000000000
68016  51.583  -32.516  37.183 0.0000000000
69162  53.458  -31.090  37.852 0.0000000000
64696  37.846  -36.025  38.364 0.0000000000
64626  39.735  -36.546  40.878 0.0000000000
62339  42.130  -37.925  44.338 0.0000000000
56554  34.614  -43.375  41.926 0.0000000000
57801  37.389  -41.595  43.266 0.0000000000
55305  36.059  -44.913  49.517 0.0000000000
56474  37.829  -43.427  47.789 0.0000000000
58919  38.711  -40.091  45.457 0.0000000000
63357  39.067  -37.997  47.146 0.0000000000
63333  41.410  -37.183  48.781 0.0000000000
84434  54.950  -17.326  24.397 0.0000000000
82179  57.335  -18.942  24.662 0.0000000000
85501  58.272  -17.016  27.087 0.0000000000
32779  26.984  -63.270  50.179 0.0000000000
35157  10.892  -60.981  49.350 0.0000000000
36244  10.497  -60.560  51.625 0.0000000000
36253  10.354  -61.143  51.106 0.0000000000
64579  45.372  -36.435  43.586 0.0000000000
64578  46.407  -36.100  43.634 0.0000000000
31691  4.681  -65.030  47.401 0.0000000000
44447  28.460  -53.067  42.378 0.0000000000
45571  28.453  -52.186  42.720 0.0000000000
43283  29.138  -54.163  44.247 0.0000000000
39879  20.078  -57.637  43.584 0.0000000000
39845  19.665  -58.240  44.854 0.0000000000
39880  19.207  -57.774  43.584 0.0000000000
42132  20.391  -55.740  41.319 0.0000000000
40959  20.684  -56.723  42.542 0.0000000000
39877  21.456  -57.607  43.496 0.0000000000
38583  17.627  -59.022  52.333 0.0000000000
38556  18.097  -59.092  54.180 0.0000000000
83240  52.703  -18.560  30.162 0.0000000000
82108  55.009  -18.988  30.852 0.0000000000
82099  53.517  -19.689  31.182 0.0000000000
74476  55.187  -26.198  35.707 0.0000000000
75524  56.675  -26.288  35.979 0.0000000000
70356  46.517  -31.039  32.395 0.0000000000
70354  47.929  -30.702  33.224 0.0000000000
69209  47.682  -32.134  33.814 0.0000000000
61269  35.583  -37.760  39.930 0.0000000000
63459  35.875  -36.642  41.877 0.0000000000
64608  36.054  -36.450  42.657 0.0000000000
62355  36.960  -37.583  43.309 0.0000000000
51035  34.579  -48.603  47.621 0.0000000000
52178  33.758  -46.532  46.916 0.0000000000
51009  35.023  -48.094  49.369 0.0000000000
80957  50.978  -20.452  28.963 0.0000000000
79762  51.622  -21.267  27.859 0.0000000000
82130  52.405  -19.454  28.586 0.0000000000
83261  52.987  -18.666  28.685 0.0000000000
87661  57.205  -13.982  21.488 0.0000000000
86626  56.652  -15.394  22.016 0.0000000000
85582  57.550  -16.430  21.617 0.0000000000
86627  56.113  -16.089  22.574 0.0000000000
38691  26.445  -58.144  46.260 0.0000000000
38671  28.079  -58.859  46.614 0.0000000000
36289  28.015  -60.711  47.996 0.0000000000
39754  13.240  -58.385  51.419 0.0000000000
38573  14.056  -58.429  53.354 0.0000000000
38574  13.255  -58.614  53.260 0.0000000000
37303  10.742  -60.128  54.921 0.0000000000
38548  12.095  -59.437  55.358 0.0000000000
80945  48.651  -21.173  30.033 0.0000000000
79733  49.934  -21.692  31.033 0.0000000000
78654  49.732  -22.506  30.959 0.0000000000
75605  49.375  -25.531  30.597 0.0000000000
75603  50.902  -25.113  30.516 0.0000000000
74516  50.884  -26.082  31.441 0.0000000000
75561  52.472  -25.477  33.090 0.0000000000
74502  50.871  -26.338  32.427 0.0000000000
64727  46.200  -35.284  37.300 0.0000000000
65902  47.848  -34.964  37.383 0.0000000000
65865  47.696  -35.375  38.913 0.0000000000
79756  48.678  -21.229  28.731 0.0000000000
32810  8.403  -63.450  48.708 0.0000000000
32826  7.161  -64.292  48.666 0.0000000000
65979  43.424  -34.456  32.925 0.0000000000
65953  44.111  -35.155  34.281 0.0000000000
65954  43.536  -35.361  33.908 0.0000000000
63506  41.054  -36.517  36.833 0.0000000000
63504  42.445  -36.390  36.570 0.0000000000
64692  41.684  -36.150  38.465 0.0000000000
64670  42.906  -35.662  39.643 0.0000000000
64671  41.716  -36.051  39.381 0.0000000000
51112  29.818  -47.540  39.398 0.0000000000
47818  30.572  -50.924  44.555 0.0000000000
49939  30.292  -49.536  43.415 0.0000000000
48891  31.451  -50.465  45.164 0.0000000000
48877  32.309  -50.720  46.097 0.0000000000
46680  31.919  -52.028  46.840 0.0000000000
39814  29.785  -57.214  47.448 0.0000000000
42040  29.698  -55.983  47.421 0.0000000000
38651  31.106  -57.092  48.336 0.0000000000
38615  32.163  -56.672  48.828 0.0000000000
44308  31.665  -54.196  51.252 0.0000000000
37380  24.673  -60.124  50.203 0.0000000000
37360  23.737  -60.583  50.717 0.0000000000
37382  22.722  -59.978  49.959 0.0000000000
38679  19.086  -58.896  47.348 0.0000000000
37404  20.410  -59.411  48.538 0.0000000000
37406  18.879  -59.205  48.796 0.0000000000
37386  18.861  -59.230  49.448 0.0000000000
38655  17.951  -59.080  48.148 0.0000000000
40952  16.499  -56.771  43.307 0.0000000000
43254  14.151  -56.819  45.305 0.0000000000
42056  15.252  -56.798  45.341 0.0000000000
42041  14.794  -56.975  46.299 0.0000000000
39807  15.153  -57.703  48.284 0.0000000000
40889  14.596  -57.086  47.414 0.0000000000
39794  14.024  -57.485  49.092 0.0000000000
42030  13.760  -57.453  47.443 0.0000000000
37423  12.263  -59.547  47.064 0.0000000000
47905  26.748  -50.503  39.177 0.0000000000
46812  25.792  -51.246  38.859 0.0000000000
43325  23.048  -54.892  40.810 0.0000000000
43324  24.127  -54.830  40.709 0.0000000000
42127  25.650  -55.165  41.104 0.0000000000
42099  25.009  -56.636  42.856 0.0000000000
42069  25.889  -56.975  44.829 0.0000000000
42084  24.807  -57.054  44.100 0.0000000000
38675  23.361  -59.402  47.016 0.0000000000
38674  24.456  -59.143  47.055 0.0000000000
37419  23.953  -59.497  48.091 0.0000000000
37379  25.345  -60.624  50.395 0.0000000000
36233  22.319  -61.192  52.768 0.0000000000
33948  7.696  -62.932  53.324 0.0000000000
35109  8.104  -62.314  53.862 0.0000000000
84347  58.682  -17.792  31.116 0.0000000000
80917  58.029  -20.419  32.452 0.0000000000
82085  59.237  -20.087  32.240 0.0000000000
79712  59.928  -22.240  32.563 0.0000000000
79705  60.035  -22.663  33.131 0.0000000000
78633  53.988  -22.595  31.007 0.0000000000
78632  55.183  -22.554  31.562 0.0000000000
77583  55.279  -23.562  32.357 0.0000000000
76544  58.729  -24.581  34.783 0.0000000000
72357  49.528  -29.476  34.210 0.0000000000
73428  49.219  -28.345  33.823 0.0000000000
72335  50.908  -28.897  35.048 0.0000000000
73410  51.061  -27.690  35.221 0.0000000000
71380  51.947  -29.472  36.096 0.0000000000
65899  50.886  -34.390  37.711 0.0000000000
66986  50.987  -33.411  36.992 0.0000000000
65880  52.180  -34.233  38.747 0.0000000000
65888  36.565  -35.583  38.702 0.0000000000
64584  38.562  -35.649  42.946 0.0000000000
64627  39.041  -35.919  41.179 0.0000000000
64582  39.752  -36.691  42.900 0.0000000000
62354  40.802  -37.472  43.438 0.0000000000
63420  40.815  -36.977  44.723 0.0000000000
55420  30.615  -45.049  40.914 0.0000000000
55405  31.524  -45.332  42.275 0.0000000000
55354  33.884  -44.585  45.470 0.0000000000
55402  34.250  -44.889  43.192 0.0000000000
56522  35.096  -43.656  43.758 0.0000000000
56538  35.795  -42.746  42.974 0.0000000000
56507  36.397  -43.490  44.958 0.0000000000
53236  35.376  -46.334  51.647 0.0000000000
56450  39.536  -41.987  48.305 0.0000000000
56504  39.089  -41.660  46.115 0.0000000000
58886  39.298  -40.243  47.290 0.0000000000
61192  38.968  -38.513  46.695 0.0000000000
61162  39.297  -39.195  48.738 0.0000000000
81004  53.443  -20.032  25.515 0.0000000000
82173  55.043  -19.076  24.583 0.0000000000
82181  56.273  -18.779  23.710 0.0000000000
82162  56.151  -19.778  25.239 0.0000000000
84381  56.129  -17.856  28.692 0.0000000000
84390  57.172  -17.900  27.701 0.0000000000
85477  57.885  -17.138  28.660 0.0000000000
85476  58.723  -16.589  28.251 0.0000000000
88766  58.618  -13.451  19.621 0.0000000000
85549  59.233  -15.650  23.715 0.0000000000
86594  59.621  -15.332  25.082 0.0000000000
86577  59.405  -15.545  25.780 0.0000000000
36278  26.575  -60.783  49.210 0.0000000000
35174  28.080  -61.808  49.033 0.0000000000
35130  27.821  -62.632  49.740 0.0000000000
38623  11.667  -59.408  50.151 0.0000000000
38576  11.713  -59.059  52.705 0.0000000000
38591  11.133  -59.652  51.820 0.0000000000
37321  10.711  -59.912  53.154 0.0000000000
37295  10.082  -60.323  55.216 0.0000000000
76610  47.857  -24.367  30.329 0.0000000000
75606  48.385  -25.323  30.431 0.0000000000
64645  45.459  -35.994  40.646 0.0000000000
64644  46.531  -36.126  40.588 0.0000000000
64598  46.655  -36.234  42.568 0.0000000000
65809  48.010  -35.449  43.654 0.0000000000
31677  6.393  -64.949  48.710 0.0000000000
30545  5.722  -65.238  47.417 0.0000000000
30509  5.595  -65.478  48.983 0.0000000000
64782  41.516  -36.127  33.129 0.0000000000
63507  40.281  -36.513  36.826 0.0000000000
49972  28.958  -49.293  40.281 0.0000000000
47833  28.670  -50.958  42.681 0.0000000000
46726  29.418  -51.558  43.296 0.0000000000
45533  30.380  -52.757  45.744 0.0000000000
38676  22.164  -59.405  47.146 0.0000000000
37421  21.802  -59.597  48.110 0.0000000000
38696  21.394  -59.199  46.220 0.0000000000
38716  19.546  -58.511  45.669 0.0000000000
38717  18.645  -58.354  45.915 0.0000000000
42059  13.520  -56.736  45.853 0.0000000000
42072  12.903  -56.199  44.839 0.0000000000
43326  21.889  -55.111  40.669 0.0000000000
42101  22.844  -56.974  43.012 0.0000000000
40928  23.507  -57.342  43.985 0.0000000000
40929  22.674  -57.612  43.752 0.0000000000
38732  22.128  -58.467  44.625 0.0000000000
37330  20.439  -59.991  52.708 0.0000000000
84370  55.782  -17.681  29.577 0.0000000000
84349  57.057  -17.974  31.011 0.0000000000
83237  55.568  -18.396  30.611 0.0000000000
82096  56.613  -19.361  31.471 0.0000000000
79725  57.494  -21.005  32.261 0.0000000000
76565  54.077  -24.659  33.041 0.0000000000
76563  56.014  -24.328  33.592 0.0000000000
75550  55.944  -25.303  34.661 0.0000000000
75522  57.819  -25.733  36.017 0.0000000000
72380  47.530  -29.039  31.616 0.0000000000
72374  47.299  -29.507  31.658 0.0000000000
71418  49.011  -30.186  33.894 0.0000000000
70311  49.637  -30.987  34.988 0.0000000000
66956  52.958  -33.899  40.513 0.0000000000
65855  35.600  -34.917  40.263 0.0000000000
65854  36.675  -34.953  40.375 0.0000000000
65842  36.140  -35.193  41.186 0.0000000000
64585  37.681  -36.133  43.020 0.0000000000
64565  37.574  -36.321  44.335 0.0000000000
52212  32.370  -47.043  44.044 0.0000000000
54337  32.229  -46.264  42.992 0.0000000000
53284  32.836  -45.691  45.333 0.0000000000
54303  33.715  -45.304  46.632 0.0000000000
55338  34.737  -44.784  47.403 0.0000000000
82143  50.161  -19.495  27.176 0.0000000000
83273  50.551  -18.887  27.026 0.0000000000
80994  50.817  -20.731  26.798 0.0000000000
79781  52.369  -21.157  26.387 0.0000000000
80991  53.744  -20.720  26.189 0.0000000000
80989  55.581  -20.037  26.283 0.0000000000
82140  54.661  -19.838  27.764 0.0000000000
84382  55.101  -17.930  28.959 0.0000000000
88737  57.519  -13.219  20.950 0.0000000000
87694  58.069  -14.285  20.127 0.0000000000
86675  58.933  -14.648  20.371 0.0000000000
86658  59.773  -14.373  21.246 0.0000000000
85599  58.406  -15.823  20.982 0.0000000000
84483  58.507  -16.350  21.962 0.0000000000
83333  58.209  -17.547  23.175 0.0000000000
43269  27.145  -55.685  44.344 0.0000000000
42067  27.995  -55.676  45.409 0.0000000000
40887  28.119  -57.059  46.500 0.0000000000
38670  29.340  -58.360  46.855 0.0000000000
36286  30.740  -60.128  47.111 0.0000000000
38585  15.662  -58.307  52.334 0.0000000000
38571  15.980  -58.484  53.410 0.0000000000
38572  14.982  -58.335  53.393 0.0000000000
38551  15.435  -58.836  55.450 0.0000000000
38562  12.541  -58.875  54.048 0.0000000000
38546  13.426  -59.090  56.048 0.0000000000
80943  50.806  -20.240  29.796 0.0000000000
80932  51.974  -20.427  31.235 0.0000000000
79731  51.449  -21.244  31.234 0.0000000000
78635  51.938  -22.118  31.065 0.0000000000
77607  52.616  -23.737  30.580 0.0000000000
77610  50.163  -23.535  30.656 0.0000000000
76606  51.423  -24.541  30.542 0.0000000000
76577  52.966  -24.960  31.902 0.0000000000
75560  53.378  -25.209  33.273 0.0000000000
75552  53.601  -25.668  34.310 0.0000000000
74463  53.861  -26.863  36.155 0.0000000000
65949  46.978  -34.176  34.892 0.0000000000
67011  48.277  -33.695  35.127 0.0000000000
65936  48.357  -34.306  35.828 0.0000000000
65883  49.129  -35.206  38.151 0.0000000000
64685  50.194  -35.370  39.275 0.0000000000
64642  48.646  -35.980  40.675 0.0000000000
64617  49.957  -35.853  41.581 0.0000000000
65838  51.061  -35.154  41.678 0.0000000000
60139  36.642  -39.581  40.284 0.0000000000
49878  34.848  -48.742  51.094 0.0000000000
82144  49.197  -19.549  27.601 0.0000000000
80984  49.187  -20.325  27.837 0.0000000000
80958  49.996  -20.726  29.114 0.0000000000
88696  57.181  -12.918  23.688 0.0000000000
88697  56.868  -13.452  24.459 0.0000000000
34011  9.733  -62.439  47.921 0.0000000000
33970  9.601  -62.485  50.963 0.0000000000
33982  9.039  -63.045  50.358 0.0000000000
33972  8.157  -63.403  51.779 0.0000000000
32776  7.458  -63.741  52.115 0.0000000000
32801  6.598  -64.322  50.588 0.0000000000
69240  45.317  -31.762  31.957 0.0000000000
68097  43.862  -32.650  31.856 0.0000000000
67028  45.422  -33.543  33.399 0.0000000000
65951  45.585  -34.388  34.390 0.0000000000
65921  45.142  -35.193  35.708 0.0000000000
64729  44.830  -35.723  36.575 0.0000000000
64750  42.859  -36.343  35.159 0.0000000000
64730  43.852  -36.179  36.416 0.0000000000
64689  44.895  -35.715  38.790 0.0000000000
64646  44.440  -35.725  40.728 0.0000000000
64623  43.937  -35.867  41.728 0.0000000000
64581  43.859  -36.482  43.313 0.0000000000
52226  30.852  -46.394  42.068 0.0000000000
49955  30.508  -48.845  41.901 0.0000000000
51077  31.063  -47.793  42.477 0.0000000000
51076  31.611  -47.531  43.206 0.0000000000
49936  32.892  -48.341  44.620 0.0000000000
48875  33.798  -49.409  46.453 0.0000000000
48846  34.052  -50.559  48.532 0.0000000000
43252  29.052  -55.202  45.701 0.0000000000
43250  30.422  -54.532  46.475 0.0000000000
44405  30.904  -53.757  46.802 0.0000000000
38633  31.718  -57.024  48.582 0.0000000000
43186  31.378  -54.916  48.812 0.0000000000
45486  31.720  -53.352  47.772 0.0000000000
45472  32.094  -52.792  49.111 0.0000000000
46619  32.808  -51.858  50.219 0.0000000000
47723  33.290  -51.576  51.445 0.0000000000
35112  24.730  -62.101  51.517 0.0000000000
36238  23.801  -61.642  51.464 0.0000000000
37342  22.905  -60.687  51.546 0.0000000000
37343  22.168  -60.413  51.774 0.0000000000
37403  21.364  -59.627  48.899 0.0000000000
37363  21.019  -59.869  50.744 0.0000000000
37344  21.233  -60.186  51.770 0.0000000000
37346  19.336  -59.447  51.521 0.0000000000
37347  18.383  -59.177  51.353 0.0000000000
38600  17.321  -58.913  51.078 0.0000000000
40951  17.416  -57.373  43.471 0.0000000000
39866  17.207  -58.068  44.679 0.0000000000
39848  16.861  -58.344  45.565 0.0000000000
42071  15.115  -56.502  44.618 0.0000000000
40915  15.601  -57.340  45.340 0.0000000000
38682  16.657  -58.759  47.360 0.0000000000
38657  16.265  -58.594  48.274 0.0000000000
38638  16.063  -58.538  49.327 0.0000000000
38620  15.757  -58.379  50.308 0.0000000000
38621  14.939  -58.151  50.340 0.0000000000
39780  13.714  -57.792  49.833 0.0000000000
39782  12.953  -58.169  49.611 0.0000000000
40891  13.034  -57.962  46.997 0.0000000000
39808  13.091  -58.420  48.400 0.0000000000
38640  12.301  -58.833  49.133 0.0000000000
37408  11.599  -59.510  48.744 0.0000000000
36279  11.253  -60.306  48.797 0.0000000000
35196  10.751  -61.477  47.310 0.0000000000
35197  9.913  -62.057  47.116 0.0000000000
35198  9.172  -62.269  46.769 0.0000000000
47904  27.305  -50.458  40.033 0.0000000000
46765  27.069  -51.843  41.009 0.0000000000
44456  27.203  -53.500  41.524 0.0000000000
44470  25.849  -53.616  40.548 0.0000000000
43322  26.256  -54.579  41.282 0.0000000000
42097  26.788  -55.558  42.598 0.0000000000
42083  25.909  -56.514  43.860 0.0000000000
42055  26.249  -57.072  45.384 0.0000000000
38692  25.793  -58.328  46.299 0.0000000000
39842  24.254  -57.924  45.336 0.0000000000
38693  24.881  -58.523  46.306 0.0000000000
37417  26.191  -59.690  47.784 0.0000000000
37399  25.711  -60.080  49.250 0.0000000000
36251  25.618  -61.315  50.549 0.0000000000
35118  9.692  -61.605  52.372 0.0000000000
36229  9.331  -61.310  54.357 0.0000000000
83229  58.307  -18.487  31.764 0.0000000000
80930  54.025  -20.572  31.267 0.0000000000
79727  55.670  -21.442  31.434 0.0000000000
78619  57.397  -22.313  32.770 0.0000000000
76562  56.832  -24.251  33.755 0.0000000000
77568  58.258  -23.523  33.853 0.0000000000
78611  58.953  -22.828  33.860 0.0000000000
75590  46.989  -26.164  30.476 0.0000000000
74538  48.575  -26.618  31.194 0.0000000000
73458  47.894  -27.886  32.063 0.0000000000
74504  48.895  -27.526  32.749 0.0000000000
74503  50.017  -27.029  32.700 0.0000000000
74480  51.030  -26.907  34.832 0.0000000000
73408  52.909  -27.295  35.942 0.0000000000
73385  54.029  -27.921  37.170 0.0000000000
68054  48.827  -32.736  35.011 0.0000000000
68052  50.401  -32.180  35.774 0.0000000000
69177  51.355  -31.589  36.531 0.0000000000
67977  53.030  -33.254  38.774 0.0000000000
68015  52.185  -31.955  37.565 0.0000000000
70272  52.301  -30.411  37.019 0.0000000000
71368  52.949  -29.538  37.254 0.0000000000
71366  54.501  -29.301  38.068 0.0000000000
64733  38.109  -37.095  36.855 0.0000000000
64694  39.731  -36.384  38.383 0.0000000000
65853  38.012  -35.239  40.122 0.0000000000
64651  39.140  -35.976  40.108 0.0000000000
64650  40.086  -36.780  39.969 0.0000000000
63469  41.211  -36.939  40.928 0.0000000000
62364  42.919  -37.226  42.811 0.0000000000
63402  43.887  -37.197  45.149 0.0000000000
55404  32.441  -45.511  42.293 0.0000000000
57848  35.628  -42.056  41.118 0.0000000000
58985  36.706  -40.949  41.945 0.0000000000
58984  37.448  -40.423  42.473 0.0000000000
52141  35.102  -47.060  50.421 0.0000000000
54294  35.014  -45.375  49.147 0.0000000000
55337  35.503  -44.492  47.912 0.0000000000
55320  36.848  -44.048  48.701 0.0000000000
55351  36.616  -43.910  47.105 0.0000000000
56506  37.688  -43.152  45.660 0.0000000000
57773  38.443  -41.180  44.481 0.0000000000
60071  37.994  -39.145  43.935 0.0000000000
61210  37.772  -37.942  44.621 0.0000000000
63407  37.564  -37.070  45.832 0.0000000000
63389  39.202  -36.741  46.103 0.0000000000
62266  39.645  -38.716  49.297 0.0000000000
63355  40.102  -37.696  47.798 0.0000000000
63388  39.984  -36.465  46.192 0.0000000000
63371  41.282  -37.239  46.602 0.0000000000
87631  55.637  -14.805  24.627 0.0000000000
85533  55.206  -16.604  23.944 0.0000000000
84451  55.969  -17.642  23.210 0.0000000000
83313  56.867  -18.297  23.253 0.0000000000
83297  58.191  -17.762  24.642 0.0000000000
82160  56.984  -19.014  26.454 0.0000000000
83286  57.568  -18.490  26.222 0.0000000000
84414  58.510  -17.073  25.873 0.0000000000
86551  59.015  -16.163  27.275 0.0000000000
32768  25.131  -63.211  50.879 0.0000000000
33965  25.734  -62.956  50.842 0.0000000000
35180  10.971  -61.274  48.450 0.0000000000
35136  10.620  -61.112  50.187 0.0000000000
64560  45.320  -36.581  44.611 0.0000000000
64559  46.008  -36.175  44.404 0.0000000000
43307  28.189  -53.848  42.180 0.0000000000
43299  28.581  -54.227  42.981 0.0000000000
39863  19.818  -57.892  44.226 0.0000000000
40949  19.445  -57.374  42.927 0.0000000000
40948  20.366  -57.280  42.971 0.0000000000
38569  17.897  -59.032  53.391 0.0000000000
38570  16.948  -58.805  53.393 0.0000000000
83241  51.993  -18.871  30.064 0.0000000000
82110  53.071  -18.946  30.857 0.0000000000
82111  52.177  -19.079  30.693 0.0000000000
74462  54.825  -26.666  36.310 0.0000000000
74461  55.962  -26.535  36.185 0.0000000000
73393  56.387  -27.392  36.930 0.0000000000
69228  46.629  -31.659  32.892 0.0000000000
69227  47.474  -31.628  33.391 0.0000000000
68076  47.337  -32.436  33.700 0.0000000000
61251  37.339  -38.323  41.024 0.0000000000
62380  36.611  -37.120  40.940 0.0000000000
62368  36.715  -37.352  42.217 0.0000000000
62367  37.380  -37.867  42.527 0.0000000000
49898  34.733  -49.066  49.177 0.0000000000
51023  34.740  -48.494  48.321 0.0000000000
82121  51.650  -19.561  29.295 0.0000000000
82131  51.702  -20.207  28.686 0.0000000000
83250  52.278  -18.801  29.263 0.0000000000
87662  56.823  -14.432  22.243 0.0000000000
86611  56.331  -15.257  22.690 0.0000000000
86612  55.758  -15.710  23.397 0.0000000000
37416  27.565  -60.031  47.517 0.0000000000
39755  12.898  -58.493  51.034 0.0000000000
38588  13.187  -58.500  52.311 0.0000000000
38589  12.524  -58.808  51.768 0.0000000000
80946  47.762  -21.279  29.889 0.0000000000
79744  49.236  -21.577  30.743 0.0000000000
79745  48.250  -21.750  30.410 0.0000000000
74558  49.763  -25.951  30.734 0.0000000000
74536  50.289  -26.027  30.872 0.0000000000
74517  50.194  -26.615  31.656 0.0000000000
65904  46.312  -35.232  37.934 0.0000000000
65886  46.401  -35.271  38.347 0.0000000000
65866  46.786  -35.350  38.987 0.0000000000
32825  7.734  -63.875  48.170 0.0000000000
67046  42.369  -33.759  32.018 0.0000000000
65980  42.732  -34.799  32.510 0.0000000000
65966  43.249  -35.252  33.272 0.0000000000
64712  41.389  -36.307  37.574 0.0000000000
63492  41.207  -36.227  38.904 0.0000000000
47805  30.702  -51.474  45.038 0.0000000000
47804  31.276  -51.139  45.579 0.0000000000
47803  31.959  -50.861  45.945 0.0000000000
46681  31.463  -52.195  46.821 0.0000000000
37413  31.161  -58.955  47.248 0.0000000000
38669  30.651  -57.789  47.477 0.0000000000
38668  31.484  -58.257  47.702 0.0000000000
37401  23.376  -59.750  49.069 0.0000000000
37381  23.712  -60.059  50.030 0.0000000000
38654  18.810  -59.134  48.170 0.0000000000
38635  18.396  -59.131  48.827 0.0000000000
43242  13.783  -57.032  45.846 0.0000000000
42057  14.525  -56.950  45.782 0.0000000000
42042  14.392  -56.982  46.583 0.0000000000
42028  14.132  -57.089  46.975 0.0000000000
40875  14.276  -57.310  47.679 0.0000000000
42029  13.951  -57.270  47.221 0.0000000000
42129  23.940  -55.487  41.419 0.0000000000
42111  24.923  -55.902  42.114 0.0000000000
42085  24.013  -57.206  43.942 0.0000000000
37400  24.463  -59.723  49.174 0.0000000000
37316  22.075  -60.900  53.039 0.0000000000
33938  7.556  -62.907  53.916 0.0000000000
85455  58.163  -17.181  30.264 0.0000000000
85448  58.532  -17.395  30.736 0.0000000000
84358  58.128  -17.470  30.861 0.0000000000
79714  58.136  -21.428  32.726 0.0000000000
80916  58.874  -20.684  32.635 0.0000000000
79706  59.676  -22.345  33.203 0.0000000000
77594  54.481  -23.501  31.605 0.0000000000
71393  50.743  -29.847  35.051 0.0000000000
72336  50.209  -29.235  34.640 0.0000000000
71392  51.397  -29.617  35.542 0.0000000000
65881  51.138  -34.827  38.863 0.0000000000
65898  51.673  -34.174  38.168 0.0000000000
65863  51.974  -34.799  39.464 0.0000000000
65905  35.805  -35.721  38.052 0.0000000000
64563  39.288  -35.834  43.772 0.0000000000
64583  39.382  -35.957  42.899 0.0000000000
63422  39.876  -36.018  44.352 0.0000000000
63421  40.433  -36.649  44.365 0.0000000000
63405  40.115  -36.223  45.226 0.0000000000
54348  30.956  -45.572  42.301 0.0000000000
55406  30.951  -45.283  41.765 0.0000000000
54338  31.517  -45.764  42.764 0.0000000000
55353  34.368  -44.423  46.151 0.0000000000
55383  34.894  -44.054  44.604 0.0000000000
56508  35.550  -43.731  44.530 0.0000000000
56402  39.510  -42.422  49.667 0.0000000000
57693  39.573  -41.381  47.610 0.0000000000
58866  39.606  -40.726  48.049 0.0000000000
60035  39.259  -39.832  48.016 0.0000000000
60022  39.641  -39.987  48.991 0.0000000000
82165  53.213  -19.261  25.489 0.0000000000
82164  53.991  -19.348  25.226 0.0000000000
83287  54.493  -18.713  24.950 0.0000000000
82163  54.544  -19.347  24.964 0.0000000000
81002  55.423  -19.922  25.404 0.0000000000
85467  56.640  -17.418  29.438 0.0000000000
85478  57.071  -17.451  28.848 0.0000000000
85466  57.509  -17.171  29.453 0.0000000000
85465  58.483  -17.062  29.274 0.0000000000
87707  59.386  -14.154  20.055 0.0000000000
88765  59.419  -13.303  19.191 0.0000000000
87706  59.849  -14.199  19.527 0.0000000000
87691  60.380  -14.711  20.707 0.0000000000
85548  59.645  -15.243  24.076 0.0000000000
85532  59.083  -15.865  24.823 0.0000000000
36263  26.795  -61.471  49.574 0.0000000000
35131  26.882  -62.147  49.919 0.0000000000
38606  11.488  -59.585  51.071 0.0000000000
37367  11.129  -59.878  50.471 0.0000000000
36239  10.312  -60.612  52.236 0.0000000000
37333  10.631  -60.106  52.294 0.0000000000
37322  10.260  -60.362  53.008 0.0000000000
37304  10.122  -60.221  54.548 0.0000000000
36228  9.724  -60.692  54.180 0.0000000000
76611  46.899  -24.289  30.024 0.0000000000
75607  47.438  -25.296  30.139 0.0000000000
64621  45.995  -36.235  41.604 0.0000000000
31708  5.823  -64.859  46.533 0.0000000000
30527  5.143  -65.447  47.918 0.0000000000
30495  4.848  -65.833  49.638 0.0000000000
48946  27.895  -49.907  40.434 0.0000000000
48945  28.387  -50.256  40.882 0.0000000000
47853  28.011  -50.873  42.182 0.0000000000
44434  29.466  -53.181  43.826 0.0000000000
45570  29.085  -52.077  42.960 0.0000000000
45549  29.916  -52.540  44.197 0.0000000000
45534  30.064  -52.626  45.006 0.0000000000
44421  30.001  -53.479  45.207 0.0000000000
38714  21.836  -58.803  45.304 0.0000000000
42114  21.109  -56.263  42.042 0.0000000000
42131  21.551  -55.807  41.362 0.0000000000
42113  22.451  -56.564  42.303 0.0000000000
40945  22.976  -57.158  43.447 0.0000000000
40946  22.285  -57.252  42.991 0.0000000000
38695  22.627  -59.160  46.080 0.0000000000
37319  19.570  -59.771  53.633 0.0000000000
84371  54.805  -17.882  29.548 0.0000000000
84361  55.199  -17.918  30.156 0.0000000000
83238  54.625  -18.426  30.469 0.0000000000
82098  54.529  -19.716  31.123 0.0000000000
82097  55.545  -19.667  31.112 0.0000000000
80927  57.144  -20.302  31.963 0.0000000000
80928  56.153  -20.443  31.437 0.0000000000
76548  55.614  -24.775  34.095 0.0000000000
75523  57.234  -26.004  35.994 0.0000000000
71435  45.715  -29.787  31.169 0.0000000000
72381  46.637  -29.058  31.440 0.0000000000
70353  48.434  -30.798  33.701 0.0000000000
70338  48.862  -30.997  34.347 0.0000000000
71417  49.396  -30.443  34.474 0.0000000000
65856  34.764  -35.235  39.972 0.0000000000
65843  35.179  -35.190  40.970 0.0000000000
64586  36.764  -36.641  43.431 0.0000000000
64607  36.672  -36.090  42.514 0.0000000000
51057  33.199  -47.395  45.268 0.0000000000
52200  32.605  -46.528  44.612 0.0000000000
51047  33.519  -46.948  45.827 0.0000000000
52169  34.341  -46.658  48.185 0.0000000000
52179  33.317  -46.034  46.570 0.0000000000
53276  33.599  -45.727  46.996 0.0000000000
54313  34.066  -44.937  46.688 0.0000000000
54302  34.092  -45.266  47.492 0.0000000000
80983  49.915  -20.359  27.580 0.0000000000
82154  50.392  -20.161  27.015 0.0000000000
80982  50.481  -20.838  27.454 0.0000000000
80968  52.238  -20.747  28.166 0.0000000000
79773  52.190  -21.398  27.305 0.0000000000
80981  52.945  -21.073  27.633 0.0000000000
79780  52.995  -21.014  26.267 0.0000000000
80980  53.635  -20.812  27.289 0.0000000000
80979  54.367  -20.398  27.027 0.0000000000
82141  53.959  -20.225  27.734 0.0000000000
83248  53.881  -18.183  29.209 0.0000000000
83260  54.200  -18.400  28.809 0.0000000000
84383  54.522  -18.043  29.173 0.0000000000
87678  57.068  -14.728  21.557 0.0000000000
87677  57.440  -14.298  20.797 0.0000000000
86660  58.475  -15.079  20.435 0.0000000000
86661  57.810  -15.829  20.766 0.0000000000
85565  56.722  -16.346  22.002 0.0000000000
84485  57.590  -16.964  22.125 0.0000000000
84465  58.659  -16.546  22.762 0.0000000000
84466  57.897  -17.336  22.420 0.0000000000
42068  26.936  -56.145  44.778 0.0000000000
42053  27.705  -56.362  45.720 0.0000000000
40898  27.411  -56.991  46.122 0.0000000000
39815  28.345  -57.687  46.656 0.0000000000
37414  30.083  -59.205  46.988 0.0000000000
36287  29.618  -60.439  47.133 0.0000000000
38603  14.668  -58.114  51.191 0.0000000000
38586  14.618  -58.074  52.230 0.0000000000
38560  14.244  -58.701  54.369 0.0000000000
38552  14.374  -58.823  55.357 0.0000000000
38575  12.467  -58.795  53.003 0.0000000000
38555  11.989  -59.332  54.716 0.0000000000
80933  50.999  -20.489  30.709 0.0000000000
80934  50.304  -20.942  30.729 0.0000000000
78637  50.360  -22.048  31.123 0.0000000000
78636  51.051  -22.048  31.106 0.0000000000
78652  51.466  -22.828  30.707 0.0000000000
78651  52.334  -22.935  30.615 0.0000000000
77608  51.854  -23.669  30.462 0.0000000000
78655  48.755  -22.517  30.665 0.0000000000
77611  49.263  -23.456  30.547 0.0000000000
75585  51.333  -25.472  30.979 0.0000000000
76594  51.886  -24.913  30.964 0.0000000000
76605  52.213  -24.382  30.667 0.0000000000
76593  52.503  -24.843  31.301 0.0000000000
75570  52.961  -25.177  32.534 0.0000000000
75554  51.941  -25.847  33.702 0.0000000000
75553  52.751  -25.731  33.886 0.0000000000
74490  52.905  -25.994  34.499 0.0000000000
74478  53.101  -26.520  35.276 0.0000000000
65937  47.439  -34.482  35.477 0.0000000000
65884  48.208  -35.119  38.136 0.0000000000
65882  50.092  -35.090  38.379 0.0000000000
64686  49.293  -35.580  38.971 0.0000000000
64620  47.088  -36.205  41.577 0.0000000000
64643  47.613  -35.995  40.603 0.0000000000
64619  48.105  -35.978  41.541 0.0000000000
64595  49.436  -35.875  42.206 0.0000000000
65839  50.547  -35.431  41.893 0.0000000000
64616  50.647  -35.548  41.258 0.0000000000
66933  51.895  -33.994  42.488 0.0000000000
60166  35.477  -39.535  39.376 0.0000000000
60165  36.009  -39.220  39.888 0.0000000000
59040  36.063  -40.311  40.348 0.0000000000
82132  48.552  -19.514  27.867 0.0000000000
80972  48.484  -20.335  28.011 0.0000000000
80959  48.981  -21.200  29.131 0.0000000000
79765  48.870  -21.149  28.633 0.0000000000
34026  9.286  -62.455  47.418 0.0000000000
33995  9.834  -62.546  48.797 0.0000000000
33996  9.123  -63.044  49.284 0.0000000000
32799  8.417  -63.573  49.758 0.0000000000
32788  7.495  -63.899  51.192 0.0000000000
32812  6.898  -64.290  49.520 0.0000000000
31666  6.189  -64.725  49.874 0.0000000000
70365  45.053  -31.143  31.447 0.0000000000
70366  44.390  -31.226  31.315 0.0000000000
67045  43.426  -33.641  32.477 0.0000000000
67044  44.109  -33.150  32.370 0.0000000000
68096  44.740  -32.679  32.209 0.0000000000
67020  45.636  -33.959  33.860 0.0000000000
65963  45.228  -34.212  33.917 0.0000000000
65941  44.491  -35.263  34.917 0.0000000000
65940  45.017  -34.932  35.058 0.0000000000
64767  41.757  -36.247  34.118 0.0000000000
64766  42.829  -35.957  34.112 0.0000000000
64751  42.184  -36.338  34.810 0.0000000000
64711  42.598  -36.287  37.288 0.0000000000
64731  42.997  -36.326  36.135 0.0000000000
64710  43.805  -36.153  37.599 0.0000000000
64669  44.049  -35.744  39.732 0.0000000000
64647  43.351  -35.765  40.729 0.0000000000
64601  43.637  -36.253  42.666 0.0000000000
64602  43.090  -36.371  42.303 0.0000000000
53335  30.333  -46.329  40.196 0.0000000000
53321  30.822  -46.006  40.565 0.0000000000
52237  31.013  -46.792  41.363 0.0000000000
48930  29.445  -50.310  42.051 0.0000000000
49971  29.936  -49.063  40.593 0.0000000000
49949  29.869  -49.910  42.237 0.0000000000
49938  30.838  -49.222  43.666 0.0000000000
49947  31.267  -48.388  43.227 0.0000000000
49946  31.705  -47.982  43.542 0.0000000000
51069  32.031  -47.522  43.764 0.0000000000
48904  32.575  -49.361  44.665 0.0000000000
47790  32.982  -51.016  46.778 0.0000000000
48876  33.020  -50.401  46.387 0.0000000000
48861  33.353  -50.754  46.954 0.0000000000
48860  33.982  -50.159  47.429 0.0000000000
47759  33.659  -51.324  48.361 0.0000000000
42066  28.578  -55.426  45.647 0.0000000000
42052  28.917  -55.792  46.340 0.0000000000
42027  30.389  -55.953  48.042 0.0000000000
42039  29.855  -55.499  47.192 0.0000000000
43220  30.607  -55.130  47.589 0.0000000000
43236  30.842  -54.554  47.200 0.0000000000
40842  31.955  -55.436  49.681 0.0000000000
39764  31.782  -55.846  49.337 0.0000000000
43185  31.475  -54.471  49.570 0.0000000000
43200  31.374  -54.488  48.849 0.0000000000
44355  31.431  -53.919  49.568 0.0000000000
44371  31.813  -53.199  48.869 0.0000000000
44354  31.703  -53.317  49.445 0.0000000000
45443  31.926  -53.040  50.932 0.0000000000
47732  33.277  -51.501  50.681 0.0000000000
36243  24.876  -61.547  51.290 0.0000000000
36237  24.505  -61.760  51.457 0.0000000000
37340  24.347  -61.379  51.145 0.0000000000
37341  23.535  -61.011  51.175 0.0000000000
37362  22.005  -60.111  50.849 0.0000000000
37422  21.131  -59.508  48.239 0.0000000000
37385  19.776  -59.399  49.579 0.0000000000
37384  20.733  -59.618  49.699 0.0000000000
37345  20.267  -59.828  51.661 0.0000000000
37387  18.147  -59.071  49.465 0.0000000000
37366  18.239  -59.086  50.274 0.0000000000
40931  17.183  -57.808  44.132 0.0000000000
40914  16.208  -57.760  45.265 0.0000000000
43286  14.476  -55.878  43.565 0.0000000000
43270  14.390  -56.450  44.539 0.0000000000
40902  15.202  -57.285  46.339 0.0000000000
39831  16.350  -58.402  46.487 0.0000000000
39817  15.984  -58.285  47.292 0.0000000000
38658  15.648  -58.277  48.648 0.0000000000
40849  13.727  -57.582  49.153 0.0000000000
40850  13.365  -57.758  49.349 0.0000000000
39781  13.209  -57.995  49.832 0.0000000000
40864  13.105  -57.905  48.891 0.0000000000
40903  12.990  -56.956  45.975 0.0000000000
40890  13.428  -57.320  46.657 0.0000000000
39833  12.823  -58.312  46.541 0.0000000000
39819  13.124  -58.491  47.605 0.0000000000
39796  12.821  -58.377  48.939 0.0000000000
38659  12.665  -58.916  48.414 0.0000000000
38660  11.981  -59.089  48.757 0.0000000000
37407  12.048  -59.260  48.048 0.0000000000
36290  11.812  -60.244  46.756 0.0000000000
37424  11.620  -59.847  47.843 0.0000000000
36291  11.373  -60.723  47.619 0.0000000000
36298  11.123  -60.908  46.385 0.0000000000
35206  10.334  -61.511  46.182 0.0000000000
35221  9.751  -61.394  45.442 0.0000000000
35207  9.506  -61.943  46.109 0.0000000000
46792  26.859  -51.603  39.696 0.0000000000
46791  27.289  -51.187  40.411 0.0000000000
46766  26.762  -52.293  40.213 0.0000000000
45600  27.090  -52.889  41.150 0.0000000000
44469  26.637  -53.603  41.090 0.0000000000
45621  25.038  -53.194  39.261 0.0000000000
45641  25.371  -52.348  38.808 0.0000000000
44471  25.066  -53.752  40.394 0.0000000000
42110  25.954  -55.642  41.898 0.0000000000
42109  26.699  -55.280  42.049 0.0000000000
42082  26.749  -55.759  43.720 0.0000000000
40910  25.335  -57.299  45.035 0.0000000000
40900  25.770  -57.333  45.467 0.0000000000
39828  26.128  -57.705  46.017 0.0000000000
40913  23.284  -57.697  44.324 0.0000000000
40912  23.880  -57.577  44.640 0.0000000000
38673  25.504  -59.036  46.976 0.0000000000
37358  25.032  -61.167  50.888 0.0000000000
36242  25.376  -61.680  51.045 0.0000000000
35100  23.678  -61.974  51.631 0.0000000000
38558  16.242  -58.695  54.432 0.0000000000
38557  17.258  -58.896  54.414 0.0000000000
33959  9.350  -62.319  51.927 0.0000000000
35097  8.918  -62.116  54.392 0.0000000000
35108  9.031  -61.929  53.730 0.0000000000
36223  9.373  -61.443  54.888 0.0000000000
35076  9.449  -61.811  55.239 0.0000000000
83230  57.321  -18.512  31.555 0.0000000000
80915  59.643  -20.851  32.218 0.0000000000
79730  52.441  -21.323  31.243 0.0000000000
80931  52.978  -20.499  31.312 0.0000000000
78621  55.882  -22.882  32.116 0.0000000000
78631  56.151  -22.154  31.889 0.0000000000
78630  56.775  -21.975  32.319 0.0000000000
76547  56.407  -24.757  34.182 0.0000000000
76546  57.191  -24.643  34.319 0.0000000000
77552  58.685  -24.007  34.417 0.0000000000
77567  59.145  -23.474  34.154 0.0000000000
77566  59.759  -23.859  33.779 0.0000000000
75591  45.935  -25.970  30.591 0.0000000000
75589  48.000  -26.151  30.533 0.0000000000
73445  47.974  -28.832  31.800 0.0000000000
73459  47.429  -28.354  31.650 0.0000000000
73444  48.445  -28.444  32.515 0.0000000000
74494  49.083  -27.788  33.406 0.0000000000
73443  48.795  -27.982  33.207 0.0000000000
74493  49.624  -27.388  33.594 0.0000000000
74492  50.910  -26.574  33.939 0.0000000000
73426  50.706  -27.063  34.719 0.0000000000
73398  51.900  -28.083  35.793 0.0000000000
73409  52.205  -27.390  35.565 0.0000000000
73397  52.543  -27.922  36.212 0.0000000000
73396  53.405  -27.628  36.580 0.0000000000
72320  53.559  -28.326  37.136 0.0000000000
67010  49.078  -33.617  35.496 0.0000000000
66996  49.686  -33.622  36.041 0.0000000000
68034  50.768  -32.586  36.411 0.0000000000
69178  50.731  -31.643  35.870 0.0000000000
68033  51.246  -32.234  36.697 0.0000000000
67994  54.209  -31.934  38.548 0.0000000000
67995  53.688  -32.210  38.448 0.0000000000
69142  53.306  -31.748  38.033 0.0000000000
69163  52.702  -31.368  37.629 0.0000000000
70271  53.172  -30.402  37.609 0.0000000000
64716  37.499  -36.587  37.620 0.0000000000
64715  38.445  -36.709  37.666 0.0000000000
64714  39.482  -36.561  37.423 0.0000000000
64695  38.797  -36.325  38.405 0.0000000000
65869  36.973  -35.119  39.537 0.0000000000
64673  39.897  -36.433  39.219 0.0000000000
63470  40.467  -36.923  40.619 0.0000000000
63458  40.359  -36.994  41.364 0.0000000000
62353  41.642  -37.812  43.427 0.0000000000
62365  42.123  -37.498  42.561 0.0000000000
62352  42.645  -37.668  43.447 0.0000000000
62351  43.377  -37.223  43.367 0.0000000000
62338  43.352  -37.506  44.457 0.0000000000
54326  32.715  -45.841  43.777 0.0000000000
55386  33.013  -45.972  43.019 0.0000000000
56540  34.220  -44.306  42.475 0.0000000000
56541  33.695  -44.708  41.866 0.0000000000
56555  33.979  -43.866  41.660 0.0000000000
56569  34.336  -43.058  41.185 0.0000000000
56568  34.980  -42.755  41.307 0.0000000000
57802  36.644  -42.099  42.764 0.0000000000
57829  36.363  -41.985  41.897 0.0000000000
57828  36.931  -41.431  42.422 0.0000000000
49868  34.673  -48.620  52.027 0.0000000000
50992  35.049  -47.992  50.362 0.0000000000
50979  35.026  -47.852  51.301 0.0000000000
54272  35.610  -45.799  50.736 0.0000000000
54273  35.151  -45.916  49.970 0.0000000000
55306  35.552  -45.285  49.584 0.0000000000
55322  35.198  -44.980  48.598 0.0000000000
55321  36.041  -44.474  48.694 0.0000000000
56452  38.495  -43.208  48.459 0.0000000000
56429  37.585  -43.963  49.527 0.0000000000
55335  37.061  -43.799  47.904 0.0000000000
55350  37.326  -43.664  47.255 0.0000000000
56488  37.888  -43.291  46.901 0.0000000000
57746  38.916  -41.116  45.779 0.0000000000
57747  38.651  -41.522  45.150 0.0000000000
58939  38.601  -40.275  44.888 0.0000000000
60085  38.013  -39.754  43.822 0.0000000000
60070  38.267  -39.456  44.468 0.0000000000
61217  37.869  -38.306  43.903 0.0000000000
61209  38.125  -38.513  44.943 0.0000000000
62302  38.904  -38.119  46.851 0.0000000000
62314  38.137  -38.082  46.365 0.0000000000
63375  38.632  -37.658  46.617 0.0000000000
64531  38.346  -36.775  46.123 0.0000000000
63374  39.062  -37.311  46.723 0.0000000000
61149  39.808  -39.441  49.803 0.0000000000
62250  40.135  -38.847  50.188 0.0000000000
63334  40.789  -37.605  48.899 0.0000000000
63354  40.715  -37.237  47.898 0.0000000000
63373  39.871  -36.806  47.089 0.0000000000
63372  40.649  -36.899  46.949 0.0000000000
63353  41.627  -37.282  47.756 0.0000000000
82153  50.960  -19.536  26.625 0.0000000000
83282  51.247  -18.468  26.764 0.0000000000
83281  51.764  -18.782  26.248 0.0000000000
85534  54.736  -16.644  24.667 0.0000000000
85550  55.686  -16.768  23.211 0.0000000000
84433  55.369  -17.507  23.828 0.0000000000
82180  56.839  -19.022  24.032 0.0000000000
83312  57.709  -18.265  23.922 0.0000000000
83298  57.815  -18.331  25.172 0.0000000000
82151  55.876  -19.801  26.968 0.0000000000
80988  56.159  -19.809  26.423 0.0000000000
82150  56.505  -19.212  27.083 0.0000000000
85487  57.908  -17.056  27.757 0.0000000000
84400  57.741  -17.700  26.906 0.0000000000
84415  58.085  -17.784  26.008 0.0000000000
84399  58.290  -17.240  26.520 0.0000000000
85500  58.697  -16.557  26.676 0.0000000000
85486  58.620  -16.570  27.490 0.0000000000
85475  59.588  -16.478  28.143 0.0000000000
90849  57.938  -11.797  19.924 0.0000000000
89810  58.184  -12.228  19.413 0.0000000000
86641  59.614  -14.606  21.925 0.0000000000
33964  26.328  -62.883  50.596 0.0000000000
36265  10.925  -60.359  49.865 0.0000000000
37348  10.885  -59.997  51.349 0.0000000000
36252  10.743  -60.497  50.784 0.0000000000
36245  10.127  -61.089  51.932 0.0000000000
64600  44.599  -36.251  42.636 0.0000000000
64599  45.614  -36.347  42.609 0.0000000000
46749  27.362  -51.644  42.102 0.0000000000
46748  28.024  -51.547  42.634 0.0000000000
45587  27.827  -52.319  42.289 0.0000000000
43298  29.147  -53.669  43.500 0.0000000000
39862  20.695  -57.934  44.217 0.0000000000
38715  20.610  -58.650  45.259 0.0000000000
39844  20.296  -58.203  44.640 0.0000000000
39864  18.973  -58.024  44.279 0.0000000000
40947  21.307  -57.297  43.046 0.0000000000
39878  20.934  -57.587  43.565 0.0000000000
37332  18.583  -59.292  52.451 0.0000000000
37320  18.730  -59.350  53.496 0.0000000000
37310  17.808  -59.081  54.841 0.0000000000
83239  53.699  -18.414  30.265 0.0000000000
82109  54.053  -18.973  30.856 0.0000000000
75535  54.774  -25.892  35.207 0.0000000000
75534  55.494  -25.781  35.182 0.0000000000
74475  55.780  -26.091  35.633 0.0000000000
74460  56.938  -26.775  36.284 0.0000000000
70363  46.752  -30.485  32.126 0.0000000000
70355  47.188  -30.712  32.752 0.0000000000
69226  48.007  -31.187  33.572 0.0000000000
69208  48.148  -31.699  34.040 0.0000000000
63471  35.846  -36.527  40.929 0.0000000000
63460  35.440  -36.186  41.262 0.0000000000
64630  35.786  -35.831  41.740 0.0000000000
63447  35.932  -36.952  42.791 0.0000000000
63433  36.713  -37.084  44.045 0.0000000000
49921  33.967  -48.489  46.487 0.0000000000
52189  33.632  -46.764  46.176 0.0000000000
51036  34.480  -47.777  47.345 0.0000000000
51024  34.914  -47.464  48.591 0.0000000000
79763  51.011  -21.225  27.828 0.0000000000
80969  51.318  -20.880  28.348 0.0000000000
82129  53.701  -19.339  28.157 0.0000000000
83262  52.468  -18.889  28.772 0.0000000000
86644  57.202  -15.471  21.256 0.0000000000
85566  56.259  -16.988  22.647 0.0000000000
39827  27.130  -57.786  46.226 0.0000000000
39826  27.730  -57.366  46.393 0.0000000000
39816  27.577  -58.283  46.466 0.0000000000
36288  28.570  -60.703  47.547 0.0000000000
39766  13.752  -58.154  50.936 0.0000000000
39752  14.084  -58.036  52.034 0.0000000000
38587  13.817  -58.230  52.522 0.0000000000
37311  11.410  -59.754  54.549 0.0000000000
79743  49.952  -21.236  30.795 0.0000000000
76609  48.824  -24.430  30.433 0.0000000000
76608  49.746  -24.453  30.454 0.0000000000
75604  50.238  -25.311  30.496 0.0000000000
75586  50.738  -25.590  30.721 0.0000000000
75572  51.496  -25.737  31.890 0.0000000000
75571  52.275  -25.327  32.153 0.0000000000
75562  51.606  -25.793  32.898 0.0000000000
65919  46.542  -35.115  36.436 0.0000000000
65918  47.581  -34.851  36.510 0.0000000000
65903  46.686  -35.162  37.517 0.0000000000
65885  47.255  -35.115  38.226 0.0000000000
64596  48.673  -35.867  42.307 0.0000000000
80960  48.122  -21.235  29.306 0.0000000000
32824  8.240  -63.280  47.717 0.0000000000
32811  7.722  -63.937  49.170 0.0000000000
67030  43.714  -33.993  33.038 0.0000000000
65964  44.632  -34.316  33.702 0.0000000000
65965  43.842  -34.557  33.460 0.0000000000
64765  43.507  -35.846  34.477 0.0000000000
63521  41.579  -36.531  36.069 0.0000000000
63520  42.301  -36.424  36.037 0.0000000000
63505  41.896  -36.461  36.750 0.0000000000
64691  42.731  -35.930  38.526 0.0000000000
64648  42.104  -36.197  40.683 0.0000000000
52254  30.063  -46.833  39.913 0.0000000000
47819  29.818  -50.867  43.715 0.0000000000
48918  29.954  -49.837  43.275 0.0000000000
48906  30.236  -50.008  43.892 0.0000000000
47817  31.148  -50.598  44.979 0.0000000000
48905  31.355  -49.946  44.520 0.0000000000
48890  32.094  -50.229  45.542 0.0000000000
47791  32.231  -51.450  46.536 0.0000000000
47775  32.725  -51.891  47.009 0.0000000000
40873  29.949  -56.432  47.684 0.0000000000
39805  30.307  -56.621  47.926 0.0000000000
39792  30.653  -56.442  48.280 0.0000000000
38599  32.327  -56.278  49.068 0.0000000000
44341  31.438  -53.962  50.284 0.0000000000
38678  19.885  -59.198  47.205 0.0000000000
38653  19.639  -59.245  47.956 0.0000000000
37405  19.411  -59.254  48.748 0.0000000000
38636  17.674  -58.997  48.936 0.0000000000
42087  15.391  -56.374  43.800 0.0000000000
43271  13.690  -56.029  44.142 0.0000000000
43253  14.492  -56.751  45.270 0.0000000000
39818  15.439  -57.707  47.267 0.0000000000
40888  15.012  -56.993  47.243 0.0000000000
40874  14.621  -57.300  48.086 0.0000000000
39793  14.478  -57.706  49.268 0.0000000000
40861  14.254  -57.438  48.576 0.0000000000
40876  13.861  -57.517  47.922 0.0000000000
40877  13.519  -57.682  47.693 0.0000000000
38702  12.435  -58.876  46.233 0.0000000000
37429  12.079  -59.606  45.888 0.0000000000
45640  26.155  -52.037  39.132 0.0000000000
43341  24.229  -54.152  40.249 0.0000000000
43323  25.135  -54.508  40.633 0.0000000000
42128  24.987  -55.416  41.170 0.0000000000
40956  25.464  -55.957  42.392 0.0000000000
40944  25.468  -56.190  42.654 0.0000000000
40911  24.670  -57.404  44.881 0.0000000000
38713  22.949  -58.556  45.183 0.0000000000
38694  23.878  -58.682  45.986 0.0000000000
35120  8.362  -62.487  53.154 0.0000000000
35098  8.137  -62.449  54.372 0.0000000000
82086  58.605  -19.946  32.382 0.0000000000
79711  60.333  -22.825  32.439 0.0000000000
77582  56.145  -23.323  32.664 0.0000000000
76529  58.316  -24.975  35.166 0.0000000000
76545  57.982  -24.485  34.615 0.0000000000
74540  46.555  -26.958  31.226 0.0000000000
72358  48.959  -29.346  33.539 0.0000000000
73429  48.783  -28.845  33.200 0.0000000000
73412  49.780  -28.829  34.357 0.0000000000
73411  50.164  -28.379  34.676 0.0000000000
72334  51.554  -28.728  35.674 0.0000000000
72322  52.191  -28.704  36.229 0.0000000000
65900  49.839  -34.773  37.497 0.0000000000
65915  50.368  -34.187  36.992 0.0000000000
66985  51.599  -33.531  37.637 0.0000000000
70252  53.946  -30.502  38.049 0.0000000000
64717  36.536  -36.245  37.632 0.0000000000
64697  37.123  -36.063  38.224 0.0000000000
65828  38.119  -35.470  42.099 0.0000000000
65840  38.340  -35.436  41.280 0.0000000000
64605  38.926  -35.586  42.071 0.0000000000
64604  39.663  -36.404  41.973 0.0000000000
63446  40.229  -37.073  42.021 0.0000000000
63432  40.265  -36.908  43.528 0.0000000000
62341  40.663  -37.068  43.910 0.0000000000
62326  41.576  -37.673  45.131 0.0000000000
55371  33.706  -44.946  44.705 0.0000000000
55385  33.690  -45.262  43.600 0.0000000000
55384  34.344  -44.489  44.068 0.0000000000
56523  34.476  -44.126  43.291 0.0000000000
56539  34.830  -43.429  42.787 0.0000000000
56553  35.416  -42.815  41.978 0.0000000000
56521  36.073  -43.104  43.987 0.0000000000
56537  36.625  -42.467  43.427 0.0000000000
52131  35.086  -46.994  51.470 0.0000000000
54262  35.786  -45.778  51.929 0.0000000000
55293  36.197  -45.237  50.574 0.0000000000
56473  38.570  -42.937  47.582 0.0000000000
56487  38.627  -42.707  46.614 0.0000000000
56472  39.299  -42.202  47.465 0.0000000000
57719  39.320  -41.260  46.536 0.0000000000
58901  39.094  -40.413  46.498 0.0000000000
60055  39.102  -39.010  46.231 0.0000000000
60045  39.089  -39.486  46.970 0.0000000000
61176  39.143  -38.884  47.588 0.0000000000
62285  39.212  -38.354  47.453 0.0000000000
81005  52.583  -19.909  25.654 0.0000000000
82166  52.400  -19.145  25.814 0.0000000000
84416  54.479  -17.682  25.058 0.0000000000
83300  55.023  -18.146  24.476 0.0000000000
83299  55.647  -18.448  23.897 0.0000000000
82172  55.885  -19.409  24.451 0.0000000000
82171  56.731  -19.454  24.903 0.0000000000
83258  56.030  -18.328  28.381 0.0000000000
83271  56.413  -18.564  27.900 0.0000000000
84391  56.841  -17.809  28.315 0.0000000000
85488  57.396  -17.444  28.276 0.0000000000
89809  58.889  -12.703  19.099 0.0000000000
86610  59.328  -15.255  23.269 0.0000000000
86609  59.660  -14.998  23.580 0.0000000000
86593  59.913  -15.067  24.497 0.0000000000
37398  26.734  -60.313  48.512 0.0000000000
36277  27.567  -61.146  48.651 0.0000000000
35151  27.612  -61.942  49.416 0.0000000000
33963  26.970  -62.867  50.086 0.0000000000
38605  12.209  -58.992  50.748 0.0000000000
38590  11.708  -59.296  51.799 0.0000000000
38564  11.208  -59.470  53.250 0.0000000000
37312  10.889  -59.900  54.011 0.0000000000
37294  10.661  -60.306  55.603 0.0000000000
36211  10.376  -60.632  56.007 0.0000000000
75588  48.825  -26.007  30.771 0.0000000000
64667  46.114  -35.916  39.547 0.0000000000
64577  47.188  -35.869  43.304 0.0000000000
31676  7.079  -64.467  47.781 0.0000000000
31690  6.364  -65.043  47.503 0.0000000000
30508  5.987  -65.308  48.607 0.0000000000
30546  5.279  -65.075  47.203 0.0000000000
30494  5.374  -65.371  50.058 0.0000000000
63522  40.754  -36.662  36.078 0.0000000000
64713  40.436  -36.380  37.586 0.0000000000
48931  28.822  -50.445  41.576 0.0000000000
48920  28.853  -50.639  42.294 0.0000000000
46727  28.754  -51.521  42.890 0.0000000000
47832  29.242  -50.884  43.165 0.0000000000
46707  30.002  -51.701  43.904 0.0000000000
46706  30.321  -51.882  44.673 0.0000000000
38697  20.252  -59.051  46.347 0.0000000000
38698  19.335  -58.701  46.547 0.0000000000
38699  18.481  -58.686  46.664 0.0000000000
43255  13.683  -56.553  45.040 0.0000000000
42058  13.696  -56.829  45.736 0.0000000000
42130  22.765  -55.644  41.498 0.0000000000
42100  23.651  -56.919  43.253 0.0000000000
39860  22.766  -58.109  44.375 0.0000000000
40930  21.900  -57.627  43.388 0.0000000000
85457  56.457  -17.500  29.841 0.0000000000
84359  57.431  -17.564  30.626 0.0000000000
84360  56.361  -17.798  30.353 0.0000000000
83236  56.456  -18.453  31.006 0.0000000000
82107  55.864  -18.971  30.907 0.0000000000
76564  55.001  -24.440  33.356 0.0000000000
75549  56.854  -25.158  34.762 0.0000000000
75533  56.461  -25.831  35.453 0.0000000000
75532  57.578  -25.298  35.355 0.0000000000
72373  47.993  -29.365  32.052 0.0000000000
71430  47.354  -30.025  32.103 0.0000000000
71429  48.017  -30.094  32.598 0.0000000000
71394  50.006  -30.129  34.764 0.0000000000
70310  50.470  -30.783  35.389 0.0000000000
65836  52.339  -34.332  40.943 0.0000000000
65849  52.515  -34.424  40.028 0.0000000000
65871  35.105  -34.994  39.273 0.0000000000
65870  36.076  -34.938  39.454 0.0000000000
64629  36.667  -35.527  41.942 0.0000000000
65829  37.577  -35.538  42.178 0.0000000000
65811  37.937  -35.664  42.554 0.0000000000
64564  38.478  -35.969  44.013 0.0000000000
52213  32.073  -46.718  43.495 0.0000000000
53300  31.760  -46.217  43.012 0.0000000000
52201  32.360  -46.242  44.044 0.0000000000
53290  32.517  -45.868  44.379 0.0000000000
54325  32.998  -45.364  44.671 0.0000000000
52190  33.231  -46.384  45.885 0.0000000000
53277  33.323  -45.645  46.220 0.0000000000
54314  33.485  -44.988  45.776 0.0000000000
82142  50.534  -19.308  26.922 0.0000000000
80993  51.771  -20.388  26.057 0.0000000000
79774  51.354  -21.367  27.326 0.0000000000
79782  51.542  -21.230  26.689 0.0000000000
80992  52.799  -20.615  25.887 0.0000000000
80990  54.807  -20.260  26.169 0.0000000000
80978  55.172  -19.995  27.005 0.0000000000
82128  54.861  -19.155  28.316 0.0000000000
83259  55.546  -18.616  28.439 0.0000000000
89781  57.533  -12.208  21.184 0.0000000000
88722  57.259  -13.242  21.961 0.0000000000
88752  57.836  -13.299  20.096 0.0000000000
87708  58.759  -14.322  20.083 0.0000000000
87693  59.696  -14.383  20.737 0.0000000000
86659  59.291  -14.762  20.888 0.0000000000
86642  59.271  -14.941  21.609 0.0000000000
85579  59.257  -14.990  21.911 0.0000000000
85600  57.998  -16.206  21.114 0.0000000000
85581  58.264  -16.291  21.493 0.0000000000
85564  59.107  -15.486  22.809 0.0000000000
83332  58.539  -17.074  23.437 0.0000000000
43285  27.451  -55.472  44.039 0.0000000000
43284  28.187  -55.023  44.057 0.0000000000
43268  27.642  -55.473  44.664 0.0000000000
40897  28.237  -56.604  46.292 0.0000000000
35190  28.678  -61.245  47.990 0.0000000000
35189  29.248  -61.329  47.729 0.0000000000
35172  29.833  -61.955  48.267 0.0000000000
40961  18.775  -56.792  42.457 0.0000000000
38559  15.221  -58.661  54.433 0.0000000000
38554  12.599  -58.880  55.006 0.0000000000
38553  13.419  -58.770  55.248 0.0000000000
82101  51.812  -19.768  30.858 0.0000000000
79732  50.544  -21.329  31.057 0.0000000000
78634  52.899  -22.247  30.904 0.0000000000
78650  53.170  -23.174  30.697 0.0000000000
77595  53.713  -23.643  31.138 0.0000000000
76607  50.588  -24.434  30.462 0.0000000000
77609  51.017  -23.616  30.543 0.0000000000
76604  52.798  -24.302  30.869 0.0000000000
76591  53.956  -24.156  31.706 0.0000000000
76576  53.603  -24.714  32.306 0.0000000000
75559  54.141  -24.992  33.736 0.0000000000
75536  54.104  -25.902  35.010 0.0000000000
74477  54.309  -26.344  35.611 0.0000000000
73395  54.359  -27.313  36.828 0.0000000000
67018  46.975  -33.571  34.373 0.0000000000
68064  47.024  -33.020  33.861 0.0000000000
67012  47.591  -33.638  34.774 0.0000000000
65917  48.554  -34.645  36.601 0.0000000000
64662  50.892  -35.237  39.979 0.0000000000
64666  47.151  -35.807  39.678 0.0000000000
64665  48.323  -35.838  39.602 0.0000000000
64618  49.026  -35.966  41.530 0.0000000000
64641  49.442  -35.910  40.881 0.0000000000
64664  49.491  -35.789  39.985 0.0000000000
64640  50.132  -35.666  40.696 0.0000000000
64639  50.943  -35.374  40.522 0.0000000000
64638  51.386  -35.173  40.806 0.0000000000
66946  52.068  -34.248  41.697 0.0000000000
61268  36.048  -38.304  40.255 0.0000000000
61250  37.605  -39.101  41.452 0.0000000000
48816  34.189  -50.323  51.494 0.0000000000
48815  34.727  -49.654  50.863 0.0000000000
49869  34.291  -49.335  52.599 0.0000000000
79766  48.611  -21.064  28.425 0.0000000000
80971  49.290  -20.903  28.291 0.0000000000
88708  56.896  -13.707  23.543 0.0000000000
87630  56.370  -14.343  24.143 0.0000000000
35181  10.378  -62.028  48.156 0.0000000000
33981  9.801  -62.558  49.904 0.0000000000
33971  8.874  -62.954  51.376 0.0000000000
33961  7.926  -63.115  52.619 0.0000000000
33962  7.480  -63.543  52.833 0.0000000000
32789  6.824  -64.204  51.564 0.0000000000
32777  7.014  -64.225  52.450 0.0000000000
70364  45.981  -30.836  31.696 0.0000000000
69229  45.999  -31.685  32.381 0.0000000000
68078  45.958  -32.567  32.905 0.0000000000
69241  44.582  -31.911  31.602 0.0000000000
68095  45.483  -32.362  32.391 0.0000000000
67027  46.103  -33.096  33.345 0.0000000000
67019  46.254  -33.594  33.857 0.0000000000
65950  46.341  -34.252  34.647 0.0000000000
65952  44.835  -34.727  34.370 0.0000000000
65939  45.695  -34.779  35.202 0.0000000000
65920  45.701  -35.164  36.044 0.0000000000
64728  45.665  -35.449  37.005 0.0000000000
64708  45.880  -35.381  37.912 0.0000000000
64781  42.469  -35.868  33.153 0.0000000000
64749  43.909  -36.016  35.224 0.0000000000
64709  44.875  -35.927  37.784 0.0000000000
64668  45.071  -35.890  39.703 0.0000000000
64580  44.435  -36.498  43.646 0.0000000000
64561  44.719  -36.710  44.315 0.0000000000
54355  30.528  -45.366  40.445 0.0000000000
54349  30.882  -45.611  41.277 0.0000000000
53310  30.827  -46.013  42.415 0.0000000000
51100  29.390  -48.353  39.579 0.0000000000
51099  30.234  -48.107  40.279 0.0000000000
51098  30.672  -47.448  40.934 0.0000000000
49948  30.397  -49.208  42.655 0.0000000000
51078  30.660  -48.462  42.143 0.0000000000
51086  30.570  -47.973  41.573 0.0000000000
51085  30.921  -47.289  42.115 0.0000000000
52225  31.081  -46.612  42.474 0.0000000000
52214  31.466  -46.386  42.931 0.0000000000
51068  32.565  -47.524  44.313 0.0000000000
49928  33.305  -48.377  45.282 0.0000000000
48889  33.293  -49.334  45.548 0.0000000000
48888  33.661  -48.907  46.081 0.0000000000
49914  34.375  -48.967  47.105 0.0000000000
48845  34.263  -49.907  48.268 0.0000000000
48836  34.271  -50.541  49.553 0.0000000000
43267  28.502  -54.995  45.083 0.0000000000
43266  29.662  -54.503  45.302 0.0000000000
42051  29.622  -55.376  46.704 0.0000000000
43251  29.723  -55.078  46.190 0.0000000000
43265  30.143  -54.555  45.921 0.0000000000
44420  30.406  -53.788  45.952 0.0000000000
45515  30.748  -52.849  46.544 0.0000000000
40859  30.961  -56.031  48.590 0.0000000000
39778  31.418  -56.109  48.915 0.0000000000
42014  31.061  -55.543  48.502 0.0000000000
43219  31.271  -54.562  47.961 0.0000000000
44390  31.420  -53.861  47.545 0.0000000000
45500  31.270  -52.996  47.250 0.0000000000
45499  31.778  -52.911  47.498 0.0000000000
46650  32.478  -52.690  48.350 0.0000000000
46649  33.047  -52.174  48.138 0.0000000000
44340  31.615  -53.479  50.251 0.0000000000
46620  32.382  -52.274  49.712 0.0000000000
46634  33.191  -51.957  49.262 0.0000000000
47744  33.742  -51.245  49.260 0.0000000000
47731  33.825  -51.095  50.202 0.0000000000
48827  34.387  -50.495  50.550 0.0000000000
33951  25.200  -62.510  51.140 0.0000000000
36230  23.953  -61.949  51.585 0.0000000000
36231  23.277  -61.653  51.662 0.0000000000
37326  23.350  -61.346  51.525 0.0000000000
37314  22.889  -61.336  51.841 0.0000000000
37327  22.732  -60.934  52.013 0.0000000000
37328  22.169  -60.597  52.495 0.0000000000
37402  22.327  -59.763  48.987 0.0000000000
37383  21.716  -59.824  49.859 0.0000000000
37365  19.120  -59.319  50.460 0.0000000000
40950  18.491  -57.364  43.067 0.0000000000
39881  18.398  -57.821  43.676 0.0000000000
39865  17.963  -58.085  44.300 0.0000000000
39847  17.878  -58.318  45.246 0.0000000000
38718  17.823  -58.520  46.049 0.0000000000
38719  17.347  -58.660  46.205 0.0000000000
40933  15.617  -56.836  44.569 0.0000000000
39849  16.105  -57.983  45.803 0.0000000000
38701  17.015  -58.822  46.571 0.0000000000
38681  17.444  -58.976  47.385 0.0000000000
38656  17.142  -58.886  48.203 0.0000000000
38637  16.871  -58.824  49.127 0.0000000000
39806  15.657  -58.148  47.956 0.0000000000
38619  16.630  -58.696  50.163 0.0000000000
38601  16.232  -58.533  51.257 0.0000000000
38602  15.332  -58.219  51.295 0.0000000000
39779  14.270  -58.008  50.518 0.0000000000
39767  13.293  -58.237  50.547 0.0000000000
39768  12.841  -58.446  50.389 0.0000000000
42044  13.699  -57.255  46.881 0.0000000000
40878  13.228  -58.102  48.025 0.0000000000
40865  13.082  -58.149  48.630 0.0000000000
39783  12.662  -58.545  49.442 0.0000000000
39769  12.606  -58.644  49.989 0.0000000000
38622  12.185  -58.960  49.787 0.0000000000
38641  11.777  -59.221  49.353 0.0000000000
35208  8.670  -62.366  46.049 0.0000000000
34027  8.586  -62.761  47.063 0.0000000000
34028  8.053  -63.118  46.765 0.0000000000
48965  27.592  -49.609  39.926 0.0000000000
47877  27.623  -50.783  40.866 0.0000000000
45588  27.308  -52.542  41.737 0.0000000000
44455  27.822  -53.266  41.843 0.0000000000
43308  27.343  -54.555  42.014 0.0000000000
45620  26.039  -52.707  39.742 0.0000000000
43321  26.823  -54.059  41.512 0.0000000000
40899  26.561  -57.236  45.810 0.0000000000
40927  24.156  -57.324  44.339 0.0000000000
39841  24.790  -57.647  45.332 0.0000000000
39830  24.549  -58.230  45.832 0.0000000000
39829  25.147  -57.864  45.749 0.0000000000
36264  26.085  -60.934  49.951 0.0000000000
36241  25.807  -61.750  50.653 0.0000000000
35123  25.616  -62.073  51.061 0.0000000000
35137  10.169  -61.842  50.523 0.0000000000
35128  9.894  -61.754  51.486 0.0000000000
35107  9.504  -61.390  53.183 0.0000000000
35119  9.104  -62.094  52.824 0.0000000000
36235  9.438  -61.174  53.817 0.0000000000
36222  9.706  -60.768  54.870 0.0000000000
36212  9.805  -60.938  55.576 0.0000000000
84348  57.811  -17.878  31.248 0.0000000000
82100  52.538  -19.662  31.145 0.0000000000
79728  54.584  -21.534  31.195 0.0000000000
79726  56.687  -21.283  31.912 0.0000000000
79715  57.285  -21.585  32.427 0.0000000000
78618  58.467  -22.470  33.238 0.0000000000
77571  55.775  -23.885  33.032 0.0000000000
77570  56.497  -23.784  33.216 0.0000000000
77581  56.915  -23.120  32.966 0.0000000000
76561  57.527  -24.121  33.994 0.0000000000
77569  57.296  -23.655  33.476 0.0000000000
77580  57.680  -23.022  33.242 0.0000000000
78617  59.236  -22.389  33.465 0.0000000000
78610  59.635  -22.917  33.623 0.0000000000
75608  46.407  -25.200  30.116 0.0000000000
74521  46.939  -27.726  31.455 0.0000000000
74520  47.441  -27.537  31.603 0.0000000000
74505  48.296  -27.785  32.369 0.0000000000
74519  48.211  -27.207  31.964 0.0000000000
74518  49.248  -26.958  31.845 0.0000000000
74479  51.718  -26.813  34.944 0.0000000000
74464  53.313  -27.061  36.005 0.0000000000
68055  48.112  -33.025  34.762 0.0000000000
68062  48.276  -32.383  34.575 0.0000000000
69197  48.750  -31.809  34.667 0.0000000000
68035  50.148  -33.130  36.129 0.0000000000
68053  49.860  -32.720  35.581 0.0000000000
69196  49.396  -31.874  35.048 0.0000000000
69195  50.114  -31.705  35.393 0.0000000000
70289  51.071  -30.947  35.921 0.0000000000
65862  52.558  -34.308  39.327 0.0000000000
66976  52.644  -33.550  38.681 0.0000000000
67997  51.859  -32.964  37.910 0.0000000000
67976  53.580  -32.990  39.078 0.0000000000
67996  52.610  -32.560  38.206 0.0000000000
69164  51.926  -31.434  37.180 0.0000000000
70273  51.769  -30.939  36.783 0.0000000000
70288  51.666  -30.413  36.228 0.0000000000
70287  52.152  -29.942  36.456 0.0000000000
71379  52.377  -29.429  36.681 0.0000000000
72311  53.435  -28.924  37.351 0.0000000000
71354  54.366  -29.915  38.296 0.0000000000
71367  53.771  -29.592  37.766 0.0000000000
72310  54.167  -28.657  37.581 0.0000000000
73384  54.799  -27.920  37.427 0.0000000000
73383  55.798  -28.018  37.551 0.0000000000
64732  38.930  -36.852  36.854 0.0000000000
65868  37.467  -35.592  39.109 0.0000000000
64675  38.289  -35.803  39.142 0.0000000000
65852  38.604  -35.634  40.685 0.0000000000
64652  38.614  -35.745  39.639 0.0000000000
64674  39.121  -35.931  39.120 0.0000000000
64672  40.860  -36.367  39.327 0.0000000000
64649  41.084  -36.577  40.136 0.0000000000
64625  42.289  -36.557  41.360 0.0000000000
63457  41.212  -37.361  41.835 0.0000000000
62378  41.798  -37.348  42.117 0.0000000000
63455  42.783  -36.604  42.176 0.0000000000
63442  43.567  -36.699  43.090 0.0000000000
63431  43.898  -36.856  43.812 0.0000000000
55387  32.076  -45.812  42.638 0.0000000000
55403  33.552  -45.334  42.510 0.0000000000
55417  32.860  -44.939  41.649 0.0000000000
59016  35.442  -41.394  40.746 0.0000000000
59015  36.112  -40.702  41.150 0.0000000000
59014  37.027  -40.356  41.674 0.0000000000
60118  37.305  -39.784  41.064 0.0000000000
60099  37.657  -39.319  42.525 0.0000000000
52156  35.126  -47.412  49.772 0.0000000000
53258  34.442  -46.006  48.871 0.0000000000
53247  35.175  -46.352  50.560 0.0000000000
53248  34.881  -46.127  49.686 0.0000000000
54295  34.475  -45.411  48.523 0.0000000000
55323  34.591  -45.129  48.023 0.0000000000
55352  35.568  -44.251  46.870 0.0000000000
55292  36.614  -44.712  50.321 0.0000000000
56405  37.428  -44.263  50.644 0.0000000000
55304  36.748  -44.440  49.552 0.0000000000
55336  36.210  -44.105  47.889 0.0000000000
55368  36.436  -43.746  46.108 0.0000000000
56520  37.192  -42.587  44.275 0.0000000000
56505  38.775  -42.154  45.711 0.0000000000
56519  38.105  -42.078  44.875 0.0000000000
57774  37.790  -41.699  44.149 0.0000000000
58958  37.885  -40.439  43.390 0.0000000000
60086  37.793  -39.398  43.253 0.0000000000
61226  37.624  -38.474  42.921 0.0000000000
62342  37.160  -37.625  44.524 0.0000000000
62327  37.916  -38.176  45.691 0.0000000000
63391  37.622  -37.541  45.612 0.0000000000
64547  36.999  -36.816  45.152 0.0000000000
64546  37.524  -36.663  45.458 0.0000000000
64545  38.517  -36.392  45.187 0.0000000000
63406  39.426  -36.363  45.481 0.0000000000
63336  39.659  -38.530  48.579 0.0000000000
63335  40.215  -38.302  49.044 0.0000000000
63356  39.574  -37.936  47.824 0.0000000000
63387  40.612  -36.771  45.991 0.0000000000
63386  41.141  -37.239  45.680 0.0000000000
62313  41.834  -37.703  46.061 0.0000000000
62312  42.757  -37.591  46.370 0.0000000000
62325  42.553  -37.783  45.349 0.0000000000
87613  56.161  -14.163  24.856 0.0000000000
86595  55.241  -15.703  24.369 0.0000000000
84468  56.419  -17.486  22.807 0.0000000000
83314  56.215  -18.260  23.344 0.0000000000
84450  56.467  -17.855  22.961 0.0000000000
83334  57.544  -17.891  22.941 0.0000000000
83311  58.376  -17.420  23.982 0.0000000000
84431  58.640  -16.964  24.905 0.0000000000
81001  56.014  -19.957  25.824 0.0000000000
82161  56.624  -19.602  25.917 0.0000000000
82170  57.251  -19.073  25.543 0.0000000000
83279  56.967  -18.542  27.110 0.0000000000
84432  58.285  -17.620  25.314 0.0000000000
85515  58.821  -16.205  25.788 0.0000000000
86564  59.189  -15.868  26.588 0.0000000000
86544  58.898  -16.324  27.714 0.0000000000
86543  59.148  -16.262  27.733 0.0000000000
30526  5.906  -65.361  48.157 0.0000000000
31678  6.005  -65.104  49.348 0.0000000000
32787  8.320  -63.564  50.799 0.0000000000
34039  8.212  -62.809  46.381 0.0000000000
35099  24.166  -61.980  51.780 0.0000000000
35110  25.986  -61.773  50.929 0.0000000000
35121  26.909  -62.574  50.020 0.0000000000
36213  9.436  -61.555  55.113 0.0000000000
36236  25.061  -61.726  51.370 0.0000000000
36240  10.009  -60.889  52.702 0.0000000000
36276  28.305  -61.092  48.173 0.0000000000
37313  10.171  -60.208  53.745 0.0000000000
37325  24.021  -61.563  51.326 0.0000000000
37334  10.310  -60.477  52.580 0.0000000000
37339  24.844  -61.311  51.050 0.0000000000
38577  11.139  -59.517  52.515 0.0000000000
38598  32.502  -56.487  48.883 0.0000000000
38617  31.594  -56.290  48.909 0.0000000000
38634  31.439  -56.558  48.701 0.0000000000
38650  31.516  -57.665  48.128 0.0000000000
38652  20.214  -59.365  47.773 0.0000000000
38700  17.728  -58.839  46.692 0.0000000000
38734  20.715  -58.304  44.676 0.0000000000
39753  13.714  -58.178  51.808 0.0000000000
39762  32.080  -55.994  49.380 0.0000000000
39763  31.987  -55.953  49.508 0.0000000000
39776  31.947  -56.228  49.175 0.0000000000
39791  31.001  -56.515  48.510 0.0000000000
39795  12.892  -58.210  49.237 0.0000000000
39804  30.511  -56.983  48.030 0.0000000000
39813  30.308  -57.288  47.678 0.0000000000
39843  23.490  -58.004  44.849 0.0000000000
39861  21.728  -57.989  43.945 0.0000000000
40848  31.521  -55.569  49.100 0.0000000000
40851  13.127  -57.897  49.472 0.0000000000
40860  30.513  -56.212  48.160 0.0000000000
40862  14.010  -57.493  48.616 0.0000000000
40943  25.699  -55.950  42.493 0.0000000000
40957  25.226  -56.179  42.553 0.0000000000
41989  31.718  -55.082  49.580 0.0000000000
42001  31.628  -54.680  49.754 0.0000000000
42002  31.476  -54.951  49.089 0.0000000000
42026  30.450  -55.587  47.864 0.0000000000
42070  25.183  -57.227  44.704 0.0000000000
43201  31.102  -55.118  48.259 0.0000000000
43237  30.125  -55.044  46.938 0.0000000000
43241  14.092  -57.007  46.008 0.0000000000
43282  29.651  -53.882  44.799 0.0000000000
43309  26.565  -55.063  41.800 0.0000000000
43340  24.695  -53.957  40.401 0.0000000000
44324  31.584  -53.685  50.846 0.0000000000
44325  31.335  -53.788  51.033 0.0000000000
44372  31.564  -53.720  48.583 0.0000000000
44446  29.129  -52.950  42.985 0.0000000000
44490  25.257  -53.275  40.053 0.0000000000
45459  31.900  -52.814  50.039 0.0000000000
45485  32.035  -53.081  48.221 0.0000000000
45550  29.538  -52.335  43.497 0.0000000000
46609  32.791  -51.931  51.008 0.0000000000
46610  32.262  -52.317  50.567 0.0000000000
46633  33.528  -51.589  48.867 0.0000000000
46635  32.646  -52.420  48.958 0.0000000000
46648  33.395  -51.774  48.546 0.0000000000
46663  32.939  -52.092  47.364 0.0000000000
46664  32.242  -52.411  47.306 0.0000000000
46665  31.630  -52.607  47.194 0.0000000000
46695  30.584  -51.969  45.381 0.0000000000
47722  33.857  -51.127  51.119 0.0000000000
47745  33.329  -51.494  49.947 0.0000000000
47760  33.391  -51.688  48.088 0.0000000000
47773  33.806  -50.883  47.908 0.0000000000
47792  31.436  -51.700  46.279 0.0000000000
47876  28.018  -50.702  41.458 0.0000000000
48835  34.403  -49.849  48.976 0.0000000000
48859  34.357  -49.666  47.969 0.0000000000
48903  33.171  -48.907  44.895 0.0000000000
48907  29.684  -50.330  43.409 0.0000000000
49888  34.849  -48.873  50.128 0.0000000000
49907  34.548  -49.368  48.411 0.0000000000
49913  34.499  -49.216  47.790 0.0000000000
49927  33.589  -48.412  45.857 0.0000000000
49956  29.984  -49.588  41.368 0.0000000000
49957  29.073  -50.019  40.935 0.0000000000
51010  35.164  -47.378  49.258 0.0000000000
51056  33.465  -47.904  45.642 0.0000000000
51087  30.356  -48.776  40.893 0.0000000000
52122  34.971  -46.876  52.464 0.0000000000
52142  35.004  -46.476  50.022 0.0000000000
52157  34.984  -46.697  49.329 0.0000000000
52224  31.494  -46.935  42.859 0.0000000000
52236  30.916  -46.960  41.948 0.0000000000
53291  32.304  -46.169  43.616 0.0000000000
53311  30.843  -46.004  41.758 0.0000000000
54271  36.128  -45.412  51.460 0.0000000000
54283  35.291  -45.610  49.765 0.0000000000
54284  34.843  -45.710  49.305 0.0000000000
55294  35.678  -45.523  50.118 0.0000000000
55367  37.209  -43.643  46.582 0.0000000000
55370  34.347  -44.366  45.112 0.0000000000
56426  39.561  -42.252  48.985 0.0000000000
56451  39.205  -42.677  48.303 0.0000000000
56453  37.695  -43.657  48.619 0.0000000000
56471  39.528  -41.748  47.914 0.0000000000
56486  39.189  -42.006  46.539 0.0000000000
57664  39.631  -41.367  48.263 0.0000000000
57694  39.438  -41.629  47.034 0.0000000000
57718  39.565  -41.157  47.095 0.0000000000
57772  38.733  -40.935  45.104 0.0000000000
57800  37.974  -41.072  43.838 0.0000000000
58852  39.744  -40.781  48.764 0.0000000000
58867  39.445  -40.345  47.790 0.0000000000
58885  39.557  -40.743  47.462 0.0000000000
58900  39.455  -40.733  46.945 0.0000000000
58918  38.824  -40.311  45.836 0.0000000000
58938  38.760  -40.552  45.402 0.0000000000
58957  38.227  -40.359  44.113 0.0000000000
60021  39.555  -40.290  48.382 0.0000000000
60034  39.466  -40.278  48.067 0.0000000000
60046  39.139  -38.941  46.757 0.0000000000
60054  38.896  -39.751  46.128 0.0000000000
60061  38.763  -39.892  45.718 0.0000000000
60062  38.689  -39.408  45.438 0.0000000000
60117  37.570  -39.656  41.863 0.0000000000
60140  35.998  -39.943  39.892 0.0000000000
61177  39.120  -38.413  47.160 0.0000000000
61191  39.113  -39.142  46.897 0.0000000000
61203  38.435  -38.566  45.911 0.0000000000
61216  38.063  -38.845  44.306 0.0000000000
61234  37.722  -38.633  42.043 0.0000000000
62265  40.174  -38.555  49.878 0.0000000000
62284  39.374  -38.639  48.257 0.0000000000
62301  42.102  -37.501  46.999 0.0000000000
62315  37.753  -37.804  45.813 0.0000000000
62328  37.688  -37.779  45.220 0.0000000000
62340  41.069  -37.437  44.305 0.0000000000
62356  36.369  -37.204  42.953 0.0000000000
62363  43.313  -36.967  42.908 0.0000000000
62366  41.268  -37.622  42.673 0.0000000000
62379  41.597  -37.463  42.293 0.0000000000
63390  37.767  -37.473  46.049 0.0000000000
63403  41.055  -37.206  45.013 0.0000000000
63404  40.715  -36.775  45.182 0.0000000000
63408  37.331  -37.231  45.365 0.0000000000
63423  36.872  -37.064  44.802 0.0000000000
63430  44.383  -36.750  44.259 0.0000000000
63434  36.342  -37.018  43.321 0.0000000000
63443  43.131  -36.678  42.612 0.0000000000
63444  42.653  -36.998  42.374 0.0000000000
63445  40.366  -37.344  42.679 0.0000000000
63456  42.243  -36.983  41.870 0.0000000000
63468  41.843  -36.854  41.279 0.0000000000
63481  41.510  -36.108  39.243 0.0000000000
63482  41.317  -36.208  39.197 0.0000000000
63491  41.483  -36.156  39.041 0.0000000000
63523  39.730  -36.768  36.232 0.0000000000
63534  42.060  -36.433  35.465 0.0000000000
64514  38.360  -36.981  46.491 0.0000000000
64515  38.445  -37.210  46.551 0.0000000000
64532  37.926  -37.038  46.313 0.0000000000
64562  39.887  -36.225  43.644 0.0000000000
64587  36.130  -36.742  43.109 0.0000000000
64603  39.943  -36.884  42.382 0.0000000000
64606  37.239  -35.783  42.339 0.0000000000
64615  51.170  -35.316  41.124 0.0000000000
64628  37.186  -35.503  42.000 0.0000000000
64663  50.386  -35.432  40.001 0.0000000000
64684  50.769  -35.196  39.568 0.0000000000
64707  46.242  -35.245  37.585 0.0000000000
65812  37.639  -35.764  42.514 0.0000000000
65823  51.431  -34.591  42.015 0.0000000000
65837  51.616  -34.846  41.249 0.0000000000
65851  51.199  -35.196  40.123 0.0000000000
65864  51.279  -35.084  39.713 0.0000000000
65867  46.250  -35.492  38.928 0.0000000000
65879  52.745  -34.032  38.965 0.0000000000
65887  37.236  -35.820  38.626 0.0000000000
65901  48.863  -34.950  37.351 0.0000000000
65935  49.068  -34.159  36.080 0.0000000000
66977  52.033  -33.455  38.285 0.0000000000
66995  50.282  -33.583  36.494 0.0000000000
68017  51.103  -32.837  36.868 0.0000000000
68063  47.649  -32.737  34.237 0.0000000000
68079  45.210  -32.976  32.749 0.0000000000
69141  54.045  -31.406  38.265 0.0000000000
70337  49.258  -30.918  34.655 0.0000000000
71428  48.617  -30.122  33.197 0.0000000000
74535  50.832  -25.835  30.977 0.0000000000
74557  49.925  -25.748  30.622 0.0000000000
75587  49.213  -25.978  30.781 0.0000000000
76592  53.303  -24.430  31.369 0.0000000000
77606  53.174  -23.894  30.826 0.0000000000
78616  60.263  -22.828  32.805 0.0000000000
79757  48.358  -21.238  28.762 0.0000000000
79764  50.635  -21.110  27.692 0.0000000000
79772  53.041  -21.213  26.840 0.0000000000
79775  50.825  -21.205  27.326 0.0000000000
79783  51.061  -21.282  26.965 0.0000000000
80995  50.390  -20.545  27.208 0.0000000000
81006  52.094  -19.767  25.828 0.0000000000
81010  55.104  -19.648  24.859 0.0000000000
81011  54.793  -19.516  24.931 0.0000000000
82120  52.010  -19.168  28.984 0.0000000000
82127  55.391  -19.062  28.274 0.0000000000
82138  56.247  -19.066  27.641 0.0000000000
82149  56.822  -18.935  26.870 0.0000000000
83249  53.439  -18.233  29.445 0.0000000000
83251  51.795  -19.102  29.730 0.0000000000
83270  56.863  -18.335  27.586 0.0000000000
83272  55.919  -18.842  28.118 0.0000000000
83280  56.656  -18.795  27.384 0.0000000000
84362  54.334  -18.020  29.996 0.0000000000
84372  54.093  -18.125  29.434 0.0000000000
84373  53.788  -18.184  29.542 0.0000000000
84484  58.088  -16.740  21.997 0.0000000000
85531  59.536  -15.394  24.464 0.0000000000
85580  58.950  -15.607  21.732 0.0000000000
85598  58.821  -15.381  20.927 0.0000000000
86625  59.368  -15.027  22.988 0.0000000000
86674  59.131  -14.450  20.299 0.0000000000
88764  59.735  -13.413  19.013 0.0000000000
90840  57.772  -11.499  20.413 0.0000000000
90850  57.886  -11.390  19.691 0.0000000000
