#!ascii label  , from subject 4057 vox2ras=TkReg
833
101948  39.851  -0.751  35.299 0.0000000000
103901  43.369  1.720  24.519 0.0000000000
108347  49.417  6.175  25.955 0.0000000000
100173  48.837  -1.547  17.221 0.0000000000
98995  39.442  -2.891  28.958 0.0000000000
106483  51.035  4.903  33.345 0.0000000000
103962  46.885  1.909  18.363 0.0000000000
106587  39.422  4.444  23.785 0.0000000000
105622  45.246  4.100  32.357 0.0000000000
103865  41.206  1.585  30.241 0.0000000000
99048  43.012  -3.272  25.820 0.0000000000
109185  46.131  7.586  29.123 0.0000000000
107496  42.972  4.753  21.386 0.0000000000
105685  47.918  4.042  25.818 0.0000000000
107514  46.007  5.700  17.876 0.0000000000
107400  41.728  5.735  28.401 0.0000000000
104726  42.777  1.609  34.279 0.0000000000
102931  41.223  -0.056  32.990 0.0000000000
99017  40.954  -2.750  27.478 0.0000000000
109155  50.872  7.520  29.787 0.0000000000
109144  48.647  7.791  30.967 0.0000000000
108326  47.905  6.198  27.571 0.0000000000
107457  44.007  5.650  24.271 0.0000000000
107471  46.088  5.768  23.254 0.0000000000
105654  44.123  3.132  28.223 0.0000000000
105652  46.116  4.128  28.954 0.0000000000
105688  45.542  3.356  24.572 0.0000000000
103980  49.842  1.403  16.289 0.0000000000
105742  46.785  4.124  17.779 0.0000000000
103983  46.844  2.104  16.161 0.0000000000
103975  45.352  1.634  17.673 0.0000000000
100176  45.984  -1.728  17.387 0.0000000000
98095  45.117  -4.462  19.780 0.0000000000
100979  37.507  -1.254  34.238 0.0000000000
101982  38.747  -0.804  31.476 0.0000000000
107381  50.839  6.074  29.454 0.0000000000
101124  44.993  -0.962  21.755 0.0000000000
103933  44.769  1.485  21.176 0.0000000000
102087  47.703  -0.654  20.068 0.0000000000
103046  50.667  1.287  17.998 0.0000000000
105606  47.255  3.977  36.023 0.0000000000
105611  44.378  3.192  34.797 0.0000000000
104734  43.224  2.724  30.908 0.0000000000
103875  42.023  1.864  27.876 0.0000000000
102951  39.696  -0.099  29.055 0.0000000000
101997  40.933  -0.529  27.077 0.0000000000
102035  42.963  -0.554  24.598 0.0000000000
100089  45.747  -3.044  24.053 0.0000000000
100968  36.256  -1.121  34.865 0.0000000000
109947  46.822  8.574  31.486 0.0000000000
109176  44.347  7.714  30.327 0.0000000000
107425  43.034  6.152  26.643 0.0000000000
107475  41.296  4.870  22.853 0.0000000000
103934  42.361  1.600  21.577 0.0000000000
106496  47.891  5.182  32.606 0.0000000000
106528  48.760  5.217  29.396 0.0000000000
106567  49.854  5.069  26.122 0.0000000000
105717  45.840  3.606  22.182 0.0000000000
106615  46.678  4.907  21.130 0.0000000000
107483  46.789  5.439  22.386 0.0000000000
107502  45.028  5.692  19.959 0.0000000000
103943  43.437  1.566  20.138 0.0000000000
107401  40.664  5.209  28.008 0.0000000000
108304  41.977  6.512  29.623 0.0000000000
101960  42.160  -0.309  34.454 0.0000000000
101969  40.586  -0.436  33.169 0.0000000000
108311  50.214  6.671  28.297 0.0000000000
108299  49.774  6.977  28.794 0.0000000000
107421  48.757  6.173  26.655 0.0000000000
107438  47.269  5.822  25.300 0.0000000000
107453  48.071  5.709  24.606 0.0000000000
104767  43.919  2.709  27.025 0.0000000000
104766  44.700  2.928  26.599 0.0000000000
104798  43.918  2.332  24.032 0.0000000000
102129  49.133  0.186  16.257 0.0000000000
103982  47.630  2.219  16.297 0.0000000000
101177  47.788  -0.139  16.307 0.0000000000
102122  46.590  -0.065  16.621 0.0000000000
100174  47.815  -1.936  16.890 0.0000000000
99122  46.770  -3.166  18.452 0.0000000000
100154  47.935  -2.795  18.731 0.0000000000
101000  37.654  -2.061  32.330 0.0000000000
107332  52.114  5.567  32.145 0.0000000000
107346  50.967  5.560  31.489 0.0000000000
101122  46.752  -1.945  21.564 0.0000000000
101135  46.341  -0.995  20.862 0.0000000000
101133  48.198  -1.203  20.684 0.0000000000
102099  51.257  0.454  19.069 0.0000000000
103032  51.858  0.560  18.695 0.0000000000
103054  51.692  0.404  17.768 0.0000000000
103857  41.926  1.577  32.128 0.0000000000
104728  43.230  2.472  33.127 0.0000000000
104739  42.469  2.417  30.372 0.0000000000
104747  42.530  2.501  29.341 0.0000000000
104758  41.852  2.029  28.825 0.0000000000
101023  38.830  -1.406  29.948 0.0000000000
101985  39.417  -0.343  30.151 0.0000000000
101030  39.491  -1.292  28.940 0.0000000000
99034  41.853  -2.910  26.609 0.0000000000
101038  40.697  -1.370  27.242 0.0000000000
101053  41.788  -1.452  26.184 0.0000000000
102011  42.119  -0.564  25.855 0.0000000000
101066  42.922  -2.171  25.197 0.0000000000
101078  44.038  -2.385  24.200 0.0000000000
100091  43.937  -3.056  24.752 0.0000000000
100074  47.957  -2.923  25.763 0.0000000000
109158  47.696  8.062  30.365 0.0000000000
109145  47.763  8.207  31.148 0.0000000000
109976  46.724  8.313  30.204 0.0000000000
109971  45.791  8.840  30.825 0.0000000000
109186  45.483  7.543  29.494 0.0000000000
108317  44.013  6.652  28.621 0.0000000000
108329  44.617  6.602  27.698 0.0000000000
107473  43.850  5.480  23.107 0.0000000000
107458  42.704  5.510  24.061 0.0000000000
107487  42.508  4.968  21.954 0.0000000000
105726  41.817  3.277  21.884 0.0000000000
105725  42.331  3.401  21.428 0.0000000000
106477  46.181  4.679  34.573 0.0000000000
106476  47.240  4.899  34.548 0.0000000000
106497  46.820  4.970  32.744 0.0000000000
105675  46.937  3.897  26.625 0.0000000000
106545  47.550  4.612  29.131 0.0000000000
105674  48.039  4.227  26.997 0.0000000000
106557  49.300  4.734  27.481 0.0000000000
105696  48.639  4.289  25.256 0.0000000000
103037  45.868  1.209  19.784 0.0000000000
104824  44.768  2.195  21.476 0.0000000000
104839  45.979  2.849  19.498 0.0000000000
107518  46.785  5.564  17.256 0.0000000000
106630  46.545  4.951  19.029 0.0000000000
107507  46.442  5.526  19.574 0.0000000000
107493  46.740  5.417  21.343 0.0000000000
108377  46.450  5.813  20.051 0.0000000000
108372  46.099  6.009  20.943 0.0000000000
107509  45.342  5.428  18.587 0.0000000000
102114  44.669  -0.417  18.100 0.0000000000
103965  44.281  1.779  18.705 0.0000000000
102105  44.035  -0.420  19.428 0.0000000000
102090  43.523  -0.285  20.341 0.0000000000
106463  50.157  4.274  35.499 0.0000000000
107415  39.954  5.277  26.218 0.0000000000
107427  40.631  5.493  25.717 0.0000000000
103834  43.818  0.911  36.129 0.0000000000
102923  42.935  -0.095  35.267 0.0000000000
102929  42.205  0.516  33.845 0.0000000000
103861  41.351  1.301  31.392 0.0000000000
99005  39.912  -2.894  28.434 0.0000000000
109143  49.738  7.617  30.799 0.0000000000
109172  48.083  7.253  29.398 0.0000000000
108314  47.325  6.653  28.243 0.0000000000
108339  45.031  6.369  26.827 0.0000000000
108349  46.107  6.171  25.686 0.0000000000
107456  45.228  5.865  24.266 0.0000000000
107485  44.877  5.939  22.134 0.0000000000
105640  44.922  3.709  29.694 0.0000000000
105639  45.628  4.234  30.306 0.0000000000
105653  45.040  3.432  28.516 0.0000000000
105676  45.793  3.442  26.246 0.0000000000
105687  46.009  3.487  25.070 0.0000000000
103972  48.392  2.512  17.200 0.0000000000
104847  46.582  3.021  18.316 0.0000000000
104866  48.282  2.683  16.926 0.0000000000
105760  47.218  4.155  16.129 0.0000000000
106653  45.954  4.821  15.927 0.0000000000
106646  44.996  4.685  17.133 0.0000000000
103974  45.955  1.798  16.932 0.0000000000
102124  45.309  -0.322  17.526 0.0000000000
100167  44.844  -1.834  18.362 0.0000000000
98102  46.185  -3.886  19.686 0.0000000000
101963  39.167  -1.401  34.511 0.0000000000
101970  39.393  -1.163  33.387 0.0000000000
101971  38.723  -1.264  33.069 0.0000000000
101007  38.147  -1.716  31.752 0.0000000000
98986  38.313  -3.185  29.986 0.0000000000
108275  52.089  6.365  31.690 0.0000000000
108297  51.534  6.804  29.476 0.0000000000
108310  50.656  6.567  28.303 0.0000000000
102988  43.492  0.341  23.529 0.0000000000
104816  43.941  1.710  22.785 0.0000000000
102997  44.189  0.467  22.116 0.0000000000
103021  46.225  0.180  20.175 0.0000000000
103035  47.726  0.468  19.023 0.0000000000
102085  49.797  -0.525  20.379 0.0000000000
102101  49.082  -0.061  19.172 0.0000000000
103048  48.614  0.972  18.427 0.0000000000
103959  49.783  1.718  17.444 0.0000000000
103978  50.868  0.836  16.383 0.0000000000
101164  50.056  -0.966  17.153 0.0000000000
100153  49.255  -2.381  18.616 0.0000000000
105608  45.564  3.576  35.809 0.0000000000
105614  44.935  4.189  33.687 0.0000000000
104725  43.365  2.179  34.499 0.0000000000
105616  43.930  2.954  33.489 0.0000000000
105623  44.682  3.546  31.871 0.0000000000
105631  43.994  3.322  30.330 0.0000000000
104756  43.476  2.758  27.905 0.0000000000
104788  42.958  1.926  25.598 0.0000000000
101976  39.642  -0.332  32.241 0.0000000000
102942  40.381  0.626  30.860 0.0000000000
102946  40.182  0.677  29.976 0.0000000000
101039  40.252  -1.349  27.703 0.0000000000
102956  40.464  -0.116  28.067 0.0000000000
102949  40.811  0.737  28.462 0.0000000000
103884  41.592  1.071  27.450 0.0000000000
102973  42.407  0.387  25.532 0.0000000000
102981  42.811  0.333  24.850 0.0000000000
102034  43.336  -0.580  23.965 0.0000000000
100117  45.635  -2.360  22.787 0.0000000000
100115  47.212  -2.538  22.659 0.0000000000
99058  45.651  -3.438  24.924 0.0000000000
99067  47.537  -3.036  24.329 0.0000000000
101950  37.821  -0.771  35.400 0.0000000000
100967  37.170  -1.023  34.814 0.0000000000
100982  34.862  -1.915  34.526 0.0000000000
108237  47.429  6.607  34.187 0.0000000000
109949  45.538  8.813  32.331 0.0000000000
108303  43.000  6.601  29.412 0.0000000000
107412  42.514  6.097  27.813 0.0000000000
107443  41.611  5.568  24.952 0.0000000000
107441  44.275  6.085  25.663 0.0000000000
107442  42.895  5.678  25.302 0.0000000000
107476  40.467  4.576  23.149 0.0000000000
106484  49.892  5.139  33.399 0.0000000000
106516  47.244  4.795  30.821 0.0000000000
107368  48.618  5.362  31.202 0.0000000000
107347  50.135  5.454  31.741 0.0000000000
107382  50.094  5.862  29.760 0.0000000000
107408  50.004  5.519  27.702 0.0000000000
107435  49.772  5.784  25.567 0.0000000000
104805  44.658  2.716  23.364 0.0000000000
104804  45.449  3.260  23.546 0.0000000000
105708  46.129  3.586  22.961 0.0000000000
105736  46.152  3.754  19.403 0.0000000000
105723  46.418  4.491  21.396 0.0000000000
105707  47.098  4.252  23.252 0.0000000000
106595  48.104  4.673  23.316 0.0000000000
106594  48.625  5.306  23.661 0.0000000000
107468  48.578  5.562  24.101 0.0000000000
107470  47.100  5.566  23.439 0.0000000000
108373  45.510  6.087  21.371 0.0000000000
107503  44.213  5.104  20.328 0.0000000000
104840  44.596  3.304  18.433 0.0000000000
105738  43.950  3.389  19.454 0.0000000000
105731  43.463  3.496  20.212 0.0000000000
103944  42.945  1.579  20.899 0.0000000000
97106  43.997  -4.920  20.376 0.0000000000
108292  42.346  6.981  30.260 0.0000000000
101947  40.944  -0.542  35.206 0.0000000000
101962  40.304  -0.961  34.292 0.0000000000
108324  49.607  6.401  27.288 0.0000000000
108336  49.254  6.298  26.535 0.0000000000
107437  48.203  5.724  25.549 0.0000000000
107436  48.923  6.027  25.910 0.0000000000
104787  43.795  2.396  25.132 0.0000000000
101175  49.143  -0.532  16.557 0.0000000000
102130  48.286  0.393  16.244 0.0000000000
101176  48.320  -0.364  16.399 0.0000000000
101167  47.316  -0.869  16.434 0.0000000000
100163  48.466  -2.281  17.741 0.0000000000
106472  51.569  4.451  34.121 0.0000000000
106482  51.783  4.655  33.212 0.0000000000
106492  51.765  4.964  32.663 0.0000000000
107334  51.080  5.339  32.552 0.0000000000
100130  47.703  -2.176  22.029 0.0000000000
101121  47.843  -1.746  21.356 0.0000000000
103020  52.317  0.568  19.370 0.0000000000
103031  52.641  0.427  18.967 0.0000000000
102097  52.566  0.147  18.503 0.0000000000
106598  39.816  4.192  23.148 0.0000000000
104736  41.800  1.819  31.330 0.0000000000
104735  42.341  2.120  31.478 0.0000000000
104740  41.771  1.968  30.791 0.0000000000
104748  41.808  2.063  29.811 0.0000000000
100023  39.151  -2.023  29.340 0.0000000000
100061  42.075  -2.369  26.106 0.0000000000
100076  42.656  -2.602  25.650 0.0000000000
101067  42.530  -1.565  25.451 0.0000000000
100075  43.262  -2.747  25.256 0.0000000000
109173  46.857  7.972  29.752 0.0000000000
109159  47.021  8.267  30.218 0.0000000000
109174  45.849  8.024  29.795 0.0000000000
108316  45.185  7.157  28.724 0.0000000000
107486  43.768  5.356  22.074 0.0000000000
106618  42.439  4.346  21.442 0.0000000000
106498  45.896  4.476  32.944 0.0000000000
106487  46.523  4.880  33.678 0.0000000000
106506  46.121  4.528  32.033 0.0000000000
105686  46.990  3.749  25.433 0.0000000000
105684  48.666  4.359  26.119 0.0000000000
105697  48.067  3.997  24.653 0.0000000000
103949  46.495  1.542  18.931 0.0000000000
103941  45.514  1.799  20.014 0.0000000000
103963  46.343  2.106  18.722 0.0000000000
107513  46.388  5.440  18.460 0.0000000000
107508  46.043  5.824  19.178 0.0000000000
107515  45.333  5.419  17.452 0.0000000000
101158  44.479  -1.291  18.378 0.0000000000
102104  44.401  -0.145  18.756 0.0000000000
101147  44.062  -1.368  19.131 0.0000000000
107414  40.620  5.371  26.805 0.0000000000
107413  41.713  5.685  27.301 0.0000000000
101923  43.031  -0.040  36.429 0.0000000000
101945  42.806  -0.206  35.835 0.0000000000
101968  41.293  -0.255  33.399 0.0000000000
102927  42.110  -0.051  34.020 0.0000000000
102933  41.417  0.399  32.696 0.0000000000
103858  41.625  0.951  32.399 0.0000000000
102937  41.258  0.609  32.073 0.0000000000
109127  51.309  7.377  31.187 0.0000000000
109128  50.533  7.463  31.502 0.0000000000
109142  50.713  7.595  30.604 0.0000000000
108313  48.290  6.655  28.377 0.0000000000
108300  48.976  6.872  28.891 0.0000000000
109183  47.666  6.918  28.788 0.0000000000
108327  46.838  6.147  27.246 0.0000000000
107455  46.323  5.730  24.201 0.0000000000
107439  46.530  5.894  25.002 0.0000000000
107472  44.984  5.848  23.204 0.0000000000
104777  45.144  3.178  26.052 0.0000000000
105677  45.149  3.133  26.548 0.0000000000
104785  45.503  3.349  25.712 0.0000000000
103971  48.913  2.318  17.087 0.0000000000
104856  48.366  2.770  17.119 0.0000000000
104868  47.122  3.165  15.993 0.0000000000
105761  46.592  4.049  16.013 0.0000000000
104869  46.446  3.080  16.109 0.0000000000
104859  45.855  2.959  16.434 0.0000000000
103984  46.293  2.298  16.379 0.0000000000
101168  46.036  -1.077  17.035 0.0000000000
102123  45.929  -0.237  17.156 0.0000000000
101169  45.555  -0.772  17.290 0.0000000000
101157  45.097  -1.200  17.566 0.0000000000
100166  45.475  -1.909  17.928 0.0000000000
100165  46.113  -2.365  17.703 0.0000000000
99114  47.128  -3.325  19.022 0.0000000000
99108  46.710  -3.700  19.538 0.0000000000
100978  38.265  -1.317  34.192 0.0000000000
100990  38.549  -1.392  33.553 0.0000000000
101008  37.771  -2.185  31.814 0.0000000000
100003  37.797  -2.253  31.508 0.0000000000
100013  37.903  -2.479  30.846 0.0000000000
107364  51.505  6.340  30.257 0.0000000000
107363  51.870  6.507  30.681 0.0000000000
107380  51.245  6.464  29.210 0.0000000000
109180  51.166  6.939  28.527 0.0000000000
107395  51.182  6.473  28.840 0.0000000000
102057  44.052  -0.251  22.547 0.0000000000
102998  43.786  0.400  22.806 0.0000000000
102056  44.553  -0.487  21.990 0.0000000000
102089  46.022  -0.280  20.580 0.0000000000
102088  46.719  -0.410  20.111 0.0000000000
102103  47.324  -0.105  19.498 0.0000000000
102069  50.095  -0.816  21.113 0.0000000000
102111  50.929  0.876  18.463 0.0000000000
102100  50.253  0.036  19.208 0.0000000000
102113  49.644  0.602  18.628 0.0000000000
103047  49.721  1.297  18.099 0.0000000000
102119  51.276  -0.156  17.483 0.0000000000
103055  51.311  0.620  17.153 0.0000000000
103056  50.944  0.315  16.926 0.0000000000
102127  50.396  0.040  16.587 0.0000000000
101163  50.873  -0.833  17.365 0.0000000000
100161  50.517  -1.515  17.934 0.0000000000
104713  44.829  2.513  36.264 0.0000000000
105596  45.322  3.029  36.261 0.0000000000
105609  44.818  3.188  35.591 0.0000000000
106468  45.141  3.833  35.184 0.0000000000
106479  44.748  3.876  34.608 0.0000000000
103851  42.907  1.142  34.690 0.0000000000
104722  43.682  1.806  35.313 0.0000000000
104731  43.250  2.515  31.992 0.0000000000
105620  44.003  2.928  32.444 0.0000000000
105624  43.995  3.102  31.398 0.0000000000
104738  43.242  2.915  29.841 0.0000000000
104757  42.635  2.456  28.353 0.0000000000
104768  42.836  2.386  27.379 0.0000000000
103883  42.225  1.713  26.936 0.0000000000
101977  38.756  -1.049  32.484 0.0000000000
102943  39.838  0.211  30.511 0.0000000000
99004  40.553  -3.018  27.927 0.0000000000
100033  40.101  -2.149  28.019 0.0000000000
100046  40.590  -2.147  27.550 0.0000000000
101998  40.515  -0.576  27.612 0.0000000000
102955  40.904  0.307  27.843 0.0000000000
103876  41.288  1.253  28.362 0.0000000000
102966  41.356  0.290  26.928 0.0000000000
102023  42.619  -0.514  25.217 0.0000000000
102965  41.844  0.333  26.205 0.0000000000
100105  45.176  -2.465  23.348 0.0000000000
101092  44.211  -1.745  23.527 0.0000000000
100104  46.001  -2.782  23.425 0.0000000000
99044  46.381  -3.512  25.819 0.0000000000
99056  47.439  -3.131  24.968 0.0000000000
100087  48.105  -2.828  24.858 0.0000000000
101951  36.772  -0.669  35.519 0.0000000000
100980  36.757  -1.401  34.146 0.0000000000
109131  47.255  8.218  31.838 0.0000000000
109110  47.771  7.512  32.261 0.0000000000
109111  47.083  7.556  32.552 0.0000000000
108245  46.901  7.021  33.318 0.0000000000
109112  46.226  7.598  32.933 0.0000000000
109133  45.983  8.261  32.712 0.0000000000
109948  46.428  8.677  31.786 0.0000000000
109160  45.405  8.368  30.380 0.0000000000
108290  43.944  7.553  30.280 0.0000000000
108291  43.377  7.285  30.273 0.0000000000
108302  44.247  7.265  29.679 0.0000000000
108330  43.735  6.479  27.673 0.0000000000
108331  43.147  6.377  27.503 0.0000000000
107426  41.727  5.705  26.118 0.0000000000
108350  45.262  6.239  26.019 0.0000000000
108351  44.655  6.278  26.318 0.0000000000
107474  42.544  5.393  22.934 0.0000000000
107459  41.419  5.343  23.856 0.0000000000
106597  40.654  4.356  22.824 0.0000000000
106609  41.283  4.208  22.382 0.0000000000
104826  41.944  2.564  21.900 0.0000000000
105593  47.664  3.586  36.560 0.0000000000
106486  47.613  5.126  33.587 0.0000000000
106475  48.353  4.706  34.426 0.0000000000
106485  48.725  4.925  33.461 0.0000000000
106474  49.489  4.582  34.374 0.0000000000
106531  46.586  4.513  30.035 0.0000000000
106546  46.936  4.501  29.307 0.0000000000
106544  48.204  4.696  28.737 0.0000000000
106529  48.059  4.947  29.667 0.0000000000
106514  48.625  5.360  30.317 0.0000000000
107348  49.236  5.256  31.895 0.0000000000
107383  49.352  5.569  30.084 0.0000000000
107366  50.127  5.650  30.772 0.0000000000
107398  49.453  5.504  29.232 0.0000000000
106578  49.282  4.624  25.564 0.0000000000
106556  49.920  5.151  27.091 0.0000000000
106566  50.051  5.598  25.966 0.0000000000
106577  49.684  5.033  25.229 0.0000000000
103926  44.392  1.389  21.791 0.0000000000
104806  43.886  2.008  23.223 0.0000000000
104815  44.434  2.245  22.428 0.0000000000
104823  45.263  2.986  21.812 0.0000000000
104814  45.292  3.097  22.722 0.0000000000
104858  46.999  3.584  17.545 0.0000000000
104838  46.259  3.453  18.988 0.0000000000
105735  46.377  4.141  18.706 0.0000000000
106623  46.690  5.005  20.025 0.0000000000
106624  46.361  4.504  20.547 0.0000000000
105716  46.477  4.333  22.108 0.0000000000
106596  47.574  4.665  22.995 0.0000000000
106607  47.187  4.958  22.471 0.0000000000
106606  47.896  5.288  22.982 0.0000000000
106605  48.219  5.453  23.271 0.0000000000
106593  48.857  5.455  24.146 0.0000000000
107482  47.791  5.492  23.140 0.0000000000
107469  47.938  5.671  23.746 0.0000000000
108379  45.520  6.062  20.702 0.0000000000
107494  44.699  5.902  21.176 0.0000000000
105752  45.047  3.636  17.309 0.0000000000
105743  44.754  3.883  17.948 0.0000000000
104849  44.848  2.689  18.030 0.0000000000
103952  43.910  1.534  19.261 0.0000000000
104841  44.277  2.659  18.880 0.0000000000
104833  43.676  2.522  19.746 0.0000000000
104834  43.258  2.468  20.586 0.0000000000
101125  43.357  -0.936  20.538 0.0000000000
102091  43.016  0.036  20.861 0.0000000000
98104  44.868  -4.024  19.106 0.0000000000
97105  44.845  -4.891  20.302 0.0000000000
107386  41.035  5.713  29.240 0.0000000000
107385  41.813  6.113  29.143 0.0000000000
101946  42.165  -0.503  35.236 0.0000000000
101961  41.460  -0.464  34.128 0.0000000000
109169  50.997  7.453  29.042 0.0000000000
109170  50.307  7.337  29.184 0.0000000000
108312  49.308  6.596  28.183 0.0000000000
107410  48.404  6.066  26.981 0.0000000000
107411  47.792  5.822  26.945 0.0000000000
107422  48.313  5.842  26.385 0.0000000000
107454  47.245  5.709  24.327 0.0000000000
105665  44.880  3.093  27.306 0.0000000000
104778  44.287  2.788  26.055 0.0000000000
104786  45.025  3.191  25.257 0.0000000000
103065  49.055  1.039  16.216 0.0000000000
103981  48.698  2.030  16.592 0.0000000000
103066  48.082  1.275  16.284 0.0000000000
103067  47.329  1.392  16.142 0.0000000000
103057  46.743  0.976  16.262 0.0000000000
102131  47.407  0.388  16.214 0.0000000000
100175  46.640  -1.920  16.980 0.0000000000
100164  47.129  -2.736  17.753 0.0000000000
100155  47.229  -3.057  18.436 0.0000000000
100991  37.438  -1.665  33.377 0.0000000000
107327  52.401  5.344  33.241 0.0000000000
106491  51.963  5.116  32.430 0.0000000000
107345  51.637  5.705  31.222 0.0000000000
107365  50.913  5.835  30.480 0.0000000000
101108  44.963  -1.602  22.399 0.0000000000
101123  45.639  -1.168  21.460 0.0000000000
101134  47.233  -1.242  20.705 0.0000000000
102084  51.018  -0.138  20.186 0.0000000000
102098  51.917  0.539  19.299 0.0000000000
103033  51.247  0.836  18.350 0.0000000000
103045  51.416  0.952  17.753 0.0000000000
103044  52.052  0.378  18.286 0.0000000000
102109  52.122  -0.177  18.135 0.0000000000
104721  44.172  2.307  35.476 0.0000000000
104729  42.630  1.840  33.671 0.0000000000
104732  42.549  1.977  32.607 0.0000000000
101986  38.920  -0.795  30.514 0.0000000000
101990  39.150  -0.845  29.882 0.0000000000
101989  39.459  -0.581  29.379 0.0000000000
99016  41.463  -3.063  27.158 0.0000000000
100045  41.047  -2.176  27.122 0.0000000000
100062  41.515  -2.247  26.620 0.0000000000
101054  41.176  -1.398  26.730 0.0000000000
102012  41.465  -0.549  26.445 0.0000000000
101080  42.825  -1.096  24.929 0.0000000000
101079  43.333  -1.725  24.537 0.0000000000
100090  44.763  -2.909  24.181 0.0000000000
99043  47.208  -3.253  25.774 0.0000000000
100073  48.747  -2.605  25.663 0.0000000000
109130  48.275  7.616  31.752 0.0000000000
109969  47.355  8.395  30.811 0.0000000000
109959  46.476  8.728  31.211 0.0000000000
109977  46.238  8.394  30.241 0.0000000000
109175  45.053  7.707  30.081 0.0000000000
108301  45.022  7.379  29.538 0.0000000000
108341  43.477  6.403  27.136 0.0000000000
107488  41.734  4.667  22.290 0.0000000000
106608  41.936  4.449  21.991 0.0000000000
104825  42.661  2.471  21.255 0.0000000000
106466  46.790  4.473  35.377 0.0000000000
105663  46.988  4.082  27.805 0.0000000000
105651  47.142  4.391  28.630 0.0000000000
105662  47.746  4.385  28.091 0.0000000000
106558  48.534  4.557  27.801 0.0000000000
106543  49.140  5.069  28.423 0.0000000000
106569  48.801  4.430  27.105 0.0000000000
106568  49.312  4.565  26.574 0.0000000000
103942  45.090  1.628  20.657 0.0000000000
104832  44.889  2.046  20.976 0.0000000000
104831  45.349  2.704  20.728 0.0000000000
106644  47.206  4.834  17.247 0.0000000000
106637  46.672  4.906  18.037 0.0000000000
107500  46.653  5.493  20.439 0.0000000000
108371  46.486  5.772  20.662 0.0000000000
108364  46.466  5.682  21.312 0.0000000000
108378  46.043  6.047  20.240 0.0000000000
107501  45.917  5.958  19.769 0.0000000000
106632  44.600  4.927  19.127 0.0000000000
103051  45.146  0.513  17.984 0.0000000000
103964  44.760  1.476  18.348 0.0000000000
103038  44.641  0.487  18.531 0.0000000000
103039  44.272  0.528  19.150 0.0000000000
103024  43.728  0.600  19.804 0.0000000000
101137  43.471  -1.354  19.983 0.0000000000
106473  50.607  4.478  34.310 0.0000000000
107445  39.484  5.049  24.650 0.0000000000
107444  40.452  5.330  24.727 0.0000000000
102925  43.115  0.496  35.108 0.0000000000
102926  42.613  0.208  34.533 0.0000000000
103852  42.514  1.088  34.051 0.0000000000
103854  42.078  1.131  33.151 0.0000000000
97998  40.279  -3.666  28.652 0.0000000000
98010  41.407  -3.605  27.548 0.0000000000
98009  41.985  -3.923  27.427 0.0000000000
98022  42.293  -3.632  26.957 0.0000000000
99032  43.206  -3.820  26.409 0.0000000000
99047  43.712  -3.624  25.649 0.0000000000
108259  50.152  7.118  32.467 0.0000000000
109156  50.018  7.475  29.987 0.0000000000
109157  48.924  7.543  30.164 0.0000000000
109184  47.052  7.225  28.959 0.0000000000
108315  46.374  7.033  28.243 0.0000000000
108328  45.660  6.676  27.523 0.0000000000
108338  45.933  6.362  26.544 0.0000000000
108337  46.700  6.078  26.074 0.0000000000
107440  45.619  5.986  25.129 0.0000000000
105629  45.413  4.164  31.400 0.0000000000
105664  45.998  3.576  27.587 0.0000000000
103961  47.900  2.079  17.882 0.0000000000
104846  47.132  2.455  17.780 0.0000000000
104857  47.525  3.021  17.155 0.0000000000
105750  47.309  4.044  17.285 0.0000000000
104867  47.591  3.069  16.588 0.0000000000
105749  47.548  4.271  16.723 0.0000000000
106651  47.174  4.957  16.370 0.0000000000
107526  46.795  5.554  16.336 0.0000000000
107519  45.953  5.625  16.632 0.0000000000
107520  45.328  5.323  16.812 0.0000000000
105751  45.504  4.015  16.599 0.0000000000
104860  45.373  2.789  17.107 0.0000000000
103058  46.283  0.732  16.846 0.0000000000
103059  45.742  0.618  17.426 0.0000000000
99125  44.944  -2.427  18.646 0.0000000000
98103  45.600  -3.959  19.400 0.0000000000
99123  46.192  -3.005  18.302 0.0000000000
99115  46.274  -3.492  19.012 0.0000000000
98094  45.822  -4.383  20.156 0.0000000000
100989  39.005  -1.502  33.886 0.0000000000
100999  38.204  -1.500  32.770 0.0000000000
101015  38.446  -1.537  30.734 0.0000000000
100024  38.543  -2.259  30.010 0.0000000000
98996  38.901  -2.985  29.466 0.0000000000
108258  51.436  6.754  32.199 0.0000000000
108276  51.864  6.995  31.131 0.0000000000
108288  52.003  6.584  30.969 0.0000000000
109154  51.399  7.236  29.631 0.0000000000
109181  50.935  7.153  28.478 0.0000000000
108323  50.109  6.204  27.174 0.0000000000
103911  43.422  1.310  23.854 0.0000000000
103919  43.661  1.195  23.085 0.0000000000
103927  43.973  1.261  22.459 0.0000000000
103008  44.820  0.529  21.347 0.0000000000
102071  45.126  -0.382  21.431 0.0000000000
103007  45.275  0.129  21.080 0.0000000000
103023  45.012  1.061  20.888 0.0000000000
103022  45.564  0.652  20.481 0.0000000000
103036  46.587  0.756  19.457 0.0000000000
103049  47.421  1.242  18.655 0.0000000000
101120  48.770  -1.559  21.397 0.0000000000
101132  49.014  -1.072  20.734 0.0000000000
102086  48.653  -0.599  20.090 0.0000000000
102102  48.145  -0.142  19.451 0.0000000000
103034  48.393  0.296  18.995 0.0000000000
103960  48.925  1.884  17.586 0.0000000000
103970  49.739  1.698  16.852 0.0000000000
103957  51.194  1.282  16.938 0.0000000000
103969  50.577  1.423  16.586 0.0000000000
103064  49.944  0.669  16.010 0.0000000000
101174  49.734  -0.661  16.752 0.0000000000
101165  49.280  -1.043  16.925 0.0000000000
100162  49.729  -1.652  17.753 0.0000000000
100152  50.620  -1.799  18.709 0.0000000000
105607  46.376  3.807  35.931 0.0000000000
106467  45.863  4.209  35.303 0.0000000000
106488  45.536  4.446  33.797 0.0000000000
105618  45.066  4.110  33.202 0.0000000000
103848  43.932  1.503  35.800 0.0000000000
104724  43.998  2.630  34.738 0.0000000000
105612  44.021  2.927  34.256 0.0000000000
105615  44.446  3.717  33.846 0.0000000000
105619  44.571  3.528  32.847 0.0000000000
105630  44.746  3.709  30.836 0.0000000000
105641  44.045  3.383  29.223 0.0000000000
104746  43.318  2.898  28.815 0.0000000000
104779  43.108  2.305  26.275 0.0000000000
101975  40.375  -0.154  32.468 0.0000000000
101981  39.414  -0.266  31.053 0.0000000000
102939  40.040  0.199  31.401 0.0000000000
102938  40.760  0.512  31.592 0.0000000000
103866  40.716  1.098  30.540 0.0000000000
103870  40.656  1.135  29.595 0.0000000000
100034  39.605  -2.102  28.604 0.0000000000
101029  39.806  -1.318  28.244 0.0000000000
101993  39.712  -0.539  28.668 0.0000000000
101992  40.122  -0.554  28.099 0.0000000000
102950  40.256  0.329  28.780 0.0000000000
103869  41.248  1.543  29.277 0.0000000000
103894  41.839  0.969  26.708 0.0000000000
103893  42.349  1.356  26.006 0.0000000000
103902  42.885  1.352  25.125 0.0000000000
103912  43.088  1.019  24.505 0.0000000000
102980  43.189  0.311  24.233 0.0000000000
102046  43.730  -0.598  23.224 0.0000000000
102045  44.249  -0.969  22.706 0.0000000000
101093  43.582  -1.196  23.765 0.0000000000
101107  45.930  -2.055  22.168 0.0000000000
101106  46.529  -2.345  22.261 0.0000000000
99059  44.781  -3.622  25.066 0.0000000000
99057  46.602  -3.250  24.693 0.0000000000
100088  46.308  -3.049  23.956 0.0000000000
100103  46.892  -2.990  23.718 0.0000000000
100114  48.285  -2.294  22.755 0.0000000000
101949  38.841  -0.899  35.481 0.0000000000
101964  38.396  -1.200  34.905 0.0000000000
100966  37.849  -1.113  34.717 0.0000000000
100969  35.308  -1.259  34.952 0.0000000000
100981  35.749  -1.818  34.124 0.0000000000
99967  35.128  -2.247  34.039 0.0000000000
110709  45.016  9.087  31.905 0.0000000000
109960  45.860  8.959  31.470 0.0000000000
110718  45.290  9.089  31.573 0.0000000000
110719  44.708  9.122  31.578 0.0000000000
107384  42.288  6.361  29.237 0.0000000000
107399  42.401  6.219  28.725 0.0000000000
108318  43.125  6.414  28.297 0.0000000000
108340  44.066  6.379  26.776 0.0000000000
107424  43.778  6.245  26.349 0.0000000000
107460  40.174  4.835  23.791 0.0000000000
105718  41.255  3.221  22.334 0.0000000000
106465  47.900  4.414  35.387 0.0000000000
107330  50.483  5.244  33.162 0.0000000000
106517  46.333  4.527  31.049 0.0000000000
106505  47.069  4.922  31.792 0.0000000000
106530  47.387  4.714  29.912 0.0000000000
106515  47.955  5.145  30.577 0.0000000000
106504  48.121  5.194  31.636 0.0000000000
106503  48.739  5.180  31.935 0.0000000000
107336  49.454  5.235  32.438 0.0000000000
107329  50.737  5.287  32.986 0.0000000000
106542  49.677  5.255  27.816 0.0000000000
107397  50.051  5.718  28.540 0.0000000000
107396  50.841  6.303  28.639 0.0000000000
107407  50.301  5.890  27.512 0.0000000000
107420  50.241  5.919  26.466 0.0000000000
108346  49.626  6.002  25.675 0.0000000000
104797  45.040  3.114  24.238 0.0000000000
104796  45.513  3.322  23.942 0.0000000000
105699  45.977  3.490  24.020 0.0000000000
105698  47.060  3.766  24.337 0.0000000000
104848  46.164  2.438  18.948 0.0000000000
105730  45.936  3.769  20.171 0.0000000000
106631  46.364  4.416  19.642 0.0000000000
105724  45.921  3.973  21.265 0.0000000000
105706  47.805  4.188  23.855 0.0000000000
106586  48.341  4.323  23.963 0.0000000000
106585  48.936  4.646  24.383 0.0000000000
106584  49.086  5.353  24.461 0.0000000000
107451  49.269  5.633  25.141 0.0000000000
107452  48.857  5.758  25.032 0.0000000000
108365  46.058  5.898  21.648 0.0000000000
108366  45.591  6.031  21.831 0.0000000000
107484  45.778  5.889  22.356 0.0000000000
107495  43.820  5.048  21.079 0.0000000000
106638  44.751  4.842  18.107 0.0000000000
105737  44.362  3.934  18.771 0.0000000000
106633  43.973  4.267  19.597 0.0000000000
106626  43.629  4.553  20.379 0.0000000000
106617  43.130  4.564  21.015 0.0000000000
105732  42.942  3.181  20.891 0.0000000000
103025  43.213  0.698  20.538 0.0000000000
103009  42.662  0.709  21.168 0.0000000000
100141  48.741  -2.747  19.498 0.0000000000
97104  45.352  -4.713  20.279 0.0000000000
99003  41.100  -3.307  27.627 0.0000000000
99015  42.006  -3.373  26.922 0.0000000000
99033  42.428  -3.300  26.390 0.0000000000
99060  44.236  -3.652  25.284 0.0000000000
99068  47.122  -3.165  24.408 0.0000000000
99113  47.723  -3.202  19.420 0.0000000000
100116  46.338  -2.584  22.803 0.0000000000
100172  49.478  -1.309  17.270 0.0000000000
100977  38.760  -1.481  34.056 0.0000000000
101022  39.238  -1.226  29.502 0.0000000000
101136  45.870  -0.698  20.961 0.0000000000
101155  50.494  -1.280  17.576 0.0000000000
101156  45.650  -1.445  17.458 0.0000000000
101166  48.433  -1.103  16.665 0.0000000000
102070  45.572  -0.294  21.001 0.0000000000
102072  43.196  -0.594  20.877 0.0000000000
102112  50.440  0.798  18.557 0.0000000000
102115  44.297  -0.754  18.701 0.0000000000
102118  51.571  0.191  17.642 0.0000000000
102120  50.544  -0.222  16.901 0.0000000000
102121  50.115  -0.523  16.781 0.0000000000
102128  49.995  -0.119  16.437 0.0000000000
102922  43.331  0.295  35.856 0.0000000000
102930  41.709  0.218  33.393 0.0000000000
102934  40.897  0.076  32.402 0.0000000000
102935  40.326  0.120  32.053 0.0000000000
102947  39.744  0.098  29.620 0.0000000000
103050  46.826  1.329  18.846 0.0000000000
103062  51.009  0.684  16.628 0.0000000000
103063  50.580  0.425  16.462 0.0000000000
103849  43.446  1.173  35.350 0.0000000000
103855  41.705  0.679  32.923 0.0000000000
103860  41.840  1.731  31.595 0.0000000000
103862  40.805  0.894  31.099 0.0000000000
103877  40.798  1.052  28.867 0.0000000000
103950  45.972  1.758  19.241 0.0000000000
103951  44.426  1.165  18.844 0.0000000000
103958  50.643  1.532  17.214 0.0000000000
103968  51.052  1.048  16.521 0.0000000000
103973  46.430  1.566  16.499 0.0000000000
103979  50.576  1.036  16.207 0.0000000000
104776  45.490  3.336  25.991 0.0000000000
104850  44.474  2.138  18.458 0.0000000000
105605  47.996  3.999  36.074 0.0000000000
105650  47.645  4.507  28.633 0.0000000000
105666  44.105  2.899  27.623 0.0000000000
105673  48.714  4.381  26.686 0.0000000000
105700  45.543  3.357  24.279 0.0000000000
105762  46.065  3.825  16.191 0.0000000000
106469  44.744  3.542  35.047 0.0000000000
106478  45.348  4.305  34.606 0.0000000000
106481  52.133  4.940  32.854 0.0000000000
106489  44.913  4.228  34.092 0.0000000000
106493  51.525  4.920  32.941 0.0000000000
106494  49.582  5.247  32.747 0.0000000000
106495  48.962  5.122  32.497 0.0000000000
106555  50.130  5.537  26.578 0.0000000000
106576  50.207  5.692  25.826 0.0000000000
106616  46.396  4.529  21.078 0.0000000000
106619  41.821  3.847  21.902 0.0000000000
106625  44.297  4.956  19.876 0.0000000000
106627  42.847  3.985  20.771 0.0000000000
106643  47.327  5.016  16.751 0.0000000000
106645  45.406  5.018  16.457 0.0000000000
106652  46.750  4.938  15.912 0.0000000000
107333  51.653  5.339  32.095 0.0000000000
107335  50.076  5.349  32.639 0.0000000000
107344  52.037  6.132  31.112 0.0000000000
107349  48.664  5.257  31.690 0.0000000000
107367  49.313  5.510  31.020 0.0000000000
107409  48.678  6.218  26.963 0.0000000000
107423  47.495  5.790  26.249 0.0000000000
107434  50.098  5.902  25.864 0.0000000000
107467  48.954  5.549  24.523 0.0000000000
107481  48.297  5.510  23.495 0.0000000000
107517  47.210  5.299  16.955 0.0000000000
107525  47.144  5.385  16.681 0.0000000000
107527  46.364  5.454  15.947 0.0000000000
108289  51.815  6.864  30.324 0.0000000000
108298  50.266  7.119  28.717 0.0000000000
108309  51.235  6.699  28.787 0.0000000000
108325  48.797  6.349  27.307 0.0000000000
108334  50.058  6.132  26.133 0.0000000000
108335  49.743  6.278  26.392 0.0000000000
108345  49.924  6.009  25.721 0.0000000000
108348  46.632  5.984  25.504 0.0000000000
108355  48.966  5.857  25.179 0.0000000000
108356  49.113  6.222  25.648 0.0000000000
108384  46.314  5.785  19.696 0.0000000000
108385  46.206  5.964  19.830 0.0000000000
109132  46.455  8.268  32.381 0.0000000000
109141  51.417  7.347  30.427 0.0000000000
109168  51.347  7.124  28.920 0.0000000000
109171  49.363  7.239  29.414 0.0000000000
109182  50.590  7.225  28.704 0.0000000000
109958  47.102  8.528  31.176 0.0000000000
109970  46.801  8.488  30.618 0.0000000000
110725  45.507  9.045  31.214 0.0000000000
110726  45.087  9.092  31.131 0.0000000000
