#!ascii label  , from subject 4057 vox2ras=TkReg
1091
114796  46.600  16.083  32.459 0.0000000000
135489  51.209  22.959  31.052 0.0000000000
112641  50.424  12.752  38.324 0.0000000000
114074  40.757  14.375  34.195 0.0000000000
112035  43.568  11.141  36.121 0.0000000000
114160  49.757  14.332  26.403 0.0000000000
119000  44.905  22.102  34.302 0.0000000000
117583  46.424  19.911  28.218 0.0000000000
109876  49.864  8.229  39.705 0.0000000000
107325  50.967  5.697  35.054 0.0000000000
115528  52.061  16.319  31.491 0.0000000000
113355  50.044  13.837  35.107 0.0000000000
116208  48.342  17.241  35.095 0.0000000000
113294  44.809  13.672  40.511 0.0000000000
119736  48.562  23.119  24.615 0.0000000000
115612  50.968  16.365  25.842 0.0000000000
109087  46.640  7.800  36.043 0.0000000000
114786  43.373  15.347  33.293 0.0000000000
113343  42.144  13.153  35.187 0.0000000000
114070  44.743  14.344  34.622 0.0000000000
115553  48.648  16.050  28.867 0.0000000000
115546  44.056  16.324  30.236 0.0000000000
117544  43.540  20.271  31.492 0.0000000000
107269  48.994  5.326  40.897 0.0000000000
106444  51.708  4.632  37.393 0.0000000000
105591  49.501  4.049  36.730 0.0000000000
117669  52.502  19.077  21.470 0.0000000000
117549  51.944  19.357  30.319 0.0000000000
116885  51.062  17.950  33.085 0.0000000000
118267  49.206  20.334  32.729 0.0000000000
117427  45.204  19.379  41.536 0.0000000000
116812  45.088  18.078  39.398 0.0000000000
114673  44.778  15.407  42.449 0.0000000000
112584  46.487  12.374  42.871 0.0000000000
117551  49.485  19.551  29.815 0.0000000000
117609  48.626  18.836  26.669 0.0000000000
117595  51.931  19.241  28.096 0.0000000000
115568  52.774  16.373  27.883 0.0000000000
113334  50.476  13.766  36.369 0.0000000000
112030  48.443  11.224  36.037 0.0000000000
110665  49.224  9.490  36.405 0.0000000000
110685  41.448  10.001  33.962 0.0000000000
110700  42.652  9.567  33.283 0.0000000000
112734  50.634  12.535  23.628 0.0000000000
114196  46.885  14.047  24.997 0.0000000000
120313  48.148  23.289  32.672 0.0000000000
120277  48.568  23.530  35.622 0.0000000000
120348  41.844  24.000  28.619 0.0000000000
120354  44.252  24.069  27.866 0.0000000000
117542  45.872  19.647  31.306 0.0000000000
111347  50.473  10.046  38.765 0.0000000000
109083  50.648  7.628  37.148 0.0000000000
108217  51.341  6.091  37.284 0.0000000000
107328  52.347  5.533  33.780 0.0000000000
114806  49.818  15.865  31.181 0.0000000000
114082  48.686  14.982  33.815 0.0000000000
114768  50.878  15.940  33.615 0.0000000000
115503  50.379  16.317  35.242 0.0000000000
114740  49.464  15.346  37.658 0.0000000000
117488  46.336  20.278  36.271 0.0000000000
114760  46.109  15.893  36.872 0.0000000000
113322  48.182  13.716  39.030 0.0000000000
111993  47.141  11.291  40.318 0.0000000000
110619  48.134  8.643  41.698 0.0000000000
120390  50.724  23.944  23.452 0.0000000000
117652  50.118  19.102  22.259 0.0000000000
116296  47.858  17.630  23.532 0.0000000000
114209  50.773  14.170  23.431 0.0000000000
113429  53.007  13.894  25.349 0.0000000000
114846  51.384  15.104  28.783 0.0000000000
112662  47.083  12.684  35.693 0.0000000000
110669  45.005  9.565  36.162 0.0000000000
109950  44.845  8.859  32.715 0.0000000000
108236  48.634  6.463  34.404 0.0000000000
114797  45.318  15.930  32.712 0.0000000000
114085  44.254  14.662  34.172 0.0000000000
114784  45.528  15.387  33.579 0.0000000000
114823  47.695  16.351  30.406 0.0000000000
115544  46.222  16.574  29.895 0.0000000000
115524  45.758  16.422  31.805 0.0000000000
114810  43.808  16.154  31.834 0.0000000000
106405  48.479  4.176  41.336 0.0000000000
105541  50.021  3.940  39.629 0.0000000000
105560  48.906  3.338  38.162 0.0000000000
109148  41.409  8.079  31.108 0.0000000000
135487  51.482  20.926  30.513 0.0000000000
117527  50.286  20.318  31.807 0.0000000000
119013  50.380  22.134  32.661 0.0000000000
116120  44.377  17.830  43.086 0.0000000000
116138  45.023  17.628  41.764 0.0000000000
135484  50.543  22.163  30.253 0.0000000000
117562  50.478  19.602  28.814 0.0000000000
118315  51.793  20.537  29.325 0.0000000000
118314  52.197  20.139  29.368 0.0000000000
112646  50.646  12.643  37.599 0.0000000000
112028  50.104  11.430  36.541 0.0000000000
112026  50.540  11.546  37.213 0.0000000000
113365  39.922  13.535  34.552 0.0000000000
113345  40.458  13.101  35.005 0.0000000000
112666  42.552  12.280  35.492 0.0000000000
112043  41.966  11.498  35.261 0.0000000000
111381  42.273  10.704  35.162 0.0000000000
110684  42.271  9.889  33.998 0.0000000000
111380  43.179  10.313  35.470 0.0000000000
113432  50.751  13.086  25.254 0.0000000000
113442  49.195  13.114  23.899 0.0000000000
114177  48.569  14.114  25.512 0.0000000000
114788  41.444  15.557  32.890 0.0000000000
114075  40.019  14.284  33.868 0.0000000000
119678  46.523  22.908  33.729 0.0000000000
120292  47.043  23.795  34.673 0.0000000000
119669  45.844  23.011  34.927 0.0000000000
118271  44.526  21.178  32.809 0.0000000000
117543  44.730  20.122  31.597 0.0000000000
118270  45.419  21.042  32.525 0.0000000000
118268  47.172  21.373  32.089 0.0000000000
110640  49.757  9.271  39.452 0.0000000000
109888  51.282  8.313  38.102 0.0000000000
108201  50.765  6.975  38.680 0.0000000000
106462  51.230  4.228  35.297 0.0000000000
106450  52.338  4.836  36.253 0.0000000000
106471  52.220  4.727  33.753 0.0000000000
114805  50.906  15.658  31.510 0.0000000000
114793  50.123  15.685  32.362 0.0000000000
114791  51.415  15.993  32.648 0.0000000000
116231  50.087  17.692  34.131 0.0000000000
116217  50.647  16.760  34.401 0.0000000000
116207  49.384  17.079  35.097 0.0000000000
115490  49.705  16.198  36.123 0.0000000000
115491  49.012  16.319  36.443 0.0000000000
119628  47.514  22.726  37.869 0.0000000000
118968  47.632  21.685  36.222 0.0000000000
118190  47.120  21.164  38.074 0.0000000000
114690  44.364  15.592  39.996 0.0000000000
116181  44.784  17.589  37.831 0.0000000000
114031  44.673  14.894  38.258 0.0000000000
114042  46.534  14.797  37.867 0.0000000000
113324  45.773  13.728  38.828 0.0000000000
112634  47.862  12.327  39.390 0.0000000000
112636  45.987  12.526  40.190 0.0000000000
111938  47.002  11.575  43.864 0.0000000000
111962  47.124  10.866  42.708 0.0000000000
119734  50.399  23.527  24.567 0.0000000000
119078  50.691  21.376  23.104 0.0000000000
118383  48.736  20.943  23.069 0.0000000000
119724  45.039  22.364  27.261 0.0000000000
119732  44.785  23.124  26.321 0.0000000000
118342  46.028  20.665  26.776 0.0000000000
116270  49.472  17.759  26.250 0.0000000000
116281  47.805  17.748  25.216 0.0000000000
115614  49.234  16.605  25.299 0.0000000000
114923  49.022  15.515  23.864 0.0000000000
114912  50.758  15.094  24.830 0.0000000000
114193  52.270  14.121  24.582 0.0000000000
114897  52.934  15.333  25.834 0.0000000000
115539  52.403  16.404  30.111 0.0000000000
114127  52.843  14.769  28.546 0.0000000000
114818  52.255  15.875  30.036 0.0000000000
114820  50.871  15.604  30.378 0.0000000000
114066  48.996  14.296  34.325 0.0000000000
113358  47.357  13.881  34.763 0.0000000000
113337  48.671  13.010  35.092 0.0000000000
110667  47.032  9.532  36.604 0.0000000000
111371  46.655  10.461  36.489 0.0000000000
109906  45.215  8.757  35.878 0.0000000000
109099  44.592  8.477  34.800 0.0000000000
109102  45.062  8.105  34.074 0.0000000000
107311  50.378  6.040  36.256 0.0000000000
109079  49.611  7.159  36.869 0.0000000000
108235  50.018  5.916  34.691 0.0000000000
114087  42.577  14.876  33.878 0.0000000000
113363  41.622  13.650  34.960 0.0000000000
114072  42.845  14.171  34.489 0.0000000000
113361  44.030  13.728  34.995 0.0000000000
113341  44.349  13.154  35.525 0.0000000000
114849  48.983  15.630  28.098 0.0000000000
114800  42.172  15.949  32.302 0.0000000000
108190  49.976  6.478  39.954 0.0000000000
108189  50.674  6.253  39.072 0.0000000000
106418  50.817  4.716  39.110 0.0000000000
105576  50.899  4.137  37.665 0.0000000000
116236  52.197  17.505  31.293 0.0000000000
116233  51.720  17.044  32.790 0.0000000000
116891  50.709  18.622  31.999 0.0000000000
116886  50.056  18.617  32.738 0.0000000000
116882  48.183  19.119  33.426 0.0000000000
118146  46.219  20.482  41.053 0.0000000000
117450  46.391  19.472  39.486 0.0000000000
116804  45.731  18.840  40.692 0.0000000000
116146  45.117  17.458  40.973 0.0000000000
113976  44.667  14.487  41.886 0.0000000000
113280  45.365  13.187  41.620 0.0000000000
113962  45.403  14.120  43.004 0.0000000000
113238  46.086  12.884  43.698 0.0000000000
111927  46.388  11.737  44.062 0.0000000000
120985  47.628  24.519  25.668 0.0000000000
117564  48.674  18.934  29.076 0.0000000000
117599  48.027  19.557  27.327 0.0000000000
117581  48.893  19.125  28.140 0.0000000000
116921  50.321  18.535  27.525 0.0000000000
116259  51.639  18.136  27.133 0.0000000000
115600  52.854  16.254  26.555 0.0000000000
116918  52.586  18.415  27.960 0.0000000000
116900  52.305  18.423  29.898 0.0000000000
113335  50.128  13.417  35.751 0.0000000000
112660  49.059  12.373  35.369 0.0000000000
112659  49.779  12.509  35.888 0.0000000000
111369  48.838  10.394  36.112 0.0000000000
109903  48.540  8.511  36.712 0.0000000000
108258  51.436  6.754  32.199 0.0000000000
108259  50.152  7.118  32.467 0.0000000000
110687  39.869  9.865  34.428 0.0000000000
112667  41.560  12.284  35.187 0.0000000000
111383  40.960  10.994  34.738 0.0000000000
110702  40.964  9.523  33.508 0.0000000000
110714  41.240  9.259  32.781 0.0000000000
110713  42.065  9.481  32.572 0.0000000000
109963  42.776  8.853  31.432 0.0000000000
113466  49.556  13.080  22.039 0.0000000000
113455  47.421  13.479  23.448 0.0000000000
120321  49.795  23.573  31.535 0.0000000000
120301  49.961  23.590  33.054 0.0000000000
120915  48.466  24.388  34.268 0.0000000000
120877  47.483  23.795  36.652 0.0000000000
120253  47.286  22.853  38.342 0.0000000000
118918  46.217  21.422  39.725 0.0000000000
118148  45.270  20.669  41.100 0.0000000000
120346  43.720  24.080  28.399 0.0000000000
119715  44.303  23.051  28.101 0.0000000000
118318  45.592  20.812  28.118 0.0000000000
116902  46.769  18.945  29.649 0.0000000000
117540  48.076  19.884  30.925 0.0000000000
119703  48.920  22.557  31.419 0.0000000000
112009  50.302  11.577  38.665 0.0000000000
111364  50.876  10.435  37.438 0.0000000000
111360  51.275  9.503  37.936 0.0000000000
109077  51.119  7.580  37.470 0.0000000000
107319  51.276  5.599  35.689 0.0000000000
107303  51.721  5.420  37.237 0.0000000000
107308  52.159  5.176  36.061 0.0000000000
108233  51.787  5.709  34.323 0.0000000000
114795  47.787  15.980  32.079 0.0000000000
114782  47.282  15.451  32.984 0.0000000000
114781  48.313  15.488  33.026 0.0000000000
114081  49.661  14.864  33.889 0.0000000000
114080  50.311  14.939  34.210 0.0000000000
116228  51.218  16.833  33.523 0.0000000000
114769  50.652  15.584  34.330 0.0000000000
114064  50.482  14.697  34.997 0.0000000000
114051  50.515  14.730  35.928 0.0000000000
114049  50.480  14.559  36.884 0.0000000000
114025  50.274  13.820  38.288 0.0000000000
118983  48.566  22.142  34.620 0.0000000000
118233  47.096  20.363  34.545 0.0000000000
116870  46.831  18.921  34.500 0.0000000000
117476  45.861  19.471  37.861 0.0000000000
116862  45.693  18.562  36.059 0.0000000000
116209  47.147  17.121  35.510 0.0000000000
114758  47.772  15.596  36.938 0.0000000000
114725  48.831  14.833  38.311 0.0000000000
113320  50.002  13.360  38.679 0.0000000000
112633  48.984  12.500  39.300 0.0000000000
111349  48.554  10.822  39.744 0.0000000000
111335  48.356  10.094  40.349 0.0000000000
111977  46.538  11.474  41.512 0.0000000000
110632  47.964  9.920  40.995 0.0000000000
109868  48.685  8.001  41.062 0.0000000000
109045  48.675  7.255  41.360 0.0000000000
119077  51.565  22.044  23.017 0.0000000000
117651  51.152  19.694  22.285 0.0000000000
116313  50.721  17.087  21.567 0.0000000000
116944  46.922  18.803  25.701 0.0000000000
118384  47.541  20.657  23.297 0.0000000000
116303  48.737  17.542  22.666 0.0000000000
115636  49.711  16.004  22.087 0.0000000000
114229  50.460  14.533  22.067 0.0000000000
113451  51.270  13.328  23.157 0.0000000000
112725  51.987  12.958  24.686 0.0000000000
113424  51.420  13.608  26.291 0.0000000000
114880  53.264  15.102  26.549 0.0000000000
114142  52.485  14.350  27.736 0.0000000000
114144  50.952  14.630  27.476 0.0000000000
114832  49.793  15.568  29.061 0.0000000000
115529  49.082  16.181  30.415 0.0000000000
114068  46.944  14.516  34.220 0.0000000000
114052  45.969  13.782  34.941 0.0000000000
112664  44.955  12.549  35.929 0.0000000000
112650  47.337  12.192  35.970 0.0000000000
112032  46.166  11.250  36.308 0.0000000000
111373  44.543  10.279  36.211 0.0000000000
110682  43.992  9.209  34.948 0.0000000000
110699  43.568  9.248  33.177 0.0000000000
109901  50.455  8.730  37.003 0.0000000000
109085  49.035  7.482  36.846 0.0000000000
109096  46.944  7.052  35.648 0.0000000000
108260  48.957  7.228  32.438 0.0000000000
108246  46.309  7.149  33.478 0.0000000000
105592  48.559  3.869  36.547 0.0000000000
106464  48.988  4.371  35.257 0.0000000000
114783  46.339  15.549  33.266 0.0000000000
115523  46.830  16.376  31.478 0.0000000000
115531  46.964  16.457  30.572 0.0000000000
115525  45.093  16.244  31.951 0.0000000000
105542  48.756  3.101  39.368 0.0000000000
135493  51.138  22.192  31.147 0.0000000000
119012  50.645  21.663  31.862 0.0000000000
119690  50.720  22.510  32.150 0.0000000000
135490  50.859  23.028  30.701 0.0000000000
118304  51.274  21.847  30.224 0.0000000000
135491  51.333  21.303  30.523 0.0000000000
112669  39.962  12.857  35.020 0.0000000000
113364  40.925  13.710  34.784 0.0000000000
112665  43.713  12.181  36.003 0.0000000000
112042  42.799  11.332  35.720 0.0000000000
111390  42.566  10.135  34.701 0.0000000000
113426  49.709  13.781  25.742 0.0000000000
113433  49.368  13.284  25.052 0.0000000000
114161  48.953  14.575  26.097 0.0000000000
114088  41.566  15.000  33.705 0.0000000000
114089  40.587  14.977  33.340 0.0000000000
118999  45.927  22.212  33.676 0.0000000000
119679  45.861  22.679  34.329 0.0000000000
119680  45.459  22.607  34.715 0.0000000000
119018  44.365  21.510  33.495 0.0000000000
119017  45.193  21.671  33.269 0.0000000000
119016  46.252  21.661  32.979 0.0000000000
109875  50.473  8.361  39.138 0.0000000000
109054  50.354  7.362  39.322 0.0000000000
106472  51.569  4.451  34.121 0.0000000000
114804  51.519  15.965  31.874 0.0000000000
116868  48.914  17.848  34.200 0.0000000000
116219  49.620  17.526  34.501 0.0000000000
115505  49.154  16.689  35.713 0.0000000000
118924  47.550  22.222  38.706 0.0000000000
118931  47.442  22.056  37.676 0.0000000000
118179  47.361  21.142  38.965 0.0000000000
113998  44.369  14.543  40.300 0.0000000000
114704  44.262  15.683  38.911 0.0000000000
113325  44.944  14.186  38.756 0.0000000000
113314  44.863  13.835  39.534 0.0000000000
113313  45.775  12.930  39.745 0.0000000000
111279  46.827  11.102  44.195 0.0000000000
120360  49.446  24.288  25.377 0.0000000000
120359  49.918  24.469  25.197 0.0000000000
119735  49.588  23.248  24.686 0.0000000000
119066  49.653  21.852  23.506 0.0000000000
119744  49.076  22.600  24.127 0.0000000000
119046  45.783  21.071  27.600 0.0000000000
119051  45.430  21.575  26.881 0.0000000000
116278  50.360  16.832  25.903 0.0000000000
116279  49.728  17.086  25.808 0.0000000000
115613  49.998  16.267  25.429 0.0000000000
114913  49.893  15.372  24.723 0.0000000000
114899  51.478  15.403  25.272 0.0000000000
114175  52.126  14.822  24.968 0.0000000000
115611  51.941  16.135  25.876 0.0000000000
114819  51.838  15.869  30.577 0.0000000000
114065  49.857  14.328  34.508 0.0000000000
113357  48.353  13.770  34.812 0.0000000000
113356  49.277  13.656  34.765 0.0000000000
109905  46.287  8.670  36.344 0.0000000000
109088  45.768  8.094  35.743 0.0000000000
109098  45.008  8.208  35.138 0.0000000000
109097  45.922  7.340  34.994 0.0000000000
107320  50.558  5.764  35.703 0.0000000000
108228  49.891  6.040  36.011 0.0000000000
114086  43.556  14.741  33.987 0.0000000000
114772  44.685  14.798  34.146 0.0000000000
114071  43.790  14.211  34.492 0.0000000000
113360  44.778  13.754  35.165 0.0000000000
115570  47.966  16.188  28.275 0.0000000000
115554  47.611  16.365  28.993 0.0000000000
115545  45.132  16.471  30.095 0.0000000000
115556  45.480  16.497  29.162 0.0000000000
114798  44.123  15.720  32.623 0.0000000000
114799  43.112  15.939  32.509 0.0000000000
114787  42.361  15.566  33.162 0.0000000000
108179  49.353  6.147  40.624 0.0000000000
107281  50.458  5.517  39.589 0.0000000000
106419  50.160  4.778  39.849 0.0000000000
105577  49.762  3.889  37.532 0.0000000000
105558  50.543  4.211  38.714 0.0000000000
105590  50.495  4.076  36.571 0.0000000000
105604  50.821  4.058  35.877 0.0000000000
106452  49.915  4.224  36.229 0.0000000000
119089  52.107  21.484  21.921 0.0000000000
119107  52.068  21.061  21.171 0.0000000000
116895  52.010  18.140  30.847 0.0000000000
116889  51.974  17.815  31.337 0.0000000000
116896  51.648  18.750  30.901 0.0000000000
117528  49.666  19.725  32.256 0.0000000000
116892  50.163  19.171  32.023 0.0000000000
117529  49.171  19.703  32.659 0.0000000000
116887  49.266  19.107  32.726 0.0000000000
117518  48.692  19.737  33.061 0.0000000000
117433  45.684  19.738  41.200 0.0000000000
117440  45.984  19.399  40.949 0.0000000000
116796  45.601  18.930  41.292 0.0000000000
115420  44.677  16.828  42.509 0.0000000000
115429  44.624  16.610  41.628 0.0000000000
114680  44.318  15.391  41.221 0.0000000000
113975  45.032  14.296  42.550 0.0000000000
114672  45.106  14.687  42.848 0.0000000000
113946  45.570  13.987  43.637 0.0000000000
113926  45.895  13.543  43.779 0.0000000000
113223  45.949  12.730  44.026 0.0000000000
112551  45.678  12.654  44.240 0.0000000000
117563  49.741  19.143  28.973 0.0000000000
117579  51.020  19.423  28.292 0.0000000000
116909  51.073  19.079  27.955 0.0000000000
116260  51.116  18.172  27.201 0.0000000000
116919  52.173  18.605  27.548 0.0000000000
116929  52.578  17.994  27.304 0.0000000000
117594  52.351  19.057  27.984 0.0000000000
117561  52.251  19.493  29.517 0.0000000000
112658  50.246  13.093  36.186 0.0000000000
111368  49.798  10.456  36.227 0.0000000000
110666  48.163  9.501  36.536 0.0000000000
111393  40.382  10.655  34.609 0.0000000000
114055  42.213  13.842  34.906 0.0000000000
113344  41.180  13.019  35.034 0.0000000000
111382  41.545  10.909  34.883 0.0000000000
111392  41.147  10.510  34.429 0.0000000000
110686  40.673  9.958  34.140 0.0000000000
109951  42.388  9.235  31.891 0.0000000000
110712  42.935  9.430  32.457 0.0000000000
112741  50.738  12.613  22.714 0.0000000000
112742  50.092  12.669  22.784 0.0000000000
113434  48.005  13.803  24.908 0.0000000000
113443  48.253  13.482  24.156 0.0000000000
113444  47.031  13.628  24.392 0.0000000000
113445  45.955  13.595  24.147 0.0000000000
120312  48.977  23.659  32.232 0.0000000000
120302  49.248  23.906  33.018 0.0000000000
120303  48.083  23.974  33.513 0.0000000000
120279  47.277  23.936  35.665 0.0000000000
120259  46.894  23.444  37.617 0.0000000000
118926  46.271  21.935  38.584 0.0000000000
118909  45.776  21.168  40.615 0.0000000000
120953  43.371  25.102  28.867 0.0000000000
120347  42.896  24.050  28.600 0.0000000000
119716  43.452  22.972  28.357 0.0000000000
119039  44.071  21.864  28.247 0.0000000000
119038  45.037  21.692  28.178 0.0000000000
117554  46.270  19.082  30.204 0.0000000000
117566  46.262  19.229  29.145 0.0000000000
117553  47.314  19.026  30.256 0.0000000000
117541  46.957  19.734  31.094 0.0000000000
119693  47.833  22.810  32.520 0.0000000000
119024  48.274  21.981  31.586 0.0000000000
119692  48.376  22.759  31.996 0.0000000000
120322  49.408  23.078  31.369 0.0000000000
111361  51.055  10.360  38.132 0.0000000000
110654  51.082  9.252  38.312 0.0000000000
109076  51.381  7.495  37.811 0.0000000000
108210  51.305  6.838  37.500 0.0000000000
108218  51.029  6.598  37.048 0.0000000000
106433  51.487  4.953  38.438 0.0000000000
107294  51.613  5.525  38.029 0.0000000000
107322  52.449  5.105  34.271 0.0000000000
107317  52.317  5.104  35.283 0.0000000000
107318  51.904  5.360  35.496 0.0000000000
108241  51.876  5.954  33.571 0.0000000000
108257  52.239  6.019  32.688 0.0000000000
114807  48.602  16.168  31.191 0.0000000000
114794  49.036  15.911  32.232 0.0000000000
114778  51.060  15.868  33.102 0.0000000000
114780  49.394  15.467  33.179 0.0000000000
114779  50.409  15.517  33.420 0.0000000000
116884  51.502  17.547  32.798 0.0000000000
116234  51.372  17.322  33.272 0.0000000000
116205  50.400  16.795  34.825 0.0000000000
115513  50.711  16.120  34.683 0.0000000000
114762  50.572  15.518  35.262 0.0000000000
114756  49.618  15.761  36.870 0.0000000000
114739  50.122  15.129  37.326 0.0000000000
114038  50.414  14.327  37.845 0.0000000000
114039  49.936  14.860  38.009 0.0000000000
120290  49.124  23.611  34.760 0.0000000000
119676  49.622  22.924  33.860 0.0000000000
119655  48.765  22.941  35.300 0.0000000000
118220  47.236  21.098  35.695 0.0000000000
118219  47.724  21.465  35.291 0.0000000000
117507  46.992  19.436  34.233 0.0000000000
117500  46.468  19.763  35.018 0.0000000000
116811  45.661  18.760  39.698 0.0000000000
117460  45.943  19.175  38.802 0.0000000000
116819  45.497  18.687  38.805 0.0000000000
115495  44.882  16.486  36.896 0.0000000000
116180  45.000  17.955  37.421 0.0000000000
116194  45.306  17.595  36.613 0.0000000000
116210  46.060  17.683  35.676 0.0000000000
115493  46.718  16.365  36.338 0.0000000000
115507  47.593  16.551  36.010 0.0000000000
114759  46.861  15.668  36.989 0.0000000000
114028  47.825  14.270  38.646 0.0000000000
114041  47.593  14.724  38.113 0.0000000000
114027  48.868  14.373  38.603 0.0000000000
113321  49.240  13.713  38.889 0.0000000000
112632  49.880  12.665  38.951 0.0000000000
113311  48.577  13.107  39.223 0.0000000000
112012  47.381  11.690  39.791 0.0000000000
112011  48.335  11.720  39.519 0.0000000000
110641  48.998  9.984  39.846 0.0000000000
112585  46.130  12.745  42.451 0.0000000000
112597  45.864  12.656  41.810 0.0000000000
112596  46.371  12.145  42.074 0.0000000000
110620  47.866  9.598  41.740 0.0000000000
111321  47.469  10.312  41.685 0.0000000000
110631  48.671  9.129  40.566 0.0000000000
121002  50.300  24.812  23.858 0.0000000000
121630  49.068  25.707  23.853 0.0000000000
121003  49.587  25.123  23.529 0.0000000000
118402  50.460  20.334  22.679 0.0000000000
117671  51.001  18.958  22.025 0.0000000000
116978  50.918  18.031  21.783 0.0000000000
116966  49.989  18.182  21.977 0.0000000000
117610  48.123  19.178  26.644 0.0000000000
117611  46.952  19.623  26.492 0.0000000000
116935  47.579  18.876  26.221 0.0000000000
116288  47.845  17.467  24.492 0.0000000000
116950  47.199  18.088  25.040 0.0000000000
116958  47.185  18.324  23.957 0.0000000000
117638  47.187  19.429  23.307 0.0000000000
117654  48.012  19.214  22.858 0.0000000000
116304  48.187  17.645  23.040 0.0000000000
114210  49.756  14.924  23.740 0.0000000000
114932  49.183  15.502  22.871 0.0000000000
114221  50.012  14.753  22.684 0.0000000000
114931  49.771  15.312  22.293 0.0000000000
114220  50.676  14.088  22.425 0.0000000000
113452  50.967  13.691  22.775 0.0000000000
113439  53.075  13.923  25.040 0.0000000000
112732  51.939  13.123  24.380 0.0000000000
113430  52.494  13.419  25.403 0.0000000000
113431  51.742  13.071  25.415 0.0000000000
113423  52.317  13.510  26.227 0.0000000000
116258  52.682  17.168  27.399 0.0000000000
115599  53.098  15.711  26.678 0.0000000000
114862  53.097  15.713  27.542 0.0000000000
114111  52.439  14.936  29.077 0.0000000000
114126  53.079  14.678  28.157 0.0000000000
114128  52.065  14.660  28.555 0.0000000000
114143  51.787  14.315  27.551 0.0000000000
114129  51.421  14.793  28.149 0.0000000000
114847  50.644  15.209  28.370 0.0000000000
114831  50.762  15.457  29.351 0.0000000000
114821  49.927  15.785  30.007 0.0000000000
114083  47.684  15.023  33.704 0.0000000000
114084  46.918  15.112  33.645 0.0000000000
113339  46.598  13.358  35.200 0.0000000000
113340  45.444  13.360  35.414 0.0000000000
112663  46.056  12.709  35.818 0.0000000000
112040  48.766  11.821  35.693 0.0000000000
112661  48.056  12.313  35.627 0.0000000000
112041  48.211  11.731  35.908 0.0000000000
111372  45.557  10.369  36.401 0.0000000000
112033  45.119  11.110  36.362 0.0000000000
111379  43.885  10.020  35.790 0.0000000000
110675  44.326  9.505  35.649 0.0000000000
109920  44.621  8.544  33.645 0.0000000000
109935  43.947  8.988  33.576 0.0000000000
110698  44.014  9.121  32.692 0.0000000000
110711  43.704  9.252  32.303 0.0000000000
110720  44.017  9.178  31.691 0.0000000000
110660  50.907  9.398  37.379 0.0000000000
110663  50.605  9.745  37.025 0.0000000000
108229  49.033  6.294  35.611 0.0000000000
108221  48.558  6.745  36.323 0.0000000000
109086  47.787  7.441  36.403 0.0000000000
108230  47.831  6.555  35.438 0.0000000000
109129  49.408  7.481  31.638 0.0000000000
108243  49.451  6.688  33.405 0.0000000000
114785  44.513  15.193  33.586 0.0000000000
114771  45.257  14.913  34.131 0.0000000000
115543  47.239  16.477  29.800 0.0000000000
115532  45.944  16.562  30.830 0.0000000000
115533  44.725  16.358  31.212 0.0000000000
114809  44.603  16.110  32.065 0.0000000000
106404  49.461  4.445  40.384 0.0000000000
105528  49.130  3.699  40.344 0.0000000000
105559  49.893  3.643  38.534 0.0000000000
118280  51.706  19.906  30.589 0.0000000000
117537  51.239  19.227  31.155 0.0000000000
135485  51.072  20.712  31.037 0.0000000000
118265  50.478  20.991  31.773 0.0000000000
118266  49.834  21.144  32.465 0.0000000000
116790  44.638  18.882  41.911 0.0000000000
116129  45.067  18.503  41.977 0.0000000000
116130  44.833  18.096  42.401 0.0000000000
114666  44.816  15.928  43.336 0.0000000000
135483  49.858  20.836  30.145 0.0000000000
135482  50.192  19.974  29.402 0.0000000000
118316  50.904  20.686  29.238 0.0000000000
117578  51.626  19.815  28.637 0.0000000000
117577  52.258  19.507  28.667 0.0000000000
118303  51.900  20.547  30.167 0.0000000000
113331  50.656  13.617  37.272 0.0000000000
112648  50.370  12.600  36.688 0.0000000000
111367  50.403  10.529  36.808 0.0000000000
111391  41.878  10.369  34.507 0.0000000000
110683  43.301  9.517  34.316 0.0000000000
112727  50.267  12.713  24.422 0.0000000000
112735  49.877  12.680  23.669 0.0000000000
114178  47.488  14.397  25.464 0.0000000000
114789  40.859  15.404  32.568 0.0000000000
114093  40.153  15.199  32.616 0.0000000000
113369  39.381  13.912  33.912 0.0000000000
113366  38.879  13.279  34.273 0.0000000000
119677  47.354  22.999  33.053 0.0000000000
120304  46.987  23.557  33.802 0.0000000000
120293  46.331  23.423  35.065 0.0000000000
118285  44.011  20.756  32.216 0.0000000000
117531  45.130  20.516  32.141 0.0000000000
118283  46.544  20.303  31.726 0.0000000000
118269  46.579  21.087  32.229 0.0000000000
118997  47.197  22.501  32.867 0.0000000000
110639  50.617  9.084  38.836 0.0000000000
109066  51.149  7.370  38.285 0.0000000000
108209  51.429  6.418  37.810 0.0000000000
106451  51.722  4.381  36.174 0.0000000000
106461  52.061  4.662  35.026 0.0000000000
107327  52.401  5.344  33.241 0.0000000000
114792  50.951  15.737  32.505 0.0000000000
116880  50.360  17.945  33.619 0.0000000000
116230  50.575  17.388  34.077 0.0000000000
116206  50.071  16.937  35.005 0.0000000000
115489  50.060  16.156  35.777 0.0000000000
115504  49.862  16.589  35.531 0.0000000000
119641  47.977  22.730  36.700 0.0000000000
119656  48.376  22.672  35.844 0.0000000000
118947  47.714  22.050  36.641 0.0000000000
118948  47.365  21.614  36.796 0.0000000000
118206  46.852  21.092  36.983 0.0000000000
115445  44.530  16.613  39.518 0.0000000000
116167  44.678  17.530  39.018 0.0000000000
115458  44.456  16.604  38.441 0.0000000000
114726  44.421  15.751  37.980 0.0000000000
114744  45.249  15.724  37.138 0.0000000000
114743  46.273  15.381  37.343 0.0000000000
114030  45.672  14.414  38.254 0.0000000000
114029  46.745  14.226  38.417 0.0000000000
113323  46.959  13.502  38.807 0.0000000000
113312  47.324  12.866  39.196 0.0000000000
112635  46.540  12.153  40.033 0.0000000000
112013  46.877  11.657  40.161 0.0000000000
111951  46.876  11.884  43.171 0.0000000000
111963  46.764  11.376  42.508 0.0000000000
111950  47.114  11.069  43.154 0.0000000000
111306  47.312  10.321  42.577 0.0000000000
121610  49.766  25.245  25.251 0.0000000000
120995  50.207  24.767  24.643 0.0000000000
120380  50.569  24.072  24.231 0.0000000000
119742  51.003  23.054  23.682 0.0000000000
119065  50.819  22.295  23.483 0.0000000000
119079  49.802  20.919  23.022 0.0000000000
118403  49.340  20.103  22.630 0.0000000000
119725  44.571  23.157  27.543 0.0000000000
119728  44.702  23.180  26.883 0.0000000000
119727  44.949  22.459  26.501 0.0000000000
119053  45.198  21.746  26.005 0.0000000000
116933  49.045  18.414  26.559 0.0000000000
116942  48.470  18.092  26.083 0.0000000000
116271  48.868  17.914  26.112 0.0000000000
116280  48.582  17.399  25.463 0.0000000000
115621  48.706  16.361  24.627 0.0000000000
115629  48.528  16.366  23.567 0.0000000000
114914  49.241  15.686  24.504 0.0000000000
114922  49.434  15.326  24.227 0.0000000000
114195  50.486  14.742  24.265 0.0000000000
114208  51.488  13.803  24.016 0.0000000000
114194  51.360  14.517  24.511 0.0000000000
114174  52.717  14.694  25.218 0.0000000000
114173  53.068  14.574  25.512 0.0000000000
115551  52.565  16.409  28.875 0.0000000000
114845  53.024  15.494  28.290 0.0000000000
114829  52.458  15.508  29.355 0.0000000000
114830  51.748  15.326  29.440 0.0000000000
114067  48.005  14.472  34.363 0.0000000000
113338  47.707  13.183  35.217 0.0000000000
111370  47.797  10.456  36.410 0.0000000000
110668  45.919  9.537  36.470 0.0000000000
109916  44.565  8.769  35.261 0.0000000000
109915  44.909  8.559  35.437 0.0000000000
109103  44.698  8.351  34.563 0.0000000000
109933  45.014  8.608  33.192 0.0000000000
108211  50.033  7.107  36.865 0.0000000000
108219  50.237  6.690  36.741 0.0000000000
114073  41.768  14.309  34.499 0.0000000000
114054  42.744  13.641  34.986 0.0000000000
113362  43.322  13.778  34.859 0.0000000000
113342  43.247  13.168  35.354 0.0000000000
114864  49.554  15.051  27.378 0.0000000000
114883  48.475  15.149  26.552 0.0000000000
114851  47.658  15.983  27.691 0.0000000000
115555  46.549  16.498  29.016 0.0000000000
115534  43.511  16.362  31.030 0.0000000000
114811  42.851  16.277  31.690 0.0000000000
118286  43.035  20.607  32.285 0.0000000000
119019  44.015  21.358  33.545 0.0000000000
109055  49.726  7.465  39.969 0.0000000000
107280  51.046  5.493  39.075 0.0000000000
106434  51.195  4.467  38.199 0.0000000000
105540  50.447  4.308  39.151 0.0000000000
105575  51.354  4.283  37.311 0.0000000000
105603  51.183  4.063  36.158 0.0000000000
115527  52.394  16.781  31.076 0.0000000000
116237  52.191  16.984  31.922 0.0000000000
116890  51.589  17.885  31.799 0.0000000000
117538  50.586  19.601  31.607 0.0000000000
116881  49.188  18.266  33.510 0.0000000000
116869  47.856  18.354  34.249 0.0000000000
118158  47.017  21.030  40.603 0.0000000000
118170  47.286  20.949  39.712 0.0000000000
117449  46.688  20.081  40.026 0.0000000000
116803  46.170  19.439  40.394 0.0000000000
116153  45.450  18.177  40.524 0.0000000000
116145  45.446  18.229  41.192 0.0000000000
116154  45.036  17.614  39.990 0.0000000000
115438  44.568  16.598  40.596 0.0000000000
113990  44.519  14.348  41.120 0.0000000000
113293  45.241  13.159  40.840 0.0000000000
113281  44.869  13.737  41.403 0.0000000000
113264  45.592  13.391  42.489 0.0000000000
113263  46.146  13.037  42.851 0.0000000000
113252  45.831  13.466  43.132 0.0000000000
113251  46.247  12.949  43.274 0.0000000000
112562  46.519  12.216  43.904 0.0000000000
111926  46.879  11.765  44.218 0.0000000000
111280  46.476  10.842  43.929 0.0000000000
120996  48.431  24.055  25.352 0.0000000000
117582  47.747  19.444  28.219 0.0000000000
117600  46.956  20.111  27.452 0.0000000000
117598  49.021  18.912  27.244 0.0000000000
117580  50.050  18.768  28.173 0.0000000000
116922  49.615  18.551  27.127 0.0000000000
116932  49.978  18.197  26.871 0.0000000000
116269  50.747  17.498  26.586 0.0000000000
115602  51.607  16.823  26.342 0.0000000000
115601  52.283  16.658  26.451 0.0000000000
116267  52.488  17.296  26.928 0.0000000000
116250  52.585  17.417  28.358 0.0000000000
116908  52.430  18.503  28.923 0.0000000000
116242  52.474  17.440  29.421 0.0000000000
116240  52.399  17.441  30.465 0.0000000000
113336  49.516  13.116  35.297 0.0000000000
112039  49.273  12.022  35.691 0.0000000000
112649  49.926  12.010  36.297 0.0000000000
112029  49.426  11.456  35.963 0.0000000000
109904  47.388  8.551  36.590 0.0000000000
108242  50.731  6.346  33.410 0.0000000000
109923  39.388  9.046  34.259 0.0000000000
112668  40.414  12.190  35.061 0.0000000000
112045  40.574  11.343  34.855 0.0000000000
112044  41.170  11.543  34.968 0.0000000000
110703  40.217  9.260  33.868 0.0000000000
109936  40.505  8.886  33.125 0.0000000000
110701  41.765  9.675  33.315 0.0000000000
109952  41.529  9.044  32.057 0.0000000000
109964  41.899  8.695  31.512 0.0000000000
113453  49.367  13.075  22.981 0.0000000000
113454  48.465  13.419  23.244 0.0000000000
114162  48.228  14.727  25.934 0.0000000000
114901  46.871  14.923  25.866 0.0000000000
135495  50.394  23.474  31.316 0.0000000000
120300  50.417  23.293  32.473 0.0000000000
120899  49.415  24.060  33.742 0.0000000000
120885  48.661  24.104  35.331 0.0000000000
120291  47.796  24.324  34.715 0.0000000000
120278  47.830  24.289  35.274 0.0000000000
120875  48.250  23.830  35.897 0.0000000000
120265  47.584  23.442  37.109 0.0000000000
120258  47.308  23.028  38.005 0.0000000000
118907  47.157  21.522  39.992 0.0000000000
118908  46.579  21.297  40.234 0.0000000000
118147  45.680  20.555  41.168 0.0000000000
117434  45.109  19.867  41.371 0.0000000000
120345  44.046  24.083  28.168 0.0000000000
119048  45.013  22.392  27.833 0.0000000000
119037  45.472  21.331  28.027 0.0000000000
118317  46.015  20.627  27.967 0.0000000000
117556  43.934  19.816  30.626 0.0000000000
117584  45.559  19.947  28.675 0.0000000000
117565  47.357  18.947  29.230 0.0000000000
117552  48.439  19.134  30.120 0.0000000000
118295  49.071  19.986  30.562 0.0000000000
118282  47.491  21.020  31.624 0.0000000000
118281  48.750  21.004  30.945 0.0000000000
135494  49.572  22.276  30.789 0.0000000000
135497  50.103  23.371  30.902 0.0000000000
112631  50.210  12.539  38.634 0.0000000000
112022  50.854  11.603  37.917 0.0000000000
111363  51.122  9.771  37.704 0.0000000000
109898  50.940  8.491  37.429 0.0000000000
109897  51.230  8.339  37.743 0.0000000000
107310  50.818  5.912  36.411 0.0000000000
108200  51.201  6.258  38.465 0.0000000000
106443  52.331  5.051  37.004 0.0000000000
107302  52.182  5.217  36.642 0.0000000000
107309  51.557  5.551  36.523 0.0000000000
107324  51.607  5.582  34.892 0.0000000000
108234  51.203  5.779  34.292 0.0000000000
115522  51.760  16.411  32.360 0.0000000000
115520  51.322  16.338  33.181 0.0000000000
116216  50.878  16.778  33.909 0.0000000000
115512  50.852  16.348  33.951 0.0000000000
113354  50.390  14.111  35.647 0.0000000000
114755  50.191  15.542  36.197 0.0000000000
113329  50.558  13.505  37.974 0.0000000000
113319  50.321  13.424  38.319 0.0000000000
119675  50.122  22.778  33.307 0.0000000000
118995  49.718  21.916  33.116 0.0000000000
118248  48.893  21.302  33.451 0.0000000000
118984  48.173  21.818  34.940 0.0000000000
118231  48.452  21.599  34.196 0.0000000000
118249  48.172  20.429  33.551 0.0000000000
117506  47.528  19.856  33.717 0.0000000000
116860  47.475  17.716  34.926 0.0000000000
117459  46.792  20.157  38.840 0.0000000000
117475  46.423  20.320  37.508 0.0000000000
117489  45.812  19.527  36.746 0.0000000000
116834  45.246  18.464  37.925 0.0000000000
116847  45.404  18.786  37.027 0.0000000000
117501  45.993  19.335  35.759 0.0000000000
116861  46.570  18.368  35.077 0.0000000000
115506  48.271  16.644  35.845 0.0000000000
115492  48.086  16.163  36.414 0.0000000000
114757  48.800  15.788  37.098 0.0000000000
114742  47.294  15.209  37.518 0.0000000000
114741  48.491  15.183  37.838 0.0000000000
114724  49.318  14.879  38.239 0.0000000000
114026  49.805  14.238  38.432 0.0000000000
112010  49.350  11.691  39.283 0.0000000000
111348  49.653  10.601  39.334 0.0000000000
110630  49.362  8.685  39.955 0.0000000000
112613  45.700  12.540  40.776 0.0000000000
112612  46.090  11.969  41.161 0.0000000000
111337  46.832  11.074  40.910 0.0000000000
111307  47.101  10.710  42.285 0.0000000000
111322  46.914  10.818  41.616 0.0000000000
111336  47.536  10.596  40.623 0.0000000000
109867  49.259  8.114  40.314 0.0000000000
109044  49.200  7.117  40.651 0.0000000000
108180  48.843  6.353  41.364 0.0000000000
107261  48.598  5.353  41.776 0.0000000000
118400  52.018  21.079  22.351 0.0000000000
118401  51.406  20.753  22.675 0.0000000000
117650  51.951  19.982  22.112 0.0000000000
117670  51.669  18.955  21.871 0.0000000000
116312  51.492  16.807  21.071 0.0000000000
115642  50.983  15.615  21.088 0.0000000000
120372  47.829  23.757  25.123 0.0000000000
119737  47.521  22.641  24.486 0.0000000000
118355  46.059  20.140  26.153 0.0000000000
119068  46.962  21.178  23.819 0.0000000000
119067  47.986  21.862  23.826 0.0000000000
117653  48.783  19.166  22.557 0.0000000000
116967  49.218  18.269  22.358 0.0000000000
116295  48.367  17.133  23.193 0.0000000000
115637  48.927  16.596  22.608 0.0000000000
116302  49.788  17.255  21.938 0.0000000000
114939  50.376  15.189  21.761 0.0000000000
114228  50.722  14.287  21.509 0.0000000000
113465  50.886  13.424  22.225 0.0000000000
112733  51.401  12.814  23.719 0.0000000000
113441  51.773  13.382  24.203 0.0000000000
112726  51.183  12.680  24.536 0.0000000000
114159  50.710  14.171  26.645 0.0000000000
115610  52.579  15.991  26.002 0.0000000000
114896  53.189  14.974  25.968 0.0000000000
114172  53.178  14.434  25.878 0.0000000000
114844  53.211  14.842  28.096 0.0000000000
114141  53.032  14.580  27.701 0.0000000000
113417  52.747  14.063  26.940 0.0000000000
113418  52.125  13.898  26.976 0.0000000000
114158  51.384  14.158  26.934 0.0000000000
114145  50.233  14.588  27.145 0.0000000000
114863  50.230  15.004  27.703 0.0000000000
114833  49.260  15.673  28.682 0.0000000000
115552  49.200  15.799  29.060 0.0000000000
115541  49.171  16.007  29.554 0.0000000000
115542  48.281  16.301  29.916 0.0000000000
114822  48.167  16.243  30.637 0.0000000000
114808  47.695  16.232  31.060 0.0000000000
114770  46.185  15.047  33.984 0.0000000000
114069  45.868  14.352  34.512 0.0000000000
113359  46.547  13.947  34.693 0.0000000000
114053  45.372  13.958  34.977 0.0000000000
112654  44.020  11.548  36.259 0.0000000000
112031  47.444  11.503  36.201 0.0000000000
112651  46.624  12.086  36.106 0.0000000000
112652  45.589  11.926  36.172 0.0000000000
112653  44.605  11.752  36.253 0.0000000000
112034  44.267  11.055  36.310 0.0000000000
111374  43.853  10.532  36.062 0.0000000000
110676  43.706  9.680  35.254 0.0000000000
109922  43.743  9.113  33.808 0.0000000000
110721  43.230  9.268  31.778 0.0000000000
110664  50.147  9.565  36.528 0.0000000000
109084  49.956  7.585  36.917 0.0000000000
109902  49.599  8.565  36.713 0.0000000000
108261  48.271  7.340  32.361 0.0000000000
108244  48.070  7.061  33.105 0.0000000000
108237  47.429  6.607  34.187 0.0000000000
108231  46.813  6.632  34.924 0.0000000000
109101  45.832  7.426  33.748 0.0000000000
109113  45.613  8.155  33.162 0.0000000000
105578  48.848  3.639  37.331 0.0000000000
106454  48.563  4.195  35.867 0.0000000000
106453  49.303  4.247  36.041 0.0000000000
105527  49.626  3.944  40.224 0.0000000000
105589  51.298  4.182  36.882 0.0000000000
106417  51.308  5.143  38.893 0.0000000000
106445  51.316  4.400  37.755 0.0000000000
106463  50.157  4.274  35.499 0.0000000000
107268  49.741  5.440  40.230 0.0000000000
107279  51.367  5.522  38.639 0.0000000000
107323  52.118  5.471  34.517 0.0000000000
108188  51.116  5.861  38.811 0.0000000000
108212  49.837  6.958  36.818 0.0000000000
108220  49.428  6.668  36.571 0.0000000000
108238  46.480  6.917  34.093 0.0000000000
108240  52.319  5.717  33.320 0.0000000000
109067  50.746  7.702  38.749 0.0000000000
109078  49.850  7.231  36.879 0.0000000000
109130  48.275  7.616  31.752 0.0000000000
109889  50.928  8.369  38.534 0.0000000000
109907  44.737  9.121  35.779 0.0000000000
109921  44.225  8.731  34.215 0.0000000000
109934  44.331  8.901  33.167 0.0000000000
110653  51.312  8.927  37.937 0.0000000000
110659  51.143  9.094  37.703 0.0000000000
110710  44.518  9.078  32.264 0.0000000000
111264  46.638  11.363  44.320 0.0000000000
111265  46.187  10.849  44.140 0.0000000000
111266  45.961  11.038  44.035 0.0000000000
111350  47.774  11.207  39.938 0.0000000000
111939  46.757  11.994  43.685 0.0000000000
111994  46.597  11.567  40.652 0.0000000000
112540  45.403  12.919  44.663 0.0000000000
112549  46.824  12.072  44.289 0.0000000000
112550  46.457  12.103  44.037 0.0000000000
112561  46.783  12.064  44.094 0.0000000000
112574  46.507  12.362  43.488 0.0000000000
112642  50.188  12.897  38.673 0.0000000000
112728  49.693  12.852  24.276 0.0000000000
113239  45.903  13.309  43.473 0.0000000000
113265  45.013  13.765  42.085 0.0000000000
113309  49.835  13.099  38.915 0.0000000000
113310  49.503  13.143  39.055 0.0000000000
113419  51.740  13.985  26.917 0.0000000000
113422  52.923  13.914  26.081 0.0000000000
113425  50.305  13.659  25.878 0.0000000000
113435  47.333  13.932  24.938 0.0000000000
113440  52.556  13.571  24.780 0.0000000000
113945  45.811  13.383  43.694 0.0000000000
114011  44.383  14.715  39.276 0.0000000000
114040  48.379  14.712  38.349 0.0000000000
114043  45.513  15.030  37.690 0.0000000000
114044  44.827  15.367  37.644 0.0000000000
114110  52.702  14.943  29.106 0.0000000000
114157  53.168  14.495  26.764 0.0000000000
114176  49.309  14.009  25.720 0.0000000000
114191  53.128  14.171  25.296 0.0000000000
114192  52.961  14.152  25.003 0.0000000000
114211  49.305  15.195  23.409 0.0000000000
114222  49.487  15.006  23.164 0.0000000000
114745  44.687  15.764  37.466 0.0000000000
114848  49.735  15.372  28.223 0.0000000000
114861  53.305  15.081  27.445 0.0000000000
114881  53.119  15.480  26.283 0.0000000000
114882  49.138  14.932  26.738 0.0000000000
114884  47.541  15.196  26.324 0.0000000000
114898  52.369  15.384  25.518 0.0000000000
114900  50.604  15.666  25.260 0.0000000000
114938  50.832  14.962  21.259 0.0000000000
115473  44.950  16.191  36.911 0.0000000000
115474  44.604  16.375  37.377 0.0000000000
115494  45.411  16.432  36.709 0.0000000000
115530  48.528  16.251  30.556 0.0000000000
115540  52.260  16.263  30.856 0.0000000000
115569  48.515  15.974  28.277 0.0000000000
115584  53.183  15.547  27.045 0.0000000000
115585  52.968  16.139  27.139 0.0000000000
115620  49.360  16.013  24.970 0.0000000000
115622  48.261  16.839  24.230 0.0000000000
115630  48.103  17.057  23.787 0.0000000000
115643  50.527  16.311  21.532 0.0000000000
116137  45.216  18.407  41.748 0.0000000000
116193  46.214  17.071  35.898 0.0000000000
116195  44.853  16.939  36.967 0.0000000000
116218  50.324  17.207  34.565 0.0000000000
116220  48.868  17.547  34.611 0.0000000000
116229  50.961  17.217  33.755 0.0000000000
116268  51.900  17.442  26.762 0.0000000000
116287  48.345  17.034  24.691 0.0000000000
116779  44.284  18.245  42.802 0.0000000000
116789  45.207  18.930  41.707 0.0000000000
116810  46.281  19.446  39.921 0.0000000000
116820  45.064  18.247  38.714 0.0000000000
116835  44.974  18.137  38.162 0.0000000000
116879  50.772  17.600  33.683 0.0000000000
116897  47.116  18.840  30.029 0.0000000000
116898  46.873  18.867  29.992 0.0000000000
116901  47.104  18.852  29.789 0.0000000000
116910  50.803  18.908  27.939 0.0000000000
116920  51.272  18.801  27.702 0.0000000000
116930  52.258  17.985  27.075 0.0000000000
116931  50.692  18.237  27.212 0.0000000000
116934  48.250  18.610  26.343 0.0000000000
116943  47.775  18.190  25.773 0.0000000000
116968  48.056  18.373  22.949 0.0000000000
117426  45.404  19.352  41.459 0.0000000000
117432  46.152  20.120  41.107 0.0000000000
117439  46.372  20.049  40.868 0.0000000000
117441  44.835  20.035  40.928 0.0000000000
117519  48.114  19.782  33.387 0.0000000000
117530  45.712  20.356  32.024 0.0000000000
117539  50.154  19.681  31.892 0.0000000000
117550  51.659  19.324  30.704 0.0000000000
117596  51.514  19.365  28.164 0.0000000000
117597  49.737  18.622  27.518 0.0000000000
118157  47.224  21.313  40.156 0.0000000000
118159  45.547  21.107  40.525 0.0000000000
118160  45.318  20.853  40.630 0.0000000000
118189  47.483  21.704  38.662 0.0000000000
118232  47.931  21.259  34.531 0.0000000000
118247  49.507  21.474  33.020 0.0000000000
118284  44.739  20.700  32.277 0.0000000000
118294  51.951  19.995  30.333 0.0000000000
118331  46.043  20.725  27.630 0.0000000000
118332  45.830  20.915  27.864 0.0000000000
118343  45.453  21.166  26.377 0.0000000000
118404  48.201  19.942  22.808 0.0000000000
118896  46.177  21.097  41.000 0.0000000000
118897  45.584  21.058  41.062 0.0000000000
118898  45.360  21.051  40.994 0.0000000000
118910  45.490  21.101  40.887 0.0000000000
118932  47.209  21.510  37.420 0.0000000000
118966  48.450  22.470  35.378 0.0000000000
118967  48.035  21.947  35.628 0.0000000000
118996  49.333  22.437  33.750 0.0000000000
118998  46.800  22.381  33.163 0.0000000000
119014  48.028  22.280  31.971 0.0000000000
119015  47.432  22.048  32.346 0.0000000000
119025  47.724  21.692  31.840 0.0000000000
119047  45.545  21.416  27.708 0.0000000000
119050  45.791  21.108  27.351 0.0000000000
119057  47.444  22.108  24.222 0.0000000000
119064  51.232  22.512  23.391 0.0000000000
119076  51.925  21.716  22.427 0.0000000000
119090  51.754  21.696  21.528 0.0000000000
119623  47.055  22.652  38.534 0.0000000000
119629  46.800  23.102  38.029 0.0000000000
119640  48.414  23.096  36.006 0.0000000000
119666  49.614  23.311  33.909 0.0000000000
119667  49.257  22.924  34.424 0.0000000000
119668  46.416  23.272  34.427 0.0000000000
119674  50.549  23.050  32.633 0.0000000000
119691  50.563  22.638  32.746 0.0000000000
119743  50.209  22.719  24.124 0.0000000000
119745  48.283  22.585  24.210 0.0000000000
120254  47.099  23.067  38.144 0.0000000000
120264  48.146  23.445  36.332 0.0000000000
120289  49.505  23.846  34.016 0.0000000000
120310  50.601  23.151  31.743 0.0000000000
120311  49.898  23.730  32.109 0.0000000000
120356  44.488  24.031  27.243 0.0000000000
120358  50.116  24.561  25.063 0.0000000000
120369  50.281  24.309  24.939 0.0000000000
120370  49.866  23.908  25.080 0.0000000000
120371  48.957  23.815  25.163 0.0000000000
120876  47.832  23.797  36.367 0.0000000000
120886  47.963  24.125  35.713 0.0000000000
120887  47.502  23.891  36.253 0.0000000000
120900  49.043  24.296  34.449 0.0000000000
120901  48.319  24.436  34.982 0.0000000000
120913  49.435  24.015  33.404 0.0000000000
120914  48.990  24.259  33.721 0.0000000000
120982  49.962  24.885  25.180 0.0000000000
120997  48.161  24.198  25.448 0.0000000000
121014  49.956  24.642  23.190 0.0000000000
121613  48.176  25.124  26.104 0.0000000000
121617  49.894  25.292  25.001 0.0000000000
121618  49.684  25.901  24.830 0.0000000000
135486  50.978  22.478  30.300 0.0000000000
135488  51.219  22.621  30.743 0.0000000000
135492  50.150  22.518  30.454 0.0000000000
135496  50.743  23.382  31.202 0.0000000000
135498  50.218  22.827  30.568 0.0000000000
135499  49.841  22.977  30.833 0.0000000000
