#!ascii label  , from subject 3506 vox2ras=TkReg
464
14717  -39.426  -86.809  -3.542 0.0000000000
17856  -44.108  -83.330  -8.126 0.0000000000
21052  -42.290  -80.753  -2.071 0.0000000000
16806  -42.632  -85.051  -6.330 0.0000000000
18798  -48.976  -82.524  -1.941 0.0000000000
16736  -42.316  -84.767  1.115 0.0000000000
22136  -40.405  -78.909  1.310 0.0000000000
24280  -36.381  -77.501  4.329 0.0000000000
23288  -44.495  -78.436  -0.067 0.0000000000
21055  -45.378  -81.374  -2.066 0.0000000000
23291  -47.088  -78.686  -0.484 0.0000000000
18758  -41.628  -82.272  1.164 0.0000000000
18743  -40.516  -82.328  2.443 0.0000000000
28602  -37.676  -73.986  5.799 0.0000000000
27559  -37.646  -74.620  3.653 0.0000000000
13574  -38.986  -87.892  -6.518 0.0000000000
16808  -44.840  -84.464  -6.831 0.0000000000
13605  -42.892  -87.070  -9.324 0.0000000000
14816  -43.818  -85.730  -11.268 0.0000000000
17786  -39.883  -83.342  -2.726 0.0000000000
15747  -39.120  -85.507  -5.658 0.0000000000
17802  -45.655  -84.092  -3.787 0.0000000000
17819  -46.815  -83.362  -4.389 0.0000000000
17768  -40.153  -82.948  -0.270 0.0000000000
22160  -41.668  -79.172  -0.377 0.0000000000
24320  -42.675  -76.885  1.630 0.0000000000
18726  -37.546  -81.916  3.766 0.0000000000
23240  -38.428  -78.111  2.306 0.0000000000
26486  -39.698  -75.558  2.328 0.0000000000
27641  -41.011  -74.519  -0.470 0.0000000000
14787  -40.162  -87.032  -8.601 0.0000000000
19914  -41.478  -81.143  -4.623 0.0000000000
17854  -41.624  -83.491  -8.079 0.0000000000
16871  -39.550  -85.047  -11.359 0.0000000000
24347  -45.064  -77.167  -0.031 0.0000000000
23290  -46.373  -78.523  -0.187 0.0000000000
13560  -39.229  -87.739  -5.560 0.0000000000
16822  -44.828  -84.295  -8.208 0.0000000000
15796  -44.581  -84.770  -8.867 0.0000000000
16855  -44.119  -84.075  -10.066 0.0000000000
15816  -43.708  -84.671  -11.265 0.0000000000
17889  -43.302  -83.718  -9.664 0.0000000000
18808  -40.658  -82.419  -2.420 0.0000000000
18810  -42.790  -82.214  -2.950 0.0000000000
19877  -47.332  -82.066  -1.738 0.0000000000
18812  -45.056  -82.860  -2.966 0.0000000000
18814  -47.373  -83.520  -2.466 0.0000000000
17817  -45.919  -84.176  -4.407 0.0000000000
17790  -48.061  -83.525  -3.280 0.0000000000
16747  -39.920  -84.351  -0.379 0.0000000000
16734  -40.538  -84.183  0.209 0.0000000000
19841  -40.993  -81.237  1.246 0.0000000000
19851  -41.076  -81.184  0.414 0.0000000000
22149  -41.242  -79.141  0.312 0.0000000000
23273  -42.221  -78.026  0.606 0.0000000000
24319  -41.690  -77.538  1.446 0.0000000000
20980  -36.801  -80.430  3.885 0.0000000000
20988  -37.459  -80.403  2.762 0.0000000000
23228  -37.021  -78.264  2.935 0.0000000000
28659  -38.495  -73.535  2.916 0.0000000000
26485  -38.816  -75.455  2.762 0.0000000000
27602  -39.511  -74.174  1.862 0.0000000000
27604  -40.831  -74.932  1.173 0.0000000000
16804  -40.506  -85.107  -6.426 0.0000000000
14761  -39.295  -86.034  -7.152 0.0000000000
15785  -40.582  -85.820  -7.627 0.0000000000
12488  -41.532  -88.554  -10.366 0.0000000000
21075  -40.729  -80.309  -4.354 0.0000000000
18847  -41.953  -82.393  -5.941 0.0000000000
16833  -38.725  -84.208  -9.042 0.0000000000
22178  -43.680  -79.289  -1.271 0.0000000000
21054  -44.321  -80.987  -2.208 0.0000000000
22179  -44.841  -79.256  -0.862 0.0000000000
22181  -47.105  -80.086  -0.932 0.0000000000
22182  -48.266  -79.982  -1.150 0.0000000000
16719  -42.228  -83.684  1.203 0.0000000000
19830  -40.790  -81.603  1.829 0.0000000000
20991  -40.115  -80.588  1.630 0.0000000000
27539  -36.805  -75.329  4.973 0.0000000000
26459  -36.869  -76.089  3.856 0.0000000000
28637  -37.459  -73.913  4.313 0.0000000000
30762  -37.977  -72.083  3.922 0.0000000000
30764  -38.954  -71.291  2.815 0.0000000000
16807  -43.843  -85.170  -6.400 0.0000000000
15787  -42.676  -85.854  -7.637 0.0000000000
15788  -43.713  -85.734  -7.754 0.0000000000
14805  -43.436  -86.569  -9.965 0.0000000000
14821  -43.355  -86.419  -11.729 0.0000000000
14830  -43.126  -86.036  -12.652 0.0000000000
15839  -42.405  -85.646  -12.957 0.0000000000
15827  -41.550  -85.337  -12.249 0.0000000000
16762  -38.894  -84.824  -3.387 0.0000000000
16777  -38.792  -85.379  -4.553 0.0000000000
16779  -40.925  -84.101  -4.618 0.0000000000
16780  -42.462  -84.253  -4.922 0.0000000000
18811  -43.916  -82.438  -3.058 0.0000000000
17800  -43.674  -83.550  -3.902 0.0000000000
16781  -43.650  -84.486  -4.954 0.0000000000
16796  -45.135  -84.467  -5.675 0.0000000000
16809  -45.272  -84.154  -6.023 0.0000000000
18866  -45.041  -82.835  -6.595 0.0000000000
15722  -39.349  -85.551  -1.869 0.0000000000
17779  -39.542  -83.409  -1.746 0.0000000000
19874  -40.732  -81.442  -1.360 0.0000000000
18773  -41.112  -82.187  0.503 0.0000000000
21023  -40.959  -80.890  -0.819 0.0000000000
21039  -41.821  -80.326  -1.488 0.0000000000
23302  -42.844  -78.679  -0.604 0.0000000000
24330  -43.554  -77.335  1.177 0.0000000000
25399  -43.931  -76.604  0.659 0.0000000000
18728  -39.653  -82.816  2.978 0.0000000000
19828  -38.956  -81.069  2.120 0.0000000000
22122  -39.593  -78.932  1.717 0.0000000000
25369  -37.658  -76.710  2.951 0.0000000000
24300  -38.931  -77.216  2.439 0.0000000000
23242  -40.078  -77.737  1.918 0.0000000000
25373  -41.289  -76.322  1.972 0.0000000000
26522  -42.324  -75.691  0.779 0.0000000000
15757  -38.868  -86.094  -6.034 0.0000000000
13586  -38.951  -87.747  -7.655 0.0000000000
14803  -41.177  -87.338  -9.110 0.0000000000
12487  -40.975  -88.974  -10.050 0.0000000000
19905  -47.372  -82.000  -3.730 0.0000000000
19936  -45.456  -82.080  -5.001 0.0000000000
18865  -44.098  -82.591  -6.847 0.0000000000
18848  -43.141  -82.259  -6.105 0.0000000000
17855  -43.026  -83.329  -8.197 0.0000000000
16836  -41.455  -84.214  -9.377 0.0000000000
15813  -40.680  -85.207  -11.340 0.0000000000
25419  -44.364  -76.841  -0.231 0.0000000000
13547  -39.514  -87.874  -5.041 0.0000000000
14730  -39.222  -87.071  -4.628 0.0000000000
17877  -44.607  -83.706  -8.483 0.0000000000
16838  -44.702  -84.021  -9.221 0.0000000000
17876  -44.075  -83.520  -8.919 0.0000000000
17890  -43.884  -83.651  -9.483 0.0000000000
17875  -43.354  -83.549  -9.096 0.0000000000
19889  -41.384  -81.382  -2.038 0.0000000000
18809  -41.728  -82.164  -2.695 0.0000000000
19890  -42.441  -81.473  -2.475 0.0000000000
19878  -48.479  -82.226  -1.649 0.0000000000
19894  -46.866  -82.804  -2.169 0.0000000000
19895  -47.745  -82.929  -1.908 0.0000000000
17789  -47.554  -83.774  -3.072 0.0000000000
18815  -48.370  -83.047  -2.463 0.0000000000
15700  -42.503  -85.625  0.911 0.0000000000
14651  -42.027  -85.992  0.433 0.0000000000
15698  -41.102  -84.982  0.306 0.0000000000
15699  -41.811  -85.195  0.699 0.0000000000
21002  -40.402  -80.054  1.279 0.0000000000
21003  -40.907  -80.120  0.664 0.0000000000
22137  -40.844  -79.081  0.886 0.0000000000
23272  -41.489  -78.249  0.773 0.0000000000
23262  -40.946  -78.222  1.242 0.0000000000
24264  -36.299  -77.555  5.470 0.0000000000
23202  -36.176  -78.701  5.389 0.0000000000
23218  -36.284  -78.478  4.636 0.0000000000
20979  -36.480  -79.913  4.449 0.0000000000
22112  -36.472  -79.336  4.101 0.0000000000
22113  -36.870  -79.335  3.197 0.0000000000
23227  -36.538  -78.392  3.727 0.0000000000
29728  -39.123  -72.397  2.063 0.0000000000
28660  -39.057  -73.408  2.228 0.0000000000
28680  -40.022  -73.910  1.005 0.0000000000
28698  -39.867  -72.519  0.915 0.0000000000
16805  -41.468  -84.919  -6.382 0.0000000000
15771  -41.085  -85.354  -7.009 0.0000000000
18862  -40.310  -82.905  -6.438 0.0000000000
17852  -39.363  -83.675  -7.677 0.0000000000
17871  -38.768  -83.957  -8.406 0.0000000000
23304  -44.152  -78.865  -0.771 0.0000000000
22162  -45.214  -78.678  -0.171 0.0000000000
24350  -46.731  -78.280  -0.361 0.0000000000
22164  -46.651  -79.238  -0.456 0.0000000000
22165  -47.414  -79.354  -0.761 0.0000000000
19840  -40.471  -80.953  1.564 0.0000000000
19829  -39.984  -81.229  1.949 0.0000000000
26429  -37.183  -75.170  5.706 0.0000000000
27519  -37.287  -74.576  5.492 0.0000000000
27540  -37.061  -74.787  4.739 0.0000000000
28622  -37.378  -73.902  5.149 0.0000000000
30763  -38.567  -71.633  3.342 0.0000000000
12462  -38.947  -88.803  -7.249 0.0000000000
15774  -44.156  -85.334  -7.158 0.0000000000
15789  -44.411  -85.068  -7.933 0.0000000000
15803  -44.378  -85.007  -9.662 0.0000000000
14791  -43.984  -85.806  -9.442 0.0000000000
14806  -43.844  -85.883  -10.153 0.0000000000
15815  -42.832  -84.573  -11.236 0.0000000000
15829  -43.457  -84.937  -11.965 0.0000000000
15828  -42.643  -85.124  -12.121 0.0000000000
16763  -39.221  -84.427  -2.537 0.0000000000
17813  -42.043  -83.708  -4.358 0.0000000000
19891  -43.534  -81.629  -2.621 0.0000000000
19892  -44.662  -81.913  -2.605 0.0000000000
18827  -44.309  -83.240  -3.412 0.0000000000
17801  -44.725  -83.848  -3.854 0.0000000000
17815  -44.168  -84.141  -4.387 0.0000000000
16782  -44.690  -84.516  -4.991 0.0000000000
17818  -46.390  -83.764  -4.744 0.0000000000
16797  -45.681  -84.071  -5.442 0.0000000000
17825  -45.780  -83.504  -5.570 0.0000000000
17834  -45.461  -83.698  -6.278 0.0000000000
16757  -39.462  -84.438  -1.334 0.0000000000
18784  -39.712  -82.981  -1.241 0.0000000000
18797  -40.246  -82.227  -1.727 0.0000000000
18785  -40.083  -82.389  -0.912 0.0000000000
17756  -41.582  -82.894  0.821 0.0000000000
21012  -41.185  -80.061  -0.011 0.0000000000
19862  -41.087  -80.741  -0.299 0.0000000000
21024  -41.363  -80.171  -0.768 0.0000000000
21038  -41.192  -80.748  -1.210 0.0000000000
22176  -41.904  -79.538  -0.972 0.0000000000
22161  -42.269  -78.966  -0.710 0.0000000000
24329  -42.593  -77.561  1.175 0.0000000000
23274  -43.093  -77.913  0.667 0.0000000000
24322  -44.039  -76.707  1.048 0.0000000000
25390  -43.041  -76.275  1.289 0.0000000000
18727  -38.313  -82.365  3.374 0.0000000000
22120  -37.759  -79.058  2.477 0.0000000000
19827  -38.130  -81.037  2.468 0.0000000000
20989  -38.416  -80.141  2.189 0.0000000000
20990  -39.521  -80.076  1.729 0.0000000000
22121  -38.831  -79.068  2.006 0.0000000000
26460  -37.234  -75.541  3.730 0.0000000000
25352  -37.077  -76.529  3.392 0.0000000000
26461  -37.965  -75.416  3.188 0.0000000000
25371  -39.369  -76.358  2.517 0.0000000000
24301  -39.861  -77.159  2.254 0.0000000000
25372  -40.339  -76.369  2.243 0.0000000000
24302  -40.834  -77.203  1.918 0.0000000000
26487  -40.669  -75.582  1.862 0.0000000000
27621  -41.053  -74.917  0.581 0.0000000000
26507  -41.596  -75.559  1.397 0.0000000000
26543  -41.534  -75.348  0.153 0.0000000000
26544  -42.093  -75.735  -0.124 0.0000000000
15746  -38.779  -85.936  -5.090 0.0000000000
14774  -39.747  -86.541  -7.970 0.0000000000
14773  -39.140  -87.015  -7.654 0.0000000000
13587  -39.280  -87.201  -8.021 0.0000000000
13601  -39.079  -88.181  -8.233 0.0000000000
13602  -39.676  -87.685  -8.630 0.0000000000
14789  -42.445  -86.929  -8.870 0.0000000000
15793  -42.024  -86.302  -8.226 0.0000000000
12507  -41.251  -88.991  -10.826 0.0000000000
19906  -48.460  -81.839  -3.316 0.0000000000
21066  -47.785  -80.866  -3.342 0.0000000000
19935  -45.061  -81.932  -5.305 0.0000000000
18850  -45.041  -82.386  -5.857 0.0000000000
18849  -44.191  -82.194  -6.109 0.0000000000
18863  -41.485  -82.866  -6.612 0.0000000000
17832  -42.019  -83.216  -7.400 0.0000000000
18864  -42.953  -82.868  -7.033 0.0000000000
17874  -42.346  -83.727  -9.126 0.0000000000
16851  -39.920  -85.003  -10.158 0.0000000000
16835  -40.472  -84.491  -9.215 0.0000000000
24332  -45.127  -77.641  0.394 0.0000000000
23289  -45.541  -78.185  0.212 0.0000000000
24348  -45.496  -77.596  0.059 0.0000000000
24349  -46.327  -77.994  -0.165 0.0000000000
24364  -46.233  -77.660  -0.730 0.0000000000
29674  -38.247  -72.932  5.799 0.0000000000
29675  -39.254  -72.398  5.977 0.0000000000
15804  -44.606  -84.522  -9.361 0.0000000000
15817  -44.149  -84.930  -10.791 0.0000000000
15830  -43.964  -85.131  -11.741 0.0000000000
16874  -43.905  -84.460  -10.742 0.0000000000
16873  -43.471  -84.269  -10.726 0.0000000000
16872  -42.854  -84.185  -10.618 0.0000000000
17787  -40.652  -83.077  -3.047 0.0000000000
18824  -41.246  -82.742  -3.037 0.0000000000
18825  -42.088  -82.710  -3.355 0.0000000000
21056  -46.002  -81.673  -1.996 0.0000000000
19893  -45.823  -82.302  -2.408 0.0000000000
18813  -46.286  -83.488  -2.863 0.0000000000
18829  -45.999  -83.926  -3.355 0.0000000000
17803  -46.596  -83.987  -3.607 0.0000000000
17804  -47.340  -83.576  -3.858 0.0000000000
16748  -40.479  -84.970  -0.195 0.0000000000
17754  -40.083  -83.668  -0.076 0.0000000000
23285  -41.751  -78.511  0.176 0.0000000000
24328  -41.998  -77.790  0.998 0.0000000000
19805  -37.097  -81.448  4.183 0.0000000000
19815  -37.490  -81.371  3.331 0.0000000000
27585  -38.312  -74.520  3.109 0.0000000000
27586  -39.089  -74.520  2.458 0.0000000000
27587  -39.796  -74.934  1.960 0.0000000000
27603  -40.190  -74.584  1.433 0.0000000000
27620  -40.388  -74.340  0.789 0.0000000000
27640  -40.462  -74.181  0.113 0.0000000000
16791  -39.741  -85.192  -6.022 0.0000000000
15758  -39.231  -85.639  -6.186 0.0000000000
16803  -40.006  -85.320  -6.495 0.0000000000
15784  -39.839  -85.813  -7.298 0.0000000000
14775  -40.590  -86.255  -8.173 0.0000000000
13623  -42.001  -88.011  -9.913 0.0000000000
19930  -39.970  -81.909  -5.108 0.0000000000
19931  -41.123  -81.909  -5.096 0.0000000000
18846  -40.736  -82.480  -5.751 0.0000000000
17831  -40.949  -83.253  -7.221 0.0000000000
17873  -41.025  -83.923  -8.666 0.0000000000
16834  -39.388  -84.468  -9.091 0.0000000000
16850  -38.735  -84.415  -9.653 0.0000000000
21040  -42.907  -80.022  -1.760 0.0000000000
21053  -43.220  -80.772  -2.249 0.0000000000
21041  -44.024  -80.046  -1.759 0.0000000000
21042  -45.166  -80.383  -1.587 0.0000000000
22163  -45.799  -78.961  -0.249 0.0000000000
22180  -46.007  -79.816  -0.881 0.0000000000
21043  -46.406  -81.051  -1.551 0.0000000000
21044  -47.793  -81.109  -1.314 0.0000000000
21045  -48.976  -81.076  -1.395 0.0000000000
18744  -41.692  -82.385  1.933 0.0000000000
21001  -40.003  -79.354  1.527 0.0000000000
25323  -36.509  -76.620  5.473 0.0000000000
25339  -36.460  -76.621  4.844 0.0000000000
25351  -36.593  -76.619  3.997 0.0000000000
26446  -36.782  -75.728  4.452 0.0000000000
26447  -37.018  -75.187  4.230 0.0000000000
29692  -37.520  -72.956  4.974 0.0000000000
29708  -37.705  -72.866  4.090 0.0000000000
28638  -37.883  -73.653  3.553 0.0000000000
29709  -38.127  -72.674  3.399 0.0000000000
29727  -38.617  -72.540  2.716 0.0000000000
30785  -39.236  -71.337  2.153 0.0000000000
15772  -42.132  -85.331  -7.030 0.0000000000
15773  -43.239  -85.487  -7.016 0.0000000000
15794  -43.150  -86.317  -8.328 0.0000000000
14790  -43.448  -86.540  -9.283 0.0000000000
13643  -42.635  -87.394  -10.956 0.0000000000
15841  -43.647  -85.334  -12.182 0.0000000000
15840  -43.251  -85.449  -12.407 0.0000000000
14829  -42.296  -86.186  -13.301 0.0000000000
15861  -41.752  -85.660  -14.108 0.0000000000
15729  -39.029  -85.696  -3.075 0.0000000000
15736  -38.861  -85.968  -4.010 0.0000000000
15728  -38.801  -85.338  -3.622 0.0000000000
16769  -38.740  -84.949  -4.073 0.0000000000
16778  -39.353  -84.833  -4.988 0.0000000000
16771  -40.506  -83.753  -3.855 0.0000000000
16792  -40.606  -84.676  -5.708 0.0000000000
16793  -41.878  -84.559  -5.610 0.0000000000
17814  -43.093  -83.877  -4.425 0.0000000000
16794  -43.147  -84.761  -5.628 0.0000000000
16783  -45.491  -84.356  -4.971 0.0000000000
17833  -45.161  -83.525  -7.011 0.0000000000
18889  -44.725  -83.089  -7.181 0.0000000000
18807  -39.888  -82.754  -2.070 0.0000000000
19888  -40.680  -81.816  -1.937 0.0000000000
16735  -41.688  -83.979  0.871 0.0000000000
17755  -40.794  -83.133  0.336 0.0000000000
18772  -40.546  -82.275  -0.077 0.0000000000
19850  -40.881  -81.756  0.107 0.0000000000
19861  -40.755  -81.512  -0.423 0.0000000000
19875  -41.257  -80.971  -1.531 0.0000000000
22177  -42.663  -79.292  -1.175 0.0000000000
23303  -43.538  -78.735  -0.715 0.0000000000
23287  -43.429  -78.291  -0.012 0.0000000000
23286  -42.438  -78.418  -0.099 0.0000000000
23275  -44.074  -77.785  0.613 0.0000000000
24331  -44.560  -77.153  0.729 0.0000000000
18741  -38.513  -81.666  2.580 0.0000000000
18742  -39.311  -81.980  2.471 0.0000000000
22135  -40.060  -78.722  1.587 0.0000000000
24288  -36.719  -77.429  3.474 0.0000000000
24289  -37.300  -77.359  2.917 0.0000000000
24299  -38.044  -77.282  2.622 0.0000000000
25370  -38.354  -76.356  2.812 0.0000000000
23241  -39.374  -78.059  2.031 0.0000000000
23260  -39.901  -78.303  1.774 0.0000000000
23261  -40.435  -78.091  1.606 0.0000000000
24303  -41.791  -76.815  1.884 0.0000000000
24304  -42.003  -76.663  1.910 0.0000000000
26488  -41.382  -75.892  1.828 0.0000000000
25388  -41.754  -76.054  1.834 0.0000000000
26508  -42.599  -75.934  1.309 0.0000000000
25398  -43.135  -76.134  0.699 0.0000000000
25417  -42.680  -76.103  -0.211 0.0000000000
14745  -38.843  -86.897  -5.783 0.0000000000
15768  -39.050  -85.956  -6.610 0.0000000000
14760  -38.899  -86.731  -6.945 0.0000000000
12474  -38.882  -88.642  -7.937 0.0000000000
15786  -41.613  -85.746  -7.633 0.0000000000
15792  -41.151  -86.107  -8.148 0.0000000000
14788  -40.987  -86.782  -8.792 0.0000000000
14804  -41.714  -87.427  -9.206 0.0000000000
13622  -40.788  -87.816  -9.241 0.0000000000
13621  -40.099  -88.039  -9.110 0.0000000000
24371  -45.836  -77.348  -1.662 0.0000000000
23306  -48.815  -79.389  -1.547 0.0000000000
22183  -49.487  -80.088  -1.561 0.0000000000
21046  -49.741  -80.938  -1.742 0.0000000000
18799  -49.132  -82.450  -2.205 0.0000000000
18832  -48.766  -82.302  -3.129 0.0000000000
18830  -47.662  -82.988  -3.791 0.0000000000
18840  -46.936  -82.790  -4.190 0.0000000000
19904  -46.359  -81.556  -3.966 0.0000000000
19920  -46.617  -82.145  -4.057 0.0000000000
18851  -45.765  -82.733  -5.275 0.0000000000
18867  -45.544  -83.011  -6.013 0.0000000000
18888  -44.130  -83.010  -7.507 0.0000000000
19932  -42.265  -81.774  -5.287 0.0000000000
19933  -43.335  -81.672  -5.470 0.0000000000
18887  -43.588  -83.139  -7.721 0.0000000000
15801  -41.955  -84.689  -10.635 0.0000000000
16852  -41.210  -84.735  -9.940 0.0000000000
15814  -41.800  -85.034  -11.380 0.0000000000
12475  -39.218  -88.779  -8.559 0.0000000000
13603  -40.383  -87.303  -8.847 0.0000000000
13604  -42.457  -87.347  -9.422 0.0000000000
14716  -39.173  -86.581  -4.062 0.0000000000
14831  -43.485  -85.595  -12.330 0.0000000000
15737  -39.050  -86.157  -3.521 0.0000000000
15769  -39.601  -85.601  -6.659 0.0000000000
15770  -40.249  -85.471  -6.913 0.0000000000
15800  -41.098  -85.019  -10.661 0.0000000000
15802  -42.493  -84.410  -10.632 0.0000000000
16733  -40.088  -84.088  0.011 0.0000000000
16784  -45.949  -84.201  -4.905 0.0000000000
16795  -44.303  -84.808  -5.712 0.0000000000
16837  -44.244  -83.787  -9.452 0.0000000000
16853  -42.296  -84.243  -10.017 0.0000000000
16854  -43.161  -83.922  -10.218 0.0000000000
16856  -44.536  -84.368  -9.598 0.0000000000
17742  -42.278  -83.221  1.273 0.0000000000
17767  -39.695  -83.426  -0.820 0.0000000000
17788  -47.021  -83.893  -2.950 0.0000000000
17805  -47.890  -83.310  -3.539 0.0000000000
17857  -44.814  -83.593  -7.702 0.0000000000
17888  -42.775  -83.844  -9.775 0.0000000000
18796  -39.833  -82.741  -1.535 0.0000000000
18816  -48.959  -82.487  -2.764 0.0000000000
18831  -48.319  -82.807  -3.322 0.0000000000
18839  -46.460  -82.981  -4.709 0.0000000000
19816  -37.971  -81.583  2.837 0.0000000000
19826  -37.706  -81.139  2.789 0.0000000000
19876  -46.494  -81.977  -2.000 0.0000000000
19879  -49.424  -81.801  -1.842 0.0000000000
19896  -49.446  -81.811  -2.444 0.0000000000
19913  -40.342  -81.173  -4.604 0.0000000000
20970  -36.789  -80.905  4.462 0.0000000000
23239  -37.666  -78.015  2.584 0.0000000000
23276  -44.855  -77.792  0.502 0.0000000000
24318  -40.967  -77.724  1.551 0.0000000000
24321  -43.690  -76.754  1.264 0.0000000000
24365  -47.073  -78.111  -0.840 0.0000000000
25353  -37.633  -76.099  3.198 0.0000000000
25374  -41.878  -76.396  1.875 0.0000000000
25389  -42.277  -76.228  1.656 0.0000000000
25391  -43.658  -76.440  1.088 0.0000000000
25397  -42.578  -75.917  0.335 0.0000000000
26400  -36.869  -76.007  5.920 0.0000000000
26428  -36.765  -75.839  5.446 0.0000000000
26506  -40.829  -75.209  1.470 0.0000000000
26509  -43.025  -76.119  1.257 0.0000000000
26521  -41.655  -75.366  0.770 0.0000000000
26523  -42.886  -75.968  1.151 0.0000000000
27518  -36.974  -75.112  5.277 0.0000000000
27558  -37.244  -74.791  4.113 0.0000000000
28583  -37.835  -74.154  6.053 0.0000000000
28584  -38.145  -73.857  6.180 0.0000000000
28603  -37.929  -73.528  5.836 0.0000000000
29673  -37.715  -73.430  5.521 0.0000000000
30784  -38.826  -71.801  2.589 0.0000000000
