#!ascii label  , from subject 3823 vox2ras=TkReg
1346
56553  -47.455  -38.845  65.937 0.0000000000
51746  -32.730  -42.530  73.905 0.0000000000
69447  -53.737  -28.514  57.087 0.0000000000
61697  -43.909  -34.678  57.518 0.0000000000
65673  -50.101  -31.668  63.609 0.0000000000
51791  -40.577  -41.924  70.903 0.0000000000
54281  -33.270  -40.234  61.892 0.0000000000
59066  -39.150  -36.035  60.266 0.0000000000
56379  -25.568  -39.161  74.958 0.0000000000
74436  -53.768  -24.238  57.537 0.0000000000
53077  -26.372  -41.422  61.952 0.0000000000
57824  -45.600  -37.442  61.597 0.0000000000
64391  -46.222  -32.713  62.379 0.0000000000
60217  -48.653  -35.079  65.282 0.0000000000
52981  -44.557  -40.787  69.018 0.0000000000
56548  -40.119  -38.539  65.406 0.0000000000
57799  -44.010  -37.687  62.850 0.0000000000
60317  -42.026  -35.221  58.455 0.0000000000
78011  -53.931  -21.235  54.123 0.0000000000
52844  -29.470  -40.905  75.157 0.0000000000
54146  -25.209  -40.679  68.771 0.0000000000
54174  -29.189  -40.584  67.864 0.0000000000
68174  -53.852  -28.732  60.433 0.0000000000
51787  -36.425  -42.391  71.699 0.0000000000
51849  -33.038  -42.108  66.878 0.0000000000
53043  -36.197  -40.986  66.216 0.0000000000
57816  -36.289  -38.092  61.046 0.0000000000
55194  -22.063  -39.132  76.948 0.0000000000
70495  -51.768  -27.174  65.345 0.0000000000
71766  -49.718  -26.717  62.542 0.0000000000
76788  -52.357  -22.419  61.219 0.0000000000
71848  -47.407  -26.706  57.941 0.0000000000
71925  -48.590  -26.135  52.576 0.0000000000
54102  -21.609  -39.923  70.249 0.0000000000
51907  -29.482  -42.123  61.368 0.0000000000
57801  -46.703  -38.274  63.867 0.0000000000
60215  -46.745  -36.323  64.153 0.0000000000
58989  -48.471  -36.684  65.652 0.0000000000
54186  -46.845  -40.541  67.930 0.0000000000
56552  -44.372  -38.913  65.832 0.0000000000
55380  -45.880  -39.600  64.578 0.0000000000
56587  -44.937  -38.121  61.659 0.0000000000
67041  -54.607  -29.872  56.469 0.0000000000
68230  -51.715  -29.743  55.493 0.0000000000
51727  -31.334  -42.206  74.635 0.0000000000
52928  -28.541  -41.520  71.687 0.0000000000
52950  -30.642  -41.208  70.568 0.0000000000
63097  -44.401  -32.914  58.009 0.0000000000
64393  -47.894  -32.161  63.135 0.0000000000
65718  -47.056  -30.854  60.724 0.0000000000
66941  -49.707  -30.646  62.219 0.0000000000
66972  -51.608  -29.885  60.698 0.0000000000
66960  -52.469  -30.079  61.968 0.0000000000
51789  -38.617  -42.563  71.546 0.0000000000
51817  -36.863  -41.931  69.480 0.0000000000
52991  -38.087  -40.898  68.439 0.0000000000
57808  -40.022  -37.067  62.762 0.0000000000
57793  -38.017  -38.117  63.336 0.0000000000
57830  -37.986  -36.923  60.906 0.0000000000
60356  -43.116  -35.036  56.777 0.0000000000
71745  -51.581  -26.111  64.232 0.0000000000
74394  -50.542  -24.541  59.494 0.0000000000
73099  -50.111  -24.931  57.367 0.0000000000
71884  -48.039  -26.104  55.168 0.0000000000
74491  -50.935  -24.720  55.042 0.0000000000
74535  -52.200  -24.338  51.319 0.0000000000
56376  -23.219  -38.440  76.147 0.0000000000
55262  -21.861  -39.450  73.177 0.0000000000
56436  -23.925  -38.428  72.902 0.0000000000
54223  -25.439  -40.204  65.554 0.0000000000
54222  -24.355  -40.492  65.376 0.0000000000
54260  -25.316  -40.979  63.313 0.0000000000
53054  -33.324  -41.749  64.217 0.0000000000
51874  -31.266  -41.747  64.205 0.0000000000
53091  -31.181  -41.634  61.680 0.0000000000
59082  -44.531  -36.468  59.212 0.0000000000
61642  -43.726  -34.035  59.839 0.0000000000
60252  -45.306  -35.228  62.426 0.0000000000
61600  -46.877  -34.268  63.846 0.0000000000
64350  -49.525  -32.858  64.398 0.0000000000
52978  -42.304  -41.228  69.549 0.0000000000
54154  -40.469  -40.580  68.738 0.0000000000
55336  -41.961  -39.643  67.438 0.0000000000
57786  -41.586  -37.416  64.462 0.0000000000
59056  -41.550  -36.132  61.368 0.0000000000
60299  -40.762  -35.362  59.527 0.0000000000
59068  -42.734  -36.439  60.216 0.0000000000
57858  -44.014  -36.984  58.947 0.0000000000
75726  -53.859  -23.482  55.679 0.0000000000
79187  -56.550  -20.708  56.924 0.0000000000
54017  -27.144  -40.306  75.282 0.0000000000
55266  -25.500  -39.781  71.914 0.0000000000
52926  -26.849  -41.227  71.908 0.0000000000
52985  -27.134  -40.652  69.253 0.0000000000
54225  -27.670  -40.293  65.907 0.0000000000
65715  -45.067  -31.984  59.628 0.0000000000
68196  -53.812  -29.555  58.761 0.0000000000
70618  -54.496  -27.941  58.979 0.0000000000
51767  -35.164  -42.370  72.883 0.0000000000
51799  -33.276  -41.797  70.502 0.0000000000
51815  -34.733  -42.421  69.708 0.0000000000
51851  -34.761  -41.740  66.508 0.0000000000
54248  -34.577  -40.668  64.590 0.0000000000
54233  -38.195  -39.769  66.111 0.0000000000
55386  -36.290  -39.304  63.757 0.0000000000
55401  -34.878  -39.331  61.967 0.0000000000
60175  -46.642  -35.029  66.753 0.0000000000
51715  -34.303  -41.916  75.571 0.0000000000
54054  -37.836  -40.685  73.830 0.0000000000
54069  -38.811  -40.128  72.684 0.0000000000
61515  -48.270  -34.020  67.145 0.0000000000
62949  -50.185  -33.342  66.231 0.0000000000
65638  -50.919  -31.474  65.325 0.0000000000
69280  -50.679  -28.108  66.412 0.0000000000
66902  -52.643  -30.421  64.159 0.0000000000
69342  -53.540  -28.747  62.821 0.0000000000
69358  -53.053  -28.199  61.148 0.0000000000
69396  -51.566  -28.190  59.539 0.0000000000
75571  -49.878  -23.885  61.928 0.0000000000
71810  -48.380  -26.657  60.336 0.0000000000
69409  -48.877  -28.272  58.045 0.0000000000
69458  -48.030  -28.946  55.528 0.0000000000
75777  -51.181  -23.929  52.866 0.0000000000
54050  -20.553  -40.314  73.773 0.0000000000
53002  -20.696  -41.480  67.243 0.0000000000
55312  -23.707  -39.542  69.615 0.0000000000
54193  -22.396  -40.356  66.199 0.0000000000
53008  -31.323  -41.118  67.743 0.0000000000
53051  -29.859  -41.240  64.567 0.0000000000
53089  -28.082  -41.586  61.341 0.0000000000
51937  -28.409  -43.011  58.324 0.0000000000
56566  -47.375  -38.738  64.934 0.0000000000
57790  -47.937  -37.459  65.130 0.0000000000
56567  -47.892  -38.181  65.596 0.0000000000
55371  -47.303  -39.754  66.442 0.0000000000
54234  -46.493  -40.250  66.174 0.0000000000
55381  -46.658  -39.584  64.983 0.0000000000
56578  -46.312  -38.723  63.684 0.0000000000
69428  -55.073  -28.602  57.670 0.0000000000
68220  -54.205  -28.989  56.881 0.0000000000
68231  -52.876  -29.476  56.080 0.0000000000
69446  -52.694  -28.597  56.776 0.0000000000
51745  -31.754  -42.343  73.911 0.0000000000
52905  -31.197  -41.690  72.477 0.0000000000
52906  -32.169  -41.725  72.187 0.0000000000
63140  -44.113  -33.683  56.563 0.0000000000
63116  -44.005  -33.512  57.409 0.0000000000
64395  -49.546  -31.971  63.638 0.0000000000
65688  -48.740  -31.256  62.663 0.0000000000
65689  -49.712  -31.253  63.123 0.0000000000
66942  -50.653  -30.626  62.471 0.0000000000
66943  -51.640  -30.570  62.711 0.0000000000
51790  -39.667  -42.004  71.305 0.0000000000
51818  -38.018  -42.007  69.918 0.0000000000
52975  -38.995  -41.383  69.299 0.0000000000
59054  -39.482  -36.410  61.306 0.0000000000
57819  -38.925  -36.931  61.814 0.0000000000
59065  -38.415  -36.484  60.446 0.0000000000
59076  -37.648  -36.304  59.364 0.0000000000
60358  -43.903  -35.180  57.239 0.0000000000
61719  -43.247  -34.453  56.500 0.0000000000
63139  -43.666  -33.989  56.372 0.0000000000
74412  -51.619  -24.676  58.406 0.0000000000
74458  -51.996  -24.740  56.852 0.0000000000
73119  -50.279  -25.099  56.444 0.0000000000
74474  -51.664  -24.668  55.796 0.0000000000
56356  -24.949  -38.090  76.550 0.0000000000
56397  -23.832  -38.241  74.629 0.0000000000
56398  -24.875  -38.712  74.170 0.0000000000
54261  -26.268  -40.258  63.414 0.0000000000
54243  -25.299  -40.371  64.377 0.0000000000
54270  -25.882  -41.167  62.483 0.0000000000
51894  -25.840  -42.451  62.153 0.0000000000
51904  -26.135  -42.751  61.416 0.0000000000
53083  -33.141  -41.159  63.417 0.0000000000
53082  -32.317  -41.502  63.011 0.0000000000
54274  -32.642  -40.820  62.204 0.0000000000
59071  -44.966  -36.641  60.127 0.0000000000
60284  -44.971  -36.142  60.789 0.0000000000
59059  -45.399  -36.723  61.293 0.0000000000
60216  -47.588  -35.435  64.589 0.0000000000
60235  -46.525  -35.415  63.869 0.0000000000
61582  -48.330  -34.401  64.698 0.0000000000
62989  -48.749  -33.381  64.453 0.0000000000
61583  -49.114  -34.245  65.031 0.0000000000
52979  -43.270  -41.233  69.416 0.0000000000
54156  -42.625  -40.864  68.850 0.0000000000
54182  -43.238  -40.351  68.074 0.0000000000
56564  -44.457  -38.690  64.649 0.0000000000
56551  -43.488  -38.382  65.485 0.0000000000
57787  -42.586  -37.405  64.028 0.0000000000
57797  -42.056  -36.945  63.445 0.0000000000
57810  -42.710  -36.833  62.682 0.0000000000
59067  -42.034  -35.964  60.602 0.0000000000
57820  -43.079  -36.680  61.967 0.0000000000
56597  -45.322  -37.887  61.294 0.0000000000
57832  -44.703  -37.532  60.175 0.0000000000
57833  -45.029  -37.242  59.869 0.0000000000
57843  -44.800  -36.969  59.404 0.0000000000
52817  -28.192  -40.565  75.598 0.0000000000
52863  -27.222  -40.782  74.431 0.0000000000
52881  -28.297  -41.245  73.547 0.0000000000
52968  -29.130  -40.804  70.137 0.0000000000
52967  -28.101  -40.652  69.892 0.0000000000
54173  -28.015  -40.607  67.968 0.0000000000
54198  -27.848  -40.455  66.931 0.0000000000
54199  -28.901  -40.647  66.968 0.0000000000
63052  -44.479  -33.319  60.818 0.0000000000
63068  -44.089  -33.228  59.897 0.0000000000
64424  -45.242  -31.978  60.734 0.0000000000
66955  -47.779  -30.631  60.682 0.0000000000
66967  -46.970  -31.207  59.398 0.0000000000
66980  -47.510  -31.130  58.847 0.0000000000
68173  -52.793  -29.411  60.384 0.0000000000
68172  -52.107  -29.524  59.901 0.0000000000
69399  -54.407  -28.329  59.203 0.0000000000
69381  -54.331  -28.105  60.025 0.0000000000
51786  -35.403  -42.305  71.788 0.0000000000
51801  -34.583  -42.315  70.788 0.0000000000
51802  -35.577  -42.319  70.688 0.0000000000
51841  -36.324  -41.491  67.537 0.0000000000
51840  -35.664  -41.663  67.315 0.0000000000
53023  -35.329  -41.321  66.331 0.0000000000
53056  -34.236  -41.448  65.134 0.0000000000
54230  -35.562  -40.627  65.532 0.0000000000
55334  -40.323  -39.530  67.026 0.0000000000
54205  -39.422  -40.077  67.099 0.0000000000
55366  -39.474  -39.188  65.832 0.0000000000
57805  -37.171  -38.233  62.238 0.0000000000
56572  -37.113  -38.779  63.621 0.0000000000
56584  -36.105  -38.815  62.497 0.0000000000
55395  -35.934  -39.245  63.082 0.0000000000
60316  -41.117  -34.922  58.808 0.0000000000
54055  -38.338  -40.244  73.306 0.0000000000
56493  -42.164  -38.818  70.617 0.0000000000
61538  -47.921  -34.803  66.717 0.0000000000
64300  -49.218  -32.260  67.155 0.0000000000
65624  -49.664  -31.425  66.679 0.0000000000
64319  -50.553  -32.461  65.847 0.0000000000
66868  -49.888  -30.393  66.082 0.0000000000
69281  -51.406  -28.235  65.434 0.0000000000
68090  -51.624  -29.491  64.930 0.0000000000
68106  -52.147  -28.988  64.526 0.0000000000
68129  -53.206  -29.481  63.583 0.0000000000
69298  -52.880  -28.159  63.906 0.0000000000
71744  -51.005  -26.376  63.561 0.0000000000
70543  -51.722  -27.431  62.893 0.0000000000
70563  -51.257  -27.849  62.087 0.0000000000
69377  -51.895  -28.255  60.709 0.0000000000
69356  -50.829  -28.168  61.355 0.0000000000
76786  -51.212  -22.496  61.987 0.0000000000
73082  -49.255  -25.190  58.713 0.0000000000
74392  -48.964  -24.917  59.976 0.0000000000
73080  -47.860  -25.888  59.198 0.0000000000
70599  -48.434  -27.780  59.764 0.0000000000
70613  -47.641  -27.505  58.345 0.0000000000
69422  -48.604  -28.466  57.138 0.0000000000
70629  -47.348  -27.573  57.378 0.0000000000
71914  -48.232  -26.012  53.732 0.0000000000
70670  -46.679  -27.961  54.184 0.0000000000
70716  -47.318  -27.998  52.116 0.0000000000
76936  -53.934  -22.084  54.579 0.0000000000
75759  -52.029  -23.786  54.163 0.0000000000
75779  -52.308  -22.674  52.909 0.0000000000
54066  -22.103  -39.685  71.717 0.0000000000
52924  -20.881  -40.422  71.900 0.0000000000
54119  -20.784  -40.478  69.682 0.0000000000
52964  -20.123  -41.291  69.264 0.0000000000
54142  -21.009  -40.579  68.546 0.0000000000
54105  -25.675  -40.626  70.541 0.0000000000
55295  -24.678  -39.796  70.446 0.0000000000
54122  -24.913  -40.252  69.770 0.0000000000
54194  -23.473  -40.428  66.343 0.0000000000
50794  -23.727  -43.252  63.935 0.0000000000
51826  -33.322  -41.978  69.069 0.0000000000
52988  -31.977  -41.335  68.511 0.0000000000
53009  -32.206  -41.519  67.633 0.0000000000
51889  -30.910  -42.239  63.396 0.0000000000
53052  -30.628  -41.484  64.814 0.0000000000
51888  -30.073  -41.994  63.130 0.0000000000
53080  -29.310  -41.572  62.912 0.0000000000
51896  -28.868  -41.960  61.658 0.0000000000
50819  -27.639  -43.220  59.154 0.0000000000
57813  -46.035  -37.604  62.413 0.0000000000
59032  -46.011  -36.655  63.188 0.0000000000
59009  -46.783  -37.211  63.897 0.0000000000
59010  -47.391  -36.761  64.594 0.0000000000
58990  -49.014  -35.884  65.739 0.0000000000
54159  -45.255  -40.517  68.524 0.0000000000
55339  -44.487  -40.123  67.275 0.0000000000
54206  -45.413  -40.163  66.757 0.0000000000
55368  -45.201  -39.335  65.218 0.0000000000
56576  -44.689  -38.438  63.116 0.0000000000
57812  -44.339  -37.667  62.047 0.0000000000
56577  -45.642  -38.718  63.122 0.0000000000
56589  -46.081  -38.301  62.698 0.0000000000
68246  -51.089  -29.951  55.242 0.0000000000
51725  -29.848  -42.106  74.498 0.0000000000
52882  -29.296  -41.541  73.485 0.0000000000
52883  -30.090  -41.719  73.258 0.0000000000
52949  -29.698  -41.292  70.729 0.0000000000
52969  -29.939  -41.136  69.879 0.0000000000
64392  -46.919  -32.536  62.925 0.0000000000
64410  -46.652  -31.944  62.103 0.0000000000
65687  -47.973  -31.495  62.382 0.0000000000
65706  -48.315  -30.946  62.001 0.0000000000
66957  -49.664  -30.483  61.245 0.0000000000
66971  -50.550  -30.339  60.430 0.0000000000
66958  -50.624  -30.330  61.490 0.0000000000
66959  -51.573  -30.249  61.765 0.0000000000
68148  -53.136  -29.649  62.098 0.0000000000
51788  -37.527  -42.480  71.637 0.0000000000
51803  -36.650  -42.299  70.635 0.0000000000
51804  -37.782  -42.290  70.681 0.0000000000
52990  -37.319  -41.483  68.764 0.0000000000
53026  -37.206  -40.856  67.097 0.0000000000
57769  -40.075  -38.107  64.740 0.0000000000
56560  -38.937  -38.506  64.630 0.0000000000
57794  -38.718  -38.015  63.539 0.0000000000
57818  -38.067  -37.261  61.686 0.0000000000
57817  -36.993  -37.928  61.549 0.0000000000
57828  -36.313  -37.536  60.329 0.0000000000
59075  -36.763  -36.792  59.718 0.0000000000
61695  -42.497  -34.984  57.378 0.0000000000
61718  -42.538  -34.558  56.825 0.0000000000
72974  -51.804  -25.811  65.538 0.0000000000
71725  -51.880  -26.202  64.708 0.0000000000
72998  -52.019  -25.333  65.008 0.0000000000
72996  -51.349  -25.129  64.499 0.0000000000
74312  -50.830  -24.442  63.919 0.0000000000
75593  -52.504  -23.029  60.688 0.0000000000
75610  -51.438  -23.559  60.623 0.0000000000
74395  -51.393  -24.397  59.321 0.0000000000
73083  -50.009  -24.855  58.254 0.0000000000
73098  -49.189  -25.038  57.668 0.0000000000
73134  -47.619  -25.978  56.634 0.0000000000
73135  -48.368  -25.772  55.999 0.0000000000
73151  -48.722  -25.574  55.064 0.0000000000
73166  -49.615  -25.479  53.863 0.0000000000
79235  -54.036  -20.871  53.168 0.0000000000
76963  -52.615  -22.178  52.461 0.0000000000
76988  -53.651  -22.717  51.811 0.0000000000
56354  -22.857  -38.465  76.933 0.0000000000
55231  -21.818  -39.181  74.840 0.0000000000
55232  -22.674  -38.828  74.548 0.0000000000
55263  -22.509  -39.231  72.505 0.0000000000
55278  -22.900  -38.896  71.365 0.0000000000
54196  -25.668  -40.365  66.727 0.0000000000
54170  -24.827  -40.591  67.705 0.0000000000
54242  -24.178  -40.609  64.276 0.0000000000
54259  -23.963  -41.129  63.685 0.0000000000
51885  -24.227  -42.537  63.558 0.0000000000
51886  -25.415  -42.669  63.164 0.0000000000
51864  -33.162  -42.480  65.637 0.0000000000
51863  -32.171  -42.125  65.999 0.0000000000
51891  -32.326  -41.859  63.887 0.0000000000
51899  -31.449  -42.248  62.955 0.0000000000
51909  -31.026  -42.149  62.319 0.0000000000
60320  -44.268  -35.509  58.289 0.0000000000
61673  -43.682  -34.414  58.203 0.0000000000
60303  -44.010  -35.358  59.207 0.0000000000
60268  -44.380  -34.954  60.985 0.0000000000
61630  -45.054  -34.366  62.108 0.0000000000
60234  -45.732  -35.568  63.076 0.0000000000
61615  -45.720  -34.380  62.859 0.0000000000
63033  -46.305  -33.413  62.856 0.0000000000
64372  -47.456  -32.829  63.369 0.0000000000
63013  -48.412  -32.672  63.845 0.0000000000
64375  -49.946  -32.307  63.995 0.0000000000
51808  -41.155  -41.567  70.520 0.0000000000
51821  -40.378  -41.575  69.844 0.0000000000
54131  -41.088  -40.960  69.237 0.0000000000
54180  -41.200  -40.044  68.061 0.0000000000
55347  -40.695  -39.138  66.540 0.0000000000
55350  -43.699  -39.461  66.854 0.0000000000
56530  -42.548  -38.602  66.200 0.0000000000
56549  -41.103  -38.196  65.513 0.0000000000
57796  -40.839  -37.149  63.459 0.0000000000
57809  -40.738  -36.824  62.724 0.0000000000
60265  -40.123  -36.011  61.216 0.0000000000
60298  -39.592  -35.523  59.659 0.0000000000
60267  -41.251  -35.782  60.719 0.0000000000
60282  -41.437  -35.685  60.090 0.0000000000
59080  -42.729  -36.353  59.380 0.0000000000
57831  -43.906  -37.431  60.319 0.0000000000
59069  -43.376  -36.945  59.794 0.0000000000
59097  -43.111  -36.295  58.666 0.0000000000
59098  -43.795  -36.547  58.497 0.0000000000
59118  -44.090  -36.024  57.720 0.0000000000
75702  -53.640  -23.915  56.137 0.0000000000
75704  -55.485  -23.063  56.705 0.0000000000
76916  -55.753  -22.114  56.182 0.0000000000
78013  -55.092  -21.291  55.228 0.0000000000
79213  -55.339  -20.640  55.010 0.0000000000
80518  -55.478  -19.811  53.757 0.0000000000
55213  -26.552  -39.686  75.395 0.0000000000
55235  -25.965  -39.540  74.120 0.0000000000
54036  -26.499  -40.162  73.963 0.0000000000
52925  -26.352  -40.766  71.962 0.0000000000
52965  -26.314  -40.893  70.393 0.0000000000
52927  -27.626  -41.458  71.800 0.0000000000
52966  -27.050  -40.869  70.222 0.0000000000
54147  -25.929  -40.954  68.872 0.0000000000
54197  -26.788  -40.252  66.878 0.0000000000
54224  -26.565  -40.101  65.752 0.0000000000
54262  -27.373  -40.180  63.703 0.0000000000
63082  -43.741  -33.218  59.174 0.0000000000
64452  -44.687  -32.670  58.612 0.0000000000
65703  -45.839  -31.652  60.731 0.0000000000
69415  -55.139  -28.679  58.327 0.0000000000
70631  -53.807  -27.968  58.326 0.0000000000
51747  -33.808  -42.468  73.947 0.0000000000
52907  -32.864  -41.762  71.886 0.0000000000
51784  -33.594  -41.820  71.944 0.0000000000
51814  -33.885  -42.294  69.873 0.0000000000
51827  -33.974  -42.402  68.824 0.0000000000
51816  -35.721  -42.304  69.563 0.0000000000
51839  -34.849  -42.358  67.471 0.0000000000
51850  -33.935  -42.241  66.663 0.0000000000
51877  -33.726  -42.173  65.131 0.0000000000
53072  -34.095  -41.227  64.360 0.0000000000
54276  -34.306  -40.248  62.884 0.0000000000
52992  -39.164  -40.853  68.744 0.0000000000
54177  -38.305  -40.492  67.518 0.0000000000
54202  -37.015  -40.391  66.268 0.0000000000
56559  -38.168  -38.909  64.583 0.0000000000
55377  -37.385  -39.627  64.923 0.0000000000
55363  -36.651  -39.960  65.244 0.0000000000
55375  -35.667  -39.687  64.168 0.0000000000
54277  -34.860  -40.000  63.345 0.0000000000
60314  -38.796  -35.065  58.465 0.0000000000
56533  -46.870  -38.426  67.364 0.0000000000
58967  -47.080  -36.933  66.525 0.0000000000
56334  -23.449  -37.822  77.995 0.0000000000
56337  -26.614  -38.805  77.195 0.0000000000
55196  -27.068  -39.302  76.503 0.0000000000
55197  -27.893  -39.983  76.308 0.0000000000
51696  -30.487  -41.922  75.756 0.0000000000
51712  -31.719  -42.230  75.478 0.0000000000
51713  -32.691  -42.337  75.706 0.0000000000
51729  -33.332  -42.499  74.921 0.0000000000
51748  -34.820  -42.422  73.915 0.0000000000
51749  -35.847  -42.504  73.950 0.0000000000
51750  -36.656  -42.274  73.495 0.0000000000
52868  -36.741  -41.289  74.483 0.0000000000
51769  -37.170  -42.235  72.650 0.0000000000
52908  -37.766  -41.646  72.797 0.0000000000
51771  -39.003  -42.071  72.045 0.0000000000
52934  -40.101  -41.271  71.523 0.0000000000
54089  -40.655  -40.811  71.417 0.0000000000
54108  -41.825  -40.750  70.594 0.0000000000
54109  -42.853  -40.689  70.402 0.0000000000
56524  -46.623  -39.062  68.063 0.0000000000
58968  -47.932  -36.685  66.433 0.0000000000
60177  -48.382  -35.662  66.492 0.0000000000
60179  -49.359  -35.122  65.971 0.0000000000
62927  -48.534  -32.970  67.507 0.0000000000
62928  -49.346  -33.184  66.650 0.0000000000
61561  -49.710  -34.137  65.696 0.0000000000
61562  -50.177  -33.642  65.699 0.0000000000
62991  -50.157  -32.929  64.838 0.0000000000
65655  -51.028  -31.607  64.270 0.0000000000
66886  -50.785  -30.498  65.434 0.0000000000
65639  -51.566  -31.252  64.844 0.0000000000
65675  -51.564  -31.150  63.857 0.0000000000
66925  -52.508  -30.559  63.540 0.0000000000
68149  -53.501  -29.580  62.708 0.0000000000
69360  -53.691  -28.592  61.929 0.0000000000
70520  -52.822  -27.815  63.507 0.0000000000
70565  -53.075  -27.906  62.092 0.0000000000
69359  -53.619  -27.997  61.480 0.0000000000
70584  -53.917  -27.280  60.176 0.0000000000
70600  -53.222  -27.437  59.354 0.0000000000
69412  -52.495  -27.859  58.660 0.0000000000
75553  -50.703  -23.464  63.802 0.0000000000
74336  -49.794  -24.505  62.424 0.0000000000
74357  -50.023  -24.164  61.082 0.0000000000
73065  -49.130  -24.978  61.064 0.0000000000
73055  -48.884  -26.005  61.965 0.0000000000
69375  -49.488  -28.292  60.135 0.0000000000
69395  -50.299  -28.313  59.300 0.0000000000
69424  -50.761  -28.406  57.472 0.0000000000
69444  -50.417  -28.671  56.602 0.0000000000
69460  -50.138  -29.062  55.869 0.0000000000
68244  -49.413  -29.621  54.688 0.0000000000
69457  -47.161  -28.466  55.300 0.0000000000
68242  -47.555  -29.443  54.292 0.0000000000
67066  -49.177  -30.734  53.420 0.0000000000
74493  -52.246  -24.098  55.048 0.0000000000
74504  -50.831  -24.574  54.068 0.0000000000
73182  -49.493  -25.509  52.850 0.0000000000
75797  -51.236  -23.363  51.956 0.0000000000
73196  -50.418  -25.148  51.653 0.0000000000
71935  -49.475  -26.086  51.552 0.0000000000
54051  -21.173  -39.778  73.454 0.0000000000
55265  -24.800  -39.008  72.299 0.0000000000
56459  -23.750  -38.891  70.878 0.0000000000
55311  -22.809  -39.439  69.555 0.0000000000
54169  -23.729  -40.402  67.484 0.0000000000
54144  -23.098  -39.682  68.187 0.0000000000
54143  -22.010  -39.801  68.274 0.0000000000
53003  -21.173  -40.873  66.718 0.0000000000
52951  -31.783  -40.847  70.395 0.0000000000
52970  -30.856  -41.034  69.566 0.0000000000
54150  -30.376  -40.693  68.475 0.0000000000
53040  -31.408  -41.650  66.109 0.0000000000
53039  -30.737  -41.148  65.778 0.0000000000
54227  -29.844  -40.428  66.051 0.0000000000
54264  -29.314  -40.620  64.436 0.0000000000
54273  -28.148  -40.553  63.092 0.0000000000
53078  -27.249  -41.121  61.887 0.0000000000
53098  -30.182  -41.464  60.360 0.0000000000
51917  -30.007  -42.041  61.027 0.0000000000
51916  -29.284  -42.035  60.473 0.0000000000
51915  -28.219  -42.287  60.178 0.0000000000
53095  -27.574  -42.179  60.527 0.0000000000
51905  -26.559  -42.259  60.981 0.0000000000
56554  -47.831  -38.120  66.165 0.0000000000
56534  -47.399  -38.748  66.916 0.0000000000
55382  -47.240  -39.500  65.581 0.0000000000
69448  -54.472  -28.692  57.233 0.0000000000
68219  -53.481  -29.015  56.725 0.0000000000
51764  -32.051  -42.095  73.120 0.0000000000
61696  -43.654  -34.140  57.688 0.0000000000
65690  -50.678  -31.130  63.232 0.0000000000
51806  -39.768  -42.105  70.459 0.0000000000
61720  -43.704  -34.528  56.893 0.0000000000
63158  -44.012  -33.677  55.862 0.0000000000
74435  -52.925  -24.620  57.594 0.0000000000
74459  -52.903  -24.534  56.567 0.0000000000
56378  -24.911  -38.456  75.362 0.0000000000
54271  -26.334  -40.773  62.518 0.0000000000
53086  -25.924  -42.220  61.819 0.0000000000
53087  -26.198  -41.986  61.515 0.0000000000
54275  -33.278  -40.613  62.764 0.0000000000
57823  -45.308  -37.358  60.707 0.0000000000
59060  -45.620  -37.103  61.616 0.0000000000
60196  -49.064  -34.690  65.391 0.0000000000
52980  -43.995  -41.101  69.263 0.0000000000
54133  -43.174  -41.158  68.988 0.0000000000
54157  -43.602  -40.787  68.587 0.0000000000
56575  -43.943  -37.766  63.416 0.0000000000
56563  -43.490  -37.793  64.303 0.0000000000
57798  -43.231  -37.351  63.318 0.0000000000
57811  -43.542  -37.230  62.372 0.0000000000
56606  -45.196  -37.638  60.513 0.0000000000
52843  -28.461  -40.657  75.151 0.0000000000
52864  -28.089  -40.936  74.475 0.0000000000
54037  -28.690  -40.843  74.672 0.0000000000
54125  -29.414  -40.604  69.425 0.0000000000
54124  -28.822  -40.549  69.624 0.0000000000
54148  -28.688  -40.368  68.898 0.0000000000
63053  -44.932  -33.340  61.642 0.0000000000
64408  -44.949  -32.600  61.038 0.0000000000
64409  -45.679  -32.326  61.584 0.0000000000
66969  -48.477  -30.499  59.988 0.0000000000
66968  -47.456  -30.745  59.808 0.0000000000
68160  -53.084  -29.441  61.311 0.0000000000
68175  -54.251  -28.440  59.819 0.0000000000
51768  -36.152  -42.518  72.781 0.0000000000
53011  -36.253  -41.243  67.150 0.0000000000
53024  -35.893  -41.246  66.573 0.0000000000
53042  -35.782  -41.119  65.971 0.0000000000
55367  -40.137  -39.058  66.055 0.0000000000
55346  -39.709  -39.578  66.643 0.0000000000
56595  -36.695  -38.414  62.114 0.0000000000
56585  -37.036  -38.525  62.752 0.0000000000
56594  -36.057  -38.502  61.602 0.0000000000
61671  -41.379  -34.849  58.053 0.0000000000
71706  -51.565  -26.313  65.719 0.0000000000
70494  -51.328  -27.203  66.145 0.0000000000
69296  -51.918  -28.579  64.771 0.0000000000
69282  -52.030  -27.899  64.950 0.0000000000
69297  -52.462  -28.318  64.389 0.0000000000
70506  -52.091  -27.228  64.628 0.0000000000
71767  -50.337  -26.050  63.163 0.0000000000
70542  -50.646  -27.071  63.001 0.0000000000
70562  -49.821  -27.578  62.108 0.0000000000
77895  -52.374  -21.735  61.541 0.0000000000
77894  -52.179  -22.002  61.905 0.0000000000
76775  -51.599  -22.059  62.388 0.0000000000
76787  -51.936  -22.341  61.709 0.0000000000
73096  -47.781  -25.984  58.450 0.0000000000
73081  -48.340  -25.492  58.970 0.0000000000
71828  -47.702  -26.635  58.895 0.0000000000
71913  -47.545  -26.633  53.266 0.0000000000
71924  -47.608  -26.922  52.216 0.0000000000
71933  -47.869  -27.481  51.615 0.0000000000
75761  -53.336  -22.452  54.014 0.0000000000
76946  -53.557  -21.862  53.836 0.0000000000
54015  -21.654  -39.550  76.210 0.0000000000
54085  -22.242  -39.708  70.942 0.0000000000
54084  -21.277  -40.044  71.363 0.0000000000
54120  -21.607  -40.048  69.207 0.0000000000
51884  -23.218  -42.528  63.640 0.0000000000
51837  -33.368  -42.001  68.034 0.0000000000
52989  -32.759  -41.611  68.331 0.0000000000
53010  -32.792  -41.783  67.548 0.0000000000
51898  -30.604  -42.298  62.646 0.0000000000
51897  -29.624  -41.924  62.255 0.0000000000
57800  -46.546  -37.834  63.416 0.0000000000
57788  -46.810  -37.655  63.836 0.0000000000
59011  -48.424  -36.185  65.147 0.0000000000
54185  -46.124  -40.521  67.746 0.0000000000
54207  -46.082  -40.350  66.735 0.0000000000
55369  -45.976  -39.997  65.744 0.0000000000
55379  -45.282  -39.106  64.081 0.0000000000
55388  -45.384  -38.917  63.497 0.0000000000
67030  -55.326  -30.227  56.719 0.0000000000
51726  -30.477  -42.216  74.560 0.0000000000
51743  -29.955  -42.198  73.902 0.0000000000
51744  -30.808  -42.143  73.809 0.0000000000
52930  -30.426  -41.394  71.541 0.0000000000
63141  -44.894  -33.153  56.696 0.0000000000
64411  -47.379  -31.839  62.477 0.0000000000
66940  -48.967  -30.633  61.929 0.0000000000
66956  -48.578  -30.558  61.135 0.0000000000
66973  -52.310  -29.820  61.242 0.0000000000
52974  -38.114  -41.495  69.366 0.0000000000
52973  -37.546  -41.680  69.427 0.0000000000
53012  -36.988  -41.227  67.627 0.0000000000
53013  -37.594  -40.747  67.487 0.0000000000
57795  -39.743  -37.525  63.486 0.0000000000
57829  -37.352  -37.313  60.820 0.0000000000
59063  -36.970  -37.067  60.329 0.0000000000
60339  -43.109  -35.465  57.393 0.0000000000
74251  -52.303  -24.927  65.717 0.0000000000
72975  -52.041  -25.394  65.441 0.0000000000
75532  -51.569  -23.809  64.875 0.0000000000
74287  -51.562  -24.566  64.702 0.0000000000
74313  -51.223  -24.414  64.353 0.0000000000
74286  -51.132  -24.792  64.380 0.0000000000
75630  -53.784  -23.744  59.538 0.0000000000
75612  -53.114  -23.282  60.243 0.0000000000
74378  -52.706  -23.764  59.943 0.0000000000
74377  -51.922  -23.877  59.969 0.0000000000
74396  -52.327  -24.150  59.255 0.0000000000
73084  -50.752  -24.921  58.026 0.0000000000
73118  -49.288  -25.246  56.670 0.0000000000
73137  -50.439  -25.087  55.517 0.0000000000
73136  -49.517  -25.544  55.748 0.0000000000
73152  -49.621  -25.466  54.809 0.0000000000
73165  -48.876  -25.576  54.219 0.0000000000
73153  -50.265  -25.133  54.460 0.0000000000
79236  -54.583  -20.785  52.864 0.0000000000
78036  -53.791  -21.458  52.608 0.0000000000
55212  -22.327  -38.900  75.789 0.0000000000
56396  -23.165  -38.428  75.366 0.0000000000
56416  -23.959  -38.369  73.617 0.0000000000
55233  -23.283  -38.741  73.897 0.0000000000
55250  -23.252  -38.668  73.108 0.0000000000
55264  -23.625  -38.692  72.261 0.0000000000
53066  -24.706  -41.754  63.257 0.0000000000
50801  -26.124  -43.707  62.126 0.0000000000
51895  -26.011  -43.050  62.546 0.0000000000
51876  -33.068  -42.100  64.543 0.0000000000
53081  -31.538  -41.769  62.428 0.0000000000
51900  -31.873  -41.910  63.384 0.0000000000
59070  -44.469  -36.077  59.714 0.0000000000
60269  -44.824  -35.503  61.522 0.0000000000
61629  -44.474  -34.310  61.376 0.0000000000
59031  -45.669  -36.178  62.892 0.0000000000
61599  -46.206  -34.732  63.431 0.0000000000
61616  -46.355  -34.009  63.336 0.0000000000
63011  -46.908  -33.360  63.425 0.0000000000
64374  -49.144  -32.494  64.024 0.0000000000
52955  -41.781  -41.389  70.348 0.0000000000
52977  -41.078  -41.376  69.745 0.0000000000
52994  -41.630  -41.045  69.388 0.0000000000
54181  -42.252  -40.253  68.135 0.0000000000
54155  -41.611  -40.665  68.848 0.0000000000
55335  -40.965  -39.533  67.257 0.0000000000
55348  -41.721  -39.178  66.682 0.0000000000
55351  -44.822  -39.736  66.531 0.0000000000
55338  -43.888  -40.040  67.322 0.0000000000
56532  -44.146  -39.196  66.421 0.0000000000
56550  -42.232  -37.820  65.362 0.0000000000
56529  -41.485  -38.589  66.069 0.0000000000
57771  -41.403  -37.718  65.158 0.0000000000
57770  -40.743  -37.835  64.995 0.0000000000
59030  -41.933  -36.668  62.702 0.0000000000
59029  -41.362  -36.807  62.933 0.0000000000
59043  -41.236  -36.532  62.231 0.0000000000
59055  -40.549  -36.288  61.560 0.0000000000
60266  -40.645  -35.861  61.033 0.0000000000
59057  -42.819  -36.269  61.186 0.0000000000
59079  -42.166  -35.992  59.929 0.0000000000
57822  -44.511  -37.642  61.005 0.0000000000
57841  -44.001  -37.290  59.507 0.0000000000
59081  -43.503  -36.831  59.088 0.0000000000
59116  -43.414  -35.990  58.204 0.0000000000
59099  -44.248  -36.334  58.321 0.0000000000
77976  -56.143  -21.465  56.554 0.0000000000
77996  -55.519  -21.478  55.722 0.0000000000
79195  -56.093  -20.723  56.101 0.0000000000
80491  -56.136  -19.838  55.450 0.0000000000
80507  -55.788  -19.792  54.508 0.0000000000
54016  -26.688  -40.370  74.976 0.0000000000
54035  -26.568  -40.215  74.689 0.0000000000
52840  -26.686  -40.462  74.742 0.0000000000
52880  -27.444  -40.967  73.627 0.0000000000
52900  -26.809  -40.768  72.739 0.0000000000
52945  -26.163  -41.134  71.241 0.0000000000
52903  -29.360  -41.424  72.529 0.0000000000
52902  -28.440  -41.359  72.603 0.0000000000
52947  -27.780  -41.279  70.912 0.0000000000
52984  -26.413  -40.783  69.491 0.0000000000
53004  -26.564  -40.701  68.636 0.0000000000
54172  -27.059  -40.534  67.804 0.0000000000
54245  -27.543  -40.080  64.810 0.0000000000
61657  -43.521  -34.226  59.132 0.0000000000
63096  -43.674  -33.505  58.329 0.0000000000
63067  -43.702  -33.662  59.532 0.0000000000
64423  -44.642  -32.227  60.216 0.0000000000
63083  -44.096  -32.827  59.430 0.0000000000
64436  -44.751  -32.468  59.316 0.0000000000
65704  -46.482  -31.445  61.188 0.0000000000
66984  -51.486  -29.859  59.514 0.0000000000
68184  -52.805  -29.579  59.346 0.0000000000
69414  -54.515  -28.241  58.354 0.0000000000
70617  -54.194  -27.521  58.918 0.0000000000
51766  -34.179  -42.191  72.927 0.0000000000
51785  -34.455  -42.065  71.869 0.0000000000
51829  -35.751  -42.227  68.384 0.0000000000
51838  -33.991  -42.348  67.725 0.0000000000
51865  -33.999  -42.173  65.818 0.0000000000
51866  -34.352  -41.718  65.756 0.0000000000
54266  -34.301  -40.615  63.775 0.0000000000
54265  -33.677  -40.718  63.403 0.0000000000
52993  -39.755  -40.693  68.834 0.0000000000
52976  -40.005  -41.093  69.385 0.0000000000
54153  -39.561  -40.595  68.215 0.0000000000
54204  -38.764  -40.085  66.801 0.0000000000
54203  -37.626  -40.406  66.710 0.0000000000
54232  -37.436  -39.975  65.766 0.0000000000
57783  -38.965  -38.265  64.117 0.0000000000
56574  -38.555  -38.373  64.170 0.0000000000
56558  -37.499  -38.944  64.289 0.0000000000
55387  -36.919  -39.225  64.277 0.0000000000
55364  -36.970  -39.932  65.491 0.0000000000
55376  -36.345  -39.712  64.644 0.0000000000
55394  -35.205  -39.499  62.678 0.0000000000
55393  -34.489  -39.716  62.280 0.0000000000
55400  -34.109  -39.555  61.567 0.0000000000
60281  -40.583  -35.606  60.323 0.0000000000
60315  -40.035  -34.926  58.847 0.0000000000
56333  -22.493  -38.570  77.956 0.0000000000
55181  -27.189  -39.081  77.784 0.0000000000
52820  -30.416  -41.501  76.340 0.0000000000
51730  -34.461  -42.269  74.995 0.0000000000
52885  -36.552  -41.977  74.197 0.0000000000
54040  -37.376  -40.618  74.584 0.0000000000
52886  -37.296  -41.529  73.686 0.0000000000
52909  -38.445  -41.064  72.371 0.0000000000
52910  -39.403  -41.240  71.823 0.0000000000
54070  -39.260  -40.306  72.118 0.0000000000
55286  -40.978  -40.427  71.134 0.0000000000
54090  -41.185  -40.888  71.104 0.0000000000
55297  -41.428  -39.895  70.781 0.0000000000
55298  -42.577  -39.774  70.521 0.0000000000
55299  -43.676  -39.767  70.439 0.0000000000
54110  -43.856  -40.620  70.227 0.0000000000
60159  -46.579  -36.384  66.599 0.0000000000
60176  -47.207  -35.731  66.489 0.0000000000
61539  -48.727  -34.666  66.586 0.0000000000
60178  -49.076  -35.369  66.279 0.0000000000
61540  -49.500  -34.228  66.255 0.0000000000
61541  -50.169  -33.823  65.965 0.0000000000
64335  -50.801  -32.207  65.195 0.0000000000
64352  -50.634  -32.247  64.649 0.0000000000
64336  -51.204  -31.731  64.893 0.0000000000
70493  -51.059  -27.454  66.674 0.0000000000
68072  -49.952  -29.240  66.804 0.0000000000
68089  -50.654  -29.318  65.775 0.0000000000
68091  -52.091  -29.838  64.947 0.0000000000
66887  -51.566  -30.577  65.049 0.0000000000
66888  -52.183  -30.477  64.658 0.0000000000
65657  -51.993  -31.008  64.438 0.0000000000
65676  -52.037  -31.184  63.836 0.0000000000
69319  -53.114  -28.566  63.478 0.0000000000
71746  -51.806  -26.511  64.314 0.0000000000
70519  -52.026  -27.107  63.885 0.0000000000
70564  -52.321  -28.082  61.984 0.0000000000
70544  -52.568  -27.688  62.848 0.0000000000
69379  -53.728  -27.461  60.583 0.0000000000
69397  -52.774  -27.628  59.732 0.0000000000
76785  -50.612  -22.697  62.509 0.0000000000
76773  -50.703  -22.686  63.386 0.0000000000
75572  -50.175  -23.441  62.731 0.0000000000
74337  -50.241  -24.125  63.270 0.0000000000
74376  -51.067  -23.967  60.013 0.0000000000
75609  -50.857  -23.753  60.596 0.0000000000
74375  -50.315  -24.169  60.387 0.0000000000
74373  -48.910  -25.115  60.486 0.0000000000
73064  -48.747  -25.708  60.988 0.0000000000
73056  -49.187  -25.181  61.771 0.0000000000
71794  -48.776  -26.669  61.373 0.0000000000
70580  -48.995  -27.636  60.995 0.0000000000
69394  -49.126  -28.440  59.066 0.0000000000
69410  -49.956  -28.285  58.257 0.0000000000
69411  -51.160  -28.253  58.468 0.0000000000
69445  -51.492  -28.590  56.687 0.0000000000
69423  -49.651  -28.388  57.304 0.0000000000
69442  -48.373  -28.731  56.283 0.0000000000
69443  -49.378  -28.732  56.453 0.0000000000
69459  -49.141  -29.066  55.543 0.0000000000
68228  -50.004  -29.405  55.269 0.0000000000
69476  -48.573  -29.195  54.942 0.0000000000
71883  -47.367  -26.533  55.765 0.0000000000
70671  -46.739  -27.469  54.966 0.0000000000
69487  -46.816  -28.874  53.139 0.0000000000
69473  -46.682  -28.720  53.972 0.0000000000
68254  -47.354  -29.642  53.585 0.0000000000
68255  -47.791  -29.801  54.114 0.0000000000
74475  -52.497  -24.243  55.620 0.0000000000
75748  -52.680  -23.625  55.026 0.0000000000
74520  -51.291  -24.021  53.083 0.0000000000
74505  -51.409  -24.136  53.642 0.0000000000
74519  -50.795  -24.327  52.993 0.0000000000
73167  -50.199  -25.055  53.443 0.0000000000
73183  -50.178  -24.946  52.468 0.0000000000
76987  -52.484  -22.534  51.828 0.0000000000
76962  -51.822  -22.666  52.257 0.0000000000
75798  -51.861  -23.364  51.500 0.0000000000
55248  -21.953  -39.528  74.034 0.0000000000
54034  -21.152  -39.819  74.567 0.0000000000
54083  -20.529  -40.403  71.611 0.0000000000
52898  -20.631  -40.314  72.178 0.0000000000
52944  -20.151  -40.958  70.097 0.0000000000
52983  -20.403  -41.452  68.303 0.0000000000
51836  -20.158  -42.673  67.166 0.0000000000
51847  -20.209  -42.911  66.247 0.0000000000
55252  -25.605  -39.877  72.979 0.0000000000
55251  -25.244  -39.092  73.426 0.0000000000
55313  -24.364  -39.700  69.923 0.0000000000
55294  -24.019  -39.212  70.520 0.0000000000
56483  -23.477  -38.914  70.699 0.0000000000
55328  -23.264  -39.597  68.967 0.0000000000
54195  -24.555  -40.499  66.533 0.0000000000
54168  -22.683  -40.002  67.230 0.0000000000
54167  -21.457  -40.404  67.231 0.0000000000
54192  -21.595  -40.684  66.186 0.0000000000
50796  -25.540  -43.763  63.754 0.0000000000
50795  -24.640  -43.373  63.813 0.0000000000
52933  -33.117  -41.657  71.186 0.0000000000
52932  -32.363  -41.438  71.266 0.0000000000
52952  -32.742  -41.423  70.410 0.0000000000
52971  -31.784  -41.121  69.396 0.0000000000
52987  -31.209  -41.169  68.725 0.0000000000
54127  -30.704  -40.919  68.863 0.0000000000
54176  -30.655  -40.812  67.955 0.0000000000
51875  -32.204  -41.970  64.729 0.0000000000
53053  -31.427  -41.720  65.250 0.0000000000
53038  -30.128  -40.969  65.238 0.0000000000
54228  -30.479  -40.677  66.451 0.0000000000
54247  -29.434  -40.643  65.206 0.0000000000
53079  -28.475  -41.231  62.306 0.0000000000
53067  -28.874  -40.939  63.129 0.0000000000
53110  -29.923  -41.270  59.439 0.0000000000
53097  -29.516  -41.699  59.748 0.0000000000
51925  -28.949  -42.186  59.433 0.0000000000
51906  -28.666  -42.130  60.968 0.0000000000
51924  -28.041  -42.735  59.117 0.0000000000
50818  -27.219  -43.694  59.526 0.0000000000
51923  -27.479  -43.047  59.482 0.0000000000
51914  -27.106  -42.696  60.242 0.0000000000
50810  -26.740  -43.337  60.067 0.0000000000
56579  -46.778  -38.540  64.254 0.0000000000
57789  -47.042  -37.835  64.255 0.0000000000
57772  -48.266  -37.435  65.859 0.0000000000
54236  -47.181  -40.251  67.028 0.0000000000
54235  -46.867  -40.316  66.540 0.0000000000
55370  -46.884  -40.088  65.823 0.0000000000
55390  -46.285  -39.375  64.208 0.0000000000
56565  -46.653  -39.029  64.418 0.0000000000
69429  -55.662  -28.860  57.908 0.0000000000
68207  -55.490  -29.088  57.605 0.0000000000
68221  -55.058  -29.291  57.074 0.0000000000
68233  -54.471  -29.352  56.714 0.0000000000
68232  -53.906  -29.473  56.488 0.0000000000
69462  -52.002  -28.946  56.072 0.0000000000
51763  -31.332  -41.953  73.339 0.0000000000
52931  -31.414  -41.399  71.413 0.0000000000
64394  -48.819  -32.053  63.398 0.0000000000
51805  -38.843  -42.383  70.601 0.0000000000
51819  -38.951  -42.102  69.816 0.0000000000
59041  -39.550  -36.916  62.117 0.0000000000
59053  -38.547  -36.741  61.275 0.0000000000
59064  -37.517  -36.792  60.285 0.0000000000
60357  -43.534  -35.135  56.948 0.0000000000
74397  -53.385  -24.007  59.423 0.0000000000
74413  -52.715  -24.415  58.484 0.0000000000
74434  -52.109  -24.719  57.711 0.0000000000
73100  -51.158  -24.908  57.284 0.0000000000
73120  -51.087  -24.861  56.274 0.0000000000
73138  -51.006  -24.810  55.814 0.0000000000
74473  -50.967  -24.774  55.564 0.0000000000
56377  -24.000  -38.272  75.811 0.0000000000
56417  -24.537  -38.624  73.146 0.0000000000
54244  -26.392  -40.121  64.580 0.0000000000
53076  -25.658  -41.780  62.398 0.0000000000
51903  -25.959  -42.459  61.769 0.0000000000
50804  -25.971  -43.792  61.046 0.0000000000
53070  -32.960  -41.657  63.843 0.0000000000
53092  -31.986  -41.257  61.974 0.0000000000
60236  -47.111  -34.857  64.223 0.0000000000
61601  -47.589  -34.327  64.354 0.0000000000
63012  -47.729  -33.305  63.907 0.0000000000
62988  -48.085  -33.831  64.414 0.0000000000
62990  -49.691  -33.432  64.864 0.0000000000
52956  -43.065  -41.245  70.068 0.0000000000
54132  -42.841  -41.187  69.207 0.0000000000
55337  -42.977  -39.725  67.549 0.0000000000
56562  -42.497  -37.556  64.564 0.0000000000
59044  -42.248  -36.440  62.063 0.0000000000
56596  -45.005  -37.862  60.769 0.0000000000
57842  -44.482  -36.994  59.241 0.0000000000
59083  -44.954  -36.911  59.574 0.0000000000
52842  -27.631  -40.666  75.092 0.0000000000
52901  -27.564  -41.183  72.690 0.0000000000
52948  -28.761  -41.167  70.846 0.0000000000
53006  -27.634  -40.511  68.324 0.0000000000
54226  -28.702  -40.487  66.020 0.0000000000
68185  -53.721  -29.161  59.532 0.0000000000
68186  -54.142  -28.695  59.511 0.0000000000
70603  -54.388  -27.820  59.572 0.0000000000
51830  -36.476  -41.733  68.162 0.0000000000
51852  -35.404  -41.478  66.664 0.0000000000
53041  -34.869  -41.105  65.909 0.0000000000
54229  -34.825  -40.691  65.296 0.0000000000
54249  -35.461  -40.280  64.759 0.0000000000
54179  -40.098  -40.119  67.522 0.0000000000
55345  -38.935  -39.554  66.209 0.0000000000
55365  -38.643  -39.368  65.564 0.0000000000
56573  -37.926  -38.387  63.884 0.0000000000
56586  -37.603  -38.346  63.234 0.0000000000
56571  -36.492  -38.909  63.135 0.0000000000
56583  -35.449  -38.973  62.025 0.0000000000
52866  -35.020  -41.754  74.936 0.0000000000
52847  -34.732  -41.482  75.513 0.0000000000
52887  -37.926  -41.044  73.183 0.0000000000
56492  -41.207  -38.949  70.838 0.0000000000
61495  -46.506  -34.000  67.671 0.0000000000
61537  -47.180  -34.737  66.842 0.0000000000
62925  -47.037  -33.751  67.599 0.0000000000
62926  -47.637  -33.458  67.673 0.0000000000
64318  -49.963  -32.433  66.456 0.0000000000
65625  -50.260  -31.510  65.909 0.0000000000
70484  -51.239  -26.977  66.932 0.0000000000
68107  -52.637  -29.522  64.351 0.0000000000
68108  -53.079  -29.905  64.101 0.0000000000
69318  -52.804  -28.723  63.950 0.0000000000
70518  -51.375  -26.809  63.510 0.0000000000
70583  -52.496  -28.250  61.143 0.0000000000
69357  -51.513  -28.190  61.458 0.0000000000
69376  -50.642  -28.294  60.362 0.0000000000
77881  -51.350  -21.611  62.796 0.0000000000
74393  -49.660  -24.830  59.650 0.0000000000
73073  -48.926  -25.196  59.421 0.0000000000
73072  -48.467  -25.617  59.871 0.0000000000
73071  -48.042  -26.300  59.560 0.0000000000
71809  -48.043  -26.936  59.531 0.0000000000
70614  -48.266  -28.000  58.703 0.0000000000
69408  -47.904  -28.220  57.819 0.0000000000
69421  -47.736  -28.279  56.846 0.0000000000
69441  -47.644  -28.430  56.043 0.0000000000
71898  -47.526  -26.561  54.474 0.0000000000
70691  -46.899  -27.280  53.869 0.0000000000
70706  -46.923  -28.222  52.767 0.0000000000
69491  -47.033  -28.587  52.710 0.0000000000
76914  -54.254  -22.657  55.349 0.0000000000
75749  -53.458  -22.928  54.735 0.0000000000
75760  -52.717  -23.112  53.791 0.0000000000
75778  -51.714  -23.567  52.947 0.0000000000
54014  -20.804  -39.848  75.728 0.0000000000
54065  -21.288  -39.787  72.360 0.0000000000
54101  -20.504  -40.412  70.730 0.0000000000
54166  -20.770  -40.863  67.803 0.0000000000
54087  -25.676  -40.426  71.441 0.0000000000
55281  -25.367  -39.979  71.465 0.0000000000
54104  -25.192  -40.150  70.784 0.0000000000
54121  -24.292  -39.928  69.462 0.0000000000
54221  -23.257  -40.577  65.245 0.0000000000
54219  -21.458  -41.004  65.647 0.0000000000
51882  -21.676  -42.778  63.984 0.0000000000
50793  -22.844  -43.289  63.857 0.0000000000
50786  -24.176  -43.861  64.384 0.0000000000
51813  -33.285  -41.850  70.016 0.0000000000
52972  -32.598  -41.443  69.383 0.0000000000
53069  -30.385  -41.725  63.928 0.0000000000
53068  -29.513  -41.252  63.696 0.0000000000
50832  -28.874  -43.576  58.000 0.0000000000
50831  -27.941  -43.576  58.643 0.0000000000
59046  -45.816  -36.990  62.003 0.0000000000
59012  -48.893  -35.516  65.463 0.0000000000
54158  -44.447  -40.602  68.328 0.0000000000
54184  -45.119  -40.262  67.477 0.0000000000
55352  -45.596  -40.115  66.404 0.0000000000
56588  -45.446  -38.319  62.252 0.0000000000
56598  -45.732  -37.962  62.012 0.0000000000
67040  -53.731  -30.211  55.867 0.0000000000
51709  -29.670  -41.634  74.725 0.0000000000
52865  -29.099  -41.297  74.380 0.0000000000
51742  -29.583  -41.861  74.130 0.0000000000
52884  -30.755  -41.724  73.133 0.0000000000
52904  -30.230  -41.472  72.465 0.0000000000
52929  -29.482  -41.412  71.618 0.0000000000
54149  -29.656  -40.504  68.621 0.0000000000
65705  -47.510  -31.176  61.622 0.0000000000
66970  -49.511  -30.533  60.218 0.0000000000
53025  -36.669  -40.843  66.679 0.0000000000
56561  -39.571  -38.394  64.856 0.0000000000
57784  -39.490  -38.045  64.240 0.0000000000
57807  -39.008  -37.427  62.553 0.0000000000
57806  -37.807  -37.912  62.639 0.0000000000
57840  -36.116  -37.185  59.090 0.0000000000
60338  -42.371  -35.196  57.799 0.0000000000
61694  -41.906  -34.678  57.540 0.0000000000
63137  -42.009  -33.868  56.350 0.0000000000
61734  -42.810  -34.202  56.320 0.0000000000
63138  -42.514  -34.074  56.354 0.0000000000
72956  -51.887  -25.520  66.007 0.0000000000
71707  -51.902  -26.316  65.195 0.0000000000
71724  -51.837  -25.723  64.704 0.0000000000
75533  -51.965  -24.409  65.029 0.0000000000
72997  -51.716  -25.314  64.710 0.0000000000
73020  -51.418  -25.507  64.397 0.0000000000
73019  -50.943  -25.441  63.989 0.0000000000
75592  -52.249  -22.911  60.907 0.0000000000
75591  -51.667  -23.011  61.194 0.0000000000
75611  -52.272  -23.402  60.512 0.0000000000
74411  -50.792  -25.024  58.807 0.0000000000
74410  -50.078  -24.989  58.995 0.0000000000
73097  -48.458  -25.595  58.059 0.0000000000
73116  -47.714  -26.016  57.508 0.0000000000
73117  -48.354  -25.491  57.070 0.0000000000
71899  -48.238  -25.907  54.526 0.0000000000
73181  -48.946  -25.659  53.429 0.0000000000
79221  -53.955  -20.773  53.764 0.0000000000
78023  -53.550  -21.349  53.334 0.0000000000
78022  -53.118  -21.678  52.768 0.0000000000
78059  -53.268  -21.946  51.986 0.0000000000
75799  -52.982  -23.514  51.522 0.0000000000
55249  -22.599  -39.132  73.551 0.0000000000
54103  -22.271  -39.619  70.444 0.0000000000
50797  -26.117  -43.751  63.038 0.0000000000
51890  -31.654  -41.920  63.687 0.0000000000
51908  -30.334  -41.962  61.830 0.0000000000
61674  -44.108  -34.899  58.073 0.0000000000
60319  -43.914  -34.964  58.470 0.0000000000
60302  -43.711  -34.768  58.743 0.0000000000
61658  -43.843  -34.734  59.846 0.0000000000
60283  -44.419  -35.526  60.349 0.0000000000
61643  -44.048  -34.318  60.530 0.0000000000
63032  -45.627  -33.413  62.277 0.0000000000
59045  -45.535  -36.166  62.333 0.0000000000
64373  -47.778  -32.759  63.462 0.0000000000
63034  -48.007  -32.678  63.529 0.0000000000
63035  -48.264  -32.392  63.474 0.0000000000
51807  -40.629  -41.731  70.333 0.0000000000
54130  -40.651  -41.017  69.309 0.0000000000
52995  -42.053  -40.907  69.254 0.0000000000
56528  -40.694  -38.708  65.926 0.0000000000
54183  -44.113  -40.439  67.807 0.0000000000
55349  -42.740  -39.270  66.829 0.0000000000
56531  -43.547  -38.859  66.354 0.0000000000
57785  -40.381  -37.589  64.282 0.0000000000
59042  -40.265  -36.679  62.127 0.0000000000
60280  -39.890  -35.771  60.712 0.0000000000
60300  -41.888  -35.495  59.360 0.0000000000
60301  -42.548  -35.790  58.843 0.0000000000
57821  -43.690  -37.132  61.331 0.0000000000
59058  -43.372  -36.820  60.539 0.0000000000
60318  -42.822  -35.617  58.252 0.0000000000
59117  -43.808  -36.073  57.856 0.0000000000
57859  -44.169  -36.752  58.731 0.0000000000
60340  -43.786  -35.608  57.475 0.0000000000
60341  -44.143  -35.625  57.689 0.0000000000
74460  -53.835  -24.060  56.647 0.0000000000
74461  -54.566  -23.708  56.645 0.0000000000
74477  -54.561  -23.611  56.134 0.0000000000
75727  -54.964  -23.188  55.890 0.0000000000
75728  -55.543  -22.675  56.224 0.0000000000
76915  -55.112  -22.300  55.662 0.0000000000
76937  -54.514  -22.002  55.202 0.0000000000
78012  -54.609  -21.387  54.791 0.0000000000
79196  -56.426  -19.927  56.299 0.0000000000
79212  -54.392  -20.649  54.266 0.0000000000
80506  -54.911  -19.927  54.231 0.0000000000
80517  -54.922  -19.896  53.696 0.0000000000
79223  -55.147  -20.223  53.184 0.0000000000
79224  -56.029  -20.212  53.063 0.0000000000
79237  -55.445  -20.800  52.617 0.0000000000
56357  -26.115  -38.822  76.207 0.0000000000
55253  -25.929  -40.179  73.135 0.0000000000
52879  -26.828  -40.664  73.773 0.0000000000
54053  -26.314  -40.380  73.124 0.0000000000
54067  -26.104  -40.246  72.371 0.0000000000
54123  -25.774  -40.659  69.608 0.0000000000
52946  -26.895  -41.314  71.076 0.0000000000
54171  -25.982  -40.474  67.954 0.0000000000
54272  -27.294  -40.467  62.681 0.0000000000
54280  -32.454  -40.553  61.363 0.0000000000
63115  -43.610  -33.886  57.882 0.0000000000
64451  -44.000  -32.864  58.621 0.0000000000
63098  -45.329  -32.675  57.982 0.0000000000
65716  -45.478  -31.584  59.947 0.0000000000
65717  -46.461  -31.174  60.122 0.0000000000
65725  -45.632  -31.974  59.358 0.0000000000
68197  -54.658  -29.151  58.648 0.0000000000
69416  -55.818  -28.983  58.090 0.0000000000
69427  -54.166  -28.320  57.688 0.0000000000
51765  -33.078  -42.066  72.856 0.0000000000
52953  -33.247  -41.745  70.746 0.0000000000
51800  -33.630  -42.100  70.867 0.0000000000
51828  -34.821  -42.411  68.593 0.0000000000
53055  -33.682  -41.745  64.535 0.0000000000
53071  -33.633  -41.344  63.903 0.0000000000
51820  -39.799  -41.784  69.841 0.0000000000
54178  -39.159  -40.409  67.498 0.0000000000
54152  -38.829  -40.666  68.076 0.0000000000
56547  -39.193  -38.773  65.275 0.0000000000
56546  -38.600  -39.008  65.052 0.0000000000
55378  -38.191  -39.595  65.040 0.0000000000
54251  -37.851  -39.831  65.222 0.0000000000
54231  -36.463  -40.424  65.852 0.0000000000
54250  -36.116  -40.243  65.190 0.0000000000
54267  -34.967  -40.009  64.058 0.0000000000
55385  -35.480  -39.598  63.496 0.0000000000
54282  -33.916  -40.082  62.265 0.0000000000
61693  -40.953  -34.414  57.523 0.0000000000
56535  -47.710  -38.006  66.431 0.0000000000
57752  -46.920  -37.836  66.905 0.0000000000
58945  -46.287  -37.053  66.875 0.0000000000
60158  -45.910  -35.739  66.962 0.0000000000
56355  -23.854  -38.151  76.875 0.0000000000
56336  -25.801  -38.268  77.477 0.0000000000
55214  -27.425  -39.921  75.798 0.0000000000
54018  -27.772  -40.340  75.731 0.0000000000
53997  -28.380  -40.401  76.128 0.0000000000
52818  -28.891  -40.595  75.795 0.0000000000
52819  -29.660  -40.920  76.181 0.0000000000
52845  -30.046  -41.461  75.746 0.0000000000
51711  -30.853  -42.154  75.297 0.0000000000
51728  -32.287  -42.356  74.771 0.0000000000
51731  -35.178  -42.050  74.510 0.0000000000
51770  -38.209  -42.279  72.345 0.0000000000
54088  -40.027  -40.540  71.729 0.0000000000
52935  -40.621  -41.482  71.227 0.0000000000
52936  -41.215  -41.457  70.864 0.0000000000
52957  -43.916  -41.088  69.800 0.0000000000
54111  -44.487  -40.510  69.803 0.0000000000
55300  -44.689  -39.781  70.067 0.0000000000
54134  -45.003  -40.445  69.318 0.0000000000
54135  -45.684  -40.227  68.949 0.0000000000
54160  -46.341  -40.303  68.422 0.0000000000
54162  -47.212  -40.150  68.189 0.0000000000
56525  -47.210  -39.412  67.660 0.0000000000
57753  -47.528  -37.648  66.510 0.0000000000
57754  -48.037  -37.409  66.235 0.0000000000
58969  -48.708  -36.438  66.167 0.0000000000
58970  -49.111  -35.735  66.059 0.0000000000
60197  -49.136  -35.022  65.606 0.0000000000
62905  -47.758  -32.813  68.209 0.0000000000
64299  -48.848  -32.361  67.679 0.0000000000
61516  -48.889  -33.828  66.801 0.0000000000
61560  -49.326  -34.422  65.440 0.0000000000
61584  -49.554  -34.008  65.282 0.0000000000
62969  -49.815  -33.723  65.298 0.0000000000
62950  -50.420  -33.200  65.741 0.0000000000
62970  -50.217  -33.232  65.273 0.0000000000
64351  -50.071  -32.720  64.485 0.0000000000
64376  -50.327  -32.264  64.265 0.0000000000
65674  -50.671  -31.659  63.942 0.0000000000
65656  -51.350  -31.448  64.512 0.0000000000
65691  -51.298  -31.024  63.421 0.0000000000
66924  -51.959  -30.694  63.271 0.0000000000
66944  -52.753  -30.285  62.769 0.0000000000
66926  -53.176  -30.128  63.521 0.0000000000
66945  -53.164  -30.250  63.135 0.0000000000
68161  -53.723  -28.996  61.652 0.0000000000
70507  -52.584  -27.660  64.076 0.0000000000
70545  -53.157  -28.111  62.824 0.0000000000
70566  -53.417  -28.270  62.204 0.0000000000
69380  -54.281  -27.992  60.920 0.0000000000
70585  -54.115  -27.445  60.179 0.0000000000
70602  -54.285  -27.508  59.573 0.0000000000
69378  -52.932  -27.818  60.549 0.0000000000
70601  -53.738  -27.287  59.730 0.0000000000
70616  -53.383  -27.569  58.832 0.0000000000
69413  -53.099  -27.758  58.352 0.0000000000
69426  -53.176  -28.034  57.766 0.0000000000
73041  -50.270  -25.022  63.213 0.0000000000
73040  -49.574  -25.659  62.517 0.0000000000
75590  -50.591  -23.471  61.437 0.0000000000
75589  -50.018  -23.998  61.485 0.0000000000
74374  -49.487  -24.615  60.577 0.0000000000
74356  -49.592  -24.456  61.490 0.0000000000
71765  -49.405  -26.601  62.307 0.0000000000
70561  -49.121  -27.206  61.683 0.0000000000
70581  -49.851  -28.308  61.100 0.0000000000
69425  -51.957  -28.293  57.616 0.0000000000
69461  -51.102  -29.014  55.963 0.0000000000
68229  -50.768  -29.489  55.438 0.0000000000
68245  -50.496  -29.887  54.895 0.0000000000
71870  -47.201  -26.651  56.906 0.0000000000
70653  -47.128  -27.642  56.201 0.0000000000
69475  -47.769  -29.117  54.836 0.0000000000
68243  -48.337  -29.693  54.429 0.0000000000
67052  -48.939  -30.175  54.146 0.0000000000
75701  -53.192  -24.169  56.206 0.0000000000
75747  -52.161  -24.006  54.750 0.0000000000
74492  -51.758  -24.368  54.736 0.0000000000
71926  -49.230  -25.713  52.213 0.0000000000
76945  -52.952  -22.117  53.294 0.0000000000
75796  -51.017  -23.822  52.505 0.0000000000
74534  -51.187  -24.184  51.486 0.0000000000
74533  -50.671  -24.212  52.075 0.0000000000
73195  -49.660  -25.385  52.062 0.0000000000
71934  -48.494  -26.867  51.606 0.0000000000
55211  -21.552  -39.494  75.421 0.0000000000
51824  -19.475  -42.773  68.820 0.0000000000
51812  -19.896  -42.073  68.813 0.0000000000
55234  -25.381  -39.115  74.010 0.0000000000
56437  -24.244  -38.594  72.601 0.0000000000
55280  -24.851  -39.624  71.248 0.0000000000
55279  -23.960  -38.851  71.341 0.0000000000
56458  -23.449  -38.765  71.017 0.0000000000
55293  -22.953  -39.178  70.409 0.0000000000
55292  -22.332  -39.556  70.037 0.0000000000
54145  -24.068  -40.254  68.761 0.0000000000
55327  -22.543  -39.547  68.883 0.0000000000
55326  -22.012  -39.658  68.948 0.0000000000
53018  -21.118  -41.240  66.271 0.0000000000
53017  -20.558  -41.963  66.314 0.0000000000
54128  -32.153  -40.810  69.870 0.0000000000
54126  -30.184  -40.721  69.171 0.0000000000
54175  -30.084  -40.600  67.874 0.0000000000
51848  -32.360  -41.969  66.656 0.0000000000
53021  -31.827  -41.675  66.828 0.0000000000
53020  -31.070  -40.895  66.710 0.0000000000
53019  -30.592  -40.671  67.010 0.0000000000
54200  -30.003  -40.674  67.043 0.0000000000
54246  -28.622  -40.215  65.042 0.0000000000
54263  -28.559  -40.398  63.929 0.0000000000
53100  -31.751  -41.127  61.200 0.0000000000
54286  -30.818  -40.802  60.221 0.0000000000
53099  -31.069  -41.243  60.827 0.0000000000
53090  -30.543  -41.687  61.165 0.0000000000
53096  -27.936  -41.917  60.732 0.0000000000
53088  -27.075  -41.792  61.037 0.0000000000
49855  -27.450  -44.516  59.101 0.0000000000
50830  -27.649  -44.037  59.010 0.0000000000
51710  -30.021  -41.973  75.188 0.0000000000
51724  -29.612  -41.772  74.416 0.0000000000
51792  -41.022  -41.642  70.716 0.0000000000
51878  -34.058  -41.981  65.421 0.0000000000
51883  -22.312  -42.594  63.640 0.0000000000
52841  -26.939  -40.566  74.854 0.0000000000
52861  -26.641  -40.392  74.770 0.0000000000
52862  -26.754  -40.489  74.534 0.0000000000
52899  -26.428  -40.587  72.392 0.0000000000
52954  -41.169  -41.553  70.270 0.0000000000
52958  -44.386  -40.808  69.454 0.0000000000
52986  -27.753  -40.405  68.792 0.0000000000
52996  -43.619  -41.122  69.005 0.0000000000
52997  -44.117  -40.892  68.820 0.0000000000
52998  -44.577  -40.696  68.688 0.0000000000
53005  -27.293  -40.554  68.430 0.0000000000
53007  -30.646  -40.730  67.380 0.0000000000
53022  -32.439  -41.830  67.079 0.0000000000
54019  -28.443  -40.764  74.829 0.0000000000
54020  -28.846  -40.650  74.906 0.0000000000
54038  -29.080  -40.798  74.760 0.0000000000
54052  -25.926  -40.238  72.893 0.0000000000
54068  -26.411  -40.516  72.635 0.0000000000
54086  -25.291  -40.064  71.233 0.0000000000
54106  -32.334  -40.902  70.181 0.0000000000
54107  -32.448  -41.098  69.886 0.0000000000
54129  -32.243  -41.111  69.591 0.0000000000
54151  -30.843  -40.981  68.346 0.0000000000
54187  -47.177  -40.236  67.958 0.0000000000
54201  -30.539  -40.672  66.768 0.0000000000
54208  -46.752  -40.454  67.261 0.0000000000
54209  -47.140  -40.362  67.537 0.0000000000
54252  -38.054  -39.738  65.433 0.0000000000
55215  -27.730  -40.124  75.938 0.0000000000
55236  -26.081  -40.024  73.463 0.0000000000
55285  -40.638  -39.835  71.259 0.0000000000
55310  -22.111  -39.631  69.481 0.0000000000
55314  -44.944  -40.147  69.714 0.0000000000
55331  -47.151  -40.078  68.377 0.0000000000
55340  -46.942  -39.647  68.286 0.0000000000
55341  -47.156  -39.830  68.122 0.0000000000
55353  -47.260  -39.846  67.402 0.0000000000
55389  -45.813  -39.217  63.781 0.0000000000
56399  -25.454  -39.121  74.319 0.0000000000
56482  -23.159  -38.801  70.844 0.0000000000
56605  -44.973  -37.737  60.462 0.0000000000
60218  -48.926  -35.227  65.480 0.0000000000
61513  -46.906  -34.289  67.227 0.0000000000
61514  -47.532  -34.168  67.209 0.0000000000
61536  -46.762  -34.621  66.952 0.0000000000
61672  -41.890  -35.037  57.936 0.0000000000
64353  -51.018  -31.925  64.846 0.0000000000
64435  -44.167  -32.714  59.052 0.0000000000
65640  -52.118  -30.795  64.525 0.0000000000
66903  -53.151  -30.035  63.883 0.0000000000
67051  -48.447  -30.068  54.214 0.0000000000
67065  -48.107  -30.208  53.850 0.0000000000
68128  -52.937  -29.085  63.809 0.0000000000
68222  -55.550  -29.412  57.495 0.0000000000
68241  -46.967  -29.345  54.087 0.0000000000
68253  -46.862  -29.214  53.683 0.0000000000
69398  -53.318  -27.388  60.159 0.0000000000
69456  -46.709  -28.349  54.643 0.0000000000
69474  -47.074  -28.949  54.551 0.0000000000
69492  -47.181  -28.896  52.412 0.0000000000
70517  -51.030  -26.759  63.379 0.0000000000
70541  -50.030  -27.158  62.595 0.0000000000
70582  -51.947  -28.224  61.493 0.0000000000
70586  -54.322  -27.698  60.056 0.0000000000
70598  -48.022  -27.353  59.031 0.0000000000
70615  -52.962  -27.569  59.141 0.0000000000
70630  -53.359  -27.821  58.300 0.0000000000
70690  -46.681  -28.062  53.442 0.0000000000
70707  -47.136  -27.488  52.939 0.0000000000
70715  -47.118  -28.418  52.497 0.0000000000
71779  -49.236  -26.785  62.113 0.0000000000
71780  -49.544  -27.051  62.288 0.0000000000
72957  -52.304  -25.115  65.871 0.0000000000
73039  -49.319  -26.339  62.299 0.0000000000
74288  -51.993  -24.837  64.985 0.0000000000
74476  -54.122  -23.812  56.220 0.0000000000
75703  -55.031  -23.505  56.452 0.0000000000
75725  -53.062  -23.771  55.912 0.0000000000
76986  -51.724  -22.862  51.803 0.0000000000
77883  -52.124  -21.462  62.068 0.0000000000
77995  -54.942  -21.685  55.350 0.0000000000
78035  -53.083  -21.811  52.335 0.0000000000
78058  -52.810  -22.039  52.088 0.0000000000
79125  -52.308  -21.272  61.438 0.0000000000
79186  -56.318  -20.994  56.587 0.0000000000
79211  -53.993  -20.816  54.100 0.0000000000
79222  -54.501  -20.356  53.569 0.0000000000
80519  -56.399  -19.709  53.815 0.0000000000
