#!ascii label  , from subject 3823 vox2ras=TkReg
937
119677  37.612  19.381  46.145 0.0000000000
113727  43.393  12.337  39.383 0.0000000000
116389  43.879  16.060  38.246 0.0000000000
106384  49.196  5.725  33.655 0.0000000000
114659  37.624  13.331  44.234 0.0000000000
119694  48.267  19.406  42.711 0.0000000000
109652  48.339  8.937  34.253 0.0000000000
115616  40.183  14.936  34.779 0.0000000000
117154  46.246  17.095  44.470 0.0000000000
116329  41.505  15.418  44.374 0.0000000000
110674  40.622  8.691  42.729 0.0000000000
118870  42.157  19.194  33.450 0.0000000000
113801  43.280  12.799  32.486 0.0000000000
114688  48.560  14.047  38.854 0.0000000000
114761  47.879  13.158  31.889 0.0000000000
118056  38.896  17.271  32.373 0.0000000000
118783  42.654  18.434  45.390 0.0000000000
118806  40.063  18.262  44.906 0.0000000000
111694  38.712  10.554  44.766 0.0000000000
119733  44.623  19.085  38.347 0.0000000000
119768  44.908  19.506  35.569 0.0000000000
118024  42.294  17.231  36.522 0.0000000000
116431  41.698  15.912  33.448 0.0000000000
115604  43.254  14.312  35.129 0.0000000000
115536  44.630  14.666  41.136 0.0000000000
116361  47.435  15.053  41.566 0.0000000000
114691  45.845  13.377  39.511 0.0000000000
109661  51.972  8.619  33.229 0.0000000000
112786  49.491  11.787  33.183 0.0000000000
110760  48.968  9.697  32.297 0.0000000000
111770  46.620  9.965  32.800 0.0000000000
107447  46.913  6.702  33.794 0.0000000000
105395  43.637  3.946  32.589 0.0000000000
118791  34.567  18.852  45.454 0.0000000000
117162  37.384  16.793  44.119 0.0000000000
118002  45.730  17.695  40.341 0.0000000000
109613  43.662  8.301  37.789 0.0000000000
111740  44.625  10.347  36.762 0.0000000000
108497  47.212  7.164  36.580 0.0000000000
107411  51.584  6.845  35.648 0.0000000000
119672  47.828  19.332  46.604 0.0000000000
118752  45.499  18.997  47.228 0.0000000000
117156  44.227  16.911  44.339 0.0000000000
115529  42.651  14.135  42.530 0.0000000000
116331  39.861  14.771  44.059 0.0000000000
113706  40.593  12.328  43.621 0.0000000000
111706  41.193  10.425  40.412 0.0000000000
108475  42.782  7.637  40.897 0.0000000000
119683  32.005  19.427  45.570 0.0000000000
119790  45.155  19.602  32.941 0.0000000000
119820  42.297  19.512  30.744 0.0000000000
118054  40.402  17.533  32.385 0.0000000000
114757  41.782  13.480  33.317 0.0000000000
111761  41.737  10.747  34.376 0.0000000000
117151  49.123  17.153  44.144 0.0000000000
117194  49.304  15.999  41.182 0.0000000000
115566  47.358  14.649  38.216 0.0000000000
112761  47.023  11.971  36.193 0.0000000000
114718  47.722  13.457  36.160 0.0000000000
114720  45.719  13.861  35.819 0.0000000000
113799  45.233  12.637  32.108 0.0000000000
110753  43.819  9.843  33.821 0.0000000000
118885  38.110  17.755  32.609 0.0000000000
119804  38.728  18.631  31.946 0.0000000000
119675  39.806  19.476  46.263 0.0000000000
118787  38.318  18.917  45.863 0.0000000000
118007  44.040  17.493  38.982 0.0000000000
118838  43.167  18.036  38.013 0.0000000000
116390  43.296  16.309  37.968 0.0000000000
116419  42.880  14.838  35.806 0.0000000000
116406  43.924  14.957  36.971 0.0000000000
115547  44.341  13.994  40.752 0.0000000000
115546  45.167  14.248  40.565 0.0000000000
113726  44.653  12.824  39.050 0.0000000000
108553  50.549  7.522  33.237 0.0000000000
109672  50.758  8.942  32.689 0.0000000000
108565  49.195  8.082  32.751 0.0000000000
109663  47.769  8.239  33.163 0.0000000000
107446  47.812  6.608  33.737 0.0000000000
105384  46.137  4.271  33.052 0.0000000000
105383  47.408  4.381  33.523 0.0000000000
117165  34.712  16.322  44.519 0.0000000000
119703  46.586  19.236  40.954 0.0000000000
118819  46.749  18.414  41.542 0.0000000000
108490  44.741  7.425  38.455 0.0000000000
108500  44.770  7.590  37.529 0.0000000000
107392  46.486  6.782  37.751 0.0000000000
106342  50.302  5.690  36.723 0.0000000000
106353  52.872  5.314  36.001 0.0000000000
106380  52.926  6.313  34.545 0.0000000000
117957  42.220  17.169  44.946 0.0000000000
117955  43.366  17.703  45.208 0.0000000000
116327  43.085  15.924  44.217 0.0000000000
116341  43.383  15.648  43.407 0.0000000000
115521  42.371  14.293  43.516 0.0000000000
116332  37.067  15.206  43.858 0.0000000000
116345  38.513  15.442  43.635 0.0000000000
115513  38.135  14.071  43.677 0.0000000000
111698  39.591  10.190  43.462 0.0000000000
112704  40.119  11.787  43.970 0.0000000000
111701  40.242  10.280  42.404 0.0000000000
112718  40.672  11.132  41.583 0.0000000000
110682  40.746  9.589  41.309 0.0000000000
110680  41.505  8.972  40.510 0.0000000000
109586  41.808  8.224  41.478 0.0000000000
108437  45.061  7.331  43.313 0.0000000000
119781  44.123  19.209  34.800 0.0000000000
119780  45.116  19.598  34.207 0.0000000000
118869  43.351  19.131  32.882 0.0000000000
119801  44.151  19.742  31.827 0.0000000000
118881  42.362  19.131  32.127 0.0000000000
118062  40.724  18.453  31.336 0.0000000000
118883  40.643  18.225  33.067 0.0000000000
116445  42.494  14.919  32.752 0.0000000000
116446  41.822  15.231  32.674 0.0000000000
114756  42.271  13.216  33.087 0.0000000000
112789  41.702  11.715  33.749 0.0000000000
112788  42.389  11.815  33.274 0.0000000000
117951  47.060  17.765  45.496 0.0000000000
118800  48.930  18.198  45.158 0.0000000000
117152  48.330  16.721  44.474 0.0000000000
115543  48.499  14.533  40.305 0.0000000000
116359  49.262  15.425  41.575 0.0000000000
115542  49.035  14.873  40.122 0.0000000000
116367  48.580  15.657  40.280 0.0000000000
115565  48.368  14.393  38.407 0.0000000000
110721  46.187  9.632  35.128 0.0000000000
112762  45.998  11.333  36.272 0.0000000000
111758  47.049  11.008  34.618 0.0000000000
113795  49.244  12.635  32.240 0.0000000000
113779  48.998  12.844  34.342 0.0000000000
114727  48.721  13.234  34.326 0.0000000000
114728  48.110  13.415  34.781 0.0000000000
114741  47.006  13.712  33.924 0.0000000000
114742  45.667  13.678  34.038 0.0000000000
114762  47.177  13.144  32.072 0.0000000000
109665  46.092  8.597  33.542 0.0000000000
111772  45.034  10.263  32.885 0.0000000000
109667  44.743  8.899  34.195 0.0000000000
110723  43.436  8.874  35.008 0.0000000000
120634  49.055  19.830  43.868 0.0000000000
117255  38.600  16.186  34.360 0.0000000000
117264  39.593  16.157  33.378 0.0000000000
119630  42.798  19.915  47.285 0.0000000000
119651  41.421  19.514  46.790 0.0000000000
118805  41.133  18.287  44.898 0.0000000000
117976  40.734  17.219  44.520 0.0000000000
113701  38.144  12.293  44.393 0.0000000000
119749  44.532  19.273  36.958 0.0000000000
118845  43.372  18.607  36.739 0.0000000000
118862  41.923  17.813  35.039 0.0000000000
118037  41.317  17.328  34.457 0.0000000000
117242  41.762  16.344  35.263 0.0000000000
115605  42.512  14.901  34.560 0.0000000000
115622  43.635  14.153  33.192 0.0000000000
116353  45.689  15.677  42.343 0.0000000000
117184  47.320  15.881  43.191 0.0000000000
116362  46.195  15.341  41.581 0.0000000000
115556  46.536  13.894  40.026 0.0000000000
114702  47.511  13.369  38.862 0.0000000000
110733  51.151  9.162  34.025 0.0000000000
110748  49.396  10.652  33.579 0.0000000000
111767  50.769  10.683  32.960 0.0000000000
112792  50.747  11.373  31.984 0.0000000000
112806  48.984  11.840  31.414 0.0000000000
112808  47.568  11.953  31.637 0.0000000000
110761  47.766  9.638  32.585 0.0000000000
109664  46.967  8.465  33.220 0.0000000000
107430  45.552  6.720  34.329 0.0000000000
104366  45.140  3.125  32.393 0.0000000000
118771  35.965  19.280  46.222 0.0000000000
118809  37.057  18.209  45.046 0.0000000000
117981  35.860  17.369  44.567 0.0000000000
117164  35.657  16.443  44.388 0.0000000000
115515  36.021  14.583  44.476 0.0000000000
119707  46.047  19.953  39.953 0.0000000000
119709  44.935  18.689  39.967 0.0000000000
117202  45.270  16.775  39.641 0.0000000000
111721  43.150  10.272  38.294 0.0000000000
112752  44.037  10.960  37.654 0.0000000000
110709  43.956  9.407  37.030 0.0000000000
109619  45.269  8.446  36.066 0.0000000000
108524  47.697  7.738  35.289 0.0000000000
106344  48.782  6.111  36.967 0.0000000000
107413  49.305  7.033  35.561 0.0000000000
108522  49.959  7.991  35.296 0.0000000000
108539  52.400  8.000  34.699 0.0000000000
107442  52.187  6.543  33.936 0.0000000000
106383  50.131  5.681  34.012 0.0000000000
105372  48.180  4.344  34.138 0.0000000000
118762  46.972  19.042  47.401 0.0000000000
118801  46.143  18.018  45.139 0.0000000000
118765  44.040  18.751  46.488 0.0000000000
117953  44.972  17.917  45.241 0.0000000000
117155  45.158  17.122  44.193 0.0000000000
117187  44.159  16.046  43.042 0.0000000000
115537  43.753  14.147  41.406 0.0000000000
113717  42.897  12.762  40.124 0.0000000000
117978  38.610  17.594  44.446 0.0000000000
117176  39.605  16.221  43.787 0.0000000000
116330  40.455  15.252  44.081 0.0000000000
113700  39.286  12.313  44.376 0.0000000000
114656  40.792  13.302  44.278 0.0000000000
114665  41.548  13.479  43.805 0.0000000000
113713  41.623  13.192  42.446 0.0000000000
113719  41.723  12.171  40.760 0.0000000000
112720  42.237  11.549  39.771 0.0000000000
110694  42.235  9.440  39.207 0.0000000000
109597  42.983  8.115  39.605 0.0000000000
108473  44.402  7.128  40.309 0.0000000000
108453  43.393  7.573  42.613 0.0000000000
108465  44.593  7.087  41.385 0.0000000000
119680  34.837  19.382  46.029 0.0000000000
118792  33.630  18.777  45.404 0.0000000000
118795  30.847  18.325  45.439 0.0000000000
119778  47.288  19.935  33.773 0.0000000000
120769  45.290  20.240  32.473 0.0000000000
119815  39.817  18.889  30.835 0.0000000000
118065  39.381  17.498  31.865 0.0000000000
116448  40.147  15.696  32.993 0.0000000000
117263  40.962  16.745  33.075 0.0000000000
116447  40.875  15.281  32.689 0.0000000000
115614  41.048  14.348  33.681 0.0000000000
118814  48.828  18.007  43.446 0.0000000000
116339  48.782  15.886  43.225 0.0000000000
117168  49.277  16.963  43.391 0.0000000000
117991  48.157  17.668  42.397 0.0000000000
117192  47.547  16.976  41.398 0.0000000000
117201  46.651  16.356  39.954 0.0000000000
116398  45.648  15.050  37.980 0.0000000000
113754  45.410  11.941  37.804 0.0000000000
113753  46.883  12.247  37.610 0.0000000000
113752  47.855  13.255  37.794 0.0000000000
112777  48.172  11.994  34.217 0.0000000000
112760  47.639  12.503  35.678 0.0000000000
114709  48.442  13.798  37.526 0.0000000000
115576  47.793  14.319  37.569 0.0000000000
115577  46.494  14.566  37.554 0.0000000000
115578  45.096  14.746  37.179 0.0000000000
115603  44.670  14.123  35.612 0.0000000000
114754  44.550  13.954  33.046 0.0000000000
113800  44.144  12.757  32.032 0.0000000000
112796  45.558  11.872  32.161 0.0000000000
112797  44.523  11.955  32.075 0.0000000000
112798  43.633  11.870  32.454 0.0000000000
111760  42.743  10.403  33.995 0.0000000000
105388  42.827  4.217  33.744 0.0000000000
119793  39.215  19.351  32.569 0.0000000000
119792  39.997  19.352  32.142 0.0000000000
119654  38.068  19.877  46.359 0.0000000000
118769  38.816  19.378  46.327 0.0000000000
119676  38.070  19.373  46.189 0.0000000000
117211  44.283  16.692  38.895 0.0000000000
117212  43.318  16.687  38.327 0.0000000000
116400  43.334  15.921  37.559 0.0000000000
116399  44.250  15.251  37.619 0.0000000000
114693  44.176  13.251  39.564 0.0000000000
107444  49.868  6.548  33.482 0.0000000000
108564  50.062  8.105  32.705 0.0000000000
108554  49.487  7.391  33.114 0.0000000000
107445  48.834  6.544  33.412 0.0000000000
106385  48.168  5.616  33.783 0.0000000000
120643  48.411  20.347  42.231 0.0000000000
119697  47.941  19.767  42.176 0.0000000000
119698  47.450  19.308  41.869 0.0000000000
107367  45.734  6.726  39.415 0.0000000000
108489  45.466  7.098  38.324 0.0000000000
107380  46.217  6.612  38.542 0.0000000000
154047  52.615  4.957  36.598 0.0000000000
105357  52.907  4.763  35.663 0.0000000000
114734  40.579  13.840  35.281 0.0000000000
117159  41.797  16.497  44.754 0.0000000000
117158  42.695  16.360  44.804 0.0000000000
116328  42.344  15.636  44.470 0.0000000000
116342  42.780  15.115  43.920 0.0000000000
115509  42.087  14.741  44.251 0.0000000000
115514  37.163  14.525  44.016 0.0000000000
115525  37.805  14.652  43.636 0.0000000000
111697  40.092  9.879  43.071 0.0000000000
111702  40.003  10.315  43.004 0.0000000000
111704  40.489  10.137  41.593 0.0000000000
110678  40.736  9.461  42.022 0.0000000000
109593  41.003  9.086  41.276 0.0000000000
109587  41.315  8.682  41.971 0.0000000000
118860  43.202  19.097  34.131 0.0000000000
118882  41.355  18.717  32.613 0.0000000000
118871  41.276  18.371  33.938 0.0000000000
115630  42.743  14.314  32.852 0.0000000000
114766  42.664  13.557  32.795 0.0000000000
113789  42.605  12.685  32.954 0.0000000000
112799  42.977  12.128  32.815 0.0000000000
117138  46.800  17.077  45.216 0.0000000000
117970  47.707  17.050  45.262 0.0000000000
117153  47.305  16.644  44.594 0.0000000000
114689  48.108  13.730  39.340 0.0000000000
115554  48.532  14.318  39.608 0.0000000000
115553  48.568  14.576  39.244 0.0000000000
109653  47.562  9.027  34.429 0.0000000000
110737  47.049  9.908  34.575 0.0000000000
110736  48.007  9.854  34.104 0.0000000000
113788  48.833  12.896  32.532 0.0000000000
114750  48.750  12.824  33.011 0.0000000000
114751  48.159  13.066  32.698 0.0000000000
114740  48.050  13.331  33.748 0.0000000000
114752  47.054  13.323  32.934 0.0000000000
108544  45.158  7.785  34.430 0.0000000000
109666  45.265  8.684  33.934 0.0000000000
109654  44.912  8.477  34.278 0.0000000000
109655  44.426  8.513  34.469 0.0000000000
118057  38.353  17.481  32.855 0.0000000000
118047  38.497  17.255  33.031 0.0000000000
117254  39.184  16.222  33.893 0.0000000000
120566  41.309  20.269  47.066 0.0000000000
119633  40.708  20.145  47.102 0.0000000000
118786  39.408  18.880  45.662 0.0000000000
118785  40.469  18.966  45.520 0.0000000000
119732  45.483  19.630  37.858 0.0000000000
118839  42.732  17.660  37.670 0.0000000000
118846  42.649  17.869  37.084 0.0000000000
118854  42.618  17.925  35.834 0.0000000000
118031  42.215  17.430  35.930 0.0000000000
118032  41.816  17.137  35.717 0.0000000000
117233  41.702  16.387  36.124 0.0000000000
116420  42.195  15.376  35.272 0.0000000000
115613  42.780  14.799  33.928 0.0000000000
115612  43.664  14.463  33.987 0.0000000000
116363  45.091  15.328  41.625 0.0000000000
115545  46.140  14.423  40.445 0.0000000000
114690  47.073  13.607  39.528 0.0000000000
114703  46.667  13.174  39.002 0.0000000000
110745  51.523  9.379  33.347 0.0000000000
110746  50.905  9.863  33.461 0.0000000000
110759  50.100  9.779  32.045 0.0000000000
110767  50.729  10.569  31.887 0.0000000000
111780  50.102  10.310  31.786 0.0000000000
112805  49.912  11.651  31.809 0.0000000000
111781  49.511  10.395  31.810 0.0000000000
111782  48.346  10.730  31.915 0.0000000000
108556  47.402  7.550  33.520 0.0000000000
108557  46.499  7.645  33.786 0.0000000000
107429  46.251  6.738  34.037 0.0000000000
106368  46.532  6.180  33.919 0.0000000000
104358  45.684  3.546  32.529 0.0000000000
118790  35.491  18.841  45.804 0.0000000000
117958  36.133  18.118  45.127 0.0000000000
117959  35.211  18.076  45.085 0.0000000000
116334  35.390  15.482  44.444 0.0000000000
115516  34.982  14.600  44.683 0.0000000000
119704  45.972  18.766  40.776 0.0000000000
119708  45.266  19.143  40.423 0.0000000000
118004  45.186  17.668  39.866 0.0000000000
117198  45.599  17.300  40.016 0.0000000000
110700  43.377  9.361  37.802 0.0000000000
110699  43.678  9.905  37.395 0.0000000000
110710  43.646  8.893  37.406 0.0000000000
108498  46.574  7.180  36.908 0.0000000000
108511  45.079  7.684  36.701 0.0000000000
108509  46.702  7.545  35.979 0.0000000000
109618  46.036  8.097  35.705 0.0000000000
108525  47.154  7.677  35.529 0.0000000000
107390  48.524  6.204  37.508 0.0000000000
106330  49.042  5.912  37.279 0.0000000000
107402  50.919  6.290  36.241 0.0000000000
107403  49.762  6.383  36.193 0.0000000000
107412  50.432  6.996  35.632 0.0000000000
108521  51.185  7.807  35.230 0.0000000000
109630  50.957  8.197  34.845 0.0000000000
108520  52.222  7.477  35.248 0.0000000000
106365  52.605  5.791  34.463 0.0000000000
106381  52.686  6.363  34.267 0.0000000000
107427  52.106  5.889  34.081 0.0000000000
107443  50.999  6.617  33.926 0.0000000000
106367  50.723  5.318  34.522 0.0000000000
105371  49.679  4.610  34.450 0.0000000000
118751  46.072  19.237  47.468 0.0000000000
118750  46.470  19.450  47.545 0.0000000000
118763  46.228  18.644  46.937 0.0000000000
118779  46.173  18.283  45.725 0.0000000000
118780  45.316  18.283  45.665 0.0000000000
119650  42.455  19.528  46.831 0.0000000000
119649  43.446  19.418  46.952 0.0000000000
118766  43.108  19.054  46.175 0.0000000000
117140  43.823  17.171  44.999 0.0000000000
117954  44.176  17.732  45.392 0.0000000000
117973  44.623  17.448  44.786 0.0000000000
117173  44.687  16.548  43.659 0.0000000000
115520  43.067  14.823  43.059 0.0000000000
115528  43.459  14.463  42.288 0.0000000000
115538  43.090  13.918  41.873 0.0000000000
114671  43.127  13.745  41.336 0.0000000000
117980  36.759  17.504  44.486 0.0000000000
117979  37.674  17.544  44.519 0.0000000000
115523  38.889  14.965  43.735 0.0000000000
117177  38.817  16.199  43.607 0.0000000000
116344  39.426  15.362  43.789 0.0000000000
116343  39.918  15.744  43.955 0.0000000000
112706  38.636  11.446  44.644 0.0000000000
112705  39.505  11.451  44.390 0.0000000000
113699  40.303  12.523  44.214 0.0000000000
113705  41.069  12.790  44.095 0.0000000000
114668  41.604  13.325  43.330 0.0000000000
113709  41.344  12.933  43.114 0.0000000000
112722  41.053  10.983  40.803 0.0000000000
112717  41.256  11.622  41.012 0.0000000000
112721  41.641  11.325  40.271 0.0000000000
114682  42.069  12.553  40.586 0.0000000000
112728  41.946  11.029  39.638 0.0000000000
111709  42.033  10.327  39.386 0.0000000000
111710  41.534  10.430  39.871 0.0000000000
109591  42.099  8.420  40.693 0.0000000000
109598  42.355  8.686  39.787 0.0000000000
108474  43.515  7.505  40.488 0.0000000000
108481  43.770  7.594  39.490 0.0000000000
108439  43.279  7.746  43.655 0.0000000000
108452  44.341  7.380  42.465 0.0000000000
108451  45.271  7.244  42.407 0.0000000000
120587  34.823  20.539  46.034 0.0000000000
119682  32.955  19.514  45.674 0.0000000000
118793  32.693  18.615  45.462 0.0000000000
118794  31.754  18.490  45.391 0.0000000000
119779  46.068  19.909  33.742 0.0000000000
120757  45.667  20.272  33.222 0.0000000000
119789  45.592  19.949  32.516 0.0000000000
118890  43.134  19.662  31.330 0.0000000000
120783  41.850  19.857  30.719 0.0000000000
119802  40.211  19.424  31.278 0.0000000000
119814  40.780  19.206  30.565 0.0000000000
118064  39.781  17.782  31.759 0.0000000000
118055  39.859  17.141  32.193 0.0000000000
117272  39.956  16.394  32.691 0.0000000000
117252  41.509  16.374  33.975 0.0000000000
117253  40.999  16.873  33.620 0.0000000000
117262  41.444  16.145  32.993 0.0000000000
115631  41.788  14.298  32.698 0.0000000000
115632  41.212  14.632  32.863 0.0000000000
115625  40.888  14.693  33.224 0.0000000000
114745  41.237  13.732  34.073 0.0000000000
113774  41.392  13.124  34.593 0.0000000000
113781  41.527  12.605  34.173 0.0000000000
119671  48.832  19.503  46.172 0.0000000000
118776  49.389  18.912  45.504 0.0000000000
117968  49.250  17.873  44.430 0.0000000000
118811  49.072  18.514  43.779 0.0000000000
117985  49.213  17.648  43.748 0.0000000000
116351  48.085  15.477  42.717 0.0000000000
117183  47.910  15.846  43.237 0.0000000000
116358  49.376  15.747  41.374 0.0000000000
116349  49.569  15.994  42.110 0.0000000000
117181  49.185  16.858  42.436 0.0000000000
117182  48.541  17.233  42.083 0.0000000000
117995  48.104  17.338  41.970 0.0000000000
117191  48.335  16.873  41.633 0.0000000000
116386  47.952  15.020  38.819 0.0000000000
117200  47.401  16.196  40.070 0.0000000000
116375  47.505  15.692  39.572 0.0000000000
116376  46.055  15.969  39.330 0.0000000000
116387  46.620  15.265  38.578 0.0000000000
113755  44.754  11.635  37.896 0.0000000000
112763  45.246  11.065  36.684 0.0000000000
112772  46.466  11.309  35.645 0.0000000000
112749  46.689  11.770  36.868 0.0000000000
113765  47.238  12.142  36.894 0.0000000000
111756  48.639  10.909  33.893 0.0000000000
112776  48.818  11.940  33.573 0.0000000000
113773  48.444  13.000  35.321 0.0000000000
113780  48.481  12.689  34.727 0.0000000000
113763  48.204  13.508  37.340 0.0000000000
114717  48.264  13.682  37.014 0.0000000000
115588  48.453  13.935  37.257 0.0000000000
115589  48.193  14.032  37.002 0.0000000000
114719  46.457  13.779  35.886 0.0000000000
115590  47.140  14.025  36.802 0.0000000000
115591  45.652  14.186  36.396 0.0000000000
114730  45.385  13.719  35.148 0.0000000000
114753  45.882  13.594  33.030 0.0000000000
114764  44.896  13.299  32.396 0.0000000000
111783  46.955  10.523  32.339 0.0000000000
112795  46.726  11.700  31.846 0.0000000000
111784  45.802  10.903  32.298 0.0000000000
111785  44.762  11.181  32.467 0.0000000000
111786  44.117  11.402  32.443 0.0000000000
111773  43.703  10.649  33.141 0.0000000000
112787  43.017  11.472  32.997 0.0000000000
111759  43.369  9.993  33.991 0.0000000000
109636  43.103  8.491  35.093 0.0000000000
110724  43.002  9.166  35.092 0.0000000000
105386  43.910  4.416  32.732 0.0000000000
104361  43.161  3.940  33.334 0.0000000000
118874  37.692  18.155  33.277 0.0000000000
118884  38.276  17.935  31.867 0.0000000000
119652  40.302  19.934  46.979 0.0000000000
119653  39.068  20.005  46.777 0.0000000000
118807  39.000  18.222  45.075 0.0000000000
118828  44.024  18.309  38.889 0.0000000000
118829  43.566  17.831  38.704 0.0000000000
118017  42.842  17.289  38.046 0.0000000000
117224  42.461  16.892  37.072 0.0000000000
117232  42.332  16.382  36.744 0.0000000000
117231  42.866  16.054  37.142 0.0000000000
116407  43.062  15.329  36.628 0.0000000000
115593  43.304  14.703  36.029 0.0000000000
114679  44.791  13.604  40.090 0.0000000000
114692  44.957  13.205  39.492 0.0000000000
113725  45.311  13.024  39.176 0.0000000000
109662  51.086  8.131  33.050 0.0000000000
109671  51.367  9.439  32.754 0.0000000000
108563  50.632  8.170  32.868 0.0000000000
109673  49.597  8.860  32.477 0.0000000000
109674  48.452  8.672  32.707 0.0000000000
108555  48.422  7.586  33.214 0.0000000000
106386  46.863  5.515  33.721 0.0000000000
104357  46.383  3.310  32.871 0.0000000000
117960  34.291  17.996  45.044 0.0000000000
117982  34.946  17.245  44.619 0.0000000000
117983  34.036  17.107  44.730 0.0000000000
120661  46.930  20.095  40.471 0.0000000000
120652  47.014  19.821  40.981 0.0000000000
117997  46.572  17.934  41.505 0.0000000000
108491  43.977  7.655  38.578 0.0000000000
109612  44.151  8.094  37.418 0.0000000000
108499  45.728  7.253  37.368 0.0000000000
106341  51.447  5.419  36.622 0.0000000000
107401  51.877  5.966  35.924 0.0000000000
107410  52.637  6.415  35.387 0.0000000000
106364  53.079  5.766  35.084 0.0000000000
105368  52.924  5.274  34.997 0.0000000000
119628  45.020  19.675  47.432 0.0000000000
118803  42.462  18.129  44.809 0.0000000000
117956  42.602  17.564  44.890 0.0000000000
117141  43.060  16.959  45.111 0.0000000000
117157  43.447  16.582  44.630 0.0000000000
117174  43.743  16.407  43.792 0.0000000000
117179  37.153  15.993  43.859 0.0000000000
117178  37.972  16.074  43.931 0.0000000000
116346  37.616  15.275  43.679 0.0000000000
115524  38.363  14.775  43.617 0.0000000000
115512  39.213  14.306  43.924 0.0000000000
111693  39.274  10.412  44.306 0.0000000000
112710  39.735  11.057  43.782 0.0000000000
112714  39.775  10.824  42.953 0.0000000000
112713  40.294  11.329  42.457 0.0000000000
113710  40.579  12.176  42.672 0.0000000000
111707  40.756  10.301  40.973 0.0000000000
110685  41.277  9.935  40.130 0.0000000000
110681  41.099  9.518  40.630 0.0000000000
109592  41.391  8.739  41.040 0.0000000000
108467  42.528  7.728  41.712 0.0000000000
108424  43.919  7.836  44.163 0.0000000000
108422  45.963  7.298  43.983 0.0000000000
119791  44.256  19.322  33.526 0.0000000000
119800  44.787  19.747  31.978 0.0000000000
118868  44.291  19.497  32.483 0.0000000000
118880  43.487  19.581  31.900 0.0000000000
118891  42.495  19.212  31.060 0.0000000000
118900  41.772  18.994  30.617 0.0000000000
118892  41.413  18.666  31.244 0.0000000000
118053  40.714  18.360  32.000 0.0000000000
116438  42.387  15.193  33.089 0.0000000000
116439  41.806  15.637  33.060 0.0000000000
113790  42.063  12.580  33.445 0.0000000000
111775  42.000  11.266  33.623 0.0000000000
118777  48.371  18.744  45.825 0.0000000000
117950  48.020  17.891  45.529 0.0000000000
117969  48.601  17.446  44.849 0.0000000000
115533  48.173  14.767  40.982 0.0000000000
116360  48.633  15.114  41.745 0.0000000000
115532  49.068  14.821  40.961 0.0000000000
115531  49.336  15.256  40.894 0.0000000000
115541  49.209  15.346  40.514 0.0000000000
116374  48.582  15.132  39.408 0.0000000000
110722  45.380  9.525  35.614 0.0000000000
111739  45.273  10.402  36.178 0.0000000000
111749  45.881  10.547  35.574 0.0000000000
111748  46.542  10.711  35.065 0.0000000000
113786  49.550  12.007  32.808 0.0000000000
113787  49.117  12.492  33.071 0.0000000000
113772  48.720  13.137  34.736 0.0000000000
114729  46.739  13.471  35.011 0.0000000000
114763  46.087  13.149  32.315 0.0000000000
110750  46.490  9.376  33.096 0.0000000000
111771  46.092  10.159  32.910 0.0000000000
110751  45.576  9.448  33.360 0.0000000000
110752  44.555  9.552  33.794 0.0000000000
110738  44.439  9.145  34.356 0.0000000000
109656  43.608  8.241  34.727 0.0000000000
120639  48.797  20.136  43.355 0.0000000000
118048  37.933  17.407  33.553 0.0000000000
116433  39.724  15.600  34.393 0.0000000000
119631  41.845  19.928  47.216 0.0000000000
118767  42.119  19.046  46.246 0.0000000000
119674  40.802  19.346  46.313 0.0000000000
119673  41.339  19.206  46.302 0.0000000000
118784  41.528  18.866  45.708 0.0000000000
118804  42.020  18.305  44.854 0.0000000000
117975  41.856  17.491  44.807 0.0000000000
112707  37.699  11.462  44.801 0.0000000000
111695  38.111  10.837  44.849 0.0000000000
110664  38.775  9.664  44.977 0.0000000000
110671  39.321  9.527  44.144 0.0000000000
109577  39.626  8.856  44.048 0.0000000000
109584  40.477  8.515  43.014 0.0000000000
109583  40.987  8.332  42.810 0.0000000000
119748  45.780  19.600  36.449 0.0000000000
118837  43.921  18.699  37.667 0.0000000000
118844  44.000  18.785  36.986 0.0000000000
119769  43.921  19.266  36.064 0.0000000000
118853  43.117  19.024  35.439 0.0000000000
118861  42.268  18.713  34.706 0.0000000000
117251  41.942  15.850  34.464 0.0000000000
116421  41.773  15.855  35.746 0.0000000000
116430  42.134  15.544  33.929 0.0000000000
115623  42.870  14.598  33.232 0.0000000000
115629  43.425  13.933  32.800 0.0000000000
117172  45.732  16.604  43.657 0.0000000000
117171  46.812  16.410  43.790 0.0000000000
117185  46.268  16.099  43.028 0.0000000000
116352  46.826  15.529  42.438 0.0000000000
115535  45.605  14.869  40.991 0.0000000000
116370  46.651  14.932  40.911 0.0000000000
116369  47.259  14.891  40.914 0.0000000000
115544  47.383  14.432  40.397 0.0000000000
114677  47.604  13.895  39.863 0.0000000000
110734  50.142  9.252  33.786 0.0000000000
110735  49.050  9.681  33.675 0.0000000000
110747  50.065  10.229  33.484 0.0000000000
111768  49.881  11.067  33.268 0.0000000000
110757  51.486  9.805  32.781 0.0000000000
111779  50.975  10.636  32.377 0.0000000000
112785  50.037  11.527  32.682 0.0000000000
113806  49.698  12.193  32.059 0.0000000000
113807  49.207  12.415  31.703 0.0000000000
113808  48.422  12.380  31.571 0.0000000000
113797  47.573  12.655  31.630 0.0000000000
112807  48.196  11.717  31.575 0.0000000000
112794  47.523  11.320  31.788 0.0000000000
110762  46.976  9.738  32.749 0.0000000000
109675  47.603  8.838  32.923 0.0000000000
110749  47.138  9.196  32.900 0.0000000000
108543  45.871  7.377  34.136 0.0000000000
106370  45.045  5.947  33.945 0.0000000000
105394  44.148  3.865  32.372 0.0000000000
106387  45.592  5.092  33.459 0.0000000000
105385  44.943  4.206  32.484 0.0000000000
119678  36.783  19.351  46.156 0.0000000000
118788  37.367  18.833  45.651 0.0000000000
118789  36.462  18.760  45.699 0.0000000000
117163  36.538  16.631  44.186 0.0000000000
116333  36.504  15.552  44.117 0.0000000000
114660  36.524  13.572  44.558 0.0000000000
119713  46.123  20.187  38.767 0.0000000000
119714  45.258  19.593  39.181 0.0000000000
119715  44.704  18.902  39.480 0.0000000000
118005  44.543  17.589  39.480 0.0000000000
117203  44.478  17.116  39.312 0.0000000000
117210  44.923  16.286  39.221 0.0000000000
112726  43.238  11.535  38.813 0.0000000000
113743  43.669  11.791  38.701 0.0000000000
112741  43.650  11.196  38.235 0.0000000000
111729  44.041  10.408  37.244 0.0000000000
110708  44.702  9.417  36.292 0.0000000000
109620  44.396  8.369  36.758 0.0000000000
109635  45.800  8.753  35.332 0.0000000000
109634  46.811  8.420  35.034 0.0000000000
109633  47.900  8.330  34.706 0.0000000000
107379  47.131  6.497  38.458 0.0000000000
107391  47.510  6.712  37.334 0.0000000000
107405  47.715  7.033  36.617 0.0000000000
106343  49.286  5.940  36.775 0.0000000000
107404  48.490  6.653  36.392 0.0000000000
108508  47.560  7.233  35.974 0.0000000000
108507  48.200  7.264  35.633 0.0000000000
108523  48.742  7.825  35.101 0.0000000000
109651  49.266  8.601  34.437 0.0000000000
109650  50.420  8.472  34.569 0.0000000000
110732  51.754  8.967  34.020 0.0000000000
109648  52.202  8.535  33.949 0.0000000000
108519  52.843  7.376  34.949 0.0000000000
108538  52.693  7.717  34.230 0.0000000000
108551  52.394  7.587  33.793 0.0000000000
108552  51.616  7.536  33.506 0.0000000000
105382  48.686  4.987  33.887 0.0000000000
105381  49.415  5.232  33.963 0.0000000000
118778  47.237  18.525  46.196 0.0000000000
117952  46.474  17.719  45.190 0.0000000000
117139  46.413  17.360  44.957 0.0000000000
119629  43.813  19.856  47.389 0.0000000000
119648  44.406  19.213  47.105 0.0000000000
118782  43.659  18.300  45.775 0.0000000000
118781  44.550  18.320  45.821 0.0000000000
118764  45.161  18.713  46.518 0.0000000000
117972  45.473  17.607  44.718 0.0000000000
117186  45.187  16.080  43.025 0.0000000000
116354  44.671  15.524  42.442 0.0000000000
116355  43.782  15.261  42.655 0.0000000000
115527  44.254  14.833  41.970 0.0000000000
114680  43.403  13.458  40.465 0.0000000000
118808  38.001  18.233  45.089 0.0000000000
117977  39.607  17.557  44.375 0.0000000000
117161  38.260  16.876  44.044 0.0000000000
117988  39.159  16.956  43.849 0.0000000000
117986  40.450  16.586  44.248 0.0000000000
117160  40.870  16.170  44.365 0.0000000000
114658  38.727  13.145  43.832 0.0000000000
114657  39.833  13.282  44.294 0.0000000000
115511  40.279  14.189  44.277 0.0000000000
115510  41.261  14.332  44.214 0.0000000000
115522  41.846  14.136  43.916 0.0000000000
114667  41.898  13.550  42.987 0.0000000000
113714  41.293  12.412  41.778 0.0000000000
114672  42.228  13.539  41.556 0.0000000000
114681  42.392  12.983  40.549 0.0000000000
113718  42.422  12.163  40.178 0.0000000000
113728  42.639  11.860  39.617 0.0000000000
112727  42.584  11.281  39.210 0.0000000000
111722  42.575  10.292  38.839 0.0000000000
110693  42.731  9.382  38.550 0.0000000000
110684  41.667  9.415  39.931 0.0000000000
109607  42.527  8.700  39.058 0.0000000000
109606  43.165  8.339  38.619 0.0000000000
108480  44.766  7.153  39.416 0.0000000000
107368  45.312  6.814  39.892 0.0000000000
108455  41.720  7.937  42.809 0.0000000000
108468  41.867  7.860  42.107 0.0000000000
108466  43.523  7.461  41.589 0.0000000000
108438  44.132  7.527  43.450 0.0000000000
107346  45.347  6.764  41.058 0.0000000000
119655  37.096  19.970  46.411 0.0000000000
119656  36.227  19.900  46.495 0.0000000000
119679  35.293  19.299  46.124 0.0000000000
119659  34.044  20.101  46.271 0.0000000000
119681  33.908  19.644  45.973 0.0000000000
117961  33.375  17.849  45.143 0.0000000000
117963  31.582  17.545  45.311 0.0000000000
120758  44.752  20.484  33.295 0.0000000000
119799  45.192  20.081  31.981 0.0000000000
120780  44.465  20.304  32.005 0.0000000000
120759  43.834  20.680  33.248 0.0000000000
119816  39.457  18.585  31.566 0.0000000000
118895  39.101  17.973  31.648 0.0000000000
118893  40.511  18.622  30.869 0.0000000000
118894  39.831  18.427  31.413 0.0000000000
117273  39.283  16.654  32.906 0.0000000000
116432  40.290  15.338  33.878 0.0000000000
118872  40.854  18.039  33.626 0.0000000000
117271  40.843  16.260  32.560 0.0000000000
117270  41.444  15.787  32.738 0.0000000000
116440  40.443  15.183  33.307 0.0000000000
115615  40.644  14.672  34.237 0.0000000000
114746  40.971  13.958  34.628 0.0000000000
119691  49.280  19.343  44.244 0.0000000000
119692  48.778  19.409  43.560 0.0000000000
118812  48.550  18.944  43.285 0.0000000000
117170  47.978  16.105  43.775 0.0000000000
117169  48.917  16.490  43.696 0.0000000000
116350  49.170  15.624  42.457 0.0000000000
116338  49.534  16.231  42.992 0.0000000000
117990  48.816  17.555  43.110 0.0000000000
118815  48.393  18.431  42.951 0.0000000000
118816  47.678  18.475  42.358 0.0000000000
117992  47.537  18.044  42.136 0.0000000000
117996  47.348  17.620  41.714 0.0000000000
118001  46.513  17.538  41.000 0.0000000000
116368  47.805  16.049  40.132 0.0000000000
117196  47.474  16.514  40.767 0.0000000000
117197  46.201  17.030  40.285 0.0000000000
116377  45.299  16.160  39.280 0.0000000000
116388  45.069  15.755  38.733 0.0000000000
113742  44.446  12.011  38.427 0.0000000000
113741  45.788  12.711  38.606 0.0000000000
112750  45.842  11.598  37.098 0.0000000000
113740  47.068  13.022  38.367 0.0000000000
113739  47.692  13.302  38.378 0.0000000000
114701  48.226  13.594  38.457 0.0000000000
111757  47.702  10.886  34.301 0.0000000000
112771  47.135  11.669  35.257 0.0000000000
112770  47.871  12.344  34.941 0.0000000000
113764  47.819  12.919  36.703 0.0000000000
113751  48.297  13.563  37.634 0.0000000000
114700  48.551  13.920  38.089 0.0000000000
115567  46.717  14.800  38.131 0.0000000000
116397  46.374  14.903  38.071 0.0000000000
115579  44.341  14.853  37.074 0.0000000000
115592  44.137  14.572  36.416 0.0000000000
114731  44.198  13.944  34.812 0.0000000000
114743  44.492  14.142  34.044 0.0000000000
114744  44.042  14.220  34.339 0.0000000000
115621  44.174  14.151  33.471 0.0000000000
114755  43.802  13.951  32.788 0.0000000000
114765  43.679  13.604  32.574 0.0000000000
113798  46.381  12.598  31.946 0.0000000000
111774  42.505  10.987  33.448 0.0000000000
110740  42.881  9.787  34.547 0.0000000000
104360  43.602  3.645  33.030 0.0000000000
104367  44.465  3.292  32.630 0.0000000000
104368  43.880  3.690  32.541 0.0000000000
105393  44.624  3.639  32.346 0.0000000000
106327  51.427  5.122  36.998 0.0000000000
106329  49.714  5.581  37.463 0.0000000000
106340  52.251  5.369  36.212 0.0000000000
106382  51.012  5.955  34.458 0.0000000000
107347  44.822  6.855  40.783 0.0000000000
107357  45.730  6.684  40.436 0.0000000000
107358  45.047  6.819  40.315 0.0000000000
107389  49.146  5.983  37.779 0.0000000000
107393  45.926  6.844  37.976 0.0000000000
107400  52.468  5.717  35.804 0.0000000000
107414  48.655  7.131  35.613 0.0000000000
107426  52.958  6.769  34.737 0.0000000000
107428  51.649  6.069  34.108 0.0000000000
107441  52.745  6.884  34.223 0.0000000000
108479  45.166  7.087  38.899 0.0000000000
108501  44.198  7.737  37.920 0.0000000000
108510  45.848  7.612  36.399 0.0000000000
108540  51.924  7.980  34.995 0.0000000000
108541  49.734  8.308  34.816 0.0000000000
108542  49.400  8.173  34.924 0.0000000000
108558  45.823  8.041  34.044 0.0000000000
109576  40.162  8.618  43.592 0.0000000000
109588  40.951  9.217  41.644 0.0000000000
109590  42.742  8.050  40.282 0.0000000000
109621  43.926  8.601  37.251 0.0000000000
109631  50.623  8.137  35.035 0.0000000000
109632  48.532  8.412  34.626 0.0000000000
109647  52.423  8.178  33.722 0.0000000000
109649  51.561  8.414  34.548 0.0000000000
109660  52.555  7.996  33.753 0.0000000000
110670  39.767  9.343  43.453 0.0000000000
110675  40.301  9.164  42.782 0.0000000000
110677  40.795  8.869  42.430 0.0000000000
110739  43.817  9.357  34.605 0.0000000000
110758  50.960  10.110  32.230 0.0000000000
110768  50.474  10.320  31.871 0.0000000000
111730  43.580  10.388  37.709 0.0000000000
111766  51.290  10.125  33.174 0.0000000000
111769  49.285  11.305  33.562 0.0000000000
111778  51.416  10.232  32.919 0.0000000000
111791  50.899  10.886  31.875 0.0000000000
111792  50.234  10.830  31.753 0.0000000000
111793  49.289  11.146  31.620 0.0000000000
111794  48.701  11.384  31.560 0.0000000000
112709  40.078  11.634  43.222 0.0000000000
112740  44.360  11.367  37.958 0.0000000000
112742  42.991  10.957  38.627 0.0000000000
112751  44.772  11.204  37.366 0.0000000000
112778  47.514  11.632  34.612 0.0000000000
112784  50.632  11.239  32.352 0.0000000000
112793  50.173  11.707  32.187 0.0000000000
112804  50.540  11.223  31.872 0.0000000000
113698  40.768  12.850  44.233 0.0000000000
113708  41.604  13.248  42.858 0.0000000000
113715  40.677  11.793  42.097 0.0000000000
113794  49.652  12.134  32.460 0.0000000000
113796  48.551  12.982  31.865 0.0000000000
113809  47.931  12.231  31.567 0.0000000000
114664  41.915  13.870  43.570 0.0000000000
114673  41.820  12.840  40.940 0.0000000000
114676  48.109  14.134  39.896 0.0000000000
114678  45.671  13.927  40.092 0.0000000000
114710  48.371  13.637  37.888 0.0000000000
114732  43.764  14.196  34.568 0.0000000000
114733  41.159  13.477  34.794 0.0000000000
114739  48.860  13.113  33.603 0.0000000000
114767  42.101  13.646  32.863 0.0000000000
115534  47.578  14.834  40.941 0.0000000000
115555  47.158  13.861  40.025 0.0000000000
115575  48.456  14.068  37.593 0.0000000000
115602  45.359  13.958  35.757 0.0000000000
115606  40.371  14.587  34.970 0.0000000000
115611  44.009  14.274  33.669 0.0000000000
115624  41.344  14.223  33.271 0.0000000000
116340  48.210  15.851  43.244 0.0000000000
116347  37.073  15.508  43.842 0.0000000000
116366  49.224  15.682  40.858 0.0000000000
116385  48.449  14.768  38.973 0.0000000000
116408  41.905  15.790  36.190 0.0000000000
116409  41.590  16.023  35.926 0.0000000000
116441  40.067  15.634  33.566 0.0000000000
117142  42.391  16.886  45.004 0.0000000000
117143  42.052  16.976  44.997 0.0000000000
117175  40.216  16.135  44.073 0.0000000000
117190  49.269  16.288  41.607 0.0000000000
117195  48.828  16.199  41.016 0.0000000000
117223  42.795  16.593  37.590 0.0000000000
117241  41.904  16.026  34.735 0.0000000000
117265  38.720  16.688  33.364 0.0000000000
117971  46.104  17.696  44.856 0.0000000000
117974  42.260  17.902  44.713 0.0000000000
117987  40.004  16.830  43.986 0.0000000000
118000  47.189  17.138  41.240 0.0000000000
118008  43.421  17.352  38.602 0.0000000000
118018  42.532  17.292  37.376 0.0000000000
118025  41.974  16.796  36.298 0.0000000000
118038  40.995  16.970  33.957 0.0000000000
118045  41.018  17.845  33.895 0.0000000000
118046  40.774  17.473  33.530 0.0000000000
118063  40.269  18.328  31.625 0.0000000000
118768  41.600  19.145  46.288 0.0000000000
118770  38.314  19.365  46.241 0.0000000000
118772  35.537  19.276  46.166 0.0000000000
118802  45.705  18.033  45.154 0.0000000000
118818  47.242  18.453  41.885 0.0000000000
118822  46.276  18.357  41.137 0.0000000000
118823  45.773  18.315  40.680 0.0000000000
118825  45.231  18.310  40.178 0.0000000000
118826  44.716  18.258  39.682 0.0000000000
118855  42.157  17.539  35.629 0.0000000000
118879  44.272  19.639  32.016 0.0000000000
118899  42.109  19.225  30.692 0.0000000000
118901  41.157  18.881  30.592 0.0000000000
119626  46.711  19.675  47.491 0.0000000000
119627  46.063  19.982  47.476 0.0000000000
119632  41.044  20.012  47.235 0.0000000000
119646  46.666  20.052  47.389 0.0000000000
119647  45.022  19.129  47.123 0.0000000000
119658  34.501  19.971  46.250 0.0000000000
119695  47.829  18.924  42.552 0.0000000000
119699  46.987  18.861  41.553 0.0000000000
119702  47.138  19.646  41.243 0.0000000000
119750  43.990  18.918  36.670 0.0000000000
119803  39.561  19.000  31.662 0.0000000000
119809  44.873  20.145  31.930 0.0000000000
119810  44.577  20.071  31.812 0.0000000000
119811  43.739  19.876  31.528 0.0000000000
119812  42.865  19.698  30.971 0.0000000000
119813  41.451  19.392  30.542 0.0000000000
119821  41.835  19.409  30.586 0.0000000000
119822  41.370  19.171  30.502 0.0000000000
120567  40.930  20.245  47.101 0.0000000000
120644  47.804  19.918  41.882 0.0000000000
120763  39.844  19.687  32.654 0.0000000000
120770  44.546  20.401  32.538 0.0000000000
120771  43.732  20.524  32.355 0.0000000000
120779  44.974  20.216  32.142 0.0000000000
120784  41.298  19.509  30.674 0.0000000000
120788  42.400  19.827  30.736 0.0000000000
120789  42.098  19.682  30.647 0.0000000000
154048  52.070  5.103  36.579 0.0000000000
