#!ascii label  , from subject 3823 vox2ras=TkReg
484
87034  21.899  -13.043  2.020 0.0000000000
96020  25.503  -4.642  1.208 0.0000000000
105772  23.691  4.635  -1.023 0.0000000000
101645  18.468  -0.054  2.633 0.0000000000
82446  24.242  -16.645  4.103 0.0000000000
85888  27.238  -12.939  4.965 0.0000000000
91570  24.181  -8.524  0.406 0.0000000000
96022  21.028  -4.637  0.316 0.0000000000
100603  23.957  -0.503  -0.780 0.0000000000
104779  28.253  4.246  0.742 0.0000000000
111077  24.542  9.235  -0.642 0.0000000000
83760  23.558  -15.162  2.567 0.0000000000
84857  25.823  -14.467  4.586 0.0000000000
85923  25.028  -12.861  2.291 0.0000000000
93685  19.071  -6.693  1.971 0.0000000000
95989  17.745  -4.408  2.803 0.0000000000
102728  22.263  1.715  0.234 0.0000000000
100604  21.974  -0.232  -0.747 0.0000000000
103774  24.493  2.386  -1.002 0.0000000000
103746  26.244  2.492  1.243 0.0000000000
105754  26.174  4.663  0.781 0.0000000000
112103  22.793  10.392  0.658 0.0000000000
110002  22.579  8.662  -0.083 0.0000000000
113132  24.317  11.201  -0.778 0.0000000000
93696  24.826  -6.937  0.305 0.0000000000
91554  26.402  -8.430  1.791 0.0000000000
93668  27.253  -6.485  2.530 0.0000000000
105775  21.815  4.579  -0.455 0.0000000000
99475  27.548  -1.859  1.791 0.0000000000
88181  20.396  -10.921  2.438 0.0000000000
88208  23.346  -10.862  0.858 0.0000000000
91573  21.853  -8.816  0.632 0.0000000000
93713  22.575  -6.756  -0.331 0.0000000000
96060  23.883  -4.263  -1.043 0.0000000000
98317  20.301  -2.554  1.156 0.0000000000
98335  22.926  -2.070  -1.263 0.0000000000
98322  24.795  -2.579  0.225 0.0000000000
101661  26.614  -0.068  1.590 0.0000000000
106773  21.937  5.932  0.084 0.0000000000
107857  24.141  6.596  -0.579 0.0000000000
114112  27.087  11.939  -1.697 0.0000000000
111054  26.700  9.527  -0.316 0.0000000000
107842  26.145  6.797  0.027 0.0000000000
107839  28.954  6.555  -0.683 0.0000000000
89346  25.813  -10.564  2.284 0.0000000000
87036  20.491  -12.392  2.487 0.0000000000
85928  20.989  -13.561  2.588 0.0000000000
85926  22.692  -13.852  1.987 0.0000000000
84888  23.936  -14.552  2.468 0.0000000000
85943  22.936  -13.237  1.553 0.0000000000
103775  22.918  2.885  -1.566 0.0000000000
103791  23.087  2.289  -2.174 0.0000000000
104781  24.372  3.566  -1.000 0.0000000000
104760  24.791  3.666  0.083 0.0000000000
105756  24.448  4.643  -0.296 0.0000000000
114099  23.699  11.998  -0.541 0.0000000000
112112  23.509  10.700  -0.484 0.0000000000
114114  24.674  12.457  -0.963 0.0000000000
94865  25.441  -5.516  0.232 0.0000000000
93682  25.998  -6.561  1.399 0.0000000000
96003  26.303  -4.849  1.857 0.0000000000
104744  20.873  2.617  1.574 0.0000000000
105758  21.103  3.851  1.006 0.0000000000
82462  23.159  -16.655  3.314 0.0000000000
81200  23.724  -17.715  4.100 0.0000000000
81180  24.813  -18.027  5.125 0.0000000000
82429  25.352  -16.557  5.082 0.0000000000
85889  26.336  -13.512  4.480 0.0000000000
84842  27.021  -14.522  5.564 0.0000000000
90492  20.409  -9.587  1.963 0.0000000000
91558  19.784  -8.653  2.350 0.0000000000
94852  20.693  -5.533  0.850 0.0000000000
93698  21.168  -6.521  0.660 0.0000000000
94851  21.426  -5.443  0.249 0.0000000000
94869  22.769  -5.498  -0.659 0.0000000000
96043  22.435  -4.427  -0.681 0.0000000000
98308  17.946  -2.574  2.609 0.0000000000
99478  18.831  -1.699  2.322 0.0000000000
100610  23.086  -0.099  -1.947 0.0000000000
99504  22.627  -1.022  -1.418 0.0000000000
99502  23.842  -1.391  -1.403 0.0000000000
98333  24.249  -2.366  -1.412 0.0000000000
99495  24.363  -1.494  -0.803 0.0000000000
100593  25.952  -1.051  1.623 0.0000000000
101662  25.538  0.256  1.604 0.0000000000
104758  27.138  3.761  1.003 0.0000000000
103745  27.622  2.376  1.243 0.0000000000
110015  23.148  8.851  -0.495 0.0000000000
108931  22.747  7.487  -0.070 0.0000000000
108949  23.342  7.602  -0.347 0.0000000000
107859  23.181  6.589  -0.646 0.0000000000
108948  24.098  7.419  -0.399 0.0000000000
109998  26.729  8.269  -0.420 0.0000000000
110013  27.871  8.379  -0.909 0.0000000000
107840  28.122  6.578  -0.452 0.0000000000
89374  23.846  -10.352  0.465 0.0000000000
88193  24.351  -11.463  0.946 0.0000000000
89358  24.770  -10.529  0.688 0.0000000000
91517  27.598  -8.524  3.010 0.0000000000
90457  27.161  -9.488  3.214 0.0000000000
83742  22.673  -15.877  2.919 0.0000000000
82461  23.781  -16.128  3.339 0.0000000000
82445  25.022  -16.130  4.346 0.0000000000
83740  24.271  -15.392  3.158 0.0000000000
85908  24.752  -14.029  2.961 0.0000000000
85906  26.006  -13.062  3.726 0.0000000000
93686  18.440  -6.859  2.581 0.0000000000
94836  18.347  -5.967  2.313 0.0000000000
96005  19.332  -4.488  1.566 0.0000000000
101665  20.676  0.452  0.984 0.0000000000
100596  20.754  -0.552  0.977 0.0000000000
101672  22.467  1.085  -1.046 0.0000000000
101684  22.937  0.937  -2.274 0.0000000000
102739  24.342  1.347  -0.640 0.0000000000
102727  24.691  1.340  0.218 0.0000000000
103747  25.070  2.494  0.230 0.0000000000
104759  25.682  3.644  0.805 0.0000000000
104780  27.571  4.465  0.770 0.0000000000
111046  22.662  9.610  1.232 0.0000000000
111056  22.746  9.560  0.230 0.0000000000
111079  22.812  9.711  -1.127 0.0000000000
112124  24.477  10.305  -0.994 0.0000000000
92613  24.428  -7.418  0.155 0.0000000000
91555  25.692  -8.441  1.080 0.0000000000
92598  25.863  -7.500  1.202 0.0000000000
92597  26.635  -7.440  1.972 0.0000000000
101620  18.982  0.575  2.701 0.0000000000
103751  20.956  2.008  0.973 0.0000000000
104761  22.296  3.161  -0.746 0.0000000000
105773  23.013  4.973  -1.640 0.0000000000
83709  25.854  -15.722  5.333 0.0000000000
98305  26.763  -2.735  1.696 0.0000000000
96002  26.848  -4.371  2.301 0.0000000000
87052  21.191  -12.009  2.179 0.0000000000
87050  23.210  -12.313  1.554 0.0000000000
88196  21.681  -11.261  1.828 0.0000000000
89376  22.612  -10.132  0.938 0.0000000000
91572  22.628  -8.641  0.522 0.0000000000
92600  20.754  -7.313  1.083 0.0000000000
92616  21.908  -7.548  0.294 0.0000000000
92615  22.897  -7.887  0.113 0.0000000000
92626  23.857  -7.029  -0.323 0.0000000000
94867  24.413  -5.530  -0.638 0.0000000000
96040  24.839  -4.795  -0.565 0.0000000000
97174  18.291  -3.632  2.497 0.0000000000
97184  20.367  -3.579  0.859 0.0000000000
99488  21.031  -1.525  0.306 0.0000000000
98325  21.766  -2.533  -0.235 0.0000000000
97198  21.905  -3.617  -0.385 0.0000000000
97213  23.767  -3.291  -1.473 0.0000000000
97212  24.327  -3.335  -0.975 0.0000000000
97195  25.021  -3.529  0.060 0.0000000000
99485  26.000  -2.023  1.474 0.0000000000
100583  27.427  -1.053  1.533 0.0000000000
102725  26.822  1.088  1.524 0.0000000000
106774  21.762  5.291  -0.116 0.0000000000
105793  22.906  5.732  -1.478 0.0000000000
106795  24.113  5.773  -0.691 0.0000000000
113131  25.196  11.331  -1.198 0.0000000000
112123  25.577  10.480  -1.113 0.0000000000
112122  26.689  10.480  -1.070 0.0000000000
111067  25.405  9.016  -0.522 0.0000000000
109999  25.840  8.149  -0.491 0.0000000000
108928  25.530  7.234  0.058 0.0000000000
106772  24.914  5.498  0.096 0.0000000000
107816  26.182  5.821  0.114 0.0000000000
106794  27.236  5.385  0.083 0.0000000000
105769  28.862  5.040  0.285 0.0000000000
87049  24.011  -12.155  1.543 0.0000000000
87047  25.285  -12.243  1.855 0.0000000000
88165  26.366  -11.596  3.612 0.0000000000
90475  26.326  -9.579  2.215 0.0000000000
89332  26.779  -10.531  3.467 0.0000000000
87035  21.506  -12.862  2.291 0.0000000000
85927  21.938  -13.575  2.092 0.0000000000
85944  22.444  -13.344  1.766 0.0000000000
104782  23.364  3.417  -1.411 0.0000000000
94849  25.581  -5.771  1.022 0.0000000000
82447  23.520  -17.136  3.829 0.0000000000
81220  23.127  -17.616  3.629 0.0000000000
81199  24.362  -17.847  4.579 0.0000000000
82430  24.825  -17.364  4.912 0.0000000000
85869  27.194  -13.744  5.312 0.0000000000
85887  27.696  -12.589  5.206 0.0000000000
90493  19.940  -9.358  2.382 0.0000000000
91543  19.384  -8.793  2.730 0.0000000000
94834  19.941  -5.105  1.267 0.0000000000
94850  22.020  -5.231  -0.270 0.0000000000
96021  21.611  -4.571  -0.211 0.0000000000
99479  17.933  -1.421  2.626 0.0000000000
100586  19.876  -0.750  1.822 0.0000000000
100609  23.451  -0.359  -1.467 0.0000000000
100602  24.486  -0.623  0.020 0.0000000000
101663  24.783  0.334  0.773 0.0000000000
104757  28.445  3.249  0.912 0.0000000000
108930  22.877  8.288  -0.274 0.0000000000
110014  23.922  8.492  -0.437 0.0000000000
110012  28.486  8.399  -1.402 0.0000000000
108947  28.302  7.841  -1.028 0.0000000000
90505  23.947  -9.411  0.457 0.0000000000
89373  24.318  -9.963  0.421 0.0000000000
90504  24.608  -9.426  0.604 0.0000000000
91516  28.099  -8.557  3.416 0.0000000000
90456  27.789  -9.029  3.345 0.0000000000
83761  22.869  -15.302  2.459 0.0000000000
83762  21.976  -15.457  2.640 0.0000000000
83741  23.405  -15.777  2.904 0.0000000000
85924  24.438  -13.650  2.414 0.0000000000
85907  25.269  -13.450  3.403 0.0000000000
94814  17.550  -5.347  2.877 0.0000000000
93669  17.827  -6.351  2.725 0.0000000000
94835  19.198  -5.563  1.799 0.0000000000
96006  18.506  -4.737  2.284 0.0000000000
102729  21.247  1.336  0.547 0.0000000000
102742  21.954  1.115  0.033 0.0000000000
102741  22.549  1.654  -0.673 0.0000000000
103790  23.676  2.223  -1.640 0.0000000000
103795  22.931  1.718  -2.428 0.0000000000
102746  23.364  1.503  -2.057 0.0000000000
102740  23.810  1.459  -1.353 0.0000000000
103773  24.648  1.908  -0.289 0.0000000000
105771  27.075  4.774  0.538 0.0000000000
113113  22.874  11.171  1.111 0.0000000000
112093  22.733  10.439  1.576 0.0000000000
113133  23.900  11.127  -0.487 0.0000000000
112126  22.870  10.225  -1.141 0.0000000000
112125  23.415  10.409  -1.034 0.0000000000
92612  25.209  -7.567  0.562 0.0000000000
93681  26.610  -6.434  2.081 0.0000000000
92584  26.900  -6.975  2.435 0.0000000000
92583  27.475  -7.521  2.698 0.0000000000
102693  18.705  0.764  3.137 0.0000000000
103709  19.467  1.081  2.593 0.0000000000
102704  19.826  0.979  1.831 0.0000000000
103723  20.325  1.679  1.569 0.0000000000
104763  21.449  3.151  0.777 0.0000000000
104762  21.754  3.494  -0.376 0.0000000000
104783  22.517  3.737  -1.171 0.0000000000
104784  22.050  4.175  -0.801 0.0000000000
83722  25.393  -15.415  4.516 0.0000000000
83721  25.874  -15.000  5.202 0.0000000000
83707  27.383  -15.292  6.053 0.0000000000
88182  20.261  -11.283  2.653 0.0000000000
88197  20.632  -11.145  2.111 0.0000000000
89361  21.077  -10.341  1.687 0.0000000000
90491  21.349  -9.351  1.155 0.0000000000
90490  21.918  -9.630  0.995 0.0000000000
90508  21.862  -9.346  0.855 0.0000000000
90507  22.412  -9.559  0.830 0.0000000000
92601  19.859  -7.531  1.794 0.0000000000
92617  21.275  -7.246  0.700 0.0000000000
92628  22.625  -7.367  -0.085 0.0000000000
92627  23.154  -7.260  -0.299 0.0000000000
94885  23.350  -4.965  -1.031 0.0000000000
94868  23.654  -5.648  -0.697 0.0000000000
94884  23.890  -5.033  -0.780 0.0000000000
96041  24.279  -4.758  -0.697 0.0000000000
98307  18.860  -2.750  2.107 0.0000000000
98306  19.516  -2.919  1.656 0.0000000000
97172  19.718  -3.581  1.351 0.0000000000
100595  21.543  -0.549  0.036 0.0000000000
99487  21.448  -1.127  -0.021 0.0000000000
99496  22.311  -1.957  -0.853 0.0000000000
98315  21.298  -3.346  -0.048 0.0000000000
98324  22.486  -2.821  -0.713 0.0000000000
97197  22.532  -3.586  -0.806 0.0000000000
97214  23.042  -3.173  -1.223 0.0000000000
98323  24.503  -2.434  -0.596 0.0000000000
97196  24.603  -3.138  -0.356 0.0000000000
98314  25.636  -2.689  0.584 0.0000000000
100584  26.604  -1.408  1.576 0.0000000000
100592  26.830  -0.777  1.511 0.0000000000
101642  27.365  -0.229  1.414 0.0000000000
102726  25.609  1.310  0.841 0.0000000000
109984  22.717  8.837  0.810 0.0000000000
108906  22.476  7.743  0.819 0.0000000000
107819  22.422  6.566  0.190 0.0000000000
107799  22.189  6.589  1.039 0.0000000000
106750  22.159  6.110  0.554 0.0000000000
107858  23.668  6.681  -0.656 0.0000000000
106811  22.742  6.169  -1.183 0.0000000000
106810  23.369  6.024  -1.290 0.0000000000
106809  23.840  6.291  -0.922 0.0000000000
114113  25.989  12.399  -1.529 0.0000000000
113130  26.245  11.253  -1.501 0.0000000000
111076  27.355  9.960  -0.723 0.0000000000
112121  28.041  10.578  -1.421 0.0000000000
112109  26.625  9.814  -0.429 0.0000000000
112110  25.963  9.696  -0.766 0.0000000000
112102  26.220  9.562  -0.184 0.0000000000
111066  26.195  9.017  -0.331 0.0000000000
108927  26.423  7.359  -0.366 0.0000000000
107818  24.770  6.184  -0.020 0.0000000000
107817  25.633  6.221  0.112 0.0000000000
107841  26.822  6.239  -0.329 0.0000000000
106793  28.010  5.860  0.224 0.0000000000
106792  29.011  5.933  -0.463 0.0000000000
88195  22.789  -11.299  1.498 0.0000000000
88194  23.596  -11.578  1.076 0.0000000000
88192  25.047  -11.437  1.424 0.0000000000
88180  25.504  -11.482  2.220 0.0000000000
88166  25.622  -11.779  3.066 0.0000000000
88179  25.825  -11.159  2.879 0.0000000000
90488  26.043  -9.021  1.494 0.0000000000
91542  26.584  -8.871  2.273 0.0000000000
90432  27.649  -9.971  3.864 0.0000000000
90458  26.549  -9.985  3.033 0.0000000000
89313  27.351  -10.467  3.932 0.0000000000
88164  26.911  -11.059  4.123 0.0000000000
84890  22.345  -14.562  2.314 0.0000000000
84889  23.146  -14.552  2.301 0.0000000000
85925  23.461  -13.799  2.104 0.0000000000
85942  23.756  -12.995  1.816 0.0000000000
103776  22.698  2.733  -1.009 0.0000000000
103792  22.728  2.190  -1.718 0.0000000000
104804  23.504  2.716  -1.693 0.0000000000
104803  23.997  2.895  -1.550 0.0000000000
103748  24.774  3.046  -0.518 0.0000000000
105755  25.182  4.622  0.486 0.0000000000
113112  23.463  11.606  0.730 0.0000000000
113122  23.144  10.929  0.409 0.0000000000
113121  23.569  11.228  -0.025 0.0000000000
114115  23.999  11.722  -0.792 0.0000000000
93709  25.111  -5.984  -0.014 0.0000000000
93695  25.315  -6.530  0.529 0.0000000000
94833  26.066  -5.614  1.702 0.0000000000
94832  27.025  -5.507  2.291 0.0000000000
105757  21.407  4.405  0.364 0.0000000000
82463  21.968  -16.311  3.124 0.0000000000
81222  21.473  -17.132  3.483 0.0000000000
81221  22.342  -17.386  3.413 0.0000000000
79920  24.949  -18.690  5.549 0.0000000000
81179  25.478  -17.784  5.566 0.0000000000
81178  25.936  -17.123  5.626 0.0000000000
84843  26.416  -14.485  5.093 0.0000000000
89348  20.212  -10.343  2.432 0.0000000000
89362  20.535  -10.377  1.995 0.0000000000
90477  20.021  -9.693  2.399 0.0000000000
91557  20.576  -8.440  1.546 0.0000000000
93684  20.124  -6.324  1.413 0.0000000000
93683  20.646  -6.614  1.021 0.0000000000
93699  20.672  -6.249  1.026 0.0000000000
93697  21.901  -6.200  -0.123 0.0000000000
94886  22.962  -4.913  -1.110 0.0000000000
99477  19.596  -1.999  1.677 0.0000000000
100611  22.760  0.142  -1.679 0.0000000000
99505  22.332  -0.471  -1.089 0.0000000000
99503  23.263  -1.219  -1.681 0.0000000000
98334  23.573  -2.258  -1.562 0.0000000000
99494  24.575  -1.657  0.208 0.0000000000
99486  25.386  -1.776  0.765 0.0000000000
100594  24.963  -0.991  0.766 0.0000000000
110001  22.783  8.754  -0.377 0.0000000000
108950  23.032  7.014  -0.302 0.0000000000
107844  22.741  6.561  -0.445 0.0000000000
111065  27.061  9.196  -0.348 0.0000000000
111064  27.612  8.842  -0.651 0.0000000000
109997  27.372  8.437  -0.536 0.0000000000
108926  27.494  7.523  -0.669 0.0000000000
108925  28.559  7.237  -0.778 0.0000000000
88207  23.874  -11.095  0.638 0.0000000000
89359  24.232  -10.902  0.576 0.0000000000
89347  25.418  -10.621  1.574 0.0000000000
91541  26.968  -8.466  2.470 0.0000000000
90474  26.710  -9.073  2.582 0.0000000000
90431  28.097  -9.465  3.981 0.0000000000
83723  24.803  -15.761  3.943 0.0000000000
83739  24.911  -15.113  3.781 0.0000000000
84875  24.466  -14.453  2.812 0.0000000000
84874  24.754  -14.461  3.388 0.0000000000
84858  25.245  -14.454  4.017 0.0000000000
85890  25.635  -13.946  4.162 0.0000000000
87019  26.290  -12.634  3.894 0.0000000000
96023  20.427  -4.489  0.763 0.0000000000
101643  20.403  0.381  1.929 0.0000000000
100585  20.802  -0.134  1.697 0.0000000000
101664  21.503  0.392  0.463 0.0000000000
101680  22.189  0.278  -0.995 0.0000000000
102748  22.663  1.451  -1.547 0.0000000000
102754  22.735  1.231  -1.945 0.0000000000
100624  22.879  0.614  -2.070 0.0000000000
100623  23.051  0.458  -2.116 0.0000000000
101677  23.382  0.654  -1.726 0.0000000000
101671  23.811  0.516  -1.004 0.0000000000
101670  24.397  0.409  -0.251 0.0000000000
112113  22.915  10.340  -0.530 0.0000000000
111068  22.738  9.491  -0.530 0.0000000000
111078  23.630  9.530  -0.944 0.0000000000
91569  24.973  -8.506  0.581 0.0000000000
91553  26.860  -8.073  1.990 0.0000000000
92596  27.040  -7.885  2.203 0.0000000000
101644  19.272  0.004  2.242 0.0000000000
102730  20.448  1.166  1.207 0.0000000000
103750  21.886  2.385  0.522 0.0000000000
103749  22.346  2.558  -0.279 0.0000000000
83708  26.561  -15.333  5.602 0.0000000000
97180  26.397  -3.613  1.232 0.0000000000
96019  26.149  -4.122  1.823 0.0000000000
97171  26.628  -3.448  2.074 0.0000000000
87051  22.200  -12.581  1.848 0.0000000000
89360  22.105  -10.248  1.291 0.0000000000
88209  22.821  -10.527  1.077 0.0000000000
89375  23.011  -10.208  0.646 0.0000000000
90506  23.242  -9.469  0.640 0.0000000000
91571  23.447  -8.593  0.468 0.0000000000
92599  21.306  -7.576  0.757 0.0000000000
91556  21.299  -8.180  0.918 0.0000000000
92614  23.663  -7.787  0.064 0.0000000000
92625  24.287  -6.783  -0.283 0.0000000000
93712  23.362  -6.450  -0.523 0.0000000000
93711  24.106  -6.364  -0.584 0.0000000000
93710  24.730  -6.402  -0.226 0.0000000000
94866  25.135  -5.509  -0.393 0.0000000000
96039  25.481  -4.556  -0.118 0.0000000000
95990  16.834  -4.624  3.076 0.0000000000
97173  18.985  -3.682  1.850 0.0000000000
96004  19.921  -4.252  1.129 0.0000000000
97183  20.840  -3.803  0.314 0.0000000000
100597  20.410  -0.902  1.436 0.0000000000
99489  20.385  -1.393  1.289 0.0000000000
99497  21.781  -1.302  -0.412 0.0000000000
98326  21.310  -1.940  -0.077 0.0000000000
98316  20.928  -2.752  0.280 0.0000000000
97182  21.211  -4.005  -0.147 0.0000000000
96042  22.749  -3.867  -1.054 0.0000000000
96061  23.088  -4.235  -1.213 0.0000000000
96058  24.949  -4.155  -0.448 0.0000000000
97181  25.754  -3.641  0.621 0.0000000000
98313  26.330  -2.795  1.088 0.0000000000
99476  26.757  -2.009  1.643 0.0000000000
102703  27.162  0.313  1.459 0.0000000000
106798  22.005  5.164  -0.577 0.0000000000
106797  22.151  5.882  -0.699 0.0000000000
105774  22.335  4.884  -0.966 0.0000000000
106796  23.501  5.387  -1.267 0.0000000000
112111  25.135  9.883  -0.505 0.0000000000
113129  27.152  11.085  -1.769 0.0000000000
110000  24.857  8.123  -0.234 0.0000000000
108929  24.650  7.025  -0.052 0.0000000000
107843  24.468  6.427  -0.285 0.0000000000
106771  25.730  5.397  0.398 0.0000000000
106770  26.532  5.377  0.234 0.0000000000
105770  27.843  5.010  0.542 0.0000000000
107838  29.425  6.520  -0.916 0.0000000000
106791  29.586  5.554  -0.653 0.0000000000
105768  29.387  5.255  -0.313 0.0000000000
105792  29.404  4.649  -0.303 0.0000000000
85941  24.509  -12.714  1.933 0.0000000000
87048  24.727  -12.099  1.589 0.0000000000
87033  25.396  -12.394  2.702 0.0000000000
87020  25.790  -12.480  3.431 0.0000000000
87003  26.755  -12.415  4.380 0.0000000000
90489  25.493  -9.549  1.194 0.0000000000
90476  25.835  -10.111  1.755 0.0000000000
89333  26.239  -10.547  2.948 0.0000000000
88148  27.040  -11.726  4.277 0.0000000000
87002  27.438  -12.182  4.776 0.0000000000
85870  26.754  -14.071  5.114 0.0000000000
85940  24.972  -12.525  1.854 0.0000000000
96059  24.483  -4.167  -0.717 0.0000000000
96062  22.794  -4.781  -0.967 0.0000000000
97211  24.655  -3.685  -0.512 0.0000000000
99498  21.378  -1.595  -0.047 0.0000000000
100612  22.349  0.081  -1.191 0.0000000000
101603  18.124  0.679  3.471 0.0000000000
101673  22.040  0.556  -0.574 0.0000000000
101678  23.107  0.828  -2.185 0.0000000000
101679  22.552  0.706  -1.368 0.0000000000
101685  22.806  0.838  -1.992 0.0000000000
102692  19.033  0.787  2.878 0.0000000000
102702  27.742  0.462  1.323 0.0000000000
102705  19.468  0.843  2.470 0.0000000000
102747  23.046  1.473  -2.408 0.0000000000
102753  22.860  1.342  -2.297 0.0000000000
103724  19.842  1.350  1.995 0.0000000000
103796  22.774  1.744  -2.187 0.0000000000
105794  22.614  5.596  -1.326 0.0000000000
106808  29.066  6.255  -0.615 0.0000000000
107856  29.334  6.249  -0.704 0.0000000000
108904  25.037  6.654  0.190 0.0000000000
108905  24.709  6.569  0.000 0.0000000000
110016  22.779  9.150  -0.533 0.0000000000
111055  26.508  9.352  -0.253 0.0000000000
112101  26.489  9.621  -0.244 0.0000000000
