#!ascii label  , from subject 3612 vox2ras=TkReg
586
14632  -44.877  -75.290  10.712 0.0000000000
23701  -53.376  -66.485  4.739 0.0000000000
22587  -44.086  -67.554  7.452 0.0000000000
18692  -49.800  -71.897  7.714 0.0000000000
27637  -48.199  -62.099  7.442 0.0000000000
19544  -48.377  -70.471  11.622 0.0000000000
24626  -43.494  -65.428  11.622 0.0000000000
25500  -44.804  -64.280  17.626 0.0000000000
26602  -43.506  -63.539  8.039 0.0000000000
25676  -46.163  -64.795  6.674 0.0000000000
28710  -45.300  -61.290  7.933 0.0000000000
22529  -46.675  -67.546  11.008 0.0000000000
24597  -47.567  -65.923  13.560 0.0000000000
28570  -41.953  -61.769  17.842 0.0000000000
27518  -40.827  -62.775  15.788 0.0000000000
12518  -46.413  -77.362  8.827 0.0000000000
21573  -52.355  -68.466  6.930 0.0000000000
16749  -50.092  -73.247  5.603 0.0000000000
19656  -50.269  -70.589  3.596 0.0000000000
18677  -44.550  -71.614  8.872 0.0000000000
16695  -47.224  -74.112  8.483 0.0000000000
23680  -49.429  -66.383  6.547 0.0000000000
25681  -51.241  -64.423  6.515 0.0000000000
20536  -45.160  -69.580  10.315 0.0000000000
22558  -43.438  -66.781  9.298 0.0000000000
27602  -41.562  -62.605  9.793 0.0000000000
24564  -48.340  -66.024  15.700 0.0000000000
25548  -43.701  -64.605  14.494 0.0000000000
27576  -40.281  -62.284  12.360 0.0000000000
32082  -40.214  -58.415  10.339 0.0000000000
14704  -47.624  -75.471  7.124 0.0000000000
28800  -49.579  -61.628  1.915 0.0000000000
25730  -52.943  -64.727  2.112 0.0000000000
21636  -49.436  -67.983  1.426 0.0000000000
28697  -42.784  -61.342  9.014 0.0000000000
28709  -44.397  -61.367  8.272 0.0000000000
13568  -46.219  -76.583  9.412 0.0000000000
22606  -52.968  -67.263  5.616 0.0000000000
20593  -51.962  -69.685  5.472 0.0000000000
21613  -52.054  -68.409  3.927 0.0000000000
20639  -51.096  -69.578  1.735 0.0000000000
22665  -52.892  -67.399  2.499 0.0000000000
20572  -44.649  -69.478  7.818 0.0000000000
21566  -45.381  -68.557  6.602 0.0000000000
25669  -47.528  -63.892  7.279 0.0000000000
24699  -47.748  -65.443  6.440 0.0000000000
25679  -49.170  -64.436  7.006 0.0000000000
24702  -50.970  -65.322  6.731 0.0000000000
25672  -49.873  -63.347  7.251 0.0000000000
18625  -45.873  -71.485  11.174 0.0000000000
20517  -46.781  -69.669  11.173 0.0000000000
24628  -45.514  -66.021  11.417 0.0000000000
23640  -44.978  -67.280  10.094 0.0000000000
24645  -43.734  -65.913  10.787 0.0000000000
25635  -41.984  -64.797  9.975 0.0000000000
25634  -41.728  -64.449  10.737 0.0000000000
25515  -46.166  -65.088  16.892 0.0000000000
24562  -46.507  -65.321  15.058 0.0000000000
25529  -44.152  -64.479  15.412 0.0000000000
28632  -39.516  -60.889  14.356 0.0000000000
27542  -40.682  -62.907  13.950 0.0000000000
28668  -39.615  -60.886  12.535 0.0000000000
29765  -40.040  -60.527  11.149 0.0000000000
16715  -48.714  -73.498  8.164 0.0000000000
15673  -48.524  -74.889  8.333 0.0000000000
16698  -49.622  -74.224  8.010 0.0000000000
16759  -47.218  -73.505  4.505 0.0000000000
27699  -48.547  -62.334  0.984 0.0000000000
28804  -52.369  -62.327  1.756 0.0000000000
24752  -50.112  -65.413  2.405 0.0000000000
24693  -43.950  -65.559  7.090 0.0000000000
23676  -45.256  -66.592  6.305 0.0000000000
25666  -44.631  -64.660  7.044 0.0000000000
26617  -45.907  -63.243  7.528 0.0000000000
28720  -46.932  -61.760  7.511 0.0000000000
21502  -48.174  -68.522  11.311 0.0000000000
23591  -47.042  -66.405  11.967 0.0000000000
24615  -45.344  -65.452  12.428 0.0000000000
26465  -43.454  -63.461  17.817 0.0000000000
26479  -42.371  -63.308  16.518 0.0000000000
27487  -40.826  -61.876  17.015 0.0000000000
29704  -39.714  -60.408  15.767 0.0000000000
30817  -39.212  -59.154  14.644 0.0000000000
20575  -51.940  -70.076  7.705 0.0000000000
16718  -50.792  -73.345  6.932 0.0000000000
18707  -51.870  -71.331  6.077 0.0000000000
18710  -49.860  -71.914  4.235 0.0000000000
17732  -48.747  -72.854  3.102 0.0000000000
18737  -48.748  -72.133  1.498 0.0000000000
19717  -49.939  -70.606  0.162 0.0000000000
19736  -50.027  -69.974  -0.790 0.0000000000
16683  -44.742  -73.662  9.341 0.0000000000
15670  -45.924  -74.677  8.967 0.0000000000
18690  -47.636  -71.835  7.496 0.0000000000
19626  -48.626  -70.247  6.929 0.0000000000
22595  -46.997  -67.598  5.924 0.0000000000
21569  -48.479  -68.520  6.408 0.0000000000
20589  -50.223  -69.399  7.070 0.0000000000
22599  -51.213  -67.418  6.946 0.0000000000
23683  -52.607  -66.403  6.721 0.0000000000
24704  -52.872  -65.362  6.208 0.0000000000
17667  -44.595  -72.250  10.385 0.0000000000
19581  -44.472  -70.577  9.277 0.0000000000
21548  -44.288  -68.814  8.442 0.0000000000
21520  -46.094  -68.574  10.532 0.0000000000
22560  -44.741  -67.837  9.800 0.0000000000
22586  -43.465  -67.156  8.013 0.0000000000
24679  -42.680  -65.547  8.530 0.0000000000
27603  -42.412  -62.463  9.038 0.0000000000
28696  -41.828  -61.352  9.466 0.0000000000
24581  -48.241  -65.928  14.482 0.0000000000
25571  -45.834  -65.394  13.980 0.0000000000
25592  -43.488  -64.897  12.835 0.0000000000
25527  -42.622  -63.844  15.050 0.0000000000
26539  -41.849  -63.875  13.443 0.0000000000
25590  -41.623  -64.196  12.441 0.0000000000
27585  -40.953  -62.845  10.899 0.0000000000
29781  -40.732  -60.410  10.275 0.0000000000
15654  -47.317  -75.452  8.969 0.0000000000
13596  -47.013  -76.331  7.514 0.0000000000
16732  -48.613  -74.129  6.244 0.0000000000
15718  -45.931  -74.361  5.858 0.0000000000
27643  -50.249  -61.902  6.652 0.0000000000
26634  -51.672  -63.174  5.644 0.0000000000
26645  -52.930  -63.439  4.482 0.0000000000
27674  -53.178  -62.567  3.184 0.0000000000
24729  -53.565  -65.461  3.322 0.0000000000
23782  -52.673  -66.738  1.270 0.0000000000
22681  -51.173  -67.601  0.618 0.0000000000
30929  -42.974  -59.421  8.987 0.0000000000
29806  -43.242  -60.422  8.814 0.0000000000
13555  -45.499  -77.015  10.260 0.0000000000
13567  -45.486  -76.198  9.801 0.0000000000
22618  -53.248  -66.951  5.098 0.0000000000
21588  -52.493  -68.129  5.015 0.0000000000
21614  -52.566  -67.700  4.079 0.0000000000
22641  -52.510  -67.745  3.221 0.0000000000
22643  -53.243  -66.818  3.577 0.0000000000
21557  -44.319  -68.442  7.869 0.0000000000
20584  -45.057  -69.267  7.016 0.0000000000
21565  -44.663  -68.498  7.200 0.0000000000
26619  -47.875  -63.020  7.412 0.0000000000
25678  -48.152  -64.568  6.871 0.0000000000
25670  -48.484  -63.716  7.196 0.0000000000
25671  -49.371  -63.530  7.207 0.0000000000
26620  -48.777  -62.870  7.333 0.0000000000
18629  -49.435  -71.524  11.884 0.0000000000
18627  -47.774  -71.221  11.785 0.0000000000
19543  -47.269  -70.419  11.455 0.0000000000
24627  -44.536  -65.419  11.769 0.0000000000
24646  -44.797  -66.038  10.919 0.0000000000
25622  -42.256  -65.113  10.981 0.0000000000
24625  -43.065  -65.359  11.648 0.0000000000
25489  -46.104  -64.475  18.536 0.0000000000
25501  -45.693  -64.682  17.679 0.0000000000
25514  -45.364  -64.640  16.636 0.0000000000
25513  -44.518  -64.299  16.403 0.0000000000
29729  -39.275  -60.023  13.966 0.0000000000
28652  -39.530  -60.869  13.392 0.0000000000
30873  -39.524  -59.406  11.816 0.0000000000
30858  -39.105  -58.996  12.606 0.0000000000
17711  -49.262  -72.755  7.911 0.0000000000
16716  -49.579  -73.567  8.045 0.0000000000
17712  -50.222  -72.762  7.877 0.0000000000
26684  -51.782  -63.247  1.246 0.0000000000
25728  -51.067  -64.521  2.212 0.0000000000
26669  -50.670  -63.770  1.350 0.0000000000
25665  -43.705  -64.620  7.572 0.0000000000
26615  -44.255  -63.955  7.681 0.0000000000
26604  -45.154  -62.921  7.784 0.0000000000
27626  -45.653  -62.207  7.684 0.0000000000
27635  -46.520  -62.328  7.572 0.0000000000
28711  -46.417  -61.230  7.706 0.0000000000
24616  -46.284  -65.929  12.251 0.0000000000
24596  -46.243  -65.583  13.355 0.0000000000
26454  -43.952  -63.103  18.595 0.0000000000
27470  -42.675  -62.182  18.218 0.0000000000
26464  -42.642  -62.997  17.526 0.0000000000
27488  -41.523  -62.157  17.290 0.0000000000
29716  -39.403  -60.117  14.998 0.0000000000
11616  -46.286  -77.613  7.710 0.0000000000
20576  -52.333  -69.995  7.432 0.0000000000
19612  -52.158  -70.681  7.331 0.0000000000
19636  -52.519  -70.223  6.664 0.0000000000
20597  -50.766  -70.094  4.017 0.0000000000
19640  -50.879  -70.816  4.873 0.0000000000
19639  -50.126  -71.301  4.370 0.0000000000
18719  -49.318  -72.049  3.366 0.0000000000
18718  -48.738  -72.242  2.448 0.0000000000
20662  -51.480  -69.048  1.351 0.0000000000
19699  -50.655  -69.979  0.861 0.0000000000
20685  -51.019  -69.199  0.217 0.0000000000
18803  -49.419  -70.883  -0.633 0.0000000000
19737  -50.409  -69.639  -0.684 0.0000000000
17680  -44.491  -72.537  9.576 0.0000000000
16693  -45.188  -73.427  8.694 0.0000000000
19608  -48.130  -71.056  7.175 0.0000000000
19625  -47.539  -70.206  6.886 0.0000000000
24697  -45.744  -65.635  6.322 0.0000000000
22594  -45.810  -67.611  6.150 0.0000000000
23677  -46.395  -66.564  5.963 0.0000000000
22605  -48.114  -67.417  6.105 0.0000000000
22597  -48.781  -67.438  6.257 0.0000000000
20588  -49.121  -69.395  6.740 0.0000000000
21570  -49.605  -68.454  6.624 0.0000000000
21571  -50.749  -68.467  7.001 0.0000000000
23682  -51.646  -66.368  6.954 0.0000000000
24703  -51.978  -65.375  6.699 0.0000000000
25682  -52.076  -64.545  6.186 0.0000000000
19566  -45.605  -70.265  10.610 0.0000000000
18650  -45.308  -71.063  10.687 0.0000000000
19565  -44.867  -70.467  10.108 0.0000000000
20551  -44.512  -69.688  9.605 0.0000000000
22530  -47.490  -67.613  11.318 0.0000000000
21501  -46.804  -68.561  11.125 0.0000000000
22546  -46.072  -67.763  10.438 0.0000000000
23639  -44.486  -66.971  9.985 0.0000000000
22559  -43.964  -67.360  9.350 0.0000000000
22573  -43.365  -67.052  8.755 0.0000000000
23669  -43.105  -66.395  8.235 0.0000000000
23655  -42.969  -66.327  9.147 0.0000000000
26582  -41.538  -63.720  10.269 0.0000000000
26583  -42.020  -63.629  9.394 0.0000000000
24563  -47.401  -65.703  15.323 0.0000000000
25549  -44.625  -64.978  14.587 0.0000000000
25550  -45.638  -65.154  14.686 0.0000000000
25570  -45.196  -65.340  13.601 0.0000000000
25569  -44.085  -65.057  13.645 0.0000000000
26478  -41.593  -63.093  16.156 0.0000000000
26494  -42.127  -63.512  15.620 0.0000000000
26493  -41.395  -63.255  15.268 0.0000000000
27557  -40.594  -62.926  13.019 0.0000000000
26519  -41.246  -63.455  13.620 0.0000000000
26538  -41.231  -63.814  12.806 0.0000000000
25591  -42.358  -64.289  12.870 0.0000000000
26557  -41.174  -63.954  11.826 0.0000000000
27577  -40.733  -63.020  12.058 0.0000000000
30904  -39.952  -59.417  10.860 0.0000000000
28676  -40.472  -61.523  10.927 0.0000000000
30926  -40.618  -59.277  10.034 0.0000000000
29803  -40.964  -59.792  9.781 0.0000000000
15671  -46.737  -74.831  8.928 0.0000000000
14665  -46.476  -75.236  9.151 0.0000000000
15653  -47.125  -75.159  9.023 0.0000000000
14685  -48.093  -75.615  7.779 0.0000000000
13582  -47.784  -76.113  7.864 0.0000000000
13616  -47.209  -76.006  7.360 0.0000000000
12561  -46.329  -76.694  7.048 0.0000000000
14703  -46.604  -75.634  6.620 0.0000000000
16734  -50.648  -73.243  6.224 0.0000000000
16733  -49.790  -73.959  6.642 0.0000000000
16748  -49.064  -73.534  5.462 0.0000000000
16758  -45.996  -73.653  4.438 0.0000000000
16746  -46.764  -73.868  5.706 0.0000000000
28724  -49.791  -61.286  6.742 0.0000000000
29837  -49.656  -60.644  6.326 0.0000000000
27650  -51.822  -62.544  4.928 0.0000000000
26635  -52.380  -63.453  5.225 0.0000000000
27651  -52.461  -62.948  4.747 0.0000000000
27688  -52.923  -62.675  2.151 0.0000000000
28790  -52.419  -61.859  2.492 0.0000000000
27689  -53.343  -63.179  2.524 0.0000000000
26659  -53.397  -63.487  3.596 0.0000000000
25731  -53.419  -65.041  2.693 0.0000000000
24756  -53.507  -65.948  2.604 0.0000000000
24755  -53.127  -65.627  1.930 0.0000000000
22662  -50.410  -67.410  1.289 0.0000000000
22663  -51.144  -67.086  1.012 0.0000000000
22680  -50.484  -67.808  0.612 0.0000000000
27604  -43.157  -62.058  8.751 0.0000000000
27624  -43.890  -62.383  8.442 0.0000000000
28698  -43.599  -61.355  8.680 0.0000000000
29818  -43.971  -60.453  8.328 0.0000000000
29819  -44.852  -60.392  8.117 0.0000000000
29659  -41.163  -60.666  17.599 0.0000000000
29686  -41.056  -60.020  17.127 0.0000000000
21578  -52.513  -68.490  6.164 0.0000000000
20594  -52.412  -69.624  6.190 0.0000000000
21577  -52.280  -68.972  5.597 0.0000000000
21587  -51.973  -68.919  4.928 0.0000000000
19679  -50.399  -70.251  2.221 0.0000000000
20620  -51.510  -68.850  3.229 0.0000000000
20640  -51.515  -68.930  2.180 0.0000000000
21656  -51.876  -68.355  1.287 0.0000000000
19594  -44.588  -70.549  8.415 0.0000000000
19605  -45.015  -70.628  7.674 0.0000000000
20573  -45.258  -69.939  7.243 0.0000000000
20585  -45.917  -69.607  6.786 0.0000000000
25677  -47.148  -64.654  6.735 0.0000000000
24698  -46.750  -65.524  6.295 0.0000000000
24700  -48.785  -65.427  6.695 0.0000000000
23681  -50.591  -66.364  6.759 0.0000000000
24701  -49.893  -65.319  6.775 0.0000000000
25680  -50.225  -64.083  6.988 0.0000000000
19542  -46.279  -70.441  10.953 0.0000000000
19567  -45.984  -70.062  10.687 0.0000000000
23608  -46.058  -66.578  11.123 0.0000000000
23624  -46.252  -67.035  10.782 0.0000000000
24647  -45.237  -66.216  10.921 0.0000000000
23622  -44.277  -66.395  10.446 0.0000000000
23637  -43.103  -66.075  10.014 0.0000000000
24678  -42.513  -65.587  9.433 0.0000000000
24662  -42.848  -65.815  10.316 0.0000000000
24534  -47.001  -65.555  17.251 0.0000000000
24548  -46.731  -65.462  16.100 0.0000000000
25531  -45.940  -64.954  15.790 0.0000000000
25530  -45.055  -64.706  15.566 0.0000000000
28619  -39.767  -61.624  14.745 0.0000000000
27529  -40.712  -62.848  14.851 0.0000000000
28633  -39.751  -61.672  13.860 0.0000000000
28653  -39.893  -61.710  12.891 0.0000000000
28669  -39.930  -61.412  11.838 0.0000000000
29764  -39.669  -60.366  11.892 0.0000000000
30874  -39.810  -59.929  11.416 0.0000000000
32081  -39.635  -58.357  10.991 0.0000000000
16714  -47.749  -73.403  8.206 0.0000000000
16696  -48.188  -74.210  8.413 0.0000000000
16697  -49.031  -74.234  8.223 0.0000000000
15674  -49.179  -74.749  8.059 0.0000000000
14687  -49.150  -74.865  7.574 0.0000000000
27701  -50.252  -61.782  1.041 0.0000000000
28818  -50.660  -61.771  1.092 0.0000000000
28802  -51.040  -61.551  1.601 0.0000000000
28803  -51.822  -61.857  1.522 0.0000000000
27703  -52.416  -62.955  1.608 0.0000000000
26672  -52.752  -63.682  1.989 0.0000000000
24754  -52.261  -65.490  1.750 0.0000000000
24753  -51.237  -65.515  2.116 0.0000000000
23751  -50.293  -66.464  2.142 0.0000000000
23670  -43.607  -66.491  7.496 0.0000000000
23675  -44.321  -66.578  6.815 0.0000000000
25674  -44.866  -65.029  6.698 0.0000000000
25675  -45.273  -64.950  6.673 0.0000000000
26603  -44.426  -63.129  7.939 0.0000000000
26616  -45.002  -63.726  7.592 0.0000000000
25667  -45.582  -64.241  7.144 0.0000000000
25668  -46.544  -64.031  7.239 0.0000000000
26618  -46.953  -63.178  7.626 0.0000000000
27636  -47.328  -62.278  7.513 0.0000000000
20518  -47.708  -69.511  11.437 0.0000000000
23610  -47.732  -66.882  11.666 0.0000000000
23609  -46.824  -66.860  11.303 0.0000000000
24629  -46.339  -66.338  11.622 0.0000000000
25608  -44.356  -65.248  12.175 0.0000000000
26466  -44.174  -63.756  18.065 0.0000000000
25499  -43.946  -63.940  17.161 0.0000000000
26480  -43.146  -63.606  16.861 0.0000000000
27504  -41.905  -62.744  16.948 0.0000000000
27502  -40.412  -62.180  16.312 0.0000000000
28568  -40.760  -61.152  17.220 0.0000000000
28587  -40.300  -61.399  16.624 0.0000000000
27516  -39.912  -61.673  15.626 0.0000000000
28618  -39.638  -60.970  15.172 0.0000000000
32000  -39.127  -58.205  14.131 0.0000000000
19611  -51.354  -70.642  7.605 0.0000000000
18693  -50.742  -71.776  7.532 0.0000000000
18694  -51.524  -71.606  7.289 0.0000000000
17723  -51.616  -72.068  6.739 0.0000000000
17726  -50.675  -72.736  5.714 0.0000000000
17730  -50.240  -72.602  5.221 0.0000000000
19698  -49.855  -70.787  1.471 0.0000000000
18762  -49.389  -71.464  0.932 0.0000000000
18784  -49.414  -71.402  0.052 0.0000000000
18783  -49.013  -71.819  -0.418 0.0000000000
18802  -48.708  -71.258  -1.080 0.0000000000
15651  -44.726  -74.516  10.030 0.0000000000
14646  -45.061  -75.460  9.860 0.0000000000
16684  -45.410  -74.045  8.960 0.0000000000
16694  -46.079  -73.797  8.427 0.0000000000
17708  -46.198  -72.752  7.779 0.0000000000
17709  -47.195  -72.632  7.819 0.0000000000
17710  -48.229  -72.685  7.873 0.0000000000
18691  -48.739  -71.921  7.539 0.0000000000
19609  -49.231  -71.070  7.346 0.0000000000
22593  -44.831  -67.596  6.655 0.0000000000
23686  -47.136  -66.873  5.817 0.0000000000
21568  -47.442  -68.562  6.318 0.0000000000
19627  -49.699  -70.222  7.175 0.0000000000
19610  -50.284  -70.983  7.510 0.0000000000
19628  -50.619  -70.175  7.431 0.0000000000
20590  -51.360  -69.602  7.474 0.0000000000
21572  -51.724  -68.468  7.155 0.0000000000
22600  -52.131  -67.423  7.009 0.0000000000
22601  -52.642  -67.460  6.489 0.0000000000
23684  -53.088  -66.155  6.253 0.0000000000
24708  -53.314  -65.474  5.411 0.0000000000
16670  -44.515  -73.431  10.371 0.0000000000
18624  -45.081  -71.930  10.924 0.0000000000
18649  -44.859  -71.437  10.394 0.0000000000
18665  -44.556  -71.475  9.789 0.0000000000
20563  -44.350  -69.635  8.801 0.0000000000
20537  -46.032  -69.465  10.629 0.0000000000
22545  -45.321  -67.609  10.142 0.0000000000
21519  -45.331  -68.544  10.218 0.0000000000
21518  -44.688  -69.098  9.975 0.0000000000
21533  -44.328  -68.615  9.303 0.0000000000
22574  -43.931  -67.876  8.448 0.0000000000
24692  -43.243  -65.535  7.767 0.0000000000
25653  -42.894  -64.554  8.116 0.0000000000
25652  -42.338  -64.628  8.945 0.0000000000
26601  -42.629  -63.574  8.585 0.0000000000
27623  -43.043  -62.737  8.426 0.0000000000
24579  -46.247  -65.420  14.279 0.0000000000
24595  -45.477  -65.453  13.055 0.0000000000
25593  -44.558  -65.259  12.624 0.0000000000
25512  -43.693  -63.974  16.144 0.0000000000
25528  -43.347  -64.133  15.231 0.0000000000
25547  -42.961  -64.163  14.417 0.0000000000
26506  -41.310  -63.322  14.406 0.0000000000
25546  -42.408  -63.836  14.392 0.0000000000
25568  -43.187  -64.491  13.662 0.0000000000
25606  -42.785  -65.004  11.921 0.0000000000
25621  -41.801  -64.541  11.454 0.0000000000
26569  -41.365  -63.927  11.017 0.0000000000
28677  -41.136  -61.600  10.190 0.0000000000
29782  -41.315  -60.886  9.894 0.0000000000
29804  -41.473  -60.203  9.569 0.0000000000
14647  -45.938  -75.453  9.338 0.0000000000
13569  -46.891  -76.430  8.620 0.0000000000
14649  -47.421  -75.717  8.701 0.0000000000
13570  -47.468  -76.048  8.332 0.0000000000
12533  -46.666  -77.176  8.122 0.0000000000
12546  -46.009  -77.561  7.333 0.0000000000
16717  -50.176  -73.635  7.566 0.0000000000
15706  -49.440  -74.559  7.124 0.0000000000
15704  -48.084  -74.732  6.636 0.0000000000
16747  -47.936  -73.665  5.476 0.0000000000
16731  -47.618  -74.147  6.173 0.0000000000
15703  -47.077  -74.682  6.369 0.0000000000
30944  -44.416  -59.532  8.297 0.0000000000
29821  -46.684  -60.129  7.880 0.0000000000
28721  -47.515  -61.184  7.579 0.0000000000
27638  -49.082  -62.039  7.413 0.0000000000
26621  -49.559  -62.808  7.327 0.0000000000
26622  -50.186  -63.011  7.141 0.0000000000
26625  -50.681  -63.342  6.497 0.0000000000
28729  -50.199  -61.426  5.954 0.0000000000
27644  -50.608  -62.394  6.179 0.0000000000
26626  -51.458  -63.760  6.091 0.0000000000
26627  -52.070  -63.874  5.782 0.0000000000
25687  -52.695  -64.442  5.585 0.0000000000
25698  -53.150  -64.504  4.774 0.0000000000
28789  -51.476  -61.447  2.369 0.0000000000
28769  -51.679  -61.533  3.264 0.0000000000
28753  -52.173  -62.051  4.076 0.0000000000
26658  -53.158  -62.915  3.917 0.0000000000
26646  -53.275  -63.970  4.139 0.0000000000
23724  -53.451  -66.332  3.536 0.0000000000
23755  -53.382  -66.661  2.678 0.0000000000
23754  -53.160  -66.570  1.826 0.0000000000
22682  -51.939  -67.746  0.874 0.0000000000
23781  -52.064  -66.951  0.918 0.0000000000
22695  -51.406  -68.114  0.546 0.0000000000
21691  -50.459  -68.783  -0.595 0.0000000000
11600  -46.261  -77.894  8.242 0.0000000000
12547  -46.530  -76.934  7.444 0.0000000000
13581  -47.145  -76.459  7.960 0.0000000000
13597  -47.482  -75.999  7.642 0.0000000000
13614  -46.121  -76.393  6.758 0.0000000000
13615  -46.762  -76.222  7.122 0.0000000000
14648  -46.819  -75.621  9.051 0.0000000000
14664  -46.289  -75.048  9.125 0.0000000000
14666  -48.011  -75.568  8.318 0.0000000000
14667  -48.709  -75.256  8.006 0.0000000000
14668  -49.077  -74.939  7.793 0.0000000000
14686  -48.697  -75.121  7.460 0.0000000000
14705  -48.377  -75.023  7.058 0.0000000000
14712  -45.483  -74.982  6.034 0.0000000000
15652  -45.240  -74.660  9.378 0.0000000000
15672  -47.635  -75.019  8.715 0.0000000000
15691  -49.193  -74.780  7.341 0.0000000000
15692  -49.510  -74.507  7.550 0.0000000000
15705  -48.956  -74.694  6.913 0.0000000000
15719  -46.485  -74.438  6.103 0.0000000000
16713  -46.881  -73.345  8.127 0.0000000000
16730  -47.146  -74.178  6.159 0.0000000000
16750  -50.544  -73.136  5.850 0.0000000000
16757  -45.322  -73.851  4.962 0.0000000000
16762  -49.514  -73.201  5.061 0.0000000000
17652  -44.721  -72.778  11.059 0.0000000000
17713  -50.987  -72.578  7.301 0.0000000000
17714  -51.552  -72.118  6.952 0.0000000000
17722  -51.313  -72.441  6.573 0.0000000000
17725  -50.191  -72.847  5.329 0.0000000000
17729  -49.707  -72.702  4.627 0.0000000000
17742  -48.376  -72.858  2.017 0.0000000000
18628  -48.784  -71.371  11.805 0.0000000000
18701  -51.563  -71.983  6.431 0.0000000000
18702  -51.879  -71.614  6.653 0.0000000000
18706  -51.333  -71.786  5.911 0.0000000000
18711  -50.393  -72.002  5.039 0.0000000000
19541  -45.754  -70.817  10.836 0.0000000000
19613  -52.431  -70.170  7.260 0.0000000000
19629  -52.384  -70.743  6.808 0.0000000000
19630  -52.502  -70.312  7.074 0.0000000000
19641  -51.596  -70.356  5.356 0.0000000000
19655  -49.773  -71.361  3.699 0.0000000000
19718  -50.528  -69.794  -0.277 0.0000000000
20535  -44.768  -69.706  10.020 0.0000000000
20574  -51.625  -70.124  7.664 0.0000000000
20591  -52.143  -69.364  7.415 0.0000000000
20592  -52.543  -69.581  6.969 0.0000000000
20598  -51.384  -69.553  4.396 0.0000000000
20619  -50.856  -69.592  3.054 0.0000000000
20661  -51.233  -69.389  0.935 0.0000000000
20709  -50.489  -69.240  -0.632 0.0000000000
21534  -44.683  -68.512  9.888 0.0000000000
21637  -52.160  -68.133  2.579 0.0000000000
21638  -52.424  -67.805  1.745 0.0000000000
21655  -50.509  -68.157  0.228 0.0000000000
21657  -52.286  -67.807  1.251 0.0000000000
21671  -50.832  -68.517  -0.004 0.0000000000
21690  -50.266  -68.925  -0.804 0.0000000000
22596  -47.908  -67.814  6.151 0.0000000000
22603  -47.364  -67.167  5.849 0.0000000000
22604  -47.687  -67.327  5.970 0.0000000000
22607  -53.267  -66.780  5.324 0.0000000000
22617  -53.029  -67.176  4.600 0.0000000000
22642  -52.953  -67.210  3.590 0.0000000000
22664  -52.530  -67.749  2.742 0.0000000000
22666  -53.278  -66.922  3.154 0.0000000000
22683  -52.611  -67.300  1.374 0.0000000000
23621  -43.834  -66.242  10.410 0.0000000000
23623  -45.353  -66.712  10.513 0.0000000000
23638  -43.528  -66.367  9.984 0.0000000000
23654  -42.963  -66.051  9.772 0.0000000000
23678  -47.331  -66.241  6.024 0.0000000000
23679  -48.288  -66.383  6.197 0.0000000000
23687  -47.660  -66.837  5.910 0.0000000000
23688  -48.115  -67.083  6.034 0.0000000000
23689  -52.999  -66.747  6.224 0.0000000000
23690  -53.271  -66.402  5.703 0.0000000000
23700  -53.216  -66.821  4.481 0.0000000000
23723  -53.163  -66.776  4.085 0.0000000000
23752  -51.459  -66.503  1.436 0.0000000000
23753  -52.561  -66.227  1.326 0.0000000000
23780  -51.486  -67.021  0.956 0.0000000000
24580  -47.028  -65.623  14.336 0.0000000000
24614  -44.841  -65.286  12.240 0.0000000000
24644  -42.970  -65.540  11.272 0.0000000000
24663  -43.354  -66.045  10.369 0.0000000000
24696  -44.798  -65.551  6.584 0.0000000000
24705  -53.254  -65.838  5.980 0.0000000000
24707  -53.059  -65.013  5.728 0.0000000000
24716  -53.428  -65.465  4.244 0.0000000000
25567  -42.484  -64.003  13.784 0.0000000000
25594  -45.140  -65.394  12.909 0.0000000000
25605  -41.914  -64.445  12.132 0.0000000000
25607  -43.886  -65.231  12.182 0.0000000000
25688  -53.077  -64.853  5.420 0.0000000000
25697  -52.767  -63.962  5.029 0.0000000000
25712  -53.468  -64.544  3.640 0.0000000000
26453  -43.202  -62.856  18.293 0.0000000000
26495  -42.900  -63.705  15.897 0.0000000000
26507  -41.957  -63.604  14.785 0.0000000000
26520  -41.902  -63.667  14.049 0.0000000000
26633  -51.009  -63.099  5.914 0.0000000000
26673  -53.504  -63.978  2.711 0.0000000000
27489  -42.153  -62.360  17.562 0.0000000000
27501  -39.998  -61.704  16.020 0.0000000000
27503  -41.136  -62.538  16.631 0.0000000000
27517  -40.087  -62.177  15.389 0.0000000000
27528  -40.083  -62.369  14.371 0.0000000000
27541  -40.153  -62.367  13.487 0.0000000000
27556  -40.222  -62.334  12.920 0.0000000000
27584  -40.436  -62.229  11.581 0.0000000000
27625  -44.791  -62.226  8.012 0.0000000000
27639  -49.866  -62.085  7.158 0.0000000000
27640  -50.375  -62.522  6.805 0.0000000000
27649  -51.065  -62.506  5.533 0.0000000000
27663  -51.974  -62.155  4.396 0.0000000000
27664  -52.563  -62.512  4.191 0.0000000000
27675  -53.521  -63.251  2.991 0.0000000000
27702  -51.983  -62.527  1.239 0.0000000000
28569  -41.286  -61.479  17.555 0.0000000000
28586  -40.006  -61.293  16.201 0.0000000000
28602  -39.817  -61.214  15.791 0.0000000000
28603  -39.825  -61.541  15.341 0.0000000000
28712  -47.005  -60.639  7.646 0.0000000000
28722  -48.560  -61.179  7.508 0.0000000000
28752  -51.643  -61.837  4.094 0.0000000000
28770  -52.354  -61.955  3.562 0.0000000000
28801  -50.235  -61.554  1.635 0.0000000000
29829  -47.421  -60.114  7.821 0.0000000000
30835  -38.966  -59.103  13.561 0.0000000000
32115  -44.100  -58.988  8.478 0.0000000000
