#!ascii label  , from subject 3612 vox2ras=TkReg
770
113061  41.352  12.392  45.381 0.0000000000
113168  45.256  12.687  34.274 0.0000000000
115914  49.022  15.962  36.406 0.0000000000
113260  46.248  12.972  25.765 0.0000000000
107925  41.593  7.635  39.989 0.0000000000
115000  53.430  15.381  38.283 0.0000000000
115096  46.860  14.914  27.754 0.0000000000
117696  41.973  16.964  34.896 0.0000000000
114057  49.133  13.793  40.319 0.0000000000
112173  44.743  11.276  40.173 0.0000000000
109074  43.513  9.148  34.903 0.0000000000
120208  47.743  20.227  35.357 0.0000000000
115967  43.714  15.431  32.191 0.0000000000
114127  50.152  12.987  33.972 0.0000000000
117716  47.669  17.661  29.776 0.0000000000
119299  42.989  19.702  36.394 0.0000000000
114025  45.588  12.957  43.031 0.0000000000
113087  43.547  11.538  42.587 0.0000000000
109020  41.911  8.262  37.782 0.0000000000
117680  51.616  18.301  35.653 0.0000000000
120195  50.615  20.418  35.559 0.0000000000
118463  48.055  18.309  35.724 0.0000000000
116823  44.262  16.581  34.835 0.0000000000
115940  46.293  15.602  34.644 0.0000000000
113139  47.690  12.294  36.709 0.0000000000
113137  49.534  12.542  36.952 0.0000000000
113177  48.345  12.867  33.889 0.0000000000
116030  48.261  15.556  25.511 0.0000000000
116891  47.737  16.647  28.007 0.0000000000
116909  46.552  15.979  26.353 0.0000000000
116892  45.461  16.345  28.035 0.0000000000
114198  44.970  13.678  26.889 0.0000000000
111307  44.542  10.871  29.568 0.0000000000
111174  38.969  10.810  44.951 0.0000000000
111196  41.493  10.042  42.462 0.0000000000
115911  52.233  15.859  36.688 0.0000000000
113203  44.749  12.328  31.754 0.0000000000
115061  46.186  13.835  31.238 0.0000000000
113227  46.599  12.898  28.295 0.0000000000
114195  48.865  13.696  25.767 0.0000000000
114038  51.420  14.300  42.727 0.0000000000
114944  48.577  13.942  43.271 0.0000000000
113098  47.061  12.699  40.085 0.0000000000
113125  45.257  12.174  37.401 0.0000000000
110087  43.322  9.650  40.405 0.0000000000
111217  42.990  10.921  37.999 0.0000000000
113156  43.853  12.036  34.776 0.0000000000
110197  45.708  9.997  32.106 0.0000000000
111165  37.286  10.257  47.293 0.0000000000
119258  48.907  19.421  38.153 0.0000000000
119282  45.263  19.949  37.326 0.0000000000
118480  44.180  18.612  34.981 0.0000000000
116835  42.455  16.064  33.058 0.0000000000
116861  40.504  16.074  30.395 0.0000000000
114989  51.668  14.530  39.751 0.0000000000
114101  51.499  14.051  36.727 0.0000000000
115936  50.002  15.024  35.121 0.0000000000
115058  48.593  14.256  30.883 0.0000000000
115985  49.533  15.502  31.319 0.0000000000
115963  47.796  16.144  33.029 0.0000000000
116857  45.967  16.606  31.013 0.0000000000
116884  42.255  15.733  29.330 0.0000000000
119285  41.924  20.089  37.043 0.0000000000
119284  43.149  20.100  37.140 0.0000000000
113065  44.439  12.859  44.309 0.0000000000
113067  42.159  12.137  44.234 0.0000000000
117668  50.088  17.471  36.359 0.0000000000
118461  49.725  18.252  35.864 0.0000000000
116807  48.580  16.720  36.620 0.0000000000
116809  46.909  16.476  36.079 0.0000000000
115927  47.519  15.740  35.514 0.0000000000
113153  46.526  12.420  35.596 0.0000000000
113152  47.590  12.286  35.732 0.0000000000
113178  47.282  12.860  33.637 0.0000000000
114217  47.038  14.337  24.687 0.0000000000
116926  47.538  15.727  25.226 0.0000000000
115113  46.643  14.776  25.048 0.0000000000
115106  45.716  14.969  26.267 0.0000000000
113252  45.439  13.033  26.672 0.0000000000
112272  45.426  11.359  27.966 0.0000000000
112284  45.708  11.946  27.332 0.0000000000
110076  39.032  9.366  43.554 0.0000000000
116802  53.452  16.863  36.708 0.0000000000
115025  52.656  15.604  37.198 0.0000000000
111291  45.962  11.060  30.498 0.0000000000
112261  45.748  12.349  29.883 0.0000000000
112259  47.025  11.336  29.233 0.0000000000
113248  49.707  12.918  26.225 0.0000000000
114213  50.278  13.011  24.836 0.0000000000
113266  49.452  12.923  24.858 0.0000000000
113091  45.272  11.735  41.249 0.0000000000
113089  46.566  12.739  41.515 0.0000000000
113096  45.851  11.793  40.214 0.0000000000
112179  46.156  11.849  39.028 0.0000000000
112180  45.546  11.600  38.789 0.0000000000
110090  41.229  9.043  41.626 0.0000000000
110082  42.371  9.638  41.567 0.0000000000
108991  42.211  8.821  40.260 0.0000000000
109057  42.559  8.952  36.130 0.0000000000
110120  42.412  9.206  37.467 0.0000000000
111234  42.901  10.255  35.615 0.0000000000
112200  43.351  11.470  36.563 0.0000000000
111233  43.422  10.532  35.048 0.0000000000
111254  44.176  10.738  33.523 0.0000000000
110184  44.845  9.650  33.552 0.0000000000
109121  47.501  8.924  31.606 0.0000000000
120206  49.358  20.521  35.101 0.0000000000
119278  49.592  20.080  37.326 0.0000000000
120185  48.333  20.534  36.717 0.0000000000
120175  47.222  19.942  37.449 0.0000000000
120199  46.898  20.818  36.005 0.0000000000
120201  45.134  19.938  36.230 0.0000000000
119313  45.925  19.522  35.108 0.0000000000
115942  44.199  15.821  34.167 0.0000000000
116824  43.527  16.579  34.115 0.0000000000
115955  43.185  15.834  32.782 0.0000000000
116847  41.353  16.358  31.695 0.0000000000
115980  42.734  15.916  31.347 0.0000000000
114969  50.201  14.391  41.801 0.0000000000
114977  51.400  14.472  40.740 0.0000000000
114064  50.303  13.823  39.208 0.0000000000
113163  49.927  12.677  35.316 0.0000000000
114092  50.920  13.188  37.587 0.0000000000
114111  50.398  13.276  35.497 0.0000000000
115033  50.695  14.188  35.617 0.0000000000
115047  50.230  13.920  33.759 0.0000000000
115080  46.299  14.255  30.177 0.0000000000
115059  47.664  14.163  30.991 0.0000000000
115079  46.929  14.856  29.502 0.0000000000
117723  48.176  17.428  29.292 0.0000000000
115994  48.763  16.019  29.985 0.0000000000
116867  48.908  16.886  30.743 0.0000000000
116842  49.120  16.210  32.600 0.0000000000
116855  48.040  16.789  31.666 0.0000000000
115976  47.272  16.392  32.026 0.0000000000
116869  46.766  17.310  30.223 0.0000000000
116017  43.783  14.960  28.227 0.0000000000
116894  43.180  15.503  28.751 0.0000000000
116006  42.980  15.085  28.540 0.0000000000
115997  41.633  15.146  29.200 0.0000000000
114974  54.406  15.096  40.256 0.0000000000
118465  41.337  18.360  36.454 0.0000000000
118482  42.609  18.384  35.646 0.0000000000
114010  46.414  13.292  44.385 0.0000000000
114011  45.279  12.983  44.204 0.0000000000
113073  44.994  12.677  43.589 0.0000000000
113092  44.566  11.396  41.606 0.0000000000
109011  41.733  7.942  38.396 0.0000000000
119307  51.845  19.618  35.382 0.0000000000
119309  49.838  19.761  34.563 0.0000000000
119311  48.044  19.594  34.958 0.0000000000
118478  46.363  18.652  35.169 0.0000000000
117683  46.766  17.900  35.635 0.0000000000
115941  45.128  15.736  34.616 0.0000000000
115953  44.911  15.515  33.462 0.0000000000
114079  48.366  13.356  38.993 0.0000000000
113106  49.370  13.182  38.354 0.0000000000
113138  48.621  12.406  36.796 0.0000000000
113164  49.309  12.337  35.066 0.0000000000
113176  49.338  12.695  34.033 0.0000000000
116023  47.919  15.268  26.554 0.0000000000
116003  47.188  15.418  28.337 0.0000000000
116907  47.686  15.861  26.106 0.0000000000
117740  46.680  16.867  27.201 0.0000000000
117734  46.563  17.543  27.741 0.0000000000
117726  46.276  17.509  28.370 0.0000000000
117750  45.851  16.626  26.887 0.0000000000
116016  44.819  15.243  27.479 0.0000000000
114188  44.125  13.525  28.128 0.0000000000
111306  45.124  10.528  29.145 0.0000000000
112142  40.075  11.689  45.038 0.0000000000
112147  41.320  11.656  43.907 0.0000000000
111178  39.972  10.854  43.875 0.0000000000
110085  39.977  9.232  42.528 0.0000000000
107906  40.731  8.044  41.455 0.0000000000
117665  53.103  17.741  36.327 0.0000000000
116804  51.631  16.689  36.583 0.0000000000
115913  50.019  15.800  36.406 0.0000000000
114130  44.935  12.896  32.766 0.0000000000
114140  45.909  13.337  32.294 0.0000000000
114153  45.532  13.450  31.284 0.0000000000
114171  46.033  13.825  29.639 0.0000000000
114177  46.506  14.062  28.292 0.0000000000
112281  48.240  12.141  27.682 0.0000000000
113238  47.719  12.960  27.182 0.0000000000
114185  47.562  14.010  26.906 0.0000000000
115112  48.543  14.762  25.558 0.0000000000
114216  47.816  13.921  24.502 0.0000000000
113259  47.273  13.113  25.066 0.0000000000
111336  46.856  10.797  26.530 0.0000000000
114943  49.999  14.006  43.241 0.0000000000
114052  48.744  13.981  41.274 0.0000000000
114023  47.188  13.517  43.525 0.0000000000
114053  47.760  13.679  41.651 0.0000000000
114067  47.854  13.283  39.756 0.0000000000
113109  46.862  12.209  38.494 0.0000000000
112197  46.235  12.117  37.597 0.0000000000
113141  45.578  12.302  36.548 0.0000000000
112154  42.409  11.474  42.952 0.0000000000
111194  43.250  10.475  41.850 0.0000000000
111199  44.108  10.747  40.433 0.0000000000
110107  42.687  9.146  39.296 0.0000000000
110106  43.280  9.682  38.888 0.0000000000
111207  44.237  10.803  38.955 0.0000000000
112187  44.543  11.840  37.825 0.0000000000
113142  44.476  12.243  36.233 0.0000000000
113169  44.378  12.422  34.105 0.0000000000
113181  44.314  11.996  33.254 0.0000000000
112234  44.904  11.113  32.050 0.0000000000
110211  46.302  10.020  31.249 0.0000000000
109109  45.790  9.255  32.533 0.0000000000
109122  46.732  9.329  31.689 0.0000000000
112136  39.421  11.423  46.206 0.0000000000
111168  38.243  10.576  46.162 0.0000000000
108934  36.019  8.851  47.702 0.0000000000
119237  49.335  19.171  39.293 0.0000000000
119239  46.859  19.122  39.245 0.0000000000
119283  44.342  20.046  37.169 0.0000000000
119315  43.769  19.274  35.758 0.0000000000
118488  42.933  18.078  34.995 0.0000000000
117685  44.646  17.636  35.197 0.0000000000
117694  43.124  17.523  34.458 0.0000000000
116826  41.800  16.314  34.308 0.0000000000
114988  52.617  14.775  39.573 0.0000000000
114076  50.658  13.526  38.402 0.0000000000
114075  51.396  13.876  38.137 0.0000000000
115015  52.022  14.490  37.873 0.0000000000
115026  52.066  14.717  36.879 0.0000000000
115924  50.440  15.086  35.814 0.0000000000
115925  49.513  15.447  35.775 0.0000000000
113190  47.146  13.015  32.737 0.0000000000
114150  48.294  13.822  31.524 0.0000000000
114137  49.060  13.406  32.104 0.0000000000
115077  48.595  15.439  29.802 0.0000000000
115066  49.366  15.207  30.865 0.0000000000
115052  49.857  14.126  32.483 0.0000000000
115961  49.813  15.017  33.119 0.0000000000
115949  49.096  15.513  33.902 0.0000000000
115938  48.254  15.621  34.782 0.0000000000
115951  47.113  15.625  33.720 0.0000000000
115965  45.794  15.837  32.544 0.0000000000
115978  44.523  15.589  31.424 0.0000000000
116881  45.563  16.770  28.820 0.0000000000
116871  44.538  16.147  29.693 0.0000000000
116858  43.083  15.988  30.702 0.0000000000
116874  41.324  16.007  29.823 0.0000000000
110230  44.075  10.165  30.731 0.0000000000
119264  42.148  19.693  37.952 0.0000000000
119263  43.340  19.480  37.913 0.0000000000
113060  42.550  12.951  45.468 0.0000000000
116806  49.543  16.637  36.642 0.0000000000
117669  49.124  17.512  36.388 0.0000000000
115915  48.223  16.111  36.399 0.0000000000
115916  47.584  15.982  36.149 0.0000000000
113167  46.347  12.733  34.478 0.0000000000
114207  46.474  13.931  25.185 0.0000000000
114208  45.603  13.686  25.946 0.0000000000
113261  45.726  13.109  26.147 0.0000000000
112292  45.835  12.477  26.693 0.0000000000
113251  45.876  12.739  26.323 0.0000000000
115881  54.324  15.282  39.150 0.0000000000
115891  54.220  15.490  38.661 0.0000000000
115901  54.088  15.969  37.786 0.0000000000
111290  46.543  10.851  30.189 0.0000000000
112252  46.115  11.383  30.178 0.0000000000
111305  46.902  11.051  29.624 0.0000000000
113257  50.308  12.619  25.094 0.0000000000
112309  50.186  11.998  24.959 0.0000000000
112310  49.636  12.128  24.760 0.0000000000
112172  45.314  11.547  40.396 0.0000000000
112176  45.682  11.628  39.627 0.0000000000
112177  44.840  11.248  39.293 0.0000000000
108982  41.212  8.458  41.258 0.0000000000
110089  41.851  9.179  41.153 0.0000000000
109001  41.879  8.165  40.067 0.0000000000
109056  43.141  8.747  35.419 0.0000000000
110154  42.644  9.608  35.838 0.0000000000
110153  43.169  9.659  35.201 0.0000000000
110170  43.743  9.673  34.651 0.0000000000
111243  43.936  10.494  34.178 0.0000000000
110169  44.346  9.640  34.138 0.0000000000
120207  48.557  20.454  35.447 0.0000000000
120197  48.955  20.665  36.008 0.0000000000
120198  47.977  20.710  36.040 0.0000000000
120209  46.526  20.137  35.514 0.0000000000
115954  43.809  15.650  33.272 0.0000000000
115968  42.895  15.718  32.089 0.0000000000
114979  49.613  14.269  41.021 0.0000000000
114978  50.487  14.458  40.842 0.0000000000
114065  49.500  13.657  39.407 0.0000000000
115046  50.328  13.370  34.240 0.0000000000
115040  50.412  13.680  34.729 0.0000000000
115087  46.669  14.788  28.557 0.0000000000
117724  47.582  17.810  28.892 0.0000000000
117715  48.337  17.374  30.050 0.0000000000
116868  47.831  17.341  30.708 0.0000000000
115088  43.707  13.987  28.330 0.0000000000
116018  43.357  15.018  28.392 0.0000000000
115089  43.147  14.441  28.623 0.0000000000
115081  42.437  14.446  29.250 0.0000000000
119300  41.997  19.146  36.310 0.0000000000
118464  42.067  18.230  36.193 0.0000000000
119317  42.472  18.948  35.905 0.0000000000
113995  45.554  13.355  45.334 0.0000000000
113996  44.404  13.194  45.147 0.0000000000
113074  44.275  12.343  43.360 0.0000000000
113086  44.270  11.667  42.327 0.0000000000
118472  52.376  19.083  35.327 0.0000000000
119306  52.503  19.424  35.624 0.0000000000
118473  51.527  18.962  35.152 0.0000000000
118462  48.805  18.267  35.815 0.0000000000
118475  49.378  18.959  35.229 0.0000000000
119310  48.923  19.586  34.914 0.0000000000
118476  48.457  18.903  35.275 0.0000000000
118477  47.459  18.699  35.313 0.0000000000
117682  47.500  17.964  35.810 0.0000000000
115928  46.631  15.847  35.577 0.0000000000
116815  45.981  16.544  35.916 0.0000000000
115929  45.729  15.912  35.402 0.0000000000
115952  46.017  15.550  33.611 0.0000000000
113123  47.715  12.549  37.649 0.0000000000
113122  48.686  12.734  37.699 0.0000000000
113165  48.469  12.354  34.843 0.0000000000
113151  48.552  12.160  35.848 0.0000000000
113188  49.038  12.932  33.138 0.0000000000
116900  47.506  15.878  26.468 0.0000000000
116918  46.938  15.693  25.937 0.0000000000
116908  46.731  16.035  26.414 0.0000000000
117748  46.392  16.587  26.783 0.0000000000
117741  46.244  17.068  27.167 0.0000000000
117749  46.102  16.740  26.743 0.0000000000
116026  45.343  15.142  26.836 0.0000000000
115097  44.719  14.354  27.276 0.0000000000
114187  44.519  13.792  27.577 0.0000000000
113241  44.711  12.971  27.677 0.0000000000
111319  45.418  10.789  28.503 0.0000000000
112149  39.630  11.204  44.584 0.0000000000
112148  40.449  11.546  44.322 0.0000000000
111179  39.175  10.481  44.138 0.0000000000
110075  39.584  9.594  43.117 0.0000000000
108971  40.047  8.626  42.154 0.0000000000
108983  40.655  8.546  41.714 0.0000000000
107907  40.042  7.656  41.774 0.0000000000
115910  52.866  16.286  37.021 0.0000000000
116803  52.592  16.873  36.613 0.0000000000
116805  50.575  16.576  36.613 0.0000000000
114142  44.706  12.689  31.981 0.0000000000
114141  44.878  13.104  32.238 0.0000000000
113202  45.133  12.515  31.142 0.0000000000
113219  46.290  12.551  28.973 0.0000000000
113212  45.551  12.957  30.284 0.0000000000
113228  46.081  12.925  28.807 0.0000000000
114178  46.117  13.505  28.858 0.0000000000
112269  48.548  11.474  28.191 0.0000000000
113249  48.914  13.116  26.482 0.0000000000
114196  48.204  13.744  26.424 0.0000000000
115104  48.376  14.589  26.058 0.0000000000
114205  48.876  13.807  25.242 0.0000000000
113267  48.598  13.002  24.825 0.0000000000
114215  48.891  13.773  24.977 0.0000000000
113258  48.038  12.628  24.880 0.0000000000
113268  47.916  13.150  24.649 0.0000000000
112300  47.717  12.037  25.354 0.0000000000
111347  47.188  11.386  25.868 0.0000000000
114021  49.092  13.903  43.685 0.0000000000
114020  50.036  13.827  43.715 0.0000000000
114040  49.429  14.101  43.189 0.0000000000
114970  49.292  14.363  41.996 0.0000000000
114971  48.481  14.090  42.240 0.0000000000
114024  46.264  13.278  43.315 0.0000000000
113094  46.759  12.664  41.054 0.0000000000
114054  46.938  12.988  41.665 0.0000000000
114059  47.403  13.198  40.765 0.0000000000
113108  47.696  12.779  38.803 0.0000000000
112185  46.197  12.030  38.277 0.0000000000
112198  45.863  12.136  37.278 0.0000000000
111185  41.158  10.587  42.968 0.0000000000
112155  41.546  11.311  43.169 0.0000000000
112166  41.947  10.786  42.618 0.0000000000
110088  42.767  9.517  40.952 0.0000000000
111201  42.982  9.880  41.593 0.0000000000
111200  43.740  10.120  41.075 0.0000000000
111204  43.744  10.193  40.093 0.0000000000
109010  42.085  8.407  38.886 0.0000000000
111218  42.682  10.254  37.632 0.0000000000
110113  43.122  9.852  38.492 0.0000000000
111212  43.517  10.498  38.422 0.0000000000
111208  43.816  10.185  39.271 0.0000000000
112182  44.113  11.198  38.252 0.0000000000
112188  43.554  11.422  37.792 0.0000000000
112207  43.529  11.400  35.393 0.0000000000
113143  43.860  12.032  35.629 0.0000000000
113155  44.494  12.461  35.081 0.0000000000
113182  44.076  11.742  33.652 0.0000000000
111253  44.685  10.510  33.002 0.0000000000
111266  44.908  10.812  32.364 0.0000000000
111252  45.233  10.396  32.496 0.0000000000
110212  45.724  10.380  31.592 0.0000000000
109091  45.461  8.585  33.484 0.0000000000
109134  47.625  9.376  30.878 0.0000000000
112131  39.508  11.461  46.999 0.0000000000
111164  38.031  10.809  46.890 0.0000000000
111169  37.693  10.135  46.510 0.0000000000
111176  37.922  9.977  45.859 0.0000000000
110053  37.168  9.692  46.688 0.0000000000
119279  48.613  20.096  37.359 0.0000000000
119238  48.073  19.143  39.321 0.0000000000
119259  47.719  19.665  38.121 0.0000000000
120176  46.658  20.001  37.245 0.0000000000
120188  45.256  20.261  36.701 0.0000000000
119314  44.971  19.464  35.737 0.0000000000
119297  44.844  19.732  36.173 0.0000000000
118481  43.295  18.651  35.289 0.0000000000
118487  43.459  18.149  34.793 0.0000000000
117684  45.722  17.647  35.650 0.0000000000
118479  45.294  18.630  35.153 0.0000000000
116834  43.120  16.225  33.396 0.0000000000
117693  43.828  17.553  34.690 0.0000000000
116825  42.725  16.731  34.011 0.0000000000
116827  41.086  15.849  33.352 0.0000000000
116836  41.564  15.972  32.786 0.0000000000
114037  52.055  14.135  42.573 0.0000000000
114976  52.357  14.580  40.655 0.0000000000
115002  51.919  14.422  38.795 0.0000000000
113121  49.702  12.825  37.862 0.0000000000
114077  49.861  13.309  38.568 0.0000000000
113120  50.371  12.873  37.645 0.0000000000
114102  51.025  13.410  36.479 0.0000000000
114091  51.566  13.866  37.246 0.0000000000
115034  50.397  14.688  35.319 0.0000000000
115923  50.875  14.727  36.130 0.0000000000
113191  46.513  13.190  32.616 0.0000000000
114152  46.414  13.655  31.636 0.0000000000
114149  48.924  13.912  31.367 0.0000000000
116002  47.978  16.006  28.558 0.0000000000
115996  47.780  15.416  29.069 0.0000000000
115995  48.342  15.698  29.386 0.0000000000
115986  49.247  15.839  30.702 0.0000000000
115057  49.356  14.525  31.355 0.0000000000
115974  49.854  15.159  32.047 0.0000000000
116841  49.602  15.652  32.528 0.0000000000
116843  48.380  16.468  32.432 0.0000000000
116832  48.873  15.983  33.297 0.0000000000
115950  48.134  15.904  33.801 0.0000000000
115939  47.307  15.678  34.691 0.0000000000
116844  46.600  16.281  32.109 0.0000000000
116845  46.075  16.438  31.818 0.0000000000
115977  45.393  15.948  31.669 0.0000000000
115987  45.204  16.106  30.895 0.0000000000
116883  43.285  15.860  29.149 0.0000000000
116882  44.486  16.020  28.963 0.0000000000
116872  43.322  15.971  29.900 0.0000000000
115989  43.762  15.828  30.321 0.0000000000
116873  42.227  16.056  29.925 0.0000000000
115082  41.600  14.793  29.448 0.0000000000
115998  41.027  15.207  29.428 0.0000000000
111292  44.152  10.635  30.242 0.0000000000
120177  41.546  19.719  37.689 0.0000000000
113058  44.198  13.015  44.793 0.0000000000
113059  43.721  12.998  44.916 0.0000000000
113066  43.364  12.652  44.189 0.0000000000
113075  43.188  11.932  43.189 0.0000000000
117667  51.087  17.606  36.086 0.0000000000
117681  51.050  18.368  35.484 0.0000000000
118460  50.484  18.131  35.806 0.0000000000
117670  48.099  17.583  36.266 0.0000000000
117671  47.194  17.313  36.122 0.0000000000
116808  47.700  16.674  36.435 0.0000000000
115917  47.109  15.950  35.907 0.0000000000
113166  47.463  12.627  34.707 0.0000000000
115120  48.174  14.936  24.679 0.0000000000
116916  47.784  15.765  25.568 0.0000000000
116039  47.571  15.596  24.991 0.0000000000
116032  46.819  15.485  25.563 0.0000000000
116024  46.514  15.685  26.148 0.0000000000
116025  45.827  15.504  26.449 0.0000000000
115114  45.972  14.756  25.842 0.0000000000
114209  45.248  13.964  26.316 0.0000000000
113253  45.103  13.157  27.152 0.0000000000
112285  45.110  12.425  27.673 0.0000000000
113240  45.221  12.755  27.319 0.0000000000
111329  45.880  10.740  27.786 0.0000000000
111180  38.662  10.221  44.618 0.0000000000
110067  38.633  9.630  44.078 0.0000000000
116801  54.177  16.740  37.153 0.0000000000
112253  45.586  11.794  30.472 0.0000000000
112260  46.417  11.833  29.547 0.0000000000
112271  46.643  12.247  28.821 0.0000000000
112290  49.738  12.320  26.774 0.0000000000
113247  50.270  12.803  25.598 0.0000000000
114193  50.164  13.334  25.269 0.0000000000
114204  49.748  13.455  25.109 0.0000000000
114214  49.897  13.245  24.867 0.0000000000
112311  49.156  12.501  24.831 0.0000000000
114022  48.129  13.712  43.651 0.0000000000
113084  45.823  12.722  42.198 0.0000000000
114043  46.227  12.984  42.297 0.0000000000
113090  46.056  12.588  41.614 0.0000000000
113095  46.215  12.286  40.609 0.0000000000
113099  46.416  12.068  39.562 0.0000000000
112175  46.096  11.826  39.403 0.0000000000
112186  45.482  11.943  38.005 0.0000000000
110083  41.703  9.562  41.874 0.0000000000
110099  42.227  9.077  40.584 0.0000000000
110098  42.666  9.220  40.139 0.0000000000
109039  42.374  8.632  36.808 0.0000000000
110138  42.451  9.533  36.713 0.0000000000
112201  42.865  10.836  37.037 0.0000000000
112189  42.986  11.048  37.446 0.0000000000
111226  43.075  10.879  35.782 0.0000000000
112214  43.734  11.299  34.516 0.0000000000
112224  43.979  11.345  33.728 0.0000000000
111242  44.415  10.223  33.704 0.0000000000
110183  45.336  9.758  32.903 0.0000000000
109090  46.750  8.009  33.170 0.0000000000
109120  48.458  8.534  31.660 0.0000000000
120196  49.896  20.792  35.834 0.0000000000
120183  50.004  20.541  36.632 0.0000000000
120184  49.251  20.592  36.684 0.0000000000
120186  47.309  20.374  36.767 0.0000000000
120187  46.179  20.355  36.804 0.0000000000
120200  45.914  20.391  36.110 0.0000000000
120210  45.613  19.977  35.688 0.0000000000
116846  42.149  16.013  31.965 0.0000000000
116860  41.278  16.319  30.648 0.0000000000
114954  50.814  14.368  42.563 0.0000000000
114953  51.511  14.339  42.239 0.0000000000
114968  51.089  14.447  41.645 0.0000000000
114990  50.763  14.390  39.888 0.0000000000
113149  50.181  12.714  36.215 0.0000000000
113136  50.388  12.734  37.128 0.0000000000
115027  51.267  14.371  36.369 0.0000000000
115041  50.307  14.403  34.772 0.0000000000
115060  46.774  13.990  31.135 0.0000000000
115069  46.936  14.385  30.497 0.0000000000
115068  47.902  14.615  30.264 0.0000000000
116890  48.255  16.812  28.875 0.0000000000
116001  48.427  16.300  29.314 0.0000000000
116879  48.645  16.885  29.674 0.0000000000
116866  49.312  16.208  31.281 0.0000000000
116853  49.556  15.984  31.908 0.0000000000
116854  48.954  16.523  31.779 0.0000000000
115975  47.713  16.356  32.376 0.0000000000
116856  46.944  16.797  31.385 0.0000000000
116004  44.443  15.373  27.992 0.0000000000
116893  44.514  15.647  28.224 0.0000000000
116005  43.973  15.271  28.259 0.0000000000
116895  42.272  15.425  29.014 0.0000000000
116896  41.893  15.413  29.128 0.0000000000
115090  42.254  14.877  28.972 0.0000000000
115071  42.016  14.441  29.794 0.0000000000
114987  53.738  15.011  39.260 0.0000000000
119286  41.294  19.386  37.192 0.0000000000
117673  42.103  17.876  36.186 0.0000000000
117686  42.238  17.732  35.865 0.0000000000
114012  44.714  13.025  44.549 0.0000000000
113085  45.270  12.429  42.480 0.0000000000
112168  44.959  11.395  40.726 0.0000000000
107931  41.883  8.035  39.513 0.0000000000
107932  41.668  7.553  39.013 0.0000000000
107941  41.689  7.488  38.182 0.0000000000
107940  41.933  7.295  37.528 0.0000000000
107960  42.520  7.516  36.710 0.0000000000
107982  42.685  8.306  36.117 0.0000000000
109073  44.258  8.596  34.611 0.0000000000
119294  52.114  19.652  36.148 0.0000000000
119308  50.843  19.768  35.185 0.0000000000
118474  50.426  18.891  35.214 0.0000000000
120205  50.245  20.493  34.979 0.0000000000
119322  49.110  20.101  34.729 0.0000000000
119323  48.570  20.025  34.853 0.0000000000
119324  48.142  20.050  35.013 0.0000000000
119312  47.015  19.526  35.058 0.0000000000
117672  46.455  17.184  36.006 0.0000000000
116816  45.115  16.615  35.433 0.0000000000
115966  44.693  15.481  32.419 0.0000000000
114078  49.082  13.450  38.810 0.0000000000
113107  48.794  13.143  38.333 0.0000000000
113150  49.414  12.304  36.025 0.0000000000
113175  49.830  12.704  34.570 0.0000000000
114128  49.882  13.085  33.066 0.0000000000
116014  47.135  15.394  27.742 0.0000000000
116013  47.326  15.652  27.175 0.0000000000
116901  47.119  16.246  27.099 0.0000000000
117733  47.331  17.428  27.888 0.0000000000
117725  46.858  18.060  28.508 0.0000000000
117717  47.050  17.992  29.386 0.0000000000
117735  46.012  17.104  27.808 0.0000000000
116902  45.476  16.031  27.286 0.0000000000
116015  45.377  15.639  27.056 0.0000000000
116903  45.034  15.640  27.708 0.0000000000
115098  44.087  14.406  28.057 0.0000000000
113230  43.897  12.781  28.500 0.0000000000
112262  44.510  11.470  28.994 0.0000000000
112273  44.806  11.892  28.294 0.0000000000
111320  44.926  11.187  28.942 0.0000000000
110242  44.958  9.804  29.512 0.0000000000
113062  40.577  12.025  45.317 0.0000000000
113068  41.035  12.024  44.642 0.0000000000
112156  40.798  11.052  43.583 0.0000000000
111186  40.317  10.308  43.218 0.0000000000
111187  39.617  10.265  43.569 0.0000000000
110074  40.291  9.716  42.741 0.0000000000
111197  40.828  9.982  42.753 0.0000000000
110084  40.761  9.381  42.190 0.0000000000
107915  40.901  7.597  40.954 0.0000000000
118457  53.410  18.692  36.298 0.0000000000
118458  52.719  18.542  35.829 0.0000000000
117666  52.140  17.826  36.163 0.0000000000
113180  44.936  12.765  33.326 0.0000000000
113179  46.085  13.013  33.271 0.0000000000
114129  45.310  13.062  32.775 0.0000000000
114162  45.832  13.751  30.429 0.0000000000
114170  46.352  14.273  28.964 0.0000000000
111318  48.111  10.997  28.691 0.0000000000
112270  47.337  11.780  28.472 0.0000000000
112282  47.622  12.326  27.773 0.0000000000
113237  48.729  12.659  27.105 0.0000000000
113239  47.100  13.026  27.680 0.0000000000
114186  47.014  13.792  27.547 0.0000000000
115095  47.225  14.686  27.098 0.0000000000
115105  47.756  14.853  26.531 0.0000000000
115119  48.594  14.868  25.093 0.0000000000
112301  46.886  12.278  25.618 0.0000000000
112291  46.393  12.052  26.419 0.0000000000
114942  50.374  14.132  43.169 0.0000000000
114955  49.862  14.208  42.777 0.0000000000
114009  47.417  13.584  44.494 0.0000000000
114041  47.904  13.722  42.799 0.0000000000
114042  47.030  13.401  42.521 0.0000000000
114058  48.186  13.751  40.503 0.0000000000
114066  48.673  13.574  39.600 0.0000000000
113124  46.901  12.216  37.587 0.0000000000
113140  46.648  12.188  36.727 0.0000000000
113154  45.429  12.565  35.385 0.0000000000
112146  41.972  11.702  43.539 0.0000000000
113076  42.425  11.849  43.458 0.0000000000
112153  43.110  11.404  42.661 0.0000000000
111195  42.424  10.107  42.153 0.0000000000
112165  42.800  10.893  42.418 0.0000000000
112164  43.557  11.171  42.138 0.0000000000
112170  43.841  10.803  41.574 0.0000000000
112169  44.478  11.031  41.089 0.0000000000
109000  42.158  8.528  39.817 0.0000000000
110114  42.609  9.366  38.359 0.0000000000
110097  43.321  9.613  39.684 0.0000000000
111203  44.094  10.884  39.689 0.0000000000
112181  44.717  11.352  38.538 0.0000000000
112199  44.080  11.960  37.155 0.0000000000
113126  44.768  12.238  37.086 0.0000000000
113192  44.717  12.622  32.777 0.0000000000
112246  44.676  11.908  32.007 0.0000000000
112223  44.215  11.190  33.126 0.0000000000
112235  44.611  11.420  32.445 0.0000000000
112245  45.012  11.574  31.585 0.0000000000
111278  45.660  10.843  31.116 0.0000000000
111277  46.169  10.590  30.714 0.0000000000
110228  46.531  10.349  30.632 0.0000000000
109092  44.735  9.122  33.957 0.0000000000
109108  46.571  8.759  32.401 0.0000000000
110196  46.171  9.416  31.952 0.0000000000
110227  47.172  10.065  30.433 0.0000000000
112135  40.039  11.694  45.801 0.0000000000
112143  39.469  11.342  45.401 0.0000000000
112137  38.753  11.148  46.560 0.0000000000
112144  38.825  10.987  45.773 0.0000000000
111175  38.375  10.265  45.320 0.0000000000
110054  36.521  9.389  47.210 0.0000000000
108942  36.213  8.583  46.567 0.0000000000
119240  45.726  19.093  39.120 0.0000000000
120189  44.797  20.050  36.683 0.0000000000
119298  44.311  19.837  36.425 0.0000000000
119316  42.847  19.091  35.854 0.0000000000
118489  42.697  17.990  35.182 0.0000000000
117695  42.459  17.428  34.975 0.0000000000
114051  52.224  14.209  42.138 0.0000000000
114975  53.380  14.821  40.470 0.0000000000
115001  52.729  14.865  38.568 0.0000000000
115003  51.060  14.198  38.962 0.0000000000
115014  52.682  15.114  37.715 0.0000000000
115912  51.122  15.423  36.555 0.0000000000
113189  48.173  12.976  32.891 0.0000000000
114151  47.333  13.751  31.627 0.0000000000
114138  47.858  13.409  32.194 0.0000000000
115078  48.171  15.097  29.632 0.0000000000
115067  48.894  15.046  30.314 0.0000000000
115948  49.821  14.875  34.245 0.0000000000
115962  49.389  15.747  33.094 0.0000000000
115937  49.156  15.264  34.942 0.0000000000
115926  48.430  15.637  35.770 0.0000000000
115964  46.960  15.786  32.665 0.0000000000
116880  46.316  17.525  29.211 0.0000000000
116870  45.536  16.686  30.030 0.0000000000
115988  44.526  15.926  30.524 0.0000000000
115979  43.553  15.691  31.187 0.0000000000
116859  42.246  16.125  30.863 0.0000000000
116885  41.519  15.492  29.346 0.0000000000
116875  40.664  15.535  29.835 0.0000000000
112283  46.345  11.424  26.888 0.0000000000
111328  46.392  10.769  27.199 0.0000000000
107924  41.890  8.080  39.833 0.0000000000
108992  41.756  8.438  40.505 0.0000000000
109021  41.689  7.909  38.109 0.0000000000
110056  37.462  9.543  46.058 0.0000000000
110066  39.216  9.867  43.708 0.0000000000
111211  44.160  10.950  38.563 0.0000000000
111213  42.967  9.993  38.265 0.0000000000
111227  42.702  10.460  36.441 0.0000000000
111265  45.310  10.736  31.912 0.0000000000
111355  49.983  11.441  24.803 0.0000000000
112163  44.144  11.227  41.733 0.0000000000
113064  44.918  12.820  44.041 0.0000000000
113069  40.514  11.877  44.825 0.0000000000
113100  46.011  11.781  39.801 0.0000000000
113170  43.973  11.853  33.991 0.0000000000
113193  44.638  12.307  32.343 0.0000000000
113220  45.822  12.841  29.355 0.0000000000
113226  47.252  12.568  27.862 0.0000000000
113236  49.370  12.601  26.829 0.0000000000
113250  48.392  13.080  26.739 0.0000000000
113265  50.066  12.698  24.759 0.0000000000
114039  49.700  14.002  43.331 0.0000000000
114044  45.718  12.819  42.474 0.0000000000
114050  52.499  14.168  42.134 0.0000000000
114055  46.463  12.800  41.768 0.0000000000
114093  50.343  13.036  38.027 0.0000000000
114120  50.235  13.066  34.681 0.0000000000
114139  46.876  13.399  32.193 0.0000000000
114154  44.877  12.882  31.639 0.0000000000
114194  49.733  13.398  25.472 0.0000000000
114197  45.299  13.605  26.440 0.0000000000
114203  50.310  13.209  25.046 0.0000000000
114206  47.112  13.832  24.729 0.0000000000
114945  48.262  13.825  43.157 0.0000000000
114956  49.002  14.241  42.908 0.0000000000
114957  48.434  13.980  42.888 0.0000000000
114967  52.034  14.287  41.710 0.0000000000
114991  49.962  14.058  40.096 0.0000000000
115013  53.132  15.825  37.704 0.0000000000
115024  52.924  16.109  37.404 0.0000000000
115070  46.198  14.024  30.812 0.0000000000
115083  40.900  14.801  29.696 0.0000000000
115099  43.453  14.793  28.372 0.0000000000
115107  45.321  14.653  26.568 0.0000000000
115115  45.475  14.260  26.110 0.0000000000
115121  47.302  15.037  24.702 0.0000000000
115909  53.490  16.244  37.225 0.0000000000
116007  42.061  15.252  29.046 0.0000000000
116012  47.923  15.605  26.549 0.0000000000
116022  48.009  15.500  26.229 0.0000000000
116031  47.336  15.678  25.297 0.0000000000
116033  46.232  15.271  25.945 0.0000000000
116038  48.157  15.619  25.050 0.0000000000
116040  47.244  15.451  24.976 0.0000000000
116833  48.482  16.239  33.050 0.0000000000
116886  40.997  15.461  29.478 0.0000000000
116910  45.931  16.354  26.642 0.0000000000
116917  47.284  15.703  25.644 0.0000000000
116925  47.777  15.754  25.219 0.0000000000
117732  47.926  17.322  28.561 0.0000000000
117742  45.857  16.788  27.216 0.0000000000
118459  52.123  18.598  35.568 0.0000000000
118471  52.927  19.089  35.671 0.0000000000
119280  47.846  20.116  37.243 0.0000000000
119296  50.512  20.488  36.190 0.0000000000
120202  44.773  19.928  36.481 0.0000000000
120211  45.263  19.835  35.854 0.0000000000
120214  48.817  20.275  35.040 0.0000000000
120215  48.338  20.214  35.146 0.0000000000
120216  48.054  20.184  35.176 0.0000000000
