#!ascii label  , from subject 4059 vox2ras=TkReg
1517
64826  -36.808  -19.759  69.178 0.0000000000
80631  -48.461  -5.494  61.313 0.0000000000
70687  -44.381  -14.537  63.316 0.0000000000
53294  -11.163  -30.274  89.323 0.0000000000
68281  -30.581  -17.254  73.268 0.0000000000
53323  -27.704  -29.448  88.055 0.0000000000
55558  -36.111  -28.525  85.088 0.0000000000
61302  -35.885  -22.227  80.240 0.0000000000
65807  -33.828  -17.685  79.432 0.0000000000
56730  -18.371  -26.614  82.437 0.0000000000
54440  -23.249  -28.935  88.280 0.0000000000
54534  -22.392  -28.410  82.759 0.0000000000
54570  -31.880  -28.392  81.003 0.0000000000
55674  -35.916  -27.291  79.595 0.0000000000
68240  -38.218  -16.505  75.228 0.0000000000
69467  -42.533  -15.589  73.619 0.0000000000
75504  -46.052  -10.445  61.443 0.0000000000
67180  -42.160  -18.352  66.636 0.0000000000
76609  -45.622  -8.916  56.983 0.0000000000
48831  -9.169  -33.950  90.476 0.0000000000
69390  -34.603  -16.289  77.687 0.0000000000
65903  -33.029  -17.996  70.843 0.0000000000
53418  -27.214  -29.604  82.389 0.0000000000
54491  -32.184  -29.063  86.149 0.0000000000
71748  -45.592  -13.910  70.267 0.0000000000
78628  -52.125  -7.074  52.652 0.0000000000
61337  -35.900  -22.491  77.746 0.0000000000
63556  -34.640  -20.220  76.218 0.0000000000
55603  -20.443  -27.192  82.094 0.0000000000
56843  -33.833  -26.555  77.241 0.0000000000
57955  -35.133  -25.313  77.545 0.0000000000
59064  -36.570  -23.876  79.871 0.0000000000
67080  -37.425  -18.026  71.746 0.0000000000
68266  -40.732  -16.558  74.190 0.0000000000
68349  -40.174  -17.178  71.002 0.0000000000
77548  -47.994  -8.503  61.417 0.0000000000
76543  -49.892  -10.127  63.307 0.0000000000
82756  -50.028  -3.675  60.129 0.0000000000
49964  -10.480  -32.865  85.400 0.0000000000
49900  -10.017  -31.954  89.909 0.0000000000
68211  -32.080  -17.793  76.340 0.0000000000
69375  -33.249  -16.582  78.507 0.0000000000
69428  -32.515  -16.877  75.448 0.0000000000
68259  -34.092  -16.405  74.200 0.0000000000
68306  -31.102  -16.544  72.267 0.0000000000
53337  -24.672  -29.309  87.561 0.0000000000
53282  -25.048  -29.642  90.326 0.0000000000
54408  -27.858  -29.451  90.262 0.0000000000
54411  -29.810  -29.721  89.557 0.0000000000
53474  -25.130  -29.422  79.123 0.0000000000
53490  -27.543  -29.626  78.393 0.0000000000
54558  -33.850  -27.940  82.760 0.0000000000
54522  -31.787  -28.812  84.144 0.0000000000
55533  -34.041  -29.167  85.953 0.0000000000
54431  -33.544  -29.838  87.536 0.0000000000
54516  -14.399  -28.061  84.361 0.0000000000
56618  -15.871  -26.468  87.476 0.0000000000
56545  -16.329  -26.530  91.649 0.0000000000
68449  -43.402  -16.258  64.922 0.0000000000
68383  -44.276  -16.021  68.536 0.0000000000
71789  -44.941  -14.313  66.968 0.0000000000
79689  -54.463  -6.454  51.918 0.0000000000
53227  -9.970  -29.702  92.901 0.0000000000
62392  -35.893  -21.509  82.702 0.0000000000
64621  -34.948  -19.293  82.349 0.0000000000
64662  -35.491  -19.831  79.886 0.0000000000
65852  -32.392  -19.162  76.712 0.0000000000
56662  -18.273  -26.709  85.170 0.0000000000
55496  -20.739  -28.330  88.195 0.0000000000
55552  -20.435  -27.705  85.256 0.0000000000
54501  -22.873  -28.597  85.366 0.0000000000
54519  -24.920  -29.548  84.898 0.0000000000
53493  -30.109  -29.249  78.492 0.0000000000
54623  -31.862  -28.096  77.455 0.0000000000
55648  -34.437  -28.058  80.550 0.0000000000
55608  -36.560  -27.799  82.584 0.0000000000
56766  -38.436  -26.454  81.849 0.0000000000
59022  -37.004  -24.070  82.666 0.0000000000
55616  -16.276  -27.662  82.037 0.0000000000
70490  -37.691  -14.877  78.443 0.0000000000
71616  -40.493  -13.541  80.555 0.0000000000
70527  -40.019  -15.229  77.261 0.0000000000
70529  -42.740  -14.823  76.520 0.0000000000
73028  -45.573  -13.230  62.652 0.0000000000
72982  -46.181  -12.483  66.245 0.0000000000
74228  -47.868  -11.769  64.576 0.0000000000
42596  -7.226  -39.667  94.104 0.0000000000
65947  -38.995  -19.152  67.767 0.0000000000
68459  -40.216  -17.563  62.960 0.0000000000
73045  -41.422  -12.404  61.533 0.0000000000
75501  -42.916  -10.794  61.234 0.0000000000
77567  -43.451  -8.788  60.599 0.0000000000
80665  -45.152  -7.066  60.121 0.0000000000
79603  -46.416  -6.605  58.666 0.0000000000
77608  -43.865  -8.464  57.407 0.0000000000
51020  -8.719  -31.666  93.520 0.0000000000
47680  -7.482  -34.168  94.950 0.0000000000
44588  -7.372  -37.219  94.450 0.0000000000
71573  -36.593  -14.426  83.666 0.0000000000
66936  -33.648  -17.433  82.083 0.0000000000
70438  -34.090  -15.867  81.006 0.0000000000
70472  -35.949  -15.923  79.577 0.0000000000
69408  -35.869  -16.607  76.605 0.0000000000
67043  -35.703  -17.229  73.081 0.0000000000
65921  -35.504  -19.049  70.276 0.0000000000
54397  -23.203  -28.947  91.050 0.0000000000
53416  -24.774  -29.642  82.531 0.0000000000
53378  -27.370  -29.575  85.449 0.0000000000
53438  -29.515  -29.400  81.179 0.0000000000
53393  -29.592  -29.232  84.158 0.0000000000
54464  -29.726  -29.498  87.277 0.0000000000
54429  -32.192  -29.769  88.236 0.0000000000
51125  -11.702  -31.281  85.168 0.0000000000
52312  -12.739  -29.843  84.388 0.0000000000
54457  -12.592  -28.975  87.501 0.0000000000
68366  -42.040  -17.692  70.142 0.0000000000
69479  -44.092  -15.750  72.380 0.0000000000
72878  -45.597  -12.766  73.871 0.0000000000
72941  -46.327  -12.342  69.334 0.0000000000
79605  -48.424  -6.481  58.847 0.0000000000
78569  -51.007  -6.900  57.216 0.0000000000
80711  -52.158  -5.088  55.684 0.0000000000
78616  -50.541  -7.223  53.780 0.0000000000
82800  -53.471  -3.810  54.410 0.0000000000
61352  -35.581  -22.666  76.325 0.0000000000
62458  -35.203  -21.575  75.730 0.0000000000
62483  -34.368  -21.994  74.021 0.0000000000
57986  -34.448  -25.305  75.614 0.0000000000
60213  -35.320  -23.625  76.008 0.0000000000
60189  -35.813  -23.577  77.423 0.0000000000
65923  -37.782  -18.479  70.571 0.0000000000
67082  -39.082  -17.714  71.721 0.0000000000
65924  -38.471  -18.298  70.270 0.0000000000
79553  -47.791  -6.340  61.473 0.0000000000
77550  -50.148  -8.760  61.721 0.0000000000
78503  -50.558  -7.485  61.462 0.0000000000
79556  -50.979  -6.446  61.268 0.0000000000
81710  -49.461  -4.547  60.964 0.0000000000
51101  -10.860  -31.358  87.654 0.0000000000
49937  -10.182  -32.612  87.441 0.0000000000
52246  -10.525  -31.183  89.375 0.0000000000
68234  -30.857  -17.726  74.177 0.0000000000
68236  -32.076  -17.320  75.476 0.0000000000
69446  -31.574  -16.780  74.137 0.0000000000
69476  -31.774  -16.064  73.440 0.0000000000
69474  -30.774  -16.701  72.702 0.0000000000
55493  -18.234  -27.275  89.360 0.0000000000
53339  -26.306  -29.369  87.554 0.0000000000
54423  -26.631  -29.308  89.375 0.0000000000
54444  -27.727  -29.252  88.820 0.0000000000
53286  -29.065  -29.810  90.463 0.0000000000
54445  -28.575  -29.373  88.426 0.0000000000
55590  -34.664  -28.086  84.185 0.0000000000
54524  -33.704  -28.255  84.708 0.0000000000
55557  -35.065  -28.925  85.167 0.0000000000
55511  -34.951  -29.376  85.992 0.0000000000
56636  -17.188  -26.756  86.436 0.0000000000
56619  -16.812  -26.583  87.503 0.0000000000
56584  -17.610  -26.767  89.957 0.0000000000
72700  -38.476  -13.492  83.410 0.0000000000
70673  -43.891  -15.408  64.739 0.0000000000
70644  -44.252  -15.030  66.451 0.0000000000
71821  -44.899  -14.429  65.427 0.0000000000
62402  -35.933  -21.445  81.743 0.0000000000
63487  -35.739  -20.593  81.322 0.0000000000
63499  -35.716  -20.323  80.322 0.0000000000
64692  -33.788  -19.484  77.121 0.0000000000
64707  -32.659  -19.658  76.299 0.0000000000
65862  -31.394  -19.012  75.732 0.0000000000
56708  -18.019  -26.650  83.426 0.0000000000
55551  -19.540  -27.219  85.350 0.0000000000
56709  -18.914  -26.464  83.372 0.0000000000
55605  -21.793  -27.887  82.138 0.0000000000
55569  -21.565  -27.766  84.358 0.0000000000
55589  -22.601  -28.310  83.634 0.0000000000
54502  -23.789  -29.005  85.474 0.0000000000
54536  -23.860  -29.191  83.766 0.0000000000
54635  -30.935  -28.456  76.448 0.0000000000
56827  -35.184  -26.274  78.459 0.0000000000
55691  -33.519  -27.604  78.507 0.0000000000
55673  -35.037  -27.369  79.415 0.0000000000
55625  -34.825  -28.102  81.890 0.0000000000
55627  -36.972  -27.748  81.531 0.0000000000
55609  -37.437  -27.657  82.401 0.0000000000
56788  -37.490  -26.527  80.130 0.0000000000
60169  -36.027  -22.970  79.843 0.0000000000
59036  -36.956  -24.069  81.647 0.0000000000
60142  -36.349  -23.119  81.660 0.0000000000
60127  -36.367  -22.897  82.623 0.0000000000
55617  -17.041  -27.340  81.310 0.0000000000
69394  -37.833  -15.472  77.055 0.0000000000
70511  -38.509  -14.968  77.434 0.0000000000
69412  -39.271  -15.625  76.478 0.0000000000
68267  -41.316  -16.384  73.720 0.0000000000
69437  -40.931  -16.016  75.384 0.0000000000
69453  -42.496  -15.374  74.512 0.0000000000
71680  -43.102  -14.009  75.882 0.0000000000
70554  -42.969  -14.688  73.802 0.0000000000
73050  -46.684  -12.223  62.105 0.0000000000
74248  -46.990  -12.371  63.345 0.0000000000
74260  -47.695  -11.779  62.255 0.0000000000
76522  -50.963  -9.451  65.384 0.0000000000
74277  -42.100  -11.478  61.275 0.0000000000
75515  -40.137  -10.021  60.884 0.0000000000
77566  -42.408  -8.800  60.423 0.0000000000
78518  -43.202  -8.236  60.175 0.0000000000
79572  -44.505  -7.751  60.326 0.0000000000
79599  -43.712  -8.200  59.460 0.0000000000
78550  -44.397  -8.148  58.828 0.0000000000
47739  -9.067  -34.374  88.875 0.0000000000
46679  -8.916  -35.450  91.223 0.0000000000
53204  -9.125  -29.145  94.951 0.0000000000
52184  -9.457  -30.583  92.881 0.0000000000
52163  -8.323  -30.649  94.901 0.0000000000
48786  -7.247  -33.436  95.496 0.0000000000
47675  -6.967  -34.698  96.412 0.0000000000
46657  -7.199  -35.624  94.872 0.0000000000
46651  -6.925  -35.872  96.460 0.0000000000
44582  -6.903  -37.724  95.788 0.0000000000
64632  -34.459  -18.729  80.760 0.0000000000
65769  -34.204  -18.034  82.499 0.0000000000
65781  -33.187  -17.835  80.862 0.0000000000
69377  -33.531  -15.791  78.467 0.0000000000
70452  -33.112  -15.704  79.907 0.0000000000
70488  -33.887  -15.594  79.124 0.0000000000
69346  -35.001  -15.877  79.899 0.0000000000
69379  -35.284  -16.034  78.485 0.0000000000
69380  -36.193  -16.030  78.382 0.0000000000
69407  -34.841  -16.597  76.731 0.0000000000
68308  -33.511  -16.736  72.539 0.0000000000
68285  -35.293  -16.889  73.621 0.0000000000
67077  -34.586  -17.732  71.805 0.0000000000
67078  -35.578  -17.936  71.800 0.0000000000
65904  -34.005  -18.135  71.015 0.0000000000
54459  -21.596  -28.586  87.836 0.0000000000
54438  -21.543  -28.547  88.923 0.0000000000
54406  -23.105  -28.867  90.115 0.0000000000
53457  -26.257  -29.545  80.293 0.0000000000
53434  -25.515  -29.647  81.310 0.0000000000
53417  -26.091  -29.633  82.472 0.0000000000
53402  -25.622  -29.578  83.726 0.0000000000
53403  -26.820  -29.566  83.493 0.0000000000
53481  -31.029  -28.790  79.306 0.0000000000
53461  -29.925  -29.336  80.241 0.0000000000
53440  -30.938  -28.679  80.893 0.0000000000
54507  -31.467  -29.215  85.144 0.0000000000
54521  -30.669  -29.054  83.940 0.0000000000
54506  -30.391  -29.339  85.162 0.0000000000
53380  -29.344  -29.450  85.248 0.0000000000
54465  -30.872  -29.421  87.168 0.0000000000
54447  -30.556  -29.598  88.032 0.0000000000
54448  -31.598  -29.461  87.855 0.0000000000
56700  -38.924  -26.637  83.781 0.0000000000
53387  -13.187  -29.142  84.505 0.0000000000
54481  -13.198  -28.415  86.436 0.0000000000
53354  -12.805  -29.104  86.215 0.0000000000
57713  -16.136  -26.518  93.313 0.0000000000
65963  -41.099  -18.824  67.532 0.0000000000
67138  -40.815  -18.139  68.880 0.0000000000
67160  -42.030  -18.263  67.692 0.0000000000
70604  -44.992  -15.162  69.676 0.0000000000
68354  -44.276  -16.765  70.269 0.0000000000
70578  -45.398  -14.955  71.419 0.0000000000
72888  -45.092  -13.743  73.098 0.0000000000
72889  -45.880  -13.168  72.706 0.0000000000
74199  -47.292  -11.414  66.887 0.0000000000
72973  -46.168  -12.358  67.232 0.0000000000
74179  -47.554  -11.238  69.068 0.0000000000
78552  -46.036  -7.664  58.599 0.0000000000
80680  -47.889  -5.508  58.906 0.0000000000
77598  -47.186  -8.251  58.064 0.0000000000
77614  -49.409  -7.635  57.145 0.0000000000
78585  -50.993  -7.060  56.130 0.0000000000
79625  -51.693  -6.177  56.271 0.0000000000
79632  -51.140  -6.636  55.339 0.0000000000
78639  -50.417  -7.404  51.859 0.0000000000
78626  -49.988  -7.397  52.723 0.0000000000
79673  -51.941  -6.587  53.307 0.0000000000
80732  -52.000  -4.896  53.836 0.0000000000
80733  -52.958  -4.924  53.916 0.0000000000
79675  -54.099  -5.857  52.812 0.0000000000
79677  -55.029  -6.860  52.553 0.0000000000
61311  -35.886  -22.329  79.330 0.0000000000
63525  -35.793  -20.751  78.638 0.0000000000
62443  -35.680  -21.627  77.053 0.0000000000
63571  -34.428  -20.823  74.982 0.0000000000
56731  -19.354  -26.593  82.280 0.0000000000
57985  -33.862  -25.848  75.478 0.0000000000
56844  -34.488  -26.274  77.550 0.0000000000
56828  -35.813  -25.968  78.823 0.0000000000
57924  -37.212  -25.712  79.681 0.0000000000
59072  -35.872  -24.508  78.187 0.0000000000
60178  -35.996  -23.263  79.068 0.0000000000
68288  -37.979  -17.252  73.783 0.0000000000
68241  -39.208  -16.490  75.103 0.0000000000
68289  -38.976  -17.342  73.484 0.0000000000
68311  -40.448  -17.055  72.448 0.0000000000
68312  -41.284  -16.614  72.286 0.0000000000
76567  -46.559  -9.461  61.375 0.0000000000
75488  -48.817  -10.744  61.933 0.0000000000
76570  -49.332  -9.725  61.740 0.0000000000
76544  -50.508  -9.521  63.459 0.0000000000
82765  -51.366  -4.163  59.357 0.0000000000
49923  -9.710  -33.131  88.527 0.0000000000
48832  -9.385  -33.160  90.719 0.0000000000
65820  -33.147  -18.028  77.681 0.0000000000
66976  -33.556  -17.301  78.905 0.0000000000
68212  -32.983  -17.561  76.927 0.0000000000
69404  -33.167  -17.076  76.658 0.0000000000
69405  -33.489  -16.748  76.605 0.0000000000
69430  -34.175  -16.491  75.796 0.0000000000
69465  -32.818  -16.135  74.186 0.0000000000
68307  -32.208  -16.336  72.881 0.0000000000
68328  -32.760  -16.820  71.915 0.0000000000
54441  -24.212  -29.143  88.097 0.0000000000
53300  -24.143  -29.238  89.566 0.0000000000
53302  -25.762  -29.435  89.530 0.0000000000
53283  -26.128  -29.658  90.535 0.0000000000
53270  -29.979  -30.504  90.561 0.0000000000
53475  -25.988  -29.505  79.246 0.0000000000
53458  -27.266  -29.623  80.341 0.0000000000
54557  -32.919  -28.125  82.421 0.0000000000
54555  -31.298  -28.525  81.603 0.0000000000
54541  -32.279  -28.400  83.240 0.0000000000
54523  -32.753  -28.487  84.403 0.0000000000
54492  -33.020  -29.069  86.060 0.0000000000
54467  -33.020  -29.322  86.814 0.0000000000
54468  -33.773  -29.407  86.826 0.0000000000
54532  -15.063  -28.092  83.109 0.0000000000
55583  -15.131  -27.624  84.161 0.0000000000
56617  -15.082  -26.707  87.448 0.0000000000
56581  -14.801  -26.679  89.330 0.0000000000
56582  -15.687  -26.550  89.548 0.0000000000
68436  -42.898  -17.503  65.709 0.0000000000
68414  -43.164  -17.207  66.992 0.0000000000
69540  -43.784  -15.940  66.986 0.0000000000
69529  -44.465  -15.478  68.158 0.0000000000
70616  -45.191  -14.125  68.774 0.0000000000
77631  -45.561  -8.131  55.624 0.0000000000
77623  -46.847  -8.660  56.406 0.0000000000
78595  -45.863  -7.760  54.988 0.0000000000
78640  -51.611  -7.505  51.955 0.0000000000
79688  -53.722  -6.457  52.158 0.0000000000
78655  -52.014  -7.406  51.035 0.0000000000
78656  -53.079  -7.118  50.794 0.0000000000
53276  -11.670  -29.339  89.879 0.0000000000
53274  -10.539  -30.341  90.698 0.0000000000
64597  -35.395  -19.878  84.414 0.0000000000
63465  -35.238  -20.047  82.811 0.0000000000
64633  -35.008  -19.287  81.354 0.0000000000
64645  -34.627  -18.789  79.676 0.0000000000
63524  -35.418  -20.024  78.680 0.0000000000
64660  -34.480  -18.971  78.662 0.0000000000
65822  -33.663  -18.782  78.164 0.0000000000
65851  -31.889  -18.450  76.419 0.0000000000
65860  -30.801  -18.220  74.735 0.0000000000
56637  -18.187  -26.843  86.281 0.0000000000
55505  -19.035  -27.824  87.798 0.0000000000
55528  -19.102  -27.538  86.528 0.0000000000
55529  -20.130  -27.877  86.260 0.0000000000
54483  -21.680  -28.471  86.773 0.0000000000
55586  -20.465  -27.030  83.847 0.0000000000
55553  -21.275  -27.927  85.207 0.0000000000
54484  -22.489  -28.608  86.342 0.0000000000
54462  -23.995  -29.172  87.162 0.0000000000
54487  -25.178  -29.435  86.313 0.0000000000
53361  -26.350  -29.405  86.591 0.0000000000
54612  -31.460  -28.483  78.410 0.0000000000
54601  -31.733  -28.522  79.289 0.0000000000
55690  -32.919  -27.757  78.099 0.0000000000
54614  -32.854  -27.991  78.781 0.0000000000
54587  -32.584  -28.364  80.303 0.0000000000
54572  -33.696  -28.239  81.586 0.0000000000
55606  -34.700  -27.925  83.242 0.0000000000
55592  -36.313  -27.846  83.688 0.0000000000
56672  -36.922  -27.769  85.068 0.0000000000
55593  -37.185  -27.710  83.411 0.0000000000
55577  -38.389  -27.319  83.550 0.0000000000
56723  -38.846  -26.230  82.966 0.0000000000
57905  -37.532  -25.255  80.478 0.0000000000
57881  -38.102  -24.920  82.402 0.0000000000
58996  -38.232  -24.805  83.579 0.0000000000
58994  -37.001  -23.914  84.037 0.0000000000
55601  -16.090  -27.513  82.850 0.0000000000
70474  -37.954  -14.379  79.708 0.0000000000
71639  -39.243  -14.001  79.466 0.0000000000
71640  -39.942  -14.097  79.185 0.0000000000
71642  -41.787  -14.349  78.746 0.0000000000
69436  -39.795  -16.017  75.744 0.0000000000
70514  -41.999  -15.159  77.481 0.0000000000
71855  -45.062  -13.596  62.983 0.0000000000
71830  -45.352  -13.758  64.325 0.0000000000
73008  -46.372  -12.849  64.405 0.0000000000
74227  -47.468  -11.804  65.119 0.0000000000
75441  -47.766  -11.105  66.088 0.0000000000
75472  -49.281  -10.667  64.074 0.0000000000
75442  -48.545  -10.745  66.129 0.0000000000
64859  -36.446  -20.714  67.760 0.0000000000
64846  -38.065  -19.707  68.190 0.0000000000
64861  -38.267  -19.819  67.023 0.0000000000
65982  -39.215  -19.569  65.527 0.0000000000
66006  -40.752  -18.918  65.267 0.0000000000
67215  -41.154  -18.388  64.393 0.0000000000
68461  -41.974  -17.250  63.472 0.0000000000
69597  -42.908  -16.025  63.697 0.0000000000
70702  -42.844  -14.858  62.393 0.0000000000
71852  -43.183  -14.029  62.081 0.0000000000
73047  -43.794  -12.880  61.608 0.0000000000
74279  -44.364  -11.671  61.309 0.0000000000
75503  -44.805  -10.435  61.174 0.0000000000
76582  -41.690  -9.381  60.621 0.0000000000
76584  -43.413  -9.577  60.835 0.0000000000
76565  -44.793  -9.341  61.099 0.0000000000
78497  -45.002  -8.083  61.201 0.0000000000
79574  -45.686  -6.788  60.996 0.0000000000
80649  -46.292  -5.993  60.373 0.0000000000
81744  -46.922  -4.697  59.733 0.0000000000
80677  -45.467  -6.473  59.364 0.0000000000
78551  -45.274  -7.960  58.740 0.0000000000
77609  -44.947  -8.836  57.250 0.0000000000
78580  -43.895  -7.781  56.049 0.0000000000
52216  -10.125  -30.845  91.096 0.0000000000
51035  -9.298  -31.546  92.215 0.0000000000
49870  -9.078  -33.021  92.160 0.0000000000
51004  -7.288  -31.491  95.787 0.0000000000
48794  -8.316  -33.429  94.093 0.0000000000
47693  -8.962  -34.450  92.900 0.0000000000
46661  -8.460  -35.623  93.496 0.0000000000
45613  -8.052  -36.541  93.564 0.0000000000
43611  -7.321  -38.194  93.555 0.0000000000
43601  -6.968  -38.597  95.003 0.0000000000
71599  -37.082  -14.059  82.309 0.0000000000
68144  -34.534  -16.666  83.128 0.0000000000
68185  -32.943  -16.684  80.203 0.0000000000
69322  -33.127  -15.979  82.103 0.0000000000
70424  -35.483  -15.460  82.263 0.0000000000
70440  -36.017  -15.085  81.536 0.0000000000
70456  -37.038  -14.709  80.796 0.0000000000
70473  -36.694  -15.420  79.315 0.0000000000
70509  -37.098  -15.737  77.622 0.0000000000
68222  -37.014  -16.677  76.160 0.0000000000
69450  -34.486  -16.477  75.002 0.0000000000
68261  -35.748  -16.868  74.425 0.0000000000
68287  -37.079  -17.194  73.830 0.0000000000
67063  -36.972  -17.761  72.492 0.0000000000
65906  -36.049  -18.394  71.098 0.0000000000
65935  -36.351  -19.366  69.803 0.0000000000
68304  -29.821  -17.332  72.224 0.0000000000
68325  -29.693  -17.192  71.411 0.0000000000
68347  -30.834  -16.971  70.709 0.0000000000
67098  -31.417  -17.467  70.466 0.0000000000
65932  -32.318  -18.940  69.740 0.0000000000
64822  -33.108  -19.401  69.559 0.0000000000
64842  -34.584  -20.313  68.853 0.0000000000
63679  -35.499  -20.760  68.255 0.0000000000
53264  -24.099  -29.515  91.116 0.0000000000
54566  -22.286  -28.633  80.849 0.0000000000
53432  -23.410  -29.263  80.628 0.0000000000
54553  -23.740  -29.363  82.764 0.0000000000
54537  -24.718  -29.464  84.052 0.0000000000
53389  -25.851  -29.600  84.764 0.0000000000
53362  -27.230  -29.614  86.453 0.0000000000
53491  -28.455  -29.591  78.429 0.0000000000
53460  -29.124  -29.561  80.306 0.0000000000
53437  -28.658  -29.577  81.279 0.0000000000
53407  -30.408  -28.876  82.536 0.0000000000
53406  -29.807  -28.894  83.010 0.0000000000
53405  -28.839  -29.245  83.225 0.0000000000
53392  -28.583  -29.422  84.298 0.0000000000
53379  -28.346  -29.550  85.335 0.0000000000
54463  -28.966  -29.526  87.697 0.0000000000
54446  -29.581  -29.514  88.298 0.0000000000
53305  -30.751  -30.229  89.165 0.0000000000
49965  -11.070  -32.195  85.318 0.0000000000
52284  -11.637  -30.658  86.872 0.0000000000
52325  -12.951  -29.897  83.660 0.0000000000
51148  -12.296  -31.134  83.520 0.0000000000
51126  -12.120  -30.700  85.049 0.0000000000
52285  -12.060  -30.247  86.743 0.0000000000
53314  -11.924  -29.590  88.524 0.0000000000
55471  -12.351  -28.501  90.061 0.0000000000
57757  -15.038  -26.374  91.284 0.0000000000
65938  -39.605  -18.284  69.189 0.0000000000
68350  -40.890  -17.255  70.746 0.0000000000
69488  -42.063  -16.239  71.511 0.0000000000
68368  -43.704  -17.017  69.407 0.0000000000
68335  -43.759  -16.776  71.046 0.0000000000
69478  -42.886  -15.744  72.595 0.0000000000
71719  -43.682  -14.147  73.390 0.0000000000
72981  -45.742  -13.029  66.821 0.0000000000
72957  -45.831  -12.962  68.820 0.0000000000
72940  -45.848  -13.037  69.853 0.0000000000
81745  -47.963  -4.032  59.704 0.0000000000
81759  -49.495  -4.604  59.101 0.0000000000
81760  -50.505  -4.503  58.944 0.0000000000
77600  -48.845  -7.738  58.162 0.0000000000
79607  -50.360  -6.306  58.249 0.0000000000
80694  -51.644  -5.302  57.960 0.0000000000
80695  -52.771  -5.058  57.898 0.0000000000
80703  -52.802  -5.119  56.633 0.0000000000
78610  -50.282  -7.162  54.657 0.0000000000
79643  -51.385  -6.260  54.816 0.0000000000
81782  -52.718  -4.459  54.997 0.0000000000
79676  -54.783  -6.331  52.568 0.0000000000
61362  -35.122  -22.671  75.402 0.0000000000
59108  -34.899  -24.513  75.832 0.0000000000
60220  -34.881  -23.644  75.126 0.0000000000
65936  -37.323  -19.098  69.719 0.0000000000
64827  -37.645  -19.574  69.020 0.0000000000
78502  -49.537  -7.516  61.421 0.0000000000
79554  -48.938  -6.363  61.477 0.0000000000
79555  -49.981  -6.378  61.302 0.0000000000
80632  -49.375  -5.162  61.175 0.0000000000
80633  -50.403  -5.391  61.117 0.0000000000
80652  -48.750  -4.913  61.027 0.0000000000
52261  -10.981  -30.797  88.531 0.0000000000
51089  -10.661  -31.382  88.379 0.0000000000
52247  -10.775  -30.741  89.329 0.0000000000
68258  -31.046  -17.228  73.859 0.0000000000
68235  -31.677  -17.328  74.769 0.0000000000
69462  -31.057  -16.746  73.381 0.0000000000
69461  -30.475  -17.141  72.797 0.0000000000
55485  -18.904  -27.599  90.019 0.0000000000
55494  -18.946  -27.842  88.943 0.0000000000
53322  -27.008  -29.391  88.228 0.0000000000
54425  -28.508  -29.153  89.410 0.0000000000
55573  -35.290  -28.418  84.637 0.0000000000
55572  -34.479  -28.401  84.887 0.0000000000
55535  -35.564  -29.100  85.491 0.0000000000
56601  -17.385  -26.844  88.666 0.0000000000
70674  -44.500  -14.766  64.326 0.0000000000
70665  -44.483  -14.847  65.387 0.0000000000
70666  -44.892  -14.492  65.003 0.0000000000
61289  -36.000  -22.273  81.214 0.0000000000
62410  -35.880  -21.353  80.743 0.0000000000
62416  -35.883  -21.259  79.610 0.0000000000
63569  -32.572  -20.248  75.188 0.0000000000
64723  -32.930  -20.024  75.946 0.0000000000
55588  -21.807  -27.869  83.335 0.0000000000
54517  -23.224  -28.750  84.374 0.0000000000
54535  -23.121  -28.789  83.270 0.0000000000
56808  -35.701  -26.691  79.051 0.0000000000
55649  -35.498  -27.865  80.525 0.0000000000
55650  -36.697  -27.547  80.232 0.0000000000
55651  -37.519  -27.407  80.788 0.0000000000
56787  -36.995  -26.809  79.700 0.0000000000
60158  -36.042  -23.083  80.670 0.0000000000
56750  -17.895  -26.848  81.707 0.0000000000
56729  -17.552  -26.993  82.521 0.0000000000
69434  -37.899  -16.087  75.953 0.0000000000
69411  -38.382  -15.585  76.587 0.0000000000
69435  -38.784  -16.006  75.831 0.0000000000
69466  -41.783  -16.104  73.102 0.0000000000
69452  -41.654  -16.065  74.340 0.0000000000
70547  -42.832  -14.657  74.713 0.0000000000
74281  -46.777  -11.562  61.652 0.0000000000
74259  -47.067  -12.113  62.530 0.0000000000
76506  -50.977  -9.634  66.401 0.0000000000
74292  -40.513  -10.764  61.170 0.0000000000
78538  -42.963  -8.357  59.449 0.0000000000
77583  -42.435  -8.497  58.745 0.0000000000
77584  -43.059  -8.401  58.879 0.0000000000
48849  -9.085  -34.126  89.951 0.0000000000
47722  -8.919  -34.652  89.991 0.0000000000
46683  -8.812  -35.493  90.277 0.0000000000
47711  -9.084  -34.592  90.896 0.0000000000
53203  -8.545  -29.701  95.515 0.0000000000
53196  -7.994  -29.930  96.377 0.0000000000
46654  -6.856  -35.666  95.669 0.0000000000
45603  -6.998  -36.926  96.430 0.0000000000
65796  -34.018  -18.185  80.089 0.0000000000
65782  -33.581  -18.065  81.260 0.0000000000
65795  -33.435  -17.767  80.401 0.0000000000
69389  -33.848  -16.097  77.606 0.0000000000
70487  -33.764  -15.619  78.910 0.0000000000
69378  -34.308  -15.774  78.752 0.0000000000
67076  -33.531  -17.250  71.749 0.0000000000
67060  -34.281  -17.005  72.490 0.0000000000
54439  -22.384  -28.785  88.554 0.0000000000
54420  -23.141  -28.891  89.218 0.0000000000
53435  -26.661  -29.649  81.359 0.0000000000
53463  -31.294  -28.734  80.071 0.0000000000
53462  -30.642  -29.020  80.157 0.0000000000
54490  -31.183  -29.354  86.186 0.0000000000
54466  -31.948  -29.416  87.028 0.0000000000
57834  -39.160  -25.681  84.394 0.0000000000
56580  -13.967  -27.102  88.950 0.0000000000
65985  -41.614  -18.760  66.484 0.0000000000
65964  -41.758  -18.605  67.108 0.0000000000
70605  -45.204  -14.427  69.541 0.0000000000
70592  -45.291  -15.004  70.514 0.0000000000
71735  -45.616  -14.083  71.523 0.0000000000
74190  -47.424  -11.324  67.919 0.0000000000
77597  -46.392  -8.388  58.206 0.0000000000
78553  -46.816  -7.497  58.440 0.0000000000
77611  -46.670  -8.712  57.390 0.0000000000
78584  -49.775  -7.417  56.033 0.0000000000
78600  -50.434  -7.135  55.340 0.0000000000
78627  -51.139  -7.258  52.876 0.0000000000
79657  -52.438  -5.700  53.585 0.0000000000
79658  -53.310  -5.574  53.479 0.0000000000
79674  -52.965  -6.356  52.886 0.0000000000
61322  -35.895  -22.522  78.482 0.0000000000
62444  -35.924  -21.908  77.980 0.0000000000
57971  -34.677  -25.425  76.595 0.0000000000
57938  -35.783  -25.203  78.273 0.0000000000
61336  -35.880  -22.907  77.208 0.0000000000
60190  -35.876  -23.453  78.051 0.0000000000
67064  -37.814  -17.811  72.505 0.0000000000
67046  -38.170  -17.594  73.142 0.0000000000
67065  -38.659  -17.731  72.558 0.0000000000
67102  -39.461  -17.597  70.803 0.0000000000
68310  -39.563  -17.454  72.557 0.0000000000
68330  -39.912  -17.324  71.674 0.0000000000
68331  -40.725  -17.019  71.579 0.0000000000
77547  -47.035  -8.526  61.372 0.0000000000
76569  -48.452  -9.464  61.397 0.0000000000
77536  -50.783  -8.869  62.629 0.0000000000
77526  -51.089  -8.819  63.563 0.0000000000
77527  -51.616  -8.123  63.687 0.0000000000
81731  -51.253  -4.553  60.394 0.0000000000
81732  -51.836  -5.027  59.721 0.0000000000
82757  -50.939  -3.846  60.038 0.0000000000
49911  -10.040  -32.217  89.364 0.0000000000
49924  -9.988  -32.595  88.367 0.0000000000
49910  -9.789  -32.980  89.154 0.0000000000
49899  -9.748  -32.489  90.162 0.0000000000
66999  -32.280  -17.942  76.818 0.0000000000
66985  -33.165  -17.737  77.636 0.0000000000
69429  -33.353  -16.472  75.694 0.0000000000
69448  -32.698  -16.314  74.757 0.0000000000
69475  -31.322  -16.230  73.094 0.0000000000
68327  -31.589  -16.849  71.359 0.0000000000
53319  -24.618  -29.258  88.036 0.0000000000
54422  -24.474  -29.231  88.665 0.0000000000
53320  -24.957  -29.340  88.434 0.0000000000
53303  -26.654  -29.304  89.989 0.0000000000
53284  -27.225  -29.680  90.523 0.0000000000
54410  -29.301  -29.339  89.909 0.0000000000
53287  -30.107  -30.193  90.053 0.0000000000
53476  -26.926  -29.560  79.327 0.0000000000
53477  -27.866  -29.631  79.370 0.0000000000
54542  -33.186  -28.020  83.584 0.0000000000
55555  -33.860  -28.704  85.528 0.0000000000
54509  -33.236  -28.698  85.378 0.0000000000
55532  -33.581  -29.103  86.010 0.0000000000
55508  -33.390  -29.257  86.415 0.0000000000
55509  -33.685  -29.307  86.457 0.0000000000
54469  -34.459  -29.507  86.578 0.0000000000
55584  -15.784  -27.349  83.726 0.0000000000
55566  -15.466  -27.164  84.731 0.0000000000
56599  -15.414  -26.603  88.428 0.0000000000
56600  -16.314  -26.534  88.549 0.0000000000
55473  -18.329  -27.013  90.882 0.0000000000
56566  -17.820  -26.833  90.960 0.0000000000
68448  -43.072  -16.861  64.748 0.0000000000
68415  -43.503  -16.592  66.459 0.0000000000
68437  -43.450  -16.486  65.539 0.0000000000
69541  -44.163  -15.455  67.293 0.0000000000
70626  -44.646  -14.891  67.588 0.0000000000
70615  -44.876  -14.833  68.689 0.0000000000
71773  -45.123  -14.246  67.962 0.0000000000
78654  -51.044  -7.331  51.213 0.0000000000
54402  -11.322  -29.073  91.073 0.0000000000
54334  -9.525  -28.498  95.586 0.0000000000
62385  -35.828  -21.572  83.647 0.0000000000
63454  -35.626  -20.754  84.111 0.0000000000
63466  -35.635  -20.778  83.206 0.0000000000
63498  -35.465  -19.861  80.476 0.0000000000
63486  -35.447  -19.885  80.950 0.0000000000
64646  -35.171  -19.438  80.323 0.0000000000
63541  -35.388  -20.352  77.660 0.0000000000
64691  -33.042  -19.403  76.975 0.0000000000
64675  -34.126  -19.244  77.826 0.0000000000
65838  -33.430  -19.176  77.553 0.0000000000
65837  -32.829  -18.781  77.432 0.0000000000
65861  -31.090  -18.435  75.348 0.0000000000
56638  -18.819  -26.953  85.673 0.0000000000
55530  -21.039  -28.031  86.102 0.0000000000
56710  -19.843  -26.796  83.463 0.0000000000
56733  -20.639  -27.169  82.979 0.0000000000
55570  -22.393  -28.125  84.393 0.0000000000
55554  -22.076  -28.135  85.273 0.0000000000
54485  -23.459  -28.946  86.352 0.0000000000
54503  -24.636  -29.377  85.581 0.0000000000
54486  -24.389  -29.261  86.492 0.0000000000
54488  -25.755  -29.386  86.283 0.0000000000
54504  -25.513  -29.504  85.621 0.0000000000
54622  -31.058  -28.457  77.485 0.0000000000
54613  -32.287  -28.177  78.396 0.0000000000
55706  -33.273  -27.126  77.454 0.0000000000
55722  -32.843  -27.035  76.480 0.0000000000
55672  -34.008  -27.802  79.477 0.0000000000
54603  -33.125  -28.051  79.495 0.0000000000
54588  -33.439  -28.253  80.453 0.0000000000
55626  -35.988  -27.803  81.623 0.0000000000
55607  -35.607  -27.921  82.826 0.0000000000
55591  -35.416  -27.970  83.892 0.0000000000
56721  -36.912  -27.727  83.971 0.0000000000
55610  -38.223  -27.314  82.243 0.0000000000
55594  -37.983  -27.545  83.046 0.0000000000
55611  -38.596  -26.705  82.364 0.0000000000
56744  -38.598  -25.993  82.296 0.0000000000
57923  -36.852  -25.059  79.189 0.0000000000
59065  -37.094  -24.810  79.972 0.0000000000
59037  -37.535  -24.508  81.517 0.0000000000
59023  -37.660  -24.393  82.092 0.0000000000
57869  -38.086  -24.926  82.860 0.0000000000
59010  -37.736  -24.476  83.060 0.0000000000
58995  -37.550  -24.010  84.176 0.0000000000
59009  -36.980  -24.016  83.590 0.0000000000
61269  -36.052  -22.285  83.104 0.0000000000
60114  -36.378  -22.794  83.331 0.0000000000
61255  -36.221  -22.457  84.049 0.0000000000
56686  -17.705  -26.658  84.402 0.0000000000
70475  -38.732  -14.109  79.473 0.0000000000
70512  -39.630  -14.925  77.733 0.0000000000
70492  -40.211  -14.680  78.445 0.0000000000
71641  -40.885  -14.097  78.898 0.0000000000
70493  -41.225  -14.795  78.283 0.0000000000
68265  -39.645  -16.830  74.271 0.0000000000
68242  -40.186  -16.412  74.940 0.0000000000
69415  -42.414  -15.319  75.961 0.0000000000
69414  -41.598  -15.594  76.397 0.0000000000
70528  -42.240  -15.316  76.629 0.0000000000
70515  -42.722  -14.636  77.156 0.0000000000
71672  -43.068  -14.093  76.783 0.0000000000
72832  -43.385  -13.360  76.220 0.0000000000
73014  -45.815  -13.291  63.867 0.0000000000
73015  -46.420  -12.879  63.474 0.0000000000
74240  -47.397  -12.101  64.162 0.0000000000
74209  -47.279  -11.615  65.997 0.0000000000
75457  -47.715  -11.428  65.552 0.0000000000
75478  -49.346  -10.671  63.037 0.0000000000
75477  -48.845  -11.042  62.636 0.0000000000
75443  -49.423  -10.335  66.254 0.0000000000
42603  -6.971  -39.538  92.961 0.0000000000
64897  -38.557  -19.657  65.089 0.0000000000
65983  -40.024  -19.384  65.979 0.0000000000
66004  -39.117  -19.352  64.608 0.0000000000
67214  -40.349  -18.322  63.638 0.0000000000
68446  -41.033  -17.929  63.554 0.0000000000
68447  -42.149  -17.619  64.267 0.0000000000
68460  -41.452  -17.337  63.195 0.0000000000
70684  -41.409  -15.647  62.565 0.0000000000
70685  -42.477  -15.605  62.855 0.0000000000
70701  -41.795  -14.781  62.473 0.0000000000
71851  -42.259  -13.996  62.234 0.0000000000
71866  -42.823  -13.367  61.850 0.0000000000
71867  -43.454  -13.509  61.847 0.0000000000
73046  -42.531  -12.534  61.500 0.0000000000
74294  -42.221  -10.624  61.099 0.0000000000
74278  -43.245  -11.691  61.333 0.0000000000
75502  -43.801  -10.864  61.152 0.0000000000
76583  -42.593  -9.437  60.706 0.0000000000
77568  -44.177  -9.086  60.851 0.0000000000
76585  -44.129  -9.850  60.903 0.0000000000
77545  -45.306  -8.613  61.267 0.0000000000
77544  -44.736  -8.646  61.068 0.0000000000
79590  -44.887  -7.436  60.248 0.0000000000
79573  -45.108  -7.246  60.531 0.0000000000
80647  -45.279  -6.865  60.360 0.0000000000
79575  -46.621  -6.433  60.987 0.0000000000
81725  -45.450  -5.818  60.027 0.0000000000
81742  -45.575  -5.592  59.842 0.0000000000
80666  -45.230  -6.204  59.830 0.0000000000
77595  -44.552  -8.561  58.163 0.0000000000
77596  -45.529  -8.556  58.223 0.0000000000
45645  -8.758  -36.309  90.552 0.0000000000
53241  -10.459  -29.640  92.205 0.0000000000
52200  -9.972  -30.315  91.946 0.0000000000
52183  -9.012  -31.126  93.313 0.0000000000
51021  -9.015  -31.563  92.843 0.0000000000
49871  -9.258  -32.467  91.890 0.0000000000
49860  -8.858  -32.527  92.784 0.0000000000
51000  -7.219  -31.222  96.687 0.0000000000
48787  -7.747  -33.434  94.774 0.0000000000
47685  -8.660  -34.129  93.685 0.0000000000
47692  -8.688  -34.815  93.530 0.0000000000
47684  -8.077  -34.522  94.213 0.0000000000
45609  -7.042  -36.557  94.974 0.0000000000
45610  -7.570  -36.512  94.339 0.0000000000
44596  -7.676  -37.469  93.695 0.0000000000
44595  -7.297  -37.842  94.131 0.0000000000
44587  -6.992  -37.621  94.882 0.0000000000
44577  -7.351  -38.062  96.494 0.0000000000
71574  -36.757  -14.200  83.649 0.0000000000
71575  -37.367  -13.941  83.590 0.0000000000
71588  -36.850  -14.151  82.981 0.0000000000
64610  -35.382  -20.121  83.615 0.0000000000
64609  -34.939  -19.190  83.508 0.0000000000
65757  -34.688  -17.714  83.330 0.0000000000
66917  -34.358  -17.270  82.794 0.0000000000
66905  -34.768  -17.256  83.774 0.0000000000
68161  -33.772  -16.735  82.348 0.0000000000
68195  -33.305  -16.787  78.757 0.0000000000
68196  -33.285  -16.800  79.438 0.0000000000
69360  -32.954  -16.236  79.281 0.0000000000
70437  -33.280  -15.659  80.816 0.0000000000
69344  -32.788  -15.977  80.514 0.0000000000
69334  -33.652  -15.790  81.561 0.0000000000
69323  -33.904  -16.058  82.362 0.0000000000
70423  -34.490  -15.797  81.901 0.0000000000
70411  -35.228  -16.059  82.741 0.0000000000
70455  -35.755  -15.708  80.305 0.0000000000
70441  -36.747  -14.507  81.914 0.0000000000
69392  -36.535  -16.060  77.457 0.0000000000
69409  -36.880  -16.338  76.634 0.0000000000
68221  -36.481  -16.731  76.009 0.0000000000
69449  -33.526  -16.273  74.775 0.0000000000
68286  -36.177  -17.108  73.774 0.0000000000
68262  -36.671  -16.958  74.543 0.0000000000
67044  -36.571  -17.415  73.156 0.0000000000
67062  -36.091  -17.651  72.487 0.0000000000
65905  -35.016  -18.382  71.106 0.0000000000
65922  -36.665  -18.753  70.424 0.0000000000
68345  -28.794  -17.387  70.601 0.0000000000
67097  -30.288  -17.474  70.168 0.0000000000
67116  -30.477  -18.067  69.719 0.0000000000
65931  -31.434  -19.039  69.392 0.0000000000
64821  -31.987  -19.430  69.171 0.0000000000
64843  -35.494  -20.371  68.746 0.0000000000
55495  -19.862  -28.043  88.566 0.0000000000
55487  -20.700  -28.175  89.341 0.0000000000
54405  -22.367  -28.743  90.567 0.0000000000
53281  -24.228  -29.333  90.115 0.0000000000
53433  -24.150  -29.531  81.066 0.0000000000
53415  -24.006  -29.567  82.074 0.0000000000
54554  -24.354  -29.522  83.335 0.0000000000
53401  -24.860  -29.583  83.431 0.0000000000
53390  -26.592  -29.543  84.573 0.0000000000
53377  -26.334  -29.512  85.585 0.0000000000
53492  -29.335  -29.479  78.442 0.0000000000
54540  -31.189  -28.734  82.799 0.0000000000
53364  -29.082  -29.566  86.248 0.0000000000
53342  -28.809  -29.632  86.999 0.0000000000
54428  -31.197  -29.926  88.450 0.0000000000
53306  -31.743  -30.282  88.745 0.0000000000
54450  -33.312  -29.581  87.341 0.0000000000
54430  -33.015  -29.755  87.930 0.0000000000
56698  -37.381  -27.603  84.280 0.0000000000
51113  -11.194  -31.398  86.481 0.0000000000
52298  -11.755  -30.785  86.198 0.0000000000
53400  -14.216  -28.813  83.282 0.0000000000
53388  -13.744  -28.713  84.023 0.0000000000
52336  -12.792  -30.653  83.123 0.0000000000
52324  -12.518  -30.437  83.968 0.0000000000
51137  -12.157  -30.916  84.413 0.0000000000
52311  -12.471  -30.234  84.893 0.0000000000
53353  -12.504  -29.577  86.623 0.0000000000
53332  -12.179  -29.686  87.583 0.0000000000
54436  -12.382  -29.028  88.360 0.0000000000
54416  -12.145  -29.003  89.388 0.0000000000
54417  -12.556  -28.513  88.904 0.0000000000
56564  -15.922  -26.491  90.709 0.0000000000
56563  -14.974  -26.493  90.603 0.0000000000
57758  -15.353  -26.414  91.061 0.0000000000
72736  -41.043  -13.316  81.313 0.0000000000
65948  -40.030  -18.623  68.441 0.0000000000
67121  -41.413  -18.007  69.588 0.0000000000
68365  -41.326  -17.598  70.258 0.0000000000
68351  -41.765  -17.089  70.709 0.0000000000
68352  -42.535  -17.118  70.583 0.0000000000
68382  -43.779  -16.601  68.404 0.0000000000
68381  -43.220  -17.320  68.596 0.0000000000
69491  -44.659  -16.307  71.314 0.0000000000
69490  -43.472  -16.313  71.738 0.0000000000
70564  -43.616  -14.838  73.079 0.0000000000
72877  -44.697  -13.423  73.746 0.0000000000
72999  -45.755  -13.167  65.823 0.0000000000
72958  -46.268  -12.344  68.255 0.0000000000
72972  -45.800  -12.971  67.816 0.0000000000
81756  -46.471  -4.947  59.180 0.0000000000
81757  -47.370  -4.760  59.189 0.0000000000
80681  -48.962  -5.438  58.822 0.0000000000
80682  -50.128  -5.448  58.771 0.0000000000
77612  -47.605  -8.433  57.254 0.0000000000
77613  -48.594  -7.935  57.299 0.0000000000
78568  -50.153  -7.435  56.852 0.0000000000
78556  -49.877  -7.251  57.915 0.0000000000
78557  -50.567  -6.671  57.798 0.0000000000
80693  -50.844  -5.672  58.292 0.0000000000
79616  -51.536  -6.082  57.184 0.0000000000
80702  -52.098  -5.387  56.903 0.0000000000
80704  -53.458  -5.339  56.426 0.0000000000
80712  -53.116  -4.978  55.670 0.0000000000
78615  -49.245  -7.544  53.316 0.0000000000
79655  -50.964  -6.758  54.464 0.0000000000
81803  -52.610  -4.301  53.990 0.0000000000
81788  -52.235  -4.426  54.448 0.0000000000
82791  -53.199  -3.941  54.856 0.0000000000
81783  -53.492  -4.250  55.273 0.0000000000
81784  -54.195  -4.055  55.293 0.0000000000
62471  -34.818  -21.808  74.764 0.0000000000
58000  -34.176  -25.306  74.893 0.0000000000
59119  -34.538  -24.581  74.848 0.0000000000
59098  -35.165  -24.447  76.767 0.0000000000
59084  -35.707  -24.305  77.617 0.0000000000
60204  -35.621  -23.610  76.861 0.0000000000
65908  -37.539  -18.249  71.205 0.0000000000
67081  -38.239  -17.943  71.795 0.0000000000
67100  -37.913  -18.155  71.268 0.0000000000
67101  -38.536  -17.989  70.939 0.0000000000
67118  -38.879  -17.956  70.171 0.0000000000
78500  -47.469  -7.553  61.411 0.0000000000
78501  -48.457  -7.470  61.476 0.0000000000
79557  -51.859  -6.645  61.213 0.0000000000
81711  -49.905  -4.541  61.025 0.0000000000
81730  -50.368  -3.997  60.698 0.0000000000
51112  -10.608  -32.084  87.010 0.0000000000
49948  -10.239  -32.904  86.433 0.0000000000
51100  -10.469  -31.964  87.959 0.0000000000
51088  -10.388  -31.722  88.866 0.0000000000
51076  -10.270  -31.572  89.679 0.0000000000
68219  -31.771  -17.620  75.657 0.0000000000
69427  -31.963  -16.870  74.665 0.0000000000
69447  -32.037  -16.471  74.466 0.0000000000
69463  -31.601  -16.279  73.771 0.0000000000
55474  -18.739  -27.329  90.972 0.0000000000
53338  -25.482  -29.362  87.669 0.0000000000
53321  -26.169  -29.369  88.542 0.0000000000
54443  -27.015  -29.290  88.955 0.0000000000
54424  -27.509  -29.174  89.733 0.0000000000
54409  -28.429  -29.326  90.135 0.0000000000
54426  -29.357  -29.408  89.155 0.0000000000
54543  -34.023  -28.052  83.821 0.0000000000
54525  -34.194  -28.137  84.425 0.0000000000
55556  -34.358  -28.828  85.457 0.0000000000
55534  -34.653  -29.191  85.738 0.0000000000
55484  -18.324  -27.061  90.343 0.0000000000
69586  -43.504  -15.888  64.708 0.0000000000
69578  -43.669  -15.840  65.305 0.0000000000
70664  -43.984  -15.331  65.706 0.0000000000
71805  -44.879  -14.389  65.993 0.0000000000
63476  -35.706  -20.697  82.287 0.0000000000
63555  -33.831  -20.097  75.991 0.0000000000
64709  -34.141  -19.750  76.716 0.0000000000
64708  -33.530  -19.850  76.343 0.0000000000
64706  -31.942  -19.365  76.093 0.0000000000
56687  -18.524  -26.594  84.282 0.0000000000
56663  -18.914  -26.759  84.978 0.0000000000
56688  -19.322  -26.745  84.330 0.0000000000
55567  -20.099  -27.074  84.460 0.0000000000
55604  -20.946  -27.415  82.465 0.0000000000
54518  -24.173  -29.220  84.686 0.0000000000
55692  -34.391  -27.098  78.516 0.0000000000
55707  -33.863  -26.913  77.880 0.0000000000
55628  -37.736  -27.500  81.585 0.0000000000
56789  -37.980  -26.772  80.834 0.0000000000
59052  -37.049  -24.357  80.690 0.0000000000
59051  -36.642  -23.635  81.008 0.0000000000
59035  -36.666  -23.558  81.523 0.0000000000
60128  -36.694  -23.492  82.253 0.0000000000
60115  -36.695  -23.374  83.181 0.0000000000
61277  -36.131  -22.262  82.179 0.0000000000
55602  -16.763  -27.362  82.635 0.0000000000
70525  -38.890  -15.315  76.874 0.0000000000
70526  -39.444  -15.235  77.064 0.0000000000
68243  -40.722  -16.313  74.804 0.0000000000
69438  -41.981  -15.667  75.322 0.0000000000
70540  -42.852  -14.684  75.546 0.0000000000
71704  -42.933  -14.069  74.296 0.0000000000
73049  -46.121  -12.455  61.797 0.0000000000
73029  -46.543  -12.623  62.601 0.0000000000
74249  -47.636  -12.079  63.200 0.0000000000
74241  -48.121  -11.763  63.940 0.0000000000
76535  -49.924  -9.984  64.304 0.0000000000
76521  -50.053  -9.874  65.331 0.0000000000
80685  -53.015  -4.650  58.097 0.0000000000
69595  -40.906  -16.552  62.579 0.0000000000
74276  -40.954  -11.541  61.352 0.0000000000
74293  -41.454  -10.742  61.117 0.0000000000
78517  -42.167  -8.181  60.088 0.0000000000
78519  -43.967  -8.236  60.330 0.0000000000
79571  -44.013  -7.969  60.102 0.0000000000
79588  -43.824  -8.080  59.787 0.0000000000
79600  -44.452  -7.829  59.499 0.0000000000
80676  -45.234  -7.120  59.684 0.0000000000
78549  -43.639  -8.294  59.069 0.0000000000
77594  -43.345  -8.553  58.298 0.0000000000
45635  -8.834  -36.328  91.477 0.0000000000
54363  -9.641  -29.382  93.981 0.0000000000
53213  -9.122  -29.714  94.335 0.0000000000
52172  -8.823  -30.684  93.961 0.0000000000
49844  -6.944  -32.494  96.572 0.0000000000
48779  -6.897  -33.440  96.315 0.0000000000
47679  -7.023  -34.550  95.480 0.0000000000
47683  -7.486  -34.900  94.756 0.0000000000
45606  -6.885  -36.732  95.745 0.0000000000
45593  -7.239  -37.172  96.772 0.0000000000
64620  -34.511  -18.631  81.817 0.0000000000
65770  -34.717  -18.657  82.670 0.0000000000
66953  -33.258  -17.503  81.541 0.0000000000
69376  -33.217  -16.217  78.397 0.0000000000
69361  -33.194  -15.857  78.967 0.0000000000
70470  -33.496  -15.643  79.302 0.0000000000
70453  -33.738  -15.751  80.134 0.0000000000
70454  -34.631  -15.865  80.220 0.0000000000
69362  -34.662  -15.807  79.623 0.0000000000
69363  -35.251  -15.885  79.394 0.0000000000
69364  -35.898  -15.972  79.059 0.0000000000
69391  -35.555  -16.450  77.617 0.0000000000
68284  -34.320  -16.687  73.254 0.0000000000
68309  -34.055  -16.767  72.744 0.0000000000
67042  -34.887  -16.996  72.961 0.0000000000
67061  -35.177  -17.468  72.476 0.0000000000
65920  -34.409  -18.796  70.416 0.0000000000
54419  -22.342  -28.756  89.571 0.0000000000
53265  -25.385  -29.958  91.184 0.0000000000
53456  -25.240  -29.529  80.148 0.0000000000
53391  -27.586  -29.504  84.421 0.0000000000
53480  -30.360  -29.171  79.350 0.0000000000
53439  -30.244  -29.068  81.045 0.0000000000
54489  -30.117  -29.512  86.241 0.0000000000
54500  -13.977  -27.956  85.389 0.0000000000
54515  -13.720  -28.446  84.729 0.0000000000
54499  -13.438  -28.481  85.435 0.0000000000
53372  -12.968  -29.043  85.535 0.0000000000
53371  -12.649  -29.670  85.677 0.0000000000
54480  -12.785  -28.862  86.827 0.0000000000
54437  -12.803  -28.441  88.231 0.0000000000
56529  -16.609  -26.627  92.518 0.0000000000
65962  -40.032  -19.161  67.143 0.0000000000
67139  -41.697  -18.224  68.756 0.0000000000
67122  -42.151  -18.023  69.404 0.0000000000
69516  -44.666  -15.618  69.073 0.0000000000
68369  -44.321  -16.345  69.285 0.0000000000
69502  -44.851  -15.798  70.112 0.0000000000
69503  -45.126  -15.730  70.783 0.0000000000
69480  -44.977  -15.561  72.006 0.0000000000
70565  -44.673  -14.955  72.659 0.0000000000
71721  -45.293  -14.233  72.638 0.0000000000
74198  -46.708  -11.923  66.611 0.0000000000
74189  -46.772  -11.836  67.606 0.0000000000
74178  -46.820  -11.735  68.682 0.0000000000
80679  -46.876  -5.617  58.939 0.0000000000
79604  -47.452  -6.623  58.730 0.0000000000
78539  -47.935  -7.177  58.896 0.0000000000
78586  -51.325  -6.704  56.604 0.0000000000
79624  -51.409  -6.480  55.734 0.0000000000
79633  -51.650  -5.959  55.385 0.0000000000
78617  -51.325  -6.842  53.544 0.0000000000
79656  -51.680  -6.241  54.100 0.0000000000
80734  -54.060  -5.230  54.225 0.0000000000
78643  -54.602  -6.935  51.174 0.0000000000
79690  -55.030  -6.932  51.609 0.0000000000
62428  -35.881  -21.672  78.672 0.0000000000
63542  -35.862  -21.230  77.971 0.0000000000
63570  -33.316  -20.236  75.422 0.0000000000
56751  -18.582  -26.463  81.329 0.0000000000
55619  -20.648  -27.235  81.744 0.0000000000
55620  -21.176  -27.512  81.271 0.0000000000
55621  -21.863  -28.091  81.296 0.0000000000
56875  -33.228  -26.510  75.437 0.0000000000
56858  -33.588  -26.423  76.445 0.0000000000
57970  -34.150  -25.848  76.178 0.0000000000
56859  -34.119  -26.101  76.804 0.0000000000
56809  -36.527  -26.373  79.263 0.0000000000
57939  -36.187  -25.403  78.844 0.0000000000
59073  -36.171  -24.361  78.687 0.0000000000
59085  -35.894  -24.159  78.134 0.0000000000
68263  -37.625  -16.886  74.533 0.0000000000
68264  -38.605  -16.873  74.401 0.0000000000
68290  -40.089  -17.052  73.379 0.0000000000
68291  -40.996  -16.705  73.200 0.0000000000
75505  -47.085  -10.390  61.300 0.0000000000
74282  -47.742  -11.106  61.521 0.0000000000
75506  -48.010  -10.272  61.228 0.0000000000
75508  -49.069  -10.326  61.806 0.0000000000
76553  -49.738  -10.097  62.433 0.0000000000
77549  -49.003  -8.584  61.486 0.0000000000
76571  -49.914  -9.570  62.055 0.0000000000
76536  -50.689  -9.448  64.419 0.0000000000
77514  -51.388  -8.881  64.413 0.0000000000
80635  -52.315  -6.095  60.810 0.0000000000
81748  -52.307  -5.003  59.027 0.0000000000
82766  -51.976  -4.654  59.117 0.0000000000
48892  -9.871  -33.219  87.164 0.0000000000
48891  -9.551  -33.886  87.110 0.0000000000
48864  -9.446  -33.614  88.667 0.0000000000
48850  -9.321  -33.619  89.707 0.0000000000
65821  -33.430  -18.041  78.192 0.0000000000
66986  -33.427  -17.603  78.260 0.0000000000
66975  -33.457  -17.299  78.290 0.0000000000
68203  -33.424  -17.133  77.945 0.0000000000
68220  -32.370  -17.342  76.094 0.0000000000
69387  -33.443  -16.857  77.668 0.0000000000
69388  -33.587  -16.498  77.609 0.0000000000
69406  -34.018  -16.516  76.713 0.0000000000
69464  -32.189  -16.059  73.924 0.0000000000
68282  -32.586  -16.184  73.688 0.0000000000
68283  -33.272  -16.368  73.666 0.0000000000
67075  -32.353  -17.315  71.102 0.0000000000
54421  -23.942  -29.151  88.996 0.0000000000
53301  -24.655  -29.355  89.381 0.0000000000
53266  -26.532  -30.209  91.341 0.0000000000
53436  -27.700  -29.640  81.337 0.0000000000
54569  -31.360  -28.490  81.025 0.0000000000
54556  -32.020  -28.383  82.060 0.0000000000
54508  -32.429  -28.921  85.238 0.0000000000
55510  -34.192  -29.354  86.282 0.0000000000
54451  -34.102  -29.667  87.169 0.0000000000
55565  -14.900  -27.430  84.821 0.0000000000
55549  -14.571  -27.504  85.428 0.0000000000
56616  -14.461  -27.041  87.355 0.0000000000
56598  -14.693  -26.900  88.256 0.0000000000
56583  -16.660  -26.582  89.696 0.0000000000
56565  -16.942  -26.604  90.775 0.0000000000
56546  -17.168  -26.738  91.711 0.0000000000
67200  -42.473  -18.014  66.166 0.0000000000
67181  -42.610  -17.830  66.822 0.0000000000
68398  -43.581  -16.546  67.409 0.0000000000
69528  -44.007  -15.999  67.797 0.0000000000
69557  -43.970  -15.516  66.731 0.0000000000
76617  -45.555  -8.761  56.529 0.0000000000
76619  -46.437  -8.830  56.888 0.0000000000
77622  -45.871  -8.679  56.090 0.0000000000
77632  -46.369  -8.370  55.480 0.0000000000
78641  -52.846  -7.106  51.883 0.0000000000
78642  -53.890  -6.843  51.380 0.0000000000
79703  -52.231  -6.845  50.226 0.0000000000
53295  -11.584  -29.684  89.336 0.0000000000
52232  -10.889  -30.388  89.774 0.0000000000
53275  -11.081  -29.801  90.334 0.0000000000
53257  -10.897  -29.422  91.448 0.0000000000
54347  -9.665  -29.003  94.477 0.0000000000
63475  -35.353  -19.962  81.855 0.0000000000
65808  -34.202  -18.242  78.954 0.0000000000
63511  -35.643  -20.192  79.339 0.0000000000
63510  -35.429  -19.902  79.078 0.0000000000
64693  -34.570  -19.655  77.247 0.0000000000
64676  -34.925  -19.551  78.186 0.0000000000
64661  -35.212  -19.524  79.218 0.0000000000
65836  -32.795  -18.165  77.316 0.0000000000
67008  -31.769  -18.062  76.491 0.0000000000
65850  -31.392  -18.230  76.020 0.0000000000
67007  -31.458  -17.980  76.099 0.0000000000
67015  -31.172  -17.903  75.051 0.0000000000
55506  -19.948  -28.032  87.396 0.0000000000
55507  -20.839  -28.310  87.074 0.0000000000
54460  -22.442  -28.783  87.503 0.0000000000
55568  -20.781  -27.490  84.415 0.0000000000
55587  -20.954  -27.338  83.536 0.0000000000
55531  -21.732  -28.192  85.944 0.0000000000
54461  -23.300  -28.962  87.287 0.0000000000
53359  -25.028  -29.405  87.045 0.0000000000
53360  -25.698  -29.304  86.902 0.0000000000
53340  -27.110  -29.536  87.384 0.0000000000
54621  -30.502  -28.677  77.147 0.0000000000
53494  -30.739  -28.830  78.491 0.0000000000
54586  -31.894  -28.517  80.120 0.0000000000
55705  -32.549  -27.632  77.411 0.0000000000
54602  -32.419  -28.307  79.399 0.0000000000
54571  -32.750  -28.366  81.315 0.0000000000
55574  -36.025  -28.172  84.469 0.0000000000
56671  -36.398  -28.092  84.824 0.0000000000
56697  -36.625  -27.842  84.433 0.0000000000
55576  -37.781  -27.554  83.726 0.0000000000
56699  -38.349  -27.338  84.187 0.0000000000
57853  -38.823  -25.521  83.680 0.0000000000
56810  -37.101  -26.365  79.588 0.0000000000
57906  -37.938  -25.959  80.740 0.0000000000
56765  -38.258  -26.201  81.298 0.0000000000
57891  -37.419  -24.634  81.127 0.0000000000
57892  -38.031  -25.160  81.426 0.0000000000
57882  -38.363  -25.434  82.133 0.0000000000
57870  -38.445  -25.327  82.870 0.0000000000
59011  -38.114  -24.907  83.100 0.0000000000
58977  -38.551  -24.654  84.558 0.0000000000
60098  -36.858  -23.359  84.101 0.0000000000
54549  -15.210  -28.453  81.844 0.0000000000
54533  -15.701  -27.761  83.023 0.0000000000
55585  -16.401  -27.183  83.351 0.0000000000
56706  -16.423  -26.931  83.960 0.0000000000
71614  -38.722  -13.751  80.974 0.0000000000
70491  -38.973  -14.494  78.734 0.0000000000
71628  -40.637  -13.840  79.749 0.0000000000
69413  -40.385  -15.582  76.701 0.0000000000
69396  -41.070  -15.426  77.068 0.0000000000
69395  -40.702  -15.391  77.103 0.0000000000
70494  -41.808  -14.736  78.199 0.0000000000
71658  -42.203  -14.554  78.178 0.0000000000
71836  -44.766  -13.926  63.169 0.0000000000
70675  -45.003  -14.229  64.563 0.0000000000
73007  -45.818  -13.276  64.848 0.0000000000
73000  -46.297  -12.691  65.311 0.0000000000
74239  -46.847  -12.527  64.048 0.0000000000
74226  -46.855  -12.326  64.800 0.0000000000
74208  -46.753  -12.084  65.679 0.0000000000
75433  -47.883  -10.827  67.064 0.0000000000
74261  -48.380  -11.299  62.077 0.0000000000
75471  -48.748  -11.214  63.611 0.0000000000
75458  -48.226  -11.108  64.907 0.0000000000
75459  -49.261  -10.492  65.184 0.0000000000
42604  -7.007  -38.935  92.539 0.0000000000
64845  -37.098  -20.043  68.363 0.0000000000
64879  -38.421  -19.839  65.924 0.0000000000
65961  -39.159  -19.505  66.581 0.0000000000
65984  -40.838  -19.044  66.361 0.0000000000
66007  -41.385  -18.790  65.729 0.0000000000
66026  -39.740  -18.914  64.106 0.0000000000
67216  -41.754  -18.268  64.778 0.0000000000
68435  -42.473  -17.883  65.113 0.0000000000
69584  -42.717  -16.683  64.019 0.0000000000
69596  -42.114  -16.640  63.180 0.0000000000
69598  -43.405  -15.766  64.203 0.0000000000
70686  -43.579  -15.290  63.481 0.0000000000
70703  -43.837  -14.622  62.484 0.0000000000
70704  -44.397  -14.123  62.702 0.0000000000
73027  -44.588  -13.288  62.017 0.0000000000
73048  -45.044  -12.624  61.601 0.0000000000
74280  -45.542  -11.525  61.421 0.0000000000
75516  -41.073  -10.054  60.838 0.0000000000
75517  -41.957  -10.076  60.803 0.0000000000
75518  -42.752  -10.111  60.945 0.0000000000
75520  -44.052  -10.357  61.004 0.0000000000
76566  -45.603  -9.460  61.306 0.0000000000
77546  -46.112  -8.560  61.394 0.0000000000
78498  -45.690  -7.720  61.313 0.0000000000
78499  -46.576  -7.692  61.365 0.0000000000
79552  -46.976  -6.873  61.305 0.0000000000
79576  -47.176  -6.299  61.148 0.0000000000
80650  -47.240  -5.582  60.874 0.0000000000
80651  -48.138  -4.960  60.980 0.0000000000
81727  -46.429  -4.951  60.296 0.0000000000
81743  -45.801  -4.924  59.606 0.0000000000
80678  -45.901  -5.746  59.018 0.0000000000
79601  -45.204  -7.486  59.238 0.0000000000
79602  -45.718  -6.947  58.944 0.0000000000
77620  -44.262  -8.270  56.627 0.0000000000
76608  -45.253  -8.784  56.741 0.0000000000
78581  -44.505  -7.916  56.113 0.0000000000
52231  -10.535  -30.795  90.093 0.0000000000
51067  -10.042  -31.573  90.412 0.0000000000
52199  -9.600  -30.986  91.790 0.0000000000
52215  -9.767  -31.245  91.346 0.0000000000
51066  -9.750  -31.936  90.847 0.0000000000
49884  -9.532  -32.452  91.087 0.0000000000
48818  -9.342  -32.903  91.312 0.0000000000
48817  -9.217  -33.526  91.489 0.0000000000
52157  -7.603  -30.590  96.277 0.0000000000
51005  -7.836  -31.218  95.146 0.0000000000
51011  -8.272  -31.594  94.439 0.0000000000
49847  -6.954  -32.520  95.951 0.0000000000
49853  -7.962  -32.550  94.556 0.0000000000
49854  -8.477  -32.531  93.794 0.0000000000
48795  -8.738  -33.432  93.301 0.0000000000
48805  -9.014  -33.568  92.435 0.0000000000
47703  -9.094  -34.501  91.874 0.0000000000
46671  -8.933  -35.443  92.220 0.0000000000
46658  -7.799  -35.621  94.224 0.0000000000
43610  -7.132  -38.606  93.982 0.0000000000
72699  -37.972  -13.762  83.756 0.0000000000
71576  -37.891  -13.630  83.296 0.0000000000
64581  -35.395  -19.696  85.391 0.0000000000
65758  -34.746  -18.291  83.206 0.0000000000
66965  -33.420  -17.225  79.915 0.0000000000
66952  -32.988  -17.395  80.899 0.0000000000
66935  -33.137  -16.981  81.755 0.0000000000
68173  -32.863  -16.492  81.190 0.0000000000
68160  -33.069  -16.314  82.019 0.0000000000
69309  -35.203  -16.324  83.507 0.0000000000
70412  -35.867  -15.376  83.374 0.0000000000
70425  -36.346  -14.775  82.685 0.0000000000
70439  -35.097  -15.756  81.251 0.0000000000
71612  -37.180  -14.021  81.609 0.0000000000
70457  -37.698  -14.127  80.504 0.0000000000
70489  -36.969  -15.586  78.150 0.0000000000
70510  -37.553  -15.391  77.645 0.0000000000
69393  -37.264  -15.826  77.176 0.0000000000
69433  -37.352  -16.367  76.200 0.0000000000
68239  -37.206  -16.722  75.510 0.0000000000
69431  -35.044  -16.656  75.834 0.0000000000
69432  -35.761  -16.746  75.761 0.0000000000
68260  -34.874  -16.647  74.273 0.0000000000
68237  -35.331  -16.696  75.094 0.0000000000
68238  -36.185  -16.831  75.226 0.0000000000
67045  -37.424  -17.527  73.181 0.0000000000
67079  -36.524  -17.987  71.791 0.0000000000
65907  -37.000  -18.326  71.164 0.0000000000
68280  -29.866  -17.609  72.868 0.0000000000
69473  -30.430  -17.062  72.444 0.0000000000
68305  -30.404  -16.932  72.089 0.0000000000
68326  -30.546  -16.844  71.396 0.0000000000
68348  -31.303  -16.985  70.783 0.0000000000
67074  -31.812  -17.125  70.926 0.0000000000
67099  -32.246  -17.951  70.581 0.0000000000
67117  -31.170  -18.332  69.791 0.0000000000
65917  -31.852  -18.398  70.081 0.0000000000
65918  -32.626  -18.493  70.251 0.0000000000
65919  -33.433  -18.728  70.219 0.0000000000
64808  -33.483  -19.066  69.875 0.0000000000
64810  -34.613  -19.346  69.968 0.0000000000
64841  -33.564  -20.233  68.799 0.0000000000
64823  -34.138  -19.772  69.501 0.0000000000
64824  -35.153  -19.796  69.521 0.0000000000
64825  -35.980  -19.853  69.274 0.0000000000
64844  -36.309  -20.287  68.634 0.0000000000
55486  -19.764  -27.938  89.711 0.0000000000
54418  -21.516  -28.522  90.023 0.0000000000
54407  -23.726  -29.077  89.756 0.0000000000
54398  -23.709  -29.080  90.458 0.0000000000
55642  -21.697  -28.108  80.444 0.0000000000
54551  -22.354  -28.513  81.780 0.0000000000
54552  -23.025  -28.883  82.293 0.0000000000
54538  -25.301  -29.589  84.472 0.0000000000
54520  -25.464  -29.629  85.000 0.0000000000
53479  -29.621  -29.463  79.373 0.0000000000
53478  -28.779  -29.616  79.379 0.0000000000
53459  -28.229  -29.652  80.340 0.0000000000
53422  -30.636  -28.799  81.810 0.0000000000
53421  -29.987  -29.184  81.982 0.0000000000
54539  -30.502  -28.860  83.073 0.0000000000
53420  -29.171  -29.362  82.173 0.0000000000
53419  -28.227  -29.500  82.296 0.0000000000
53404  -27.868  -29.504  83.358 0.0000000000
53363  -28.153  -29.694  86.314 0.0000000000
53341  -28.083  -29.707  87.365 0.0000000000
54427  -30.184  -29.830  88.912 0.0000000000
53304  -30.184  -29.973  89.472 0.0000000000
54449  -32.547  -29.476  87.623 0.0000000000
49949  -10.702  -32.283  86.114 0.0000000000
52271  -11.379  -30.654  87.617 0.0000000000
53399  -13.546  -29.378  83.449 0.0000000000
52299  -12.201  -30.370  85.765 0.0000000000
53331  -11.787  -30.084  87.934 0.0000000000
53313  -11.487  -30.180  88.551 0.0000000000
54403  -11.809  -28.906  90.432 0.0000000000
57744  -15.455  -26.365  91.662 0.0000000000
65937  -38.689  -18.777  69.364 0.0000000000
67119  -39.600  -17.867  69.800 0.0000000000
67137  -40.096  -18.011  69.174 0.0000000000
67120  -40.590  -17.758  69.838 0.0000000000
67103  -40.128  -17.477  70.418 0.0000000000
68332  -41.583  -16.644  71.397 0.0000000000
69477  -41.946  -16.028  72.021 0.0000000000
67161  -42.852  -17.627  67.755 0.0000000000
67140  -42.529  -17.919  68.641 0.0000000000
68367  -42.868  -17.567  69.628 0.0000000000
68353  -43.369  -17.084  70.387 0.0000000000
68334  -42.948  -16.609  71.077 0.0000000000
69489  -42.550  -16.213  71.662 0.0000000000
70563  -43.023  -15.219  73.274 0.0000000000
70555  -43.337  -14.299  73.444 0.0000000000
71705  -43.366  -13.837  73.838 0.0000000000
71720  -44.396  -14.116  73.130 0.0000000000
72876  -43.899  -13.559  73.907 0.0000000000
71822  -45.272  -13.946  65.302 0.0000000000
71806  -45.354  -13.752  66.389 0.0000000000
71790  -45.425  -13.653  67.388 0.0000000000
71774  -45.505  -13.611  68.344 0.0000000000
71760  -45.534  -13.678  69.272 0.0000000000
72922  -45.880  -13.193  70.895 0.0000000000
72902  -45.930  -13.265  71.668 0.0000000000
81728  -47.568  -4.580  60.410 0.0000000000
81729  -49.082  -4.223  60.591 0.0000000000
82755  -49.479  -3.766  60.025 0.0000000000
81758  -48.437  -4.613  59.149 0.0000000000
82763  -49.792  -3.779  59.668 0.0000000000
82764  -50.523  -3.882  59.432 0.0000000000
82771  -51.151  -4.221  58.967 0.0000000000
82772  -51.962  -4.510  58.837 0.0000000000
77599  -48.065  -8.227  58.099 0.0000000000
77586  -48.647  -7.492  58.587 0.0000000000
77601  -49.189  -7.685  57.643 0.0000000000
79606  -49.501  -6.384  58.635 0.0000000000
80683  -50.949  -5.121  58.573 0.0000000000
82779  -52.522  -3.906  58.597 0.0000000000
81770  -52.969  -3.834  58.183 0.0000000000
80684  -53.233  -4.001  57.776 0.0000000000
80696  -53.206  -5.369  57.412 0.0000000000
80697  -53.891  -5.844  57.222 0.0000000000
78609  -49.412  -7.510  54.290 0.0000000000
79642  -50.808  -6.758  54.906 0.0000000000
80718  -51.833  -5.239  54.734 0.0000000000
81781  -52.155  -4.694  54.937 0.0000000000
43583  -7.289  -38.233  96.328 0.0000000000
43618  -7.048  -38.689  93.163 0.0000000000
44566  -7.245  -37.520  96.692 0.0000000000
44576  -7.094  -37.779  96.492 0.0000000000
46662  -8.844  -35.254  93.014 0.0000000000
47723  -9.032  -34.303  89.583 0.0000000000
48876  -9.635  -33.360  87.906 0.0000000000
48877  -9.884  -32.921  87.713 0.0000000000
49848  -7.457  -32.529  95.272 0.0000000000
49861  -9.081  -32.022  92.435 0.0000000000
51010  -7.689  -31.848  95.014 0.0000000000
51052  -9.569  -31.722  91.466 0.0000000000
51053  -9.846  -31.460  91.041 0.0000000000
52162  -7.850  -30.597  95.600 0.0000000000
52173  -9.214  -30.154  93.672 0.0000000000
52185  -9.921  -30.020  92.471 0.0000000000
52260  -10.639  -31.138  88.890 0.0000000000
52272  -11.827  -30.268  87.354 0.0000000000
53202  -7.889  -30.124  95.954 0.0000000000
53212  -8.673  -30.159  94.672 0.0000000000
53226  -9.597  -29.760  93.558 0.0000000000
53242  -10.871  -29.211  92.011 0.0000000000
53256  -10.487  -30.028  91.282 0.0000000000
53269  -29.537  -30.380  90.747 0.0000000000
53376  -25.793  -29.576  85.244 0.0000000000
53386  -12.780  -29.580  84.997 0.0000000000
53441  -31.457  -28.554  80.617 0.0000000000
53508  -30.470  -28.882  77.827 0.0000000000
54442  -24.556  -29.236  88.398 0.0000000000
54458  -13.006  -28.394  87.412 0.0000000000
54505  -26.047  -29.395  85.959 0.0000000000
55550  -15.098  -27.033  85.494 0.0000000000
55571  -34.104  -28.471  85.216 0.0000000000
55575  -37.378  -27.622  83.849 0.0000000000
55595  -38.689  -27.110  82.962 0.0000000000
55629  -38.262  -27.006  81.490 0.0000000000
55630  -38.426  -26.917  81.970 0.0000000000
55652  -37.912  -27.256  81.125 0.0000000000
56544  -14.722  -26.450  91.290 0.0000000000
56635  -16.294  -26.654  86.502 0.0000000000
56711  -20.436  -27.030  83.294 0.0000000000
56722  -37.162  -27.662  83.911 0.0000000000
56732  -20.243  -26.997  82.592 0.0000000000
56753  -20.139  -26.906  81.561 0.0000000000
57728  -15.815  -26.448  92.529 0.0000000000
57893  -38.389  -25.843  81.768 0.0000000000
60097  -36.532  -22.995  83.674 0.0000000000
60143  -36.687  -23.525  81.767 0.0000000000
64647  -35.480  -19.845  80.228 0.0000000000
64722  -32.314  -20.023  75.537 0.0000000000
64809  -33.868  -19.171  69.921 0.0000000000
64858  -35.904  -20.729  68.268 0.0000000000
65933  -32.884  -18.856  69.917 0.0000000000
65934  -35.755  -19.538  69.749 0.0000000000
65949  -40.823  -18.517  68.303 0.0000000000
66005  -39.900  -19.213  64.969 0.0000000000
66027  -40.420  -18.821  64.428 0.0000000000
66998  -31.849  -17.935  76.452 0.0000000000
67041  -34.515  -16.840  72.878 0.0000000000
67059  -33.790  -16.961  72.238 0.0000000000
67159  -41.300  -18.441  68.257 0.0000000000
67198  -41.447  -18.572  65.112 0.0000000000
67199  -42.115  -18.291  65.523 0.0000000000
68329  -33.293  -16.879  72.036 0.0000000000
68333  -42.231  -16.557  71.140 0.0000000000
68397  -43.291  -17.019  67.829 0.0000000000
68445  -40.549  -17.970  63.306 0.0000000000
69333  -32.980  -15.842  81.601 0.0000000000
69345  -34.753  -15.850  79.919 0.0000000000
69359  -33.133  -16.498  78.861 0.0000000000
69410  -37.592  -15.910  76.597 0.0000000000
69439  -42.566  -15.186  75.218 0.0000000000
69451  -41.019  -16.247  74.686 0.0000000000
69481  -45.295  -15.251  71.702 0.0000000000
69492  -45.238  -15.524  71.291 0.0000000000
69556  -43.823  -15.749  66.164 0.0000000000
69585  -43.183  -16.234  64.366 0.0000000000
70413  -36.434  -14.757  83.572 0.0000000000
70426  -36.752  -14.347  82.478 0.0000000000
70469  -33.116  -15.787  79.366 0.0000000000
70471  -34.091  -15.712  79.527 0.0000000000
70513  -40.648  -15.209  77.545 0.0000000000
70566  -45.351  -14.895  72.069 0.0000000000
70591  -45.061  -15.327  70.097 0.0000000000
70643  -43.991  -15.338  66.114 0.0000000000
71557  -36.945  -14.134  84.224 0.0000000000
71587  -36.608  -14.448  83.323 0.0000000000
71589  -37.495  -13.827  82.842 0.0000000000
71625  -38.175  -13.909  80.456 0.0000000000
71626  -38.854  -13.835  80.078 0.0000000000
71659  -42.782  -14.259  77.689 0.0000000000
71691  -43.015  -13.929  74.966 0.0000000000
71692  -43.170  -13.640  74.434 0.0000000000
71706  -43.975  -13.801  73.601 0.0000000000
71829  -44.850  -14.116  63.875 0.0000000000
71837  -45.239  -13.653  63.479 0.0000000000
71853  -44.059  -13.749  62.037 0.0000000000
71854  -44.744  -13.653  62.598 0.0000000000
72687  -37.992  -13.861  83.969 0.0000000000
73026  -44.155  -13.318  61.799 0.0000000000
74250  -48.361  -11.699  62.939 0.0000000000
74283  -48.364  -10.768  61.595 0.0000000000
75489  -49.242  -10.478  62.223 0.0000000000
75507  -48.704  -10.232  61.560 0.0000000000
75519  -43.491  -10.248  60.997 0.0000000000
76554  -50.260  -9.557  62.550 0.0000000000
76568  -47.525  -9.431  61.289 0.0000000000
76610  -46.136  -8.903  57.104 0.0000000000
76618  -46.069  -8.860  56.649 0.0000000000
77585  -48.261  -7.675  58.610 0.0000000000
77610  -45.883  -8.866  57.589 0.0000000000
77621  -45.057  -8.379  56.267 0.0000000000
77626  -49.571  -7.532  56.630 0.0000000000
78520  -44.512  -8.168  60.749 0.0000000000
78521  -45.141  -7.542  61.042 0.0000000000
78540  -48.422  -7.183  58.809 0.0000000000
78554  -47.577  -7.653  58.585 0.0000000000
78555  -49.029  -7.177  58.640 0.0000000000
78570  -51.439  -6.489  56.832 0.0000000000
79551  -46.265  -7.045  61.303 0.0000000000
79589  -44.575  -7.572  60.004 0.0000000000
79591  -47.956  -6.766  58.906 0.0000000000
79592  -48.177  -6.903  58.912 0.0000000000
79615  -51.004  -6.166  57.790 0.0000000000
80630  -47.883  -5.527  61.271 0.0000000000
80648  -45.455  -6.367  60.301 0.0000000000
80653  -51.642  -5.124  60.304 0.0000000000
80664  -44.996  -7.387  60.104 0.0000000000
80667  -45.588  -5.734  59.550 0.0000000000
80675  -44.955  -7.441  59.859 0.0000000000
81726  -45.732  -5.480  60.104 0.0000000000
81733  -52.464  -5.327  59.600 0.0000000000
81746  -49.125  -4.003  59.586 0.0000000000
81747  -49.868  -3.986  59.226 0.0000000000
81761  -51.463  -4.751  58.692 0.0000000000
81769  -52.211  -4.383  58.245 0.0000000000
81789  -52.860  -4.006  54.391 0.0000000000
81804  -53.423  -4.107  53.884 0.0000000000
82758  -51.556  -4.352  59.775 0.0000000000
82792  -53.704  -3.797  54.953 0.0000000000
82814  -53.840  -3.747  54.048 0.0000000000
