#!ascii label  , from subject 4059 vox2ras=TkReg
904
81767  19.068  -5.812  11.989 0.2500000000
80785  19.909  -6.241  11.388 0.2500000000
79772  20.764  -6.970  11.010 0.7500000000
85020  18.285  -2.713  11.337 0.2500000000
83925  18.553  -3.690  11.623 0.1250000000
85019  18.540  -2.959  11.036 0.3750000000
82820  18.613  -4.371  11.288 0.2500000000
81779  18.701  -5.217  11.648 0.2500000000
81777  19.868  -5.631  11.021 0.7500000000
81778  19.308  -5.625  11.454 0.3750000000
80797  20.545  -6.279  10.649 0.8750000000
79771  21.248  -7.172  10.521 0.8750000000
83936  18.840  -3.816  10.603 0.3750000000
82833  18.935  -4.565  10.747 0.3750000000
82831  20.102  -4.673  9.861 0.8750000000
81789  19.366  -5.071  10.818 0.7500000000
81798  21.070  -5.672  9.129 1.0000000000
81788  20.071  -5.176  10.440 0.8750000000
80806  22.084  -6.691  9.043 1.0000000000
80808  20.855  -6.233  9.911 0.8750000000
79783  22.473  -7.284  9.279 1.0000000000
85036  18.246  -2.364  10.698 0.2500000000
83935  19.266  -3.308  10.029 0.7500000000
83944  19.832  -3.667  9.598 0.8750000000
82841  19.916  -4.232  9.714 0.8750000000
82832  19.465  -4.345  10.166 0.7500000000
81823  20.996  -5.764  7.697 1.0000000000
81809  20.898  -5.342  8.989 1.0000000000
82853  20.787  -4.748  8.798 1.0000000000
79803  21.792  -7.243  7.223 1.0000000000
80832  21.269  -6.576  7.617 1.0000000000
78720  22.462  -7.726  8.034 1.0000000000
86099  17.399  -2.040  11.587 0.1250000000
85035  18.713  -2.791  10.603 0.6250000000
83943  20.349  -3.232  9.167 1.0000000000
85034  19.191  -2.576  10.008 0.8750000000
82840  20.379  -4.221  9.334 1.0000000000
80844  21.752  -6.026  6.693 1.0000000000
82867  20.486  -5.326  7.111 1.0000000000
82852  21.203  -4.306  8.139 1.0000000000
80843  22.362  -6.339  6.700 1.0000000000
79804  21.252  -6.561  6.818 1.0000000000
79813  25.010  -7.087  6.602 1.0000000000
78742  23.421  -7.815  6.929 1.0000000000
90294  17.346  1.858  10.588 0.2500000000
86122  17.749  -1.998  10.719 0.2500000000
87166  18.156  -1.125  10.442 0.3750000000
86121  18.562  -1.870  10.252 0.5000000000
86156  19.821  -1.711  9.049 1.0000000000
86139  19.007  -1.502  9.852 0.6250000000
85047  19.844  -2.652  9.388 1.0000000000
83967  21.148  -3.460  7.926 1.0000000000
85057  20.443  -2.626  8.675 1.0000000000
81851  22.603  -5.219  6.434 1.0000000000
82880  21.586  -4.746  6.860 1.0000000000
83966  21.600  -3.534  7.555 1.0000000000
82892  22.916  -4.631  6.464 1.0000000000
80841  24.381  -6.431  6.411 1.0000000000
81849  24.268  -5.079  6.296 1.0000000000
80854  24.842  -5.693  6.126 1.0000000000
89255  18.129  0.831  9.698 0.5000000000
89256  17.591  0.980  10.404 0.3750000000
88240  17.872  0.415  10.255 0.3750000000
88239  18.289  -0.135  10.007 0.5000000000
87202  18.932  -0.227  9.122 0.5000000000
87201  19.620  -0.757  8.677 0.8750000000
87200  20.241  -1.343  8.387 1.0000000000
87220  20.571  -0.685  7.559 1.0000000000
85067  21.537  -2.758  7.415 1.0000000000
86170  20.674  -1.852  7.865 1.0000000000
83980  22.951  -3.429  7.062 1.0000000000
83981  22.344  -3.125  7.153 1.0000000000
83993  23.968  -3.472  6.670 1.0000000000
82891  23.722  -4.458  6.487 1.0000000000
81848  24.928  -5.086  6.672 0.8750000000
90293  17.943  1.746  9.766 0.5000000000
88261  18.686  0.518  8.988 0.6250000000
88279  19.797  0.622  7.427 0.6250000000
87221  19.850  -0.133  7.782 1.0000000000
86195  23.498  -1.518  5.577 1.0000000000
86181  22.595  -1.807  6.142 1.0000000000
86182  21.803  -1.563  6.595 1.0000000000
85092  23.821  -2.452  6.152 1.0000000000
85077  23.293  -2.684  6.611 1.0000000000
85078  22.742  -2.619  6.682 1.0000000000
85091  24.675  -2.607  6.125 0.8750000000
83992  24.894  -3.580  6.587 0.8750000000
89273  18.571  1.431  8.941 0.5000000000
89272  19.200  1.045  8.157 0.8750000000
88292  21.316  0.459  6.188 1.0000000000
87235  20.734  -0.043  6.690 1.0000000000
87250  22.552  -0.181  5.546 1.0000000000
87219  21.229  -1.320  7.161 1.0000000000
87249  23.471  -0.373  5.370 1.0000000000
86193  25.295  -1.698  5.964 1.0000000000
86194  24.460  -1.654  5.628 1.0000000000
87247  25.042  -0.743  5.716 1.0000000000
90303  19.152  1.997  8.179 0.5000000000
88294  20.142  1.119  7.028 1.0000000000
89331  21.704  1.766  5.101 1.0000000000
88306  21.879  1.032  5.518 1.0000000000
90337  23.814  2.262  5.353 1.0000000000
89329  23.233  1.727  5.093 1.0000000000
89310  24.431  1.504  6.167 1.0000000000
89328  23.945  1.504  5.490 1.0000000000
88304  23.375  0.652  5.268 1.0000000000
88302  24.840  0.043  5.627 1.0000000000
88303  24.224  0.502  5.542 1.0000000000
93484  20.499  5.579  5.558 1.0000000000
92432  19.972  5.162  6.483 0.3750000000
92443  20.967  4.850  4.650 0.8750000000
90357  21.926  2.809  4.214 1.0000000000
90338  23.568  2.800  4.867 1.0000000000
89346  22.846  2.433  4.535 1.0000000000
94550  20.426  6.739  5.422 0.8750000000
93493  20.782  5.968  4.589 1.0000000000
92454  21.446  5.421  4.136 1.0000000000
93502  21.966  5.425  3.636 1.0000000000
91378  22.337  3.366  3.618 1.0000000000
91365  23.523  3.739  4.644 1.0000000000
90326  23.942  2.885  5.558 1.0000000000
95554  20.136  7.391  5.685 0.7500000000
93513  22.490  4.848  3.174 1.0000000000
92441  23.437  4.536  4.534 1.0000000000
92452  23.201  4.639  3.575 1.0000000000
91377  23.350  3.940  3.731 1.0000000000
94561  21.632  6.812  3.748 1.0000000000
93500  22.887  5.155  3.956 1.0000000000
99659  20.078  12.238  7.722 0.1250000000
99647  20.145  12.070  8.248 0.1250000000
100682  20.144  12.369  6.183 0.2500000000
101598  19.657  13.030  4.142 0.3750000000
101589  19.775  13.285  5.537 0.2500000000
102389  19.784  14.131  3.477 0.3750000000
102367  20.054  13.755  6.465 0.2500000000
101599  19.290  13.669  4.772 0.2500000000
102380  19.220  14.370  5.095 0.2500000000
103857  19.396  15.636  5.031 0.2500000000
102395  19.499  14.634  3.751 0.2500000000
103871  19.727  15.742  3.826 0.2500000000
103138  19.930  15.191  3.386 0.3750000000
103132  19.317  14.965  4.081 0.2500000000
103863  21.086  16.087  4.572 0.3750000000
104637  20.638  16.441  4.437 0.2500000000
81768  18.611  -5.445  12.381 0.1250000000
81790  18.840  -5.043  11.110 0.2500000000
82821  18.522  -4.286  11.747 0.1250000000
78730  23.898  -8.056  7.639 1.0000000000
88305  22.578  0.830  5.246 1.0000000000
80776  19.063  -6.626  12.902 0.1250000000
79761  20.914  -7.278  11.147 0.6250000000
78697  21.787  -8.411  10.452 0.7500000000
83914  18.605  -3.154  11.943 0.1250000000
78696  22.177  -8.644  10.019 1.0000000000
78706  23.183  -7.846  9.244 1.0000000000
78719  23.663  -7.874  8.647 1.0000000000
78729  24.764  -8.304  7.372 1.0000000000
87167  17.594  -1.179  11.048 0.3750000000
88218  17.547  -0.049  10.945 0.2500000000
80853  25.449  -5.576  6.647 0.8750000000
85090  25.521  -2.706  6.325 0.8750000000
82889  25.164  -4.590  7.059 0.8750000000
93470  19.090  5.340  7.950 0.1250000000
92423  19.465  4.727  7.418 0.1250000000
90304  18.531  2.417  9.092 0.3750000000
90315  19.744  2.547  7.355 0.6250000000
88291  24.827  0.753  6.134 1.0000000000
87232  25.584  -0.700  6.424 0.8750000000
91355  20.028  4.135  6.646 0.8750000000
91351  23.997  3.407  6.330 1.0000000000
91352  23.765  3.578  5.508 1.0000000000
94557  20.781  7.013  4.433 1.0000000000
92430  23.623  4.422  5.448 1.0000000000
95569  20.682  7.922  4.034 0.8750000000
96570  21.404  8.268  3.433 1.0000000000
94556  22.376  6.417  4.653 1.0000000000
93491  23.056  5.244  4.680 1.0000000000
99637  19.872  11.602  9.645 0.1250000000
98546  19.567  11.092  8.327 0.1250000000
99677  19.516  10.804  5.594 0.6250000000
100691  19.935  12.162  4.801 0.6250000000
100696  20.356  12.546  4.297 0.5000000000
100681  20.227  12.576  7.254 0.2500000000
102388  20.510  14.076  3.834 0.5000000000
101578  20.650  13.246  7.525 0.2500000000
102379  19.669  14.388  6.164 0.2500000000
103131  20.224  14.605  3.453 0.5000000000
103129  21.550  15.265  5.133 0.5000000000
103121  19.899  15.552  6.464 0.1250000000
103865  19.529  15.830  4.457 0.2500000000
104630  21.125  17.174  4.915 0.2500000000
105498  21.856  18.434  5.349 0.2500000000
103856  19.720  16.328  5.496 0.1250000000
80775  19.147  -6.350  12.346 0.1250000000
80786  19.499  -6.561  11.897 0.3750000000
79762  20.296  -7.210  11.610 0.5000000000
82810  18.475  -4.746  11.842 0.1250000000
78688  21.257  -7.839  11.314 0.7500000000
80796  21.010  -6.555  10.118 0.8750000000
78708  22.118  -8.319  9.988 1.0000000000
79784  21.939  -7.699  9.870 1.0000000000
80807  21.432  -6.482  9.438 1.0000000000
79794  23.325  -7.436  9.032 1.0000000000
78731  22.774  -7.812  7.417 1.0000000000
86120  18.941  -2.264  10.209 0.8750000000
83955  20.861  -3.638  8.497 1.0000000000
80842  23.234  -6.197  6.568 1.0000000000
82866  21.090  -4.749  7.410 1.0000000000
83954  21.186  -3.744  7.996 1.0000000000
79814  23.954  -7.216  6.701 1.0000000000
78741  24.133  -8.013  6.917 1.0000000000
88217  17.863  -0.630  10.616 0.3750000000
87183  19.300  -1.359  9.424 0.8750000000
85058  20.129  -2.197  8.953 1.0000000000
85068  21.022  -2.878  7.810 1.0000000000
81850  23.367  -5.269  6.319 1.0000000000
82879  22.508  -4.370  6.956 1.0000000000
82865  22.061  -4.165  7.382 1.0000000000
83965  22.266  -3.572  7.311 1.0000000000
83994  23.273  -4.116  6.923 1.0000000000
82890  24.485  -4.384  6.640 1.0000000000
87184  18.832  -0.979  9.697 0.6250000000
88260  19.375  0.207  8.369 0.6250000000
85079  21.970  -2.535  6.903 1.0000000000
86169  21.352  -2.154  7.251 1.0000000000
82888  25.468  -5.072  7.197 0.8750000000
88278  20.133  0.017  7.087 1.0000000000
87234  21.524  -0.513  6.386 1.0000000000
87248  24.288  -0.625  5.438 1.0000000000
86180  23.170  -2.272  6.119 1.0000000000
86196  22.830  -1.016  5.577 1.0000000000
88293  20.505  0.695  6.702 1.0000000000
87251  21.952  0.309  5.717 1.0000000000
87233  22.277  -1.005  6.037 1.0000000000
90314  20.169  1.936  7.005 0.7500000000
89312  20.449  1.543  6.736 1.0000000000
89311  21.224  1.248  6.054 1.0000000000
90327  21.253  2.032  5.926 1.0000000000
89348  21.770  2.221  4.567 1.0000000000
89347  22.171  2.209  4.396 1.0000000000
89330  22.407  1.651  4.944 1.0000000000
91367  21.028  4.040  5.084 1.0000000000
92431  20.542  4.540  5.730 0.7500000000
90339  21.507  2.407  4.970 1.0000000000
90356  22.569  3.033  3.961 1.0000000000
91366  21.428  3.292  4.827 1.0000000000
90355  23.175  3.223  4.116 1.0000000000
92442  21.371  4.038  4.322 1.0000000000
92465  22.026  4.412  2.700 1.0000000000
91392  23.244  4.059  2.648 1.0000000000
90370  22.977  3.510  3.338 1.0000000000
91408  22.243  3.837  1.918 1.0000000000
94560  22.140  6.760  3.826 1.0000000000
92463  22.901  4.511  2.647 1.0000000000
93501  22.361  5.440  3.960 1.0000000000
94568  21.780  7.440  3.602 1.0000000000
94562  21.078  7.258  3.832 1.0000000000
99648  19.812  11.611  8.685 0.1250000000
99660  19.524  11.802  7.378 0.1250000000
100669  20.591  12.541  7.914 0.2500000000
99670  19.858  11.419  5.677 0.5000000000
101597  20.302  13.227  3.891 0.5000000000
100697  20.017  12.288  4.200 0.7500000000
104638  20.311  16.500  4.350 0.2500000000
79763  19.663  -7.194  11.983 0.2500000000
79750  19.451  -7.339  12.402 0.1250000000
78689  20.737  -8.270  11.781 0.6250000000
78707  22.543  -8.443  9.617 1.0000000000
92415  19.004  4.189  8.633 0.5000000000
90329  20.118  3.261  6.805 0.7500000000
90328  20.575  2.505  6.540 0.8750000000
91343  19.553  3.654  7.536 0.8750000000
91354  20.819  3.527  5.982 1.0000000000
95576  20.945  7.974  3.531 1.0000000000
95560  21.996  8.382  4.277 1.0000000000
94549  22.555  6.444  5.458 1.0000000000
98563  19.426  10.967  7.619 0.3750000000
99669  20.333  11.169  4.467 0.7500000000
100690  20.446  11.931  4.645 0.7500000000
104629  22.436  17.446  5.412 0.2500000000
103862  22.273  16.338  5.441 0.3750000000
74132  23.013  -12.927  11.932 0.7500000000
74130  25.007  -12.953  11.946 0.7500000000
74133  22.212  -12.410  12.197 0.7500000000
75306  21.956  -11.923  12.084 0.7500000000
74147  24.318  -12.229  11.594 0.7500000000
74148  23.313  -12.353  11.558 0.7500000000
75323  22.352  -11.604  11.640 0.7500000000
74146  25.258  -12.152  11.500 0.7500000000
75321  24.669  -11.658  11.040 0.7500000000
75322  23.620  -11.557  11.052 0.7500000000
77604  22.007  -9.532  10.820 0.7500000000
77605  21.329  -9.100  11.214 0.6250000000
75334  23.599  -10.798  10.601 0.7500000000
76518  23.162  -10.070  10.345 0.8750000000
76519  22.503  -9.955  10.750 0.8750000000
75320  25.445  -11.519  10.962 0.7500000000
75332  24.967  -11.287  10.582 0.7500000000
75333  24.315  -11.112  10.552 0.7500000000
76529  23.610  -9.794  9.875 0.8750000000
77629  22.817  -9.143  9.630 0.8750000000
76516  25.018  -10.655  10.132 0.7500000000
76528  24.331  -9.848  9.746 0.8750000000
77628  23.501  -9.019  9.316 0.8750000000
76526  25.667  -9.988  9.081 0.7500000000
77627  24.527  -9.306  9.255 0.8750000000
77639  24.647  -8.731  8.824 0.8750000000
77636  26.432  -8.416  8.337 0.8750000000
78717  25.463  -8.265  8.036 0.8750000000
78716  26.139  -8.129  7.979 0.8750000000
78739  25.740  -7.653  6.705 0.8750000000
80805  27.840  -6.581  9.135 0.3750000000
80818  27.589  -6.735  8.134 0.6250000000
79810  27.113  -6.836  7.216 0.7500000000
79812  25.844  -6.904  6.685 0.7500000000
81820  27.007  -5.854  7.623 0.7500000000
81836  26.043  -5.448  7.278 0.7500000000
82850  27.221  -4.546  9.017 0.1250000000
81807  26.911  -4.889  7.975 0.6250000000
81837  26.094  -5.064  7.430 0.6250000000
82878  25.797  -4.614  7.374 0.6250000000
83942  27.628  -3.441  10.240 0.1250000000
83952  27.290  -3.555  9.365 0.1250000000
83953  26.895  -3.639  8.586 0.1250000000
85056  27.152  -2.681  8.803 0.1250000000
85075  26.704  -2.727  7.280 0.6250000000
86178  26.692  -2.054  6.915 0.6250000000
85055  27.485  -2.536  9.624 0.1250000000
86153  27.402  -1.590  9.025 0.1250000000
86167  26.992  -1.687  7.656 0.1250000000
86168  26.605  -1.308  7.164 0.5000000000
86179  26.093  -1.690  6.549 0.6250000000
85045  27.851  -2.443  10.438 0.1250000000
87217  27.071  -0.474  7.564 0.5000000000
87218  26.175  -0.589  7.183 0.5000000000
95562  19.917  8.313  5.386 0.6250000000
96565  19.663  8.845  5.461 0.5000000000
96572  20.097  8.687  4.190 0.7500000000
88276  25.744  0.422  7.065 0.6250000000
89290  24.828  1.518  6.898 0.6250000000
89288  26.189  1.474  7.753 0.5000000000
89289  25.497  1.498  7.347 0.6250000000
90312  25.411  2.441  7.301 0.6250000000
90313  24.730  2.421  6.843 0.7500000000
97555  19.658  9.446  4.223 0.7500000000
93482  23.808  5.160  6.254 0.8750000000
92429  23.827  4.313  6.352 0.8750000000
94547  23.644  5.765  6.234 0.8750000000
90302  26.716  2.496  8.163 0.3750000000
90311  26.139  2.461  7.624 0.5000000000
91340  26.156  3.368  7.424 0.5000000000
91341  25.407  3.331  7.198 0.6250000000
91332  26.699  3.432  8.003 0.2500000000
98599  19.306  9.844  4.434 0.6250000000
98598  19.575  10.092  4.052 0.7500000000
97565  20.663  8.896  3.194 0.8750000000
97554  20.257  9.344  3.526 0.7500000000
96571  21.425  8.725  3.584 0.8750000000
94555  22.618  5.850  5.061 0.8750000000
95551  22.622  6.718  6.040 0.7500000000
94542  23.602  6.372  6.647 0.8750000000
92421  25.299  4.301  7.521 0.6250000000
92422  24.448  4.262  7.043 0.7500000000
92420  25.990  4.074  7.465 0.5000000000
94540  24.656  6.063  7.527 0.7500000000
98588  19.261  10.242  4.953 0.6250000000
97553  20.960  9.500  3.720 0.8750000000
96556  21.686  8.833  4.795 0.8750000000
95553  22.022  8.104  4.946 0.8750000000
97529  21.650  9.558  5.276 0.7500000000
95552  22.280  7.321  5.594 0.8750000000
95543  23.987  6.770  7.321 0.7500000000
93475  24.794  5.193  7.801 0.5000000000
93466  26.511  5.447  8.481 0.2500000000
93467  25.605  5.357  8.350 0.5000000000
92412  25.951  4.630  8.105 0.5000000000
92410  27.038  4.383  8.653 0.2500000000
99676  19.716  10.740  4.778 0.5000000000
98577  21.209  10.417  4.739 0.7500000000
98576  21.683  10.433  5.632 0.7500000000
98562  22.226  10.474  6.620 0.7500000000
97514  22.679  9.521  7.275 0.7500000000
97528  22.048  9.494  6.298 0.7500000000
99658  21.858  11.319  5.876 0.7500000000
96548  22.386  8.475  6.899 0.7500000000
96547  23.385  8.501  7.675 0.7500000000
97513  23.647  9.621  7.773 0.7500000000
95515  25.462  7.431  8.381 0.5000000000
96532  25.408  8.132  8.544 0.3750000000
96533  24.390  8.334  8.163 0.6250000000
94527  26.490  6.599  8.233 0.2500000000
95527  25.861  7.230  8.357 0.3750000000
99668  21.193  11.276  4.978 0.7500000000
100680  22.137  11.893  6.076 0.7500000000
99657  22.515  11.408  6.730 0.7500000000
98561  23.062  10.553  7.379 0.7500000000
98560  24.068  10.601  7.865 0.6250000000
97495  25.661  8.764  8.231 0.3750000000
97512  24.639  9.507  8.085 0.3750000000
94538  27.323  7.173  7.721 0.1250000000
96543  27.344  8.589  7.093 0.1250000000
96544  26.584  8.504  7.733 0.2500000000
100689  21.408  12.378  5.201 0.6250000000
100679  22.729  12.444  6.441 0.6250000000
99656  23.446  11.559  7.361 0.7500000000
98559  25.151  10.567  7.769 0.3750000000
97510  26.823  9.507  6.955 0.2500000000
97511  25.821  9.368  7.824 0.3750000000
96553  28.374  8.773  6.353 0.1250000000
96554  27.709  8.872  6.488 0.1250000000
95539  27.837  7.941  7.437 0.1250000000
100695  20.660  12.838  4.463 0.6250000000
101577  23.558  13.286  6.698 0.3750000000
100688  22.241  12.909  5.660 0.3750000000
100678  23.894  12.523  7.329 0.3750000000
99667  26.169  11.609  6.692 0.2500000000
99654  25.469  11.648  7.427 0.3750000000
99655  24.506  11.630  7.771 0.3750000000
98574  26.959  9.953  6.021 0.1250000000
98558  26.116  10.554  7.254 0.3750000000
96561  28.618  9.028  5.677 0.1250000000
103120  22.681  15.306  5.865 0.3750000000
101596  20.902  13.348  4.568 0.3750000000
102376  23.430  14.312  6.439 0.3750000000
101587  22.678  13.457  6.034 0.3750000000
101586  25.386  13.886  6.787 0.3750000000
102362  24.938  14.150  6.795 0.3750000000
102364  23.956  13.715  6.814 0.3750000000
100687  26.415  12.640  6.272 0.3750000000
100677  24.897  12.656  7.678 0.3750000000
99689  27.148  10.574  3.921 0.1250000000
98575  26.682  10.477  6.272 0.1250000000
99674  26.650  11.511  5.757 0.2500000000
97540  27.936  9.503  5.051 0.1250000000
103108  24.052  16.110  6.557 0.2500000000
103117  25.259  15.780  5.858 0.2500000000
103118  24.548  15.584  6.401 0.3750000000
103119  23.637  15.589  6.461 0.3750000000
102385  26.355  14.504  5.124 0.1250000000
102374  25.353  14.671  6.412 0.3750000000
102375  24.391  14.733  6.650 0.3750000000
101595  26.481  13.561  5.702 0.1250000000
101585  25.948  13.658  6.545 0.2500000000
100703  26.309  12.419  2.759 0.1250000000
100694  26.619  12.540  5.225 0.1250000000
103854  23.019  15.937  5.999 0.3750000000
103851  25.075  16.441  5.838 0.2500000000
103127  26.217  14.992  4.420 0.1250000000
103128  25.943  15.537  4.982 0.1250000000
102393  26.314  14.289  4.082 0.1250000000
103136  26.094  15.462  4.242 0.1250000000
99698  26.049  11.294  1.940 0.1250000000
133560  26.056  13.602  2.261 0.1250000000
104642  25.650  17.205  3.256 0.1250000000
103142  25.790  14.768  2.210 0.1250000000
103867  25.827  15.562  2.771 0.1250000000
133559  25.557  12.518  1.397 0.1250000000
77640  24.128  -8.701  9.113 0.8750000000
78715  26.791  -7.997  8.129 0.6250000000
88275  26.513  0.470  7.696 0.6250000000
91342  24.653  3.337  6.893 0.8750000000
92411  26.488  4.360  8.156 0.3750000000
99683  19.742  10.417  4.315 0.6250000000
98586  20.666  10.208  4.254 0.8750000000
97541  21.335  9.614  4.430 0.8750000000
96555  21.985  8.504  5.781 0.8750000000
95544  23.087  7.306  6.837 0.7500000000
94528  25.378  6.275  8.075 0.5000000000
95542  24.418  6.510  7.435 0.7500000000
99681  26.789  11.572  4.731 0.1250000000
102386  25.894  15.017  5.746 0.2500000000
103135  26.111  15.083  3.553 0.1250000000
83963  26.604  -3.770  7.917 0.5000000000
83978  26.242  -3.661  7.406 0.6250000000
83991  25.566  -3.610  7.009 0.7500000000
94541  24.092  5.992  6.911 0.7500000000
101602  26.511  13.469  4.639 0.1250000000
91331  27.178  3.466  8.631 0.1250000000
72925  23.798  -13.984  13.181 0.7500000000
72945  23.465  -13.421  12.578 0.7500000000
72944  24.596  -13.826  12.709 0.7500000000
74131  23.963  -12.891  12.138 0.7500000000
72943  25.634  -13.765  12.133 0.7500000000
76505  20.989  -10.011  11.794 0.6250000000
76504  21.954  -10.240  11.331 0.7500000000
74145  25.796  -11.952  11.402 0.6250000000
76501  25.790  -10.978  10.431 0.7500000000
77614  26.490  -10.155  9.120 0.6250000000
78705  27.176  -8.445  8.753 0.5000000000
79781  27.552  -7.617  8.927 0.3750000000
81797  27.579  -5.514  9.546 0.1250000000
82839  27.536  -4.483  9.967 0.1250000000
82829  28.137  -3.805  11.367 0.1250000000
86116  28.253  -1.494  10.658 0.1250000000
86137  27.822  -1.539  9.909 0.1250000000
87180  27.699  -0.585  9.573 0.1250000000
87198  27.455  -0.546  8.720 0.1250000000
88259  27.049  0.501  8.349 0.1250000000
89271  26.752  1.518  8.440 0.2500000000
98578  19.444  10.403  6.104 0.5000000000
93452  27.606  5.147  8.987 0.1250000000
94525  28.261  6.333  7.986 0.1250000000
94537  28.123  7.139  7.552 0.1250000000
95538  28.823  8.123  7.240 0.1250000000
99671  19.407  11.110  6.486 0.3750000000
96552  29.176  8.608  6.324 0.1250000000
97539  28.863  9.175  4.936 0.1250000000
96560  29.326  8.788  5.381 0.1250000000
98609  27.252  10.242  3.337 0.1250000000
97573  27.728  9.571  1.946 0.1250000000
100668  21.225  12.483  8.282 0.1250000000
104628  23.639  17.374  5.652 0.2500000000
105495  24.893  18.068  5.239 0.1250000000
105503  25.130  18.520  4.605 0.1250000000
103875  25.600  16.236  2.381 0.1250000000
99708  25.873  10.707  0.993 0.1250000000
80840  25.308  -6.318  6.428 0.7500000000
88290  25.349  0.155  6.128 0.7500000000
94551  19.986  7.024  6.104 0.3750000000
93483  23.477  5.205  5.479 0.8750000000
78718  24.685  -8.245  8.214 0.8750000000
77617  21.851  -9.104  10.631 0.7500000000
77616  22.387  -9.259  10.167 0.8750000000
80839  25.965  -6.088  6.888 0.7500000000
85076  26.293  -2.817  6.686 0.6250000000
90325  24.205  2.458  6.076 0.8750000000
95559  22.248  7.539  4.423 0.8750000000
94548  23.046  6.047  5.865 0.8750000000
102387  21.161  14.263  4.773 0.3750000000
105497  23.022  18.322  5.191 0.1250000000
103861  22.969  16.904  5.622 0.2500000000
74149  22.685  -12.386  11.739 0.7500000000
72946  22.669  -13.162  12.438 0.7500000000
75324  21.518  -10.813  11.979 0.7500000000
76503  22.887  -10.701  10.975 0.7500000000
76517  24.009  -10.410  10.188 0.8750000000
76502  25.328  -11.157  10.492 0.7500000000
76527  25.213  -9.907  9.514 0.7500000000
76515  25.981  -10.441  9.481 0.7500000000
77625  26.116  -9.666  8.748 0.7500000000
77638  25.403  -8.834  8.565 0.8750000000
77613  26.963  -9.660  9.239 0.6250000000
78727  26.535  -7.852  7.179 0.7500000000
79770  27.485  -7.556  9.930 0.2500000000
79793  27.360  -7.659  8.292 0.6250000000
80831  27.169  -6.482  7.503 0.7500000000
81806  27.294  -5.470  8.389 0.5000000000
82851  26.884  -4.492  8.291 0.3750000000
82864  26.245  -4.487  7.600 0.6250000000
83934  27.840  -3.266  11.057 0.1250000000
85066  26.801  -2.799  8.004 0.5000000000
86154  27.052  -1.984  8.352 0.1250000000
86166  27.338  -1.328  8.296 0.1250000000
87216  27.417  -0.842  7.990 0.1250000000
88277  25.167  0.815  6.757 0.6250000000
93476  24.291  5.171  6.991 0.7500000000
99675  20.087  10.511  4.258 0.6250000000
95545  22.342  7.854  6.363 0.7500000000
95528  24.915  7.197  7.931 0.6250000000
95529  23.929  7.528  7.725 0.7500000000
94526  27.346  6.307  7.941 0.1250000000
93465  27.313  5.469  8.540 0.1250000000
96531  26.206  8.021  8.526 0.3750000000
97496  25.218  8.864  8.282 0.3750000000
94539  26.913  7.289  7.869 0.1250000000
95541  26.593  7.579  8.060 0.3750000000
95540  27.102  7.838  7.606 0.1250000000
97509  27.282  9.083  6.651 0.1250000000
96542  28.128  8.469  6.907 0.1250000000
96562  27.955  9.071  5.908 0.1250000000
97526  27.306  9.468  6.091 0.1250000000
102377  22.213  14.340  5.604 0.3750000000
98584  27.041  10.179  5.385 0.1250000000
98585  26.790  10.764  5.669 0.1250000000
102373  26.131  14.340  6.001 0.3750000000
100676  25.728  12.777  7.083 0.3750000000
98596  27.319  10.091  4.342 0.1250000000
99680  27.066  10.769  4.525 0.1250000000
99690  26.799  11.236  3.474 0.1250000000
98610  26.754  10.580  2.549 0.1250000000
97551  28.612  9.358  4.185 0.1250000000
97552  27.902  9.741  3.843 0.1250000000
104620  24.224  17.064  5.889 0.2500000000
103853  23.543  16.452  6.102 0.2500000000
100700  26.570  12.439  4.071 0.1250000000
104626  25.311  17.333  5.224 0.1250000000
103859  25.433  16.629  5.291 0.1250000000
103868  25.879  16.164  3.905 0.1250000000
102397  26.208  14.244  3.124 0.1250000000
101605  26.353  13.412  3.503 0.1250000000
105502  25.600  18.076  3.827 0.1250000000
104635  25.562  17.417  4.526 0.1250000000
72924  24.275  -14.133  13.119 0.7500000000
72926  22.726  -13.818  12.965 0.7500000000
76514  26.537  -10.223  9.497 0.6250000000
88235  27.625  0.513  9.445 0.1250000000
88210  27.854  0.213  10.089 0.1250000000
88258  27.323  0.199  8.736 0.1250000000
97563  27.842  9.765  2.840 0.1250000000
98621  27.203  10.016  2.322 0.1250000000
72927  21.661  -13.633  13.501 0.7500000000
75307  21.379  -11.676  12.543 0.5000000000
71807  24.311  -14.694  13.202 0.6250000000
71806  25.205  -15.075  12.877 0.6250000000
71805  26.291  -14.741  12.960 0.3750000000
71823  25.467  -14.459  12.509 0.6250000000
72923  26.752  -13.796  12.906 0.2500000000
72942  26.292  -13.837  12.334 0.3750000000
78695  27.264  -8.560  9.619 0.3750000000
97530  19.454  9.605  5.782 0.3750000000
74129  26.228  -12.707  11.826 0.5000000000
75319  26.156  -11.472  11.232 0.5000000000
76500  26.636  -10.500  10.373 0.3750000000
71795  26.549  -15.013  13.729 0.5000000000
69599  24.125  -16.149  13.744 0.6250000000
75289  21.011  -11.895  13.050 0.3750000000
70656  23.533  -15.722  13.651 0.6250000000
71808  23.265  -14.617  13.433 0.6250000000
71809  22.381  -14.414  13.536 0.6250000000
69586  26.053  -15.818  14.561 0.3750000000
70654  25.561  -15.391  13.497 0.5000000000
70655  24.627  -15.666  13.577 0.6250000000
75308  20.721  -10.992  12.930 0.2500000000
74111  26.601  -13.284  12.501 0.2500000000
71804  26.843  -14.251  13.344 0.2500000000
74128  26.745  -12.156  12.272 0.2500000000
75318  26.739  -11.080  11.486 0.3750000000
77603  27.222  -9.491  10.412 0.2500000000
91333  19.160  3.035  8.379 0.2500000000
93485  20.132  6.219  6.388 0.2500000000
98564  19.461  10.685  6.971 0.2500000000
89241  16.888  1.024  11.235 0.1250000000
78677  20.092  -8.078  12.361 0.2500000000
74112  22.019  -13.001  12.793 0.5000000000
74134  21.690  -12.402  12.650 0.5000000000
71824  24.935  -14.547  12.794 0.6250000000
71822  25.999  -14.364  12.246 0.5000000000
78687  27.386  -8.500  10.645 0.2500000000
77606  20.553  -9.102  12.034 0.2500000000
76488  20.852  -10.582  12.473 0.3750000000
72922  27.213  -13.789  13.524 0.2500000000
75305  26.568  -11.771  11.848 0.3750000000
70653  26.173  -15.256  13.688 0.5000000000
70641  26.583  -15.430  14.323 0.3750000000
74113  21.229  -12.433  13.196 0.3750000000
69587  25.506  -16.190  14.537 0.3750000000
70643  25.158  -15.847  14.030 0.5000000000
76487  27.393  -10.294  11.541 0.2500000000
88191  17.070  0.156  11.886 0.1250000000
69590  22.710  -16.576  14.272 0.5000000000
69575  24.594  -17.279  14.777 0.3750000000
69588  24.450  -16.693  14.166 0.5000000000
70644  23.085  -16.111  13.818 0.5000000000
69576  22.226  -16.641  14.720 0.3750000000
70646  21.722  -15.171  14.350 0.5000000000
70657  22.749  -15.132  13.708 0.5000000000
70645  22.522  -15.896  14.148 0.5000000000
71810  21.831  -14.336  13.731 0.3750000000
69555  21.221  -16.908  15.946 0.1250000000
69577  21.465  -16.376  15.418 0.3750000000
72914  21.025  -13.650  13.942 0.2500000000
67255  21.443  -18.455  16.361 0.1250000000
68443  22.532  -17.928  14.959 0.3750000000
69574  25.258  -17.039  15.110 0.2500000000
68442  23.579  -18.055  15.116 0.3750000000
68453  23.481  -17.409  14.433 0.5000000000
68427  20.754  -17.584  16.623 0.1250000000
68444  21.836  -17.157  15.344 0.3750000000
68454  22.821  -17.089  14.386 0.3750000000
70631  20.699  -15.524  15.655 0.1250000000
71798  20.741  -14.246  14.679 0.1250000000
89270  27.311  1.899  8.913 0.1250000000
69600  23.858  -16.339  13.807 0.5000000000
72928  20.805  -13.024  13.786 0.2500000000
69573  26.349  -16.183  15.167 0.2500000000
69589  23.299  -16.537  14.005 0.5000000000
70629  22.177  -16.115  14.574 0.5000000000
68452  24.138  -17.500  14.695 0.3750000000
70630  21.720  -15.791  14.831 0.2500000000
71782  21.051  -14.884  14.818 0.1250000000
71797  21.308  -14.307  14.153 0.1250000000
71796  22.057  -14.911  13.883 0.5000000000
69556  20.416  -16.289  16.494 0.1250000000
69578  20.930  -16.281  15.868 0.1250000000
68425  22.178  -18.140  15.437 0.3750000000
68441  24.421  -17.628  15.329 0.2500000000
67254  22.291  -18.522  15.718 0.2500000000
67253  23.273  -18.599  15.981 0.2500000000
76506  20.426  -9.838  12.383 0.2500000000
68440  24.934  -17.387  15.767 0.2500000000
68426  21.736  -17.840  15.740 0.1250000000
67265  23.078  -18.433  15.218 0.2500000000
67266  22.789  -18.515  15.377 0.2500000000
77594  20.095  -9.086  12.733 0.1250000000
95555  19.768  7.865  6.064 0.1250000000
96557  19.404  8.741  6.505 0.1250000000
95546  19.168  7.707  7.181 0.1250000000
96549  19.238  8.689  7.567 0.1250000000
97516  19.530  9.717  6.912 0.1250000000
96535  19.413  8.751  8.446 0.1250000000
97497  19.755  10.394  8.200 0.1250000000
94543  19.593  6.866  6.853 0.1250000000
97498  19.653  9.556  7.956 0.1250000000
97479  19.119  9.065  10.177 0.1250000000
93477  19.499  5.806  7.190 0.1250000000
91326  17.742  2.859  10.086 0.1250000000
74114  20.696  -12.327  13.710 0.1250000000
76489  20.179  -10.212  13.154 0.1250000000
94531  19.087  6.469  7.839 0.1250000000
96514  19.335  7.920  10.377 0.1250000000
98534  19.324  10.212  9.796 0.1250000000
79749  19.804  -7.460  12.103 0.1250000000
78678  19.574  -8.330  12.824 0.1250000000
97515  19.661  10.307  7.525 0.1250000000
76471  20.096  -10.797  13.685 0.1250000000
91334  18.617  3.353  9.186 0.1250000000
77595  19.727  -9.067  13.132 0.1250000000
76490  19.969  -9.635  13.477 0.1250000000
95531  19.324  7.651  8.285 0.1250000000
96525  19.705  8.242  9.348 0.1250000000
97488  19.779  9.679  9.041 0.1250000000
96524  20.298  7.572  9.509 0.1250000000
97480  18.759  9.488  10.687 0.1250000000
70628  27.112  -15.617  14.932 0.1250000000
70640  27.297  -15.218  14.546 0.1250000000
71794  27.198  -14.628  14.005 0.1250000000
72913  27.588  -13.922  14.083 0.1250000000
74110  27.131  -12.659  13.050 0.1250000000
75304  27.105  -11.459  12.289 0.1250000000
76469  28.101  -10.398  13.372 0.1250000000
76470  27.589  -10.723  12.579 0.1250000000
77580  28.181  -9.371  12.665 0.1250000000
77593  27.465  -9.242  11.211 0.1250000000
78675  28.065  -8.585  12.094 0.1250000000
78676  27.665  -8.550  11.495 0.1250000000
68423  24.455  -17.848  16.208 0.1250000000
68424  23.941  -18.110  15.763 0.1250000000
68422  25.293  -17.402  16.360 0.1250000000
69554  25.327  -17.154  15.800 0.1250000000
70627  27.836  -15.340  15.024 0.1250000000
69572  27.503  -16.051  15.498 0.1250000000
71781  27.656  -14.974  14.542 0.1250000000
72912  28.275  -13.672  14.431 0.1250000000
74099  28.144  -12.574  14.112 0.1250000000
74109  27.685  -12.026  13.666 0.1250000000
75287  28.214  -11.484  13.972 0.1250000000
77579  28.638  -9.362  13.465 0.1250000000
79760  27.574  -7.558  11.200 0.1250000000
79747  28.019  -7.640  12.134 0.1250000000
78664  28.526  -8.503  12.763 0.1250000000
69553  25.831  -16.823  15.962 0.1250000000
71793  27.803  -14.215  14.329 0.1250000000
74100  27.638  -13.324  13.880 0.1250000000
75288  27.603  -11.451  13.190 0.1250000000
76486  27.822  -10.034  12.416 0.1250000000
77592  27.787  -9.354  11.904 0.1250000000
79748  27.876  -8.087  11.721 0.1250000000
68405  24.918  -17.966  16.804 0.1250000000
68404  25.567  -17.686  17.104 0.1250000000
71780  28.195  -14.591  14.705 0.1250000000
79740  28.697  -7.566  12.954 0.1250000000
70642  25.821  -15.604  14.126 0.3750000000
77615  23.058  -9.527  9.794 0.8750000000
77624  26.644  -8.877  8.579 0.8750000000
77626  25.295  -9.454  8.994 0.8750000000
77637  26.059  -8.687  8.430 0.8750000000
78721  22.007  -7.541  7.709 1.0000000000
78726  26.865  -7.609  7.638 0.7500000000
78728  25.652  -8.316  7.155 0.8750000000
78732  22.245  -7.623  7.555 1.0000000000
78738  26.283  -7.376  6.735 0.7500000000
78740  24.874  -7.857  6.765 1.0000000000
79782  23.014  -7.354  9.129 1.0000000000
79795  22.653  -7.263  8.706 1.0000000000
79796  21.752  -7.363  8.038 1.0000000000
79800  27.196  -7.288  7.737 0.6250000000
79801  26.990  -7.366  7.275 0.7500000000
79802  22.379  -7.512  7.055 1.0000000000
79805  21.048  -6.275  6.724 1.0000000000
79811  26.636  -6.927  6.826 0.7500000000
79815  22.676  -7.156  6.767 1.0000000000
79816  21.840  -6.601  6.780 1.0000000000
79817  21.352  -6.220  6.698 1.0000000000
79818  21.089  -6.059  6.659 1.0000000000
80819  22.278  -6.922  8.885 1.0000000000
80820  21.626  -6.639  8.514 1.0000000000
80833  20.853  -6.566  7.094 1.0000000000
80834  20.747  -6.282  6.786 1.0000000000
80838  26.670  -6.231  7.140 0.7500000000
80845  21.237  -5.871  6.649 1.0000000000
80846  20.854  -6.090  6.569 1.0000000000
80852  25.697  -5.543  7.032 0.8750000000
80855  24.012  -5.779  6.177 1.0000000000
81799  20.662  -5.438  9.602 1.0000000000
81808  21.204  -5.432  8.504 1.0000000000
81821  26.582  -5.083  7.633 0.6250000000
81822  26.139  -4.847  7.502 0.6250000000
81824  20.376  -5.929  7.094 1.0000000000
81825  20.713  -6.107  6.695 1.0000000000
81835  26.772  -5.964  7.335 0.7500000000
81838  22.878  -5.605  6.538 1.0000000000
81839  22.342  -5.730  6.629 1.0000000000
81840  21.528  -5.413  6.626 1.0000000000
81841  20.830  -5.736  6.710 1.0000000000
81842  20.517  -6.024  6.737 1.0000000000
81847  25.333  -5.302  6.997 0.8750000000
81852  22.127  -5.289  6.583 1.0000000000
82863  26.581  -4.486  7.869 0.6250000000
82877  25.607  -4.870  7.270 0.8750000000
82881  20.784  -5.226  6.757 1.0000000000
82893  22.157  -4.893  6.554 1.0000000000
83924  18.605  -3.391  11.100 0.3750000000
83964  26.369  -4.101  7.726 0.6250000000
83977  26.617  -3.239  7.601 0.5000000000
83979  23.607  -2.914  6.788 1.0000000000
85046  20.267  -2.792  9.119 1.0000000000
86138  19.261  -1.954  9.792 1.0000000000
86155  20.245  -1.932  8.573 1.0000000000
87199  27.408  -0.202  8.194 0.1250000000
89291  20.168  1.646  7.024 0.7500000000
89292  19.851  1.518  7.292 1.0000000000
89313  20.158  1.369  7.030 1.0000000000
90371  22.594  3.440  3.415 1.0000000000
91353  21.246  2.752  5.707 1.0000000000
91379  21.852  3.617  3.649 1.0000000000
91393  22.505  3.704  2.768 1.0000000000
91394  21.892  3.930  2.658 1.0000000000
91407  22.841  4.206  1.704 1.0000000000
91409  21.888  4.026  2.069 1.0000000000
91416  22.928  4.034  1.394 1.0000000000
91417  22.630  4.006  1.511 1.0000000000
91418  22.108  3.993  1.632 1.0000000000
92453  21.662  4.499  3.623 1.0000000000
92464  22.416  4.478  2.489 1.0000000000
92478  23.038  4.243  1.875 1.0000000000
92479  22.671  4.335  1.900 1.0000000000
92480  22.017  4.242  2.012 1.0000000000
92492  23.127  4.023  1.548 1.0000000000
92493  22.981  4.139  1.480 1.0000000000
92494  22.460  4.146  1.588 1.0000000000
93492  22.649  5.580  4.443 0.8750000000
93503  21.310  6.326  4.012 1.0000000000
93512  22.834  4.899  3.411 1.0000000000
93514  22.242  4.699  3.002 1.0000000000
94569  21.365  7.530  3.614 1.0000000000
94570  21.017  7.659  3.658 1.0000000000
95516  25.249  7.589  8.376 0.5000000000
95530  23.502  7.806  7.621 0.7500000000
95561  20.346  7.885  5.062 0.6250000000
95567  21.956  8.042  3.799 1.0000000000
95568  21.842  8.561  4.015 1.0000000000
95574  21.482  7.920  3.510 1.0000000000
95575  21.187  7.998  3.465 1.0000000000
96521  25.732  7.690  8.572 0.5000000000
96522  25.449  7.702  8.520 0.5000000000
96534  23.791  8.029  7.888 0.7500000000
96541  28.641  8.524  6.733 0.1250000000
96545  25.981  8.587  8.176 0.3750000000
96546  24.031  9.001  7.961 0.6250000000
96563  21.608  8.976  4.087 0.8750000000
96564  19.902  8.562  4.928 0.3750000000
96573  19.688  9.032  4.688 0.7500000000
96578  21.159  8.168  3.332 1.0000000000
96579  21.022  8.474  3.228 1.0000000000
96580  20.592  8.574  3.499 0.8750000000
97469  18.535  8.767  11.094 0.1250000000
97527  26.937  9.832  6.342 0.1250000000
97542  19.392  9.514  4.873 0.6250000000
97564  20.920  9.103  3.198 0.8750000000
97574  27.186  9.828  1.582 0.1250000000
98587  19.551  10.392  4.495 0.6250000000
98597  20.231  10.044  3.896 0.7500000000
99661  19.317  11.207  7.137 0.3750000000
99673  26.906  10.955  5.232 0.1250000000
99682  19.891  10.302  4.085 0.6250000000
99699  25.575  11.704  1.291 0.1250000000
101568  21.169  13.136  8.018 0.1250000000
101574  25.565  13.475  6.953 0.3750000000
101575  25.084  13.523  7.212 0.3750000000
101576  24.319  13.299  7.172 0.3750000000
101579  20.257  13.238  6.716 0.2500000000
101588  21.774  13.439  5.300 0.3750000000
101590  19.396  13.893  5.366 0.2500000000
102363  24.383  13.946  6.846 0.3750000000
102390  19.206  14.185  4.143 0.2500000000
102394  19.681  14.762  3.564 0.2500000000
103109  23.746  16.087  6.449 0.2500000000
103122  19.361  15.251  5.529 0.2500000000
103123  19.224  15.045  4.695 0.2500000000
103130  20.643  15.147  3.950 0.5000000000
103137  20.240  15.607  3.650 0.3750000000
103139  19.554  15.189  3.749 0.2500000000
103842  23.992  16.424  6.420 0.2500000000
103843  23.819  16.260  6.416 0.2500000000
103852  24.463  16.522  6.123 0.2500000000
103860  25.004  16.784  5.826 0.1250000000
103864  19.733  16.473  4.839 0.1250000000
103869  20.476  16.024  3.967 0.2500000000
103870  20.026  16.004  3.714 0.2500000000
104621  23.964  16.917  6.059 0.2500000000
104627  24.774  17.390  5.639 0.2500000000
104632  19.780  16.451  4.609 0.2500000000
104636  25.219  17.796  5.143 0.1250000000
104639  19.855  16.332  4.245 0.2500000000
