#!ascii label  , from subject 3452 vox2ras=TkReg
2018
68517  -44.023  -15.530  68.599 0.0000000000
90755  -52.392  3.414  45.395 0.0000000000
77240  -44.067  -8.882  49.825 0.0000000000
58123  -11.474  -24.466  67.205 0.0000000000
65078  -28.046  -17.061  68.491 0.0000000000
68491  -8.249  -16.758  69.980 0.0000000000
64978  -10.283  -18.060  77.490 0.0000000000
87388  -47.962  0.914  49.645 0.0000000000
68554  -13.400  -15.997  63.448 0.0000000000
58045  -14.118  -24.210  77.264 0.0000000000
70952  -42.818  -13.842  63.157 0.0000000000
61634  -38.883  -19.241  66.016 0.0000000000
62782  -36.407  -19.044  69.029 0.0000000000
89667  -56.190  2.133  48.156 0.0000000000
80400  -49.723  -5.493  50.841 0.0000000000
62832  -21.994  -18.521  64.107 0.0000000000
73320  -13.000  -11.467  67.374 0.0000000000
61581  -8.759  -21.169  68.118 0.0000000000
62842  -6.839  -20.007  64.533 0.0000000000
56846  -10.419  -25.585  62.061 0.0000000000
62677  -19.840  -21.510  76.427 0.0000000000
60418  -18.046  -22.415  78.344 0.0000000000
75977  -43.880  -8.991  54.783 0.0000000000
63847  -33.321  -17.779  72.260 0.0000000000
65141  -31.159  -17.214  64.959 0.0000000000
66150  -7.495  -17.320  73.303 0.0000000000
62742  -12.170  -20.475  71.407 0.0000000000
91787  -47.259  4.068  44.810 0.0000000000
62728  -19.942  -21.121  72.389 0.0000000000
63913  -19.831  -19.600  68.578 0.0000000000
67332  -10.615  -16.658  66.906 0.0000000000
65214  -9.104  -19.524  61.078 0.0000000000
64955  -13.026  -18.291  80.558 0.0000000000
61529  -15.557  -21.609  76.052 0.0000000000
59365  -11.822  -23.473  73.117 0.0000000000
70903  -44.363  -12.786  67.354 0.0000000000
66221  -42.738  -16.689  66.212 0.0000000000
69720  -43.734  -14.191  65.316 0.0000000000
62814  -41.722  -18.056  67.229 0.0000000000
62836  -41.123  -18.619  65.074 0.0000000000
62786  -39.591  -18.602  68.478 0.0000000000
90748  -54.593  3.050  47.042 0.0000000000
87429  -51.462  0.972  44.926 0.0000000000
86116  -53.828  -0.369  45.897 0.0000000000
86118  -55.211  -0.719  45.574 0.0000000000
78312  -47.779  -7.528  49.625 0.0000000000
73507  -42.138  -9.482  52.643 0.0000000000
73534  -43.904  -10.086  49.625 0.0000000000
73537  -46.151  -10.223  49.168 0.0000000000
60487  -11.808  -22.337  66.020 0.0000000000
60526  -10.416  -22.421  64.308 0.0000000000
56785  -10.941  -25.367  65.253 0.0000000000
54381  -8.933  -28.302  64.210 0.0000000000
55498  -9.479  -27.576  66.828 0.0000000000
55405  -20.963  -25.027  75.005 0.0000000000
55397  -19.800  -25.895  76.641 0.0000000000
74676  -44.557  -9.476  57.625 0.0000000000
74605  -42.887  -10.349  62.894 0.0000000000
72158  -41.268  -11.864  62.423 0.0000000000
74644  -43.156  -10.133  59.260 0.0000000000
74674  -43.122  -10.101  56.875 0.0000000000
64998  -35.817  -17.666  73.309 0.0000000000
63949  -35.049  -18.074  65.051 0.0000000000
63924  -34.056  -18.219  67.519 0.0000000000
89715  -57.002  1.901  43.290 0.0000000000
89730  -57.563  2.339  40.621 0.0000000000
63817  -8.758  -18.187  75.197 0.0000000000
62721  -9.266  -19.787  72.402 0.0000000000
62697  -10.629  -20.133  74.481 0.0000000000
87398  -45.930  1.151  46.657 0.0000000000
80433  -52.023  -5.307  49.899 0.0000000000
83639  -50.115  -2.219  48.983 0.0000000000
84833  -48.988  -1.401  46.865 0.0000000000
66152  -18.230  -17.765  73.602 0.0000000000
67290  -18.848  -16.133  71.751 0.0000000000
69674  -10.668  -15.031  70.909 0.0000000000
68511  -12.526  -14.934  69.199 0.0000000000
68519  -9.565  -16.666  68.345 0.0000000000
60613  -8.556  -22.616  60.887 0.0000000000
65178  -7.858  -19.423  62.714 0.0000000000
60644  -7.893  -22.368  58.888 0.0000000000
66102  -14.393  -17.532  80.177 0.0000000000
58048  -17.756  -24.537  76.835 0.0000000000
60422  -16.298  -21.841  77.555 0.0000000000
59346  -16.492  -23.714  75.434 0.0000000000
59362  -15.408  -22.747  73.554 0.0000000000
59343  -13.478  -23.680  75.233 0.0000000000
72121  -43.122  -12.516  64.667 0.0000000000
63852  -36.887  -18.398  71.570 0.0000000000
62735  -38.272  -18.550  70.535 0.0000000000
61589  -37.488  -19.493  67.643 0.0000000000
88568  -58.130  1.997  46.793 0.0000000000
87439  -55.980  0.498  44.302 0.0000000000
86053  -49.694  -1.380  51.851 0.0000000000
76025  -49.782  -8.214  49.639 0.0000000000
65139  -26.147  -16.516  64.155 0.0000000000
65106  -24.951  -16.576  66.249 0.0000000000
70925  -14.551  -13.456  65.098 0.0000000000
63912  -6.000  -19.304  69.081 0.0000000000
66207  -6.317  -18.269  67.005 0.0000000000
61619  -7.303  -20.376  65.966 0.0000000000
60570  -9.602  -22.592  62.537 0.0000000000
55583  -8.757  -25.769  60.324 0.0000000000
63813  -17.376  -19.055  77.651 0.0000000000
64966  -16.695  -19.329  78.897 0.0000000000
60420  -19.205  -22.421  78.032 0.0000000000
56641  -18.398  -25.755  77.359 0.0000000000
77216  -43.393  -8.709  52.222 0.0000000000
73486  -42.288  -9.609  54.463 0.0000000000
63903  -30.423  -17.357  70.458 0.0000000000
62747  -35.190  -18.542  70.936 0.0000000000
63914  -32.315  -17.746  69.393 0.0000000000
65110  -29.824  -17.423  66.583 0.0000000000
69645  -9.752  -14.791  72.928 0.0000000000
69626  -9.219  -14.796  74.570 0.0000000000
67288  -7.006  -17.525  71.522 0.0000000000
62755  -7.277  -19.632  70.400 0.0000000000
61569  -9.965  -21.247  69.287 0.0000000000
61585  -12.589  -21.726  68.655 0.0000000000
92766  -49.866  4.799  44.759 0.0000000000
87418  -50.081  0.578  44.788 0.0000000000
66129  -17.622  -18.239  75.781 0.0000000000
63826  -19.789  -20.974  74.793 0.0000000000
58077  -20.136  -23.908  73.214 0.0000000000
65074  -24.389  -16.214  67.630 0.0000000000
67325  -22.252  -16.357  68.140 0.0000000000
67303  -20.645  -15.848  69.551 0.0000000000
63887  -19.506  -20.403  70.555 0.0000000000
58089  -19.668  -24.033  70.931 0.0000000000
73293  -13.741  -11.593  69.310 0.0000000000
69706  -13.604  -14.534  67.745 0.0000000000
68537  -12.250  -16.213  65.105 0.0000000000
66229  -8.237  -17.941  65.607 0.0000000000
66262  -9.691  -18.023  63.727 0.0000000000
66281  -11.536  -18.140  62.609 0.0000000000
63795  -11.481  -18.575  79.519 0.0000000000
61498  -15.292  -20.131  79.212 0.0000000000
61514  -13.668  -20.645  78.574 0.0000000000
62681  -12.340  -20.472  76.264 0.0000000000
62700  -13.514  -20.556  73.875 0.0000000000
60448  -13.588  -22.135  71.151 0.0000000000
59381  -11.809  -23.555  70.063 0.0000000000
58041  -10.637  -24.846  77.442 0.0000000000
58067  -9.639  -24.863  74.574 0.0000000000
56723  -9.442  -26.964  69.205 0.0000000000
69705  -44.531  -14.465  67.820 0.0000000000
70888  -44.756  -13.810  69.488 0.0000000000
66213  -43.096  -16.232  67.318 0.0000000000
68535  -43.691  -14.899  66.588 0.0000000000
65084  -42.580  -17.112  67.850 0.0000000000
65098  -42.638  -17.174  67.199 0.0000000000
67308  -43.313  -15.864  68.979 0.0000000000
65068  -42.585  -16.998  68.574 0.0000000000
90756  -53.163  3.330  45.885 0.0000000000
89684  -52.011  2.591  45.111 0.0000000000
86115  -52.665  -0.383  45.395 0.0000000000
88590  -52.961  1.523  45.711 0.0000000000
88591  -53.781  1.264  46.276 0.0000000000
77257  -46.288  -8.215  49.217 0.0000000000
79416  -47.310  -6.352  49.126 0.0000000000
78321  -45.521  -7.783  48.822 0.0000000000
73533  -42.900  -9.623  50.131 0.0000000000
76019  -44.686  -9.593  49.638 0.0000000000
76020  -45.619  -9.646  49.491 0.0000000000
58144  -12.122  -23.525  66.733 0.0000000000
58161  -11.797  -23.863  65.581 0.0000000000
56769  -11.241  -24.869  66.260 0.0000000000
55518  -10.369  -26.226  65.414 0.0000000000
56767  -10.190  -26.165  66.812 0.0000000000
54269  -19.975  -26.837  73.204 0.0000000000
54263  -19.852  -27.039  75.163 0.0000000000
74619  -43.535  -9.634  61.577 0.0000000000
74618  -42.560  -10.144  61.469 0.0000000000
74645  -43.947  -9.574  59.434 0.0000000000
74659  -43.900  -9.847  58.376 0.0000000000
89702  -58.682  1.994  44.340 0.0000000000
89722  -57.695  2.293  41.725 0.0000000000
89718  -59.219  2.708  41.996 0.0000000000
64983  -9.411  -17.890  76.213 0.0000000000
62685  -9.421  -18.721  74.865 0.0000000000
63819  -9.878  -18.543  76.133 0.0000000000
87393  -46.873  1.000  48.076 0.0000000000
89665  -44.392  2.606  47.955 0.0000000000
86090  -50.304  -1.485  50.448 0.0000000000
82511  -51.346  -3.908  49.931 0.0000000000
86096  -49.143  -0.466  49.303 0.0000000000
87401  -48.397  0.394  47.776 0.0000000000
69648  -18.940  -14.276  72.709 0.0000000000
69661  -19.489  -14.145  71.801 0.0000000000
65050  -28.234  -17.148  70.196 0.0000000000
65062  -27.704  -16.946  69.241 0.0000000000
69732  -14.443  -14.366  63.456 0.0000000000
68493  -9.845  -15.544  70.580 0.0000000000
68494  -10.530  -15.357  70.360 0.0000000000
68507  -8.773  -16.690  69.231 0.0000000000
58243  -8.347  -24.018  59.839 0.0000000000
60631  -7.825  -22.028  60.327 0.0000000000
58276  -7.659  -24.072  58.950 0.0000000000
68404  -14.315  -15.718  80.239 0.0000000000
67219  -14.969  -16.570  79.419 0.0000000000
58046  -15.449  -24.732  77.285 0.0000000000
59336  -16.957  -24.225  76.086 0.0000000000
58055  -15.054  -24.218  76.271 0.0000000000
59335  -14.871  -24.036  75.545 0.0000000000
59327  -13.858  -23.789  76.573 0.0000000000
72108  -43.521  -12.151  65.706 0.0000000000
70931  -43.440  -13.256  64.904 0.0000000000
73358  -43.393  -11.157  64.973 0.0000000000
74579  -43.404  -10.691  64.344 0.0000000000
61593  -39.775  -18.819  67.683 0.0000000000
61576  -38.452  -19.240  68.329 0.0000000000
61609  -38.382  -19.394  66.927 0.0000000000
61631  -37.327  -19.099  65.858 0.0000000000
88559  -57.196  1.992  48.138 0.0000000000
87402  -55.744  1.084  47.142 0.0000000000
87430  -55.704  -0.082  44.491 0.0000000000
87415  -56.625  0.967  46.697 0.0000000000
88592  -57.147  1.127  46.220 0.0000000000
82467  -50.143  -3.090  51.961 0.0000000000
87319  -49.006  -0.847  52.380 0.0000000000
82478  -49.271  -3.321  51.514 0.0000000000
77227  -48.872  -7.524  49.994 0.0000000000
74765  -47.978  -9.378  49.311 0.0000000000
78285  -50.029  -6.466  50.629 0.0000000000
80381  -51.229  -5.015  51.265 0.0000000000
73332  -12.593  -11.889  66.584 0.0000000000
72102  -13.794  -12.255  65.260 0.0000000000
72090  -14.203  -12.648  66.671 0.0000000000
61566  -7.690  -20.214  68.524 0.0000000000
62804  -6.817  -20.170  67.363 0.0000000000
61597  -7.998  -20.574  66.986 0.0000000000
59464  -10.879  -23.656  63.237 0.0000000000
60546  -10.005  -22.466  63.362 0.0000000000
59479  -10.316  -23.847  62.299 0.0000000000
59513  -9.580  -23.939  61.276 0.0000000000
55585  -9.585  -26.151  61.335 0.0000000000
55566  -9.040  -27.250  61.864 0.0000000000
63815  -18.762  -20.184  76.871 0.0000000000
63808  -18.085  -20.248  77.910 0.0000000000
61518  -19.616  -21.922  77.371 0.0000000000
54253  -19.008  -27.351  77.135 0.0000000000
55392  -19.242  -25.888  77.205 0.0000000000
54231  -18.171  -26.778  77.991 0.0000000000
56639  -17.090  -26.026  78.467 0.0000000000
75991  -43.577  -8.953  53.758 0.0000000000
74693  -43.138  -9.815  55.889 0.0000000000
73476  -42.357  -9.748  55.348 0.0000000000
74723  -43.388  -9.281  54.513 0.0000000000
74731  -42.795  -9.321  53.343 0.0000000000
63846  -32.349  -17.487  72.495 0.0000000000
63876  -31.125  -17.564  71.565 0.0000000000
63877  -31.908  -17.606  71.478 0.0000000000
62749  -36.830  -18.819  70.509 0.0000000000
62731  -35.682  -18.494  71.491 0.0000000000
62764  -35.621  -18.766  69.845 0.0000000000
65113  -32.638  -17.550  66.192 0.0000000000
63923  -33.210  -17.952  67.830 0.0000000000
65112  -31.739  -17.426  66.477 0.0000000000
65095  -30.616  -17.577  67.605 0.0000000000
65127  -30.279  -17.410  66.053 0.0000000000
66233  -29.071  -17.041  64.953 0.0000000000
68429  -8.124  -15.878  75.177 0.0000000000
68440  -7.777  -16.159  73.968 0.0000000000
68450  -8.138  -15.907  73.312 0.0000000000
66162  -6.930  -17.703  72.258 0.0000000000
63870  -6.301  -18.660  71.678 0.0000000000
63856  -7.020  -18.499  72.027 0.0000000000
62722  -10.057  -20.321  72.526 0.0000000000
61551  -9.736  -20.722  70.851 0.0000000000
62758  -11.398  -20.744  70.494 0.0000000000
62792  -11.577  -21.201  68.865 0.0000000000
62777  -12.618  -21.017  69.942 0.0000000000
91789  -48.834  4.173  44.501 0.0000000000
93802  -49.162  5.743  45.676 0.0000000000
92748  -48.049  5.008  45.649 0.0000000000
88586  -47.605  1.495  45.010 0.0000000000
87417  -48.994  0.373  45.306 0.0000000000
88601  -48.200  1.958  44.606 0.0000000000
89698  -49.560  2.616  44.495 0.0000000000
67243  -17.225  -16.843  75.498 0.0000000000
66153  -18.537  -18.294  73.241 0.0000000000
65002  -18.662  -18.742  74.196 0.0000000000
62712  -19.864  -21.438  73.391 0.0000000000
60441  -20.325  -22.900  73.747 0.0000000000
60444  -20.318  -22.606  72.909 0.0000000000
65122  -23.606  -16.886  65.247 0.0000000000
65090  -25.074  -16.507  67.077 0.0000000000
65121  -22.640  -17.231  65.645 0.0000000000
63932  -20.478  -18.761  66.821 0.0000000000
66209  -21.353  -17.390  67.101 0.0000000000
66200  -20.332  -17.310  68.237 0.0000000000
67314  -21.275  -16.027  69.028 0.0000000000
66191  -19.785  -17.681  69.048 0.0000000000
66183  -19.382  -17.595  70.035 0.0000000000
63901  -19.609  -19.899  69.475 0.0000000000
59384  -19.402  -22.947  69.877 0.0000000000
73283  -13.562  -11.119  70.327 0.0000000000
68521  -11.624  -15.646  68.408 0.0000000000
69699  -13.434  -14.274  68.778 0.0000000000
68528  -12.455  -15.521  67.415 0.0000000000
68533  -13.431  -15.233  66.601 0.0000000000
68531  -11.621  -16.360  65.890 0.0000000000
63943  -5.750  -19.560  65.721 0.0000000000
66215  -7.228  -17.954  66.495 0.0000000000
66227  -6.447  -18.408  64.783 0.0000000000
63990  -8.625  -19.180  61.944 0.0000000000
66260  -8.208  -18.604  63.566 0.0000000000
65165  -9.062  -18.678  62.600 0.0000000000
66280  -10.274  -18.392  62.872 0.0000000000
65183  -10.149  -18.807  62.094 0.0000000000
65200  -10.605  -19.383  61.068 0.0000000000
64961  -12.058  -18.309  80.273 0.0000000000
61509  -17.323  -21.343  78.683 0.0000000000
62656  -16.232  -20.167  79.149 0.0000000000
61508  -16.476  -21.261  78.835 0.0000000000
61524  -16.153  -21.820  76.572 0.0000000000
61516  -15.439  -21.624  78.038 0.0000000000
61522  -14.556  -21.480  77.465 0.0000000000
61520  -13.095  -20.410  78.233 0.0000000000
61532  -13.958  -21.174  75.883 0.0000000000
62689  -12.412  -20.595  75.213 0.0000000000
62691  -14.221  -20.905  74.326 0.0000000000
59360  -13.680  -23.372  73.403 0.0000000000
59368  -14.253  -22.574  72.555 0.0000000000
59372  -12.628  -23.148  71.670 0.0000000000
59376  -12.562  -23.031  70.583 0.0000000000
58081  -11.282  -23.683  71.334 0.0000000000
58039  -9.474  -25.519  76.942 0.0000000000
58062  -10.350  -24.434  75.949 0.0000000000
73338  -43.715  -11.307  66.558 0.0000000000
66236  -42.801  -16.718  65.319 0.0000000000
66255  -43.267  -16.331  64.733 0.0000000000
67347  -43.341  -15.597  66.117 0.0000000000
69717  -43.868  -14.125  66.249 0.0000000000
61636  -40.196  -18.711  66.256 0.0000000000
62824  -41.190  -18.456  66.053 0.0000000000
63950  -41.969  -17.990  66.060 0.0000000000
62801  -41.349  -18.071  67.892 0.0000000000
90736  -55.208  2.996  47.523 0.0000000000
83679  -53.194  -1.503  44.361 0.0000000000
83690  -53.976  -1.432  43.941 0.0000000000
84867  -54.245  -1.163  43.840 0.0000000000
86117  -54.580  -0.866  45.856 0.0000000000
88578  -55.143  1.329  47.104 0.0000000000
79406  -49.125  -5.958  50.332 0.0000000000
82501  -48.993  -3.908  50.729 0.0000000000
80416  -48.216  -5.626  49.873 0.0000000000
81441  -47.212  -4.658  49.083 0.0000000000
73505  -41.106  -9.834  53.497 0.0000000000
73521  -41.594  -9.609  52.043 0.0000000000
72320  -41.950  -9.824  50.721 0.0000000000
72340  -43.086  -10.187  49.599 0.0000000000
72360  -44.019  -10.886  48.765 0.0000000000
73535  -44.897  -10.323  49.392 0.0000000000
76021  -46.606  -9.429  49.356 0.0000000000
61600  -10.227  -21.657  67.199 0.0000000000
60484  -9.201  -21.303  66.085 0.0000000000
60506  -11.136  -22.327  65.311 0.0000000000
58197  -11.414  -24.155  64.194 0.0000000000
55551  -10.737  -25.934  63.508 0.0000000000
55549  -9.635  -27.158  63.120 0.0000000000
55534  -10.052  -26.774  64.667 0.0000000000
54363  -9.644  -27.585  65.466 0.0000000000
59338  -20.733  -23.610  75.710 0.0000000000
58049  -20.375  -24.065  76.349 0.0000000000
55401  -20.424  -25.531  75.837 0.0000000000
75962  -44.578  -9.025  55.852 0.0000000000
72160  -42.208  -12.213  63.655 0.0000000000
70951  -41.774  -13.273  62.898 0.0000000000
73384  -42.008  -11.267  62.933 0.0000000000
74617  -41.456  -10.711  61.361 0.0000000000
74642  -41.609  -10.821  59.307 0.0000000000
74658  -42.927  -10.348  58.060 0.0000000000
74675  -43.874  -9.922  57.318 0.0000000000
63835  -34.678  -18.070  72.617 0.0000000000
62796  -35.565  -18.760  67.704 0.0000000000
63917  -34.800  -18.512  68.163 0.0000000000
63935  -34.142  -18.126  66.501 0.0000000000
63958  -33.576  -17.606  64.782 0.0000000000
88630  -55.802  2.258  40.523 0.0000000000
89737  -56.623  2.305  40.032 0.0000000000
89738  -57.334  2.436  39.412 0.0000000000
89742  -57.436  2.577  38.342 0.0000000000
65001  -8.011  -18.034  73.959 0.0000000000
62703  -8.255  -18.570  72.703 0.0000000000
62694  -8.783  -18.650  73.667 0.0000000000
62706  -9.872  -20.003  73.482 0.0000000000
62707  -10.760  -20.396  73.482 0.0000000000
89682  -45.586  2.496  45.506 0.0000000000
90745  -45.244  3.284  46.763 0.0000000000
79446  -50.879  -5.812  48.622 0.0000000000
81471  -50.577  -4.170  48.292 0.0000000000
81470  -50.078  -3.752  47.475 0.0000000000
84830  -49.046  -1.143  47.885 0.0000000000
87410  -47.343  0.981  46.375 0.0000000000
68442  -17.482  -15.522  74.647 0.0000000000
68453  -17.619  -15.319  73.863 0.0000000000
66163  -18.338  -17.167  72.585 0.0000000000
66164  -18.615  -18.011  72.286 0.0000000000
61626  -19.952  -20.676  66.185 0.0000000000
62795  -19.757  -20.980  68.730 0.0000000000
69660  -12.406  -13.291  71.594 0.0000000000
70877  -13.178  -12.980  70.605 0.0000000000
69689  -11.412  -15.056  70.169 0.0000000000
68520  -10.524  -16.090  68.412 0.0000000000
68526  -10.335  -16.558  67.606 0.0000000000
61701  -8.030  -21.043  62.848 0.0000000000
65147  -7.188  -19.286  63.922 0.0000000000
62864  -7.662  -20.414  62.657 0.0000000000
64002  -7.930  -20.346  61.171 0.0000000000
62900  -8.428  -20.498  59.714 0.0000000000
69585  -14.279  -14.323  81.328 0.0000000000
67212  -13.765  -16.335  80.506 0.0000000000
66097  -14.028  -17.850  80.399 0.0000000000
59328  -17.978  -23.557  77.215 0.0000000000
60424  -17.746  -22.718  77.875 0.0000000000
60429  -17.599  -22.790  77.051 0.0000000000
60432  -17.384  -22.807  76.200 0.0000000000
60435  -16.889  -22.800  75.084 0.0000000000
61539  -15.925  -21.943  74.382 0.0000000000
59354  -15.610  -23.315  74.251 0.0000000000
59353  -14.585  -23.648  74.155 0.0000000000
59359  -12.745  -23.458  73.700 0.0000000000
69734  -44.234  -14.571  63.417 0.0000000000
68547  -43.918  -15.131  64.784 0.0000000000
70943  -43.901  -13.874  63.977 0.0000000000
70942  -43.125  -13.390  64.217 0.0000000000
73370  -43.107  -11.228  64.118 0.0000000000
75864  -43.471  -9.970  62.898 0.0000000000
62766  -37.201  -19.088  69.832 0.0000000000
62752  -38.910  -18.529  69.838 0.0000000000
62784  -37.555  -19.276  69.086 0.0000000000
62798  -36.969  -19.398  68.333 0.0000000000
62822  -36.319  -18.619  66.193 0.0000000000
87448  -54.530  0.948  43.005 0.0000000000
88616  -56.458  1.238  44.028 0.0000000000
88607  -57.690  1.556  44.608 0.0000000000
87381  -49.124  -0.401  51.064 0.0000000000
87378  -47.076  0.977  50.389 0.0000000000
87364  -48.628  -0.121  51.779 0.0000000000
72373  -44.858  -10.906  48.377 0.0000000000
78316  -51.625  -6.747  50.321 0.0000000000
83605  -51.138  -3.286  50.950 0.0000000000
65108  -27.238  -16.873  66.406 0.0000000000
65092  -27.087  -16.852  67.393 0.0000000000
65124  -26.112  -16.559  65.355 0.0000000000
65150  -23.942  -17.098  63.741 0.0000000000
70938  -14.649  -13.293  63.949 0.0000000000
69723  -13.828  -15.248  64.159 0.0000000000
66189  -6.672  -18.244  69.711 0.0000000000
66199  -7.152  -18.319  68.870 0.0000000000
66198  -6.524  -18.643  68.343 0.0000000000
63931  -5.758  -19.579  66.785 0.0000000000
61643  -7.412  -20.352  65.191 0.0000000000
60504  -9.102  -21.373  65.286 0.0000000000
60523  -8.299  -20.798  64.881 0.0000000000
60543  -8.150  -20.919  63.654 0.0000000000
60593  -9.202  -22.664  61.857 0.0000000000
66108  -16.116  -17.837  79.079 0.0000000000
63807  -17.382  -19.390  78.051 0.0000000000
62663  -18.388  -21.188  78.337 0.0000000000
60419  -18.671  -22.352  78.275 0.0000000000
59322  -19.743  -23.280  77.221 0.0000000000
58036  -19.078  -24.204  77.292 0.0000000000
58035  -18.587  -24.180  77.280 0.0000000000
56648  -18.075  -25.166  77.107 0.0000000000
58033  -16.593  -25.487  77.906 0.0000000000
58031  -14.603  -24.926  78.163 0.0000000000
77239  -43.364  -8.357  50.639 0.0000000000
77254  -43.633  -8.151  50.048 0.0000000000
78311  -43.664  -7.484  50.795 0.0000000000
70959  -41.281  -13.411  62.130 0.0000000000
73494  -41.016  -9.887  54.245 0.0000000000
74742  -42.558  -9.180  52.251 0.0000000000
63888  -29.957  -17.393  71.149 0.0000000000
65063  -29.131  -17.303  69.765 0.0000000000
63837  -36.071  -18.274  72.462 0.0000000000
63849  -35.208  -18.350  72.064 0.0000000000
63879  -33.672  -18.138  71.180 0.0000000000
63916  -33.974  -18.196  68.532 0.0000000000
63893  -33.776  -18.153  70.448 0.0000000000
63892  -32.930  -17.790  70.705 0.0000000000
65065  -31.265  -17.530  69.498 0.0000000000
65080  -30.418  -17.496  68.632 0.0000000000
65093  -28.249  -17.169  67.513 0.0000000000
65126  -28.495  -17.016  65.428 0.0000000000
89746  -57.461  2.719  37.384 0.0000000000
89747  -58.135  3.004  37.235 0.0000000000
90804  -58.697  3.601  37.083 0.0000000000
69657  -10.120  -14.876  71.910 0.0000000000
68478  -8.910  -15.892  71.295 0.0000000000
69636  -9.431  -14.787  73.832 0.0000000000
68463  -8.954  -15.505  72.515 0.0000000000
67299  -7.162  -17.528  70.811 0.0000000000
66182  -6.435  -18.083  70.770 0.0000000000
63885  -6.451  -19.140  70.409 0.0000000000
61556  -7.891  -20.121  69.484 0.0000000000
62738  -8.459  -19.763  71.288 0.0000000000
61557  -8.604  -20.592  69.728 0.0000000000
61568  -9.030  -21.163  69.080 0.0000000000
61583  -10.762  -21.305  68.504 0.0000000000
61602  -12.274  -21.793  67.669 0.0000000000
59390  -12.228  -23.508  68.260 0.0000000000
91773  -51.144  4.341  44.874 0.0000000000
82544  -50.117  -2.830  46.571 0.0000000000
84835  -50.358  -1.880  45.830 0.0000000000
84842  -50.807  -1.437  45.365 0.0000000000
87427  -50.416  1.308  44.632 0.0000000000
89700  -51.214  2.619  44.781 0.0000000000
64985  -17.642  -18.597  76.435 0.0000000000
63820  -19.022  -19.960  76.071 0.0000000000
67245  -18.095  -18.022  74.596 0.0000000000
64987  -19.261  -20.011  75.349 0.0000000000
62692  -19.876  -20.839  75.748 0.0000000000
55413  -20.484  -25.140  74.042 0.0000000000
65076  -25.966  -16.463  67.967 0.0000000000
65060  -25.774  -16.252  68.612 0.0000000000
66184  -24.664  -15.694  69.129 0.0000000000
66217  -22.378  -17.077  66.756 0.0000000000
66192  -23.236  -16.104  68.293 0.0000000000
67305  -24.051  -15.249  69.603 0.0000000000
68498  -22.924  -15.293  69.706 0.0000000000
69680  -21.546  -14.608  70.271 0.0000000000
69662  -20.461  -13.845  71.292 0.0000000000
67301  -19.298  -15.837  70.957 0.0000000000
66175  -18.875  -17.582  71.143 0.0000000000
63873  -19.536  -20.555  71.501 0.0000000000
62780  -19.650  -21.205  69.844 0.0000000000
62763  -19.892  -21.435  71.015 0.0000000000
60447  -20.410  -22.526  72.116 0.0000000000
58082  -19.944  -23.805  72.346 0.0000000000
73307  -13.707  -11.641  68.357 0.0000000000
70889  -13.598  -13.529  69.324 0.0000000000
70890  -13.920  -13.359  68.740 0.0000000000
72078  -14.195  -12.746  67.586 0.0000000000
70916  -14.408  -13.509  66.200 0.0000000000
69718  -14.014  -14.999  65.072 0.0000000000
68553  -12.858  -16.356  63.857 0.0000000000
67328  -8.088  -17.622  68.005 0.0000000000
67336  -8.856  -17.513  66.927 0.0000000000
67342  -9.068  -17.659  66.127 0.0000000000
66244  -7.339  -18.675  64.310 0.0000000000
66246  -9.046  -17.986  64.547 0.0000000000
67352  -10.223  -17.309  65.207 0.0000000000
67360  -10.934  -17.146  64.371 0.0000000000
67361  -11.529  -17.138  64.171 0.0000000000
66282  -12.424  -17.461  62.827 0.0000000000
66294  -12.048  -18.559  61.439 0.0000000000
64964  -15.334  -18.539  79.765 0.0000000000
63793  -15.031  -19.256  79.789 0.0000000000
63792  -14.221  -19.103  80.063 0.0000000000
61507  -15.427  -21.085  78.761 0.0000000000
61506  -14.360  -20.611  78.856 0.0000000000
62653  -13.272  -19.652  79.379 0.0000000000
62659  -12.672  -19.766  79.049 0.0000000000
62665  -11.773  -19.569  78.466 0.0000000000
62671  -10.907  -19.069  77.580 0.0000000000
62688  -11.492  -20.226  75.405 0.0000000000
62698  -11.565  -20.435  74.370 0.0000000000
62725  -12.921  -20.364  72.211 0.0000000000
61543  -14.841  -21.462  73.026 0.0000000000
62727  -14.351  -21.132  72.441 0.0000000000
62744  -13.576  -20.938  71.267 0.0000000000
60452  -13.149  -22.160  70.263 0.0000000000
59382  -12.362  -23.223  69.476 0.0000000000
58107  -11.287  -24.380  68.342 0.0000000000
58030  -13.428  -24.767  78.126 0.0000000000
58028  -11.581  -24.880  78.073 0.0000000000
58044  -12.894  -24.197  77.655 0.0000000000
59332  -12.398  -23.586  76.493 0.0000000000
59349  -10.917  -23.853  75.481 0.0000000000
59364  -11.012  -23.823  73.561 0.0000000000
58071  -9.611  -24.838  73.539 0.0000000000
58076  -10.328  -24.272  72.977 0.0000000000
58087  -10.424  -24.682  70.380 0.0000000000
58097  -10.409  -25.166  69.142 0.0000000000
56725  -10.174  -25.802  68.271 0.0000000000
55468  -9.381  -27.244  68.095 0.0000000000
54337  -8.870  -28.116  67.501 0.0000000000
68524  -44.053  -15.068  67.943 0.0000000000
70894  -45.207  -13.618  68.415 0.0000000000
69697  -44.569  -14.825  68.764 0.0000000000
67333  -43.540  -15.710  67.654 0.0000000000
66197  -43.459  -16.232  68.233 0.0000000000
66205  -42.848  -16.713  67.613 0.0000000000
67318  -43.500  -15.930  68.653 0.0000000000
66196  -42.970  -16.439  68.326 0.0000000000
69687  -44.138  -14.827  69.611 0.0000000000
91775  -52.802  4.293  45.585 0.0000000000
91764  -53.577  4.264  46.173 0.0000000000
89685  -52.736  2.504  45.578 0.0000000000
77241  -45.013  -9.082  49.504 0.0000000000
78322  -46.465  -7.403  48.863 0.0000000000
77256  -45.277  -8.459  49.206 0.0000000000
76018  -43.740  -9.241  49.980 0.0000000000
74760  -43.368  -9.481  50.026 0.0000000000
58124  -12.001  -23.790  67.238 0.0000000000
58143  -11.829  -23.988  66.314 0.0000000000
56746  -10.925  -25.077  66.943 0.0000000000
56768  -10.648  -25.700  66.328 0.0000000000
53199  -19.479  -27.408  73.320 0.0000000000
74632  -44.146  -9.263  60.515 0.0000000000
64977  -9.843  -17.846  76.900 0.0000000000
87387  -47.005  1.029  49.212 0.0000000000
87386  -46.004  1.177  48.734 0.0000000000
87390  -48.917  -0.256  50.211 0.0000000000
86089  -49.622  -0.931  50.335 0.0000000000
87396  -48.813  0.022  49.612 0.0000000000
87394  -47.863  0.938  48.498 0.0000000000
70850  -20.268  -13.331  73.081 0.0000000000
70863  -19.656  -13.691  72.601 0.0000000000
70864  -20.356  -13.471  72.174 0.0000000000
69731  -14.110  -15.268  63.028 0.0000000000
68492  -8.882  -16.172  70.206 0.0000000000
68506  -8.271  -16.944  69.523 0.0000000000
58260  -7.959  -23.812  59.467 0.0000000000
67223  -15.693  -16.812  78.893 0.0000000000
58054  -14.340  -23.973  76.517 0.0000000000
73337  -43.653  -11.090  66.116 0.0000000000
73348  -43.492  -11.123  65.443 0.0000000000
74580  -43.460  -10.330  64.633 0.0000000000
61610  -38.973  -19.264  66.932 0.0000000000
61633  -38.307  -19.341  66.011 0.0000000000
89668  -56.567  1.850  48.098 0.0000000000
88564  -55.777  1.640  47.628 0.0000000000
87403  -56.367  1.168  47.193 0.0000000000
88565  -56.271  1.575  47.732 0.0000000000
87404  -56.800  1.251  47.255 0.0000000000
81409  -49.876  -4.896  51.385 0.0000000000
82479  -49.960  -3.875  51.562 0.0000000000
82492  -49.732  -4.067  51.319 0.0000000000
78302  -49.605  -6.742  50.391 0.0000000000
77228  -49.116  -7.460  50.067 0.0000000000
79369  -49.910  -6.144  50.692 0.0000000000
80379  -50.496  -5.348  51.246 0.0000000000
73333  -13.551  -11.986  66.751 0.0000000000
61580  -8.123  -20.673  67.887 0.0000000000
61579  -7.498  -20.305  67.612 0.0000000000
61598  -8.619  -20.932  67.227 0.0000000000
58212  -10.616  -24.644  62.296 0.0000000000
58211  -10.249  -24.635  61.818 0.0000000000
56845  -9.969  -25.581  61.521 0.0000000000
55567  -9.691  -26.729  62.225 0.0000000000
63816  -19.386  -20.642  76.476 0.0000000000
62676  -19.453  -21.159  76.911 0.0000000000
61525  -19.802  -21.823  76.789 0.0000000000
54243  -18.933  -26.617  77.460 0.0000000000
75992  -44.013  -8.743  54.496 0.0000000000
77201  -44.018  -8.427  53.594 0.0000000000
77202  -44.267  -8.455  54.345 0.0000000000
69741  -44.207  -14.579  62.825 0.0000000000
74708  -43.006  -9.582  54.964 0.0000000000
63834  -33.861  -17.791  72.654 0.0000000000
63863  -32.609  -17.713  71.866 0.0000000000
62765  -36.576  -18.991  69.896 0.0000000000
62748  -36.102  -18.703  70.679 0.0000000000
65129  -31.873  -17.278  65.542 0.0000000000
65128  -30.929  -17.327  65.744 0.0000000000
65111  -30.827  -17.455  66.662 0.0000000000
66235  -30.640  -17.271  65.159 0.0000000000
66252  -29.660  -17.097  64.366 0.0000000000
66253  -30.470  -17.184  64.606 0.0000000000
67256  -7.609  -16.707  74.286 0.0000000000
68441  -8.070  -15.796  74.380 0.0000000000
67255  -7.615  -16.734  73.768 0.0000000000
68449  -7.757  -16.368  73.476 0.0000000000
65026  -6.890  -18.110  72.226 0.0000000000
65015  -7.455  -18.002  72.853 0.0000000000
62741  -11.253  -20.628  71.563 0.0000000000
62740  -10.310  -20.636  71.580 0.0000000000
62759  -12.398  -20.696  70.572 0.0000000000
91788  -48.026  4.215  44.630 0.0000000000
92763  -48.059  4.682  45.021 0.0000000000
91771  -47.172  4.436  45.490 0.0000000000
89695  -47.096  2.653  44.584 0.0000000000
89696  -47.907  2.698  44.415 0.0000000000
90768  -48.379  3.449  44.363 0.0000000000
65017  -18.778  -19.030  72.984 0.0000000000
63842  -19.145  -19.906  73.575 0.0000000000
63843  -19.484  -20.632  73.081 0.0000000000
61545  -20.194  -21.875  73.221 0.0000000000
62713  -20.250  -21.677  72.830 0.0000000000
63946  -22.968  -17.389  64.355 0.0000000000
63945  -22.239  -17.818  64.659 0.0000000000
63922  -20.097  -19.166  67.641 0.0000000000
65086  -20.684  -17.988  67.169 0.0000000000
65072  -20.066  -18.401  68.153 0.0000000000
65071  -19.926  -18.070  68.621 0.0000000000
65057  -19.635  -18.834  69.086 0.0000000000
65058  -19.761  -19.225  68.823 0.0000000000
72040  -13.392  -11.582  70.862 0.0000000000
68527  -11.265  -16.096  67.110 0.0000000000
68532  -12.400  -15.865  66.233 0.0000000000
67339  -10.935  -16.621  66.228 0.0000000000
63955  -6.204  -19.538  64.823 0.0000000000
65119  -5.854  -18.780  65.188 0.0000000000
65197  -8.931  -19.154  61.699 0.0000000000
65180  -8.713  -18.952  62.317 0.0000000000
65198  -9.300  -19.228  61.486 0.0000000000
65182  -9.431  -18.841  62.103 0.0000000000
65199  -9.822  -19.318  61.277 0.0000000000
65215  -9.507  -19.656  60.677 0.0000000000
66095  -12.736  -17.354  80.754 0.0000000000
64962  -12.534  -18.513  80.402 0.0000000000
60417  -17.198  -21.947  78.430 0.0000000000
61523  -15.570  -21.718  77.055 0.0000000000
61528  -14.692  -21.435  76.425 0.0000000000
61527  -13.800  -21.197  76.767 0.0000000000
61533  -14.684  -21.278  75.240 0.0000000000
59366  -12.707  -23.269  72.709 0.0000000000
59367  -13.596  -22.966  72.395 0.0000000000
59371  -11.685  -23.501  72.015 0.0000000000
55396  -8.579  -26.806  77.531 0.0000000000
56653  -9.438  -25.973  77.704 0.0000000000
56658  -8.961  -26.122  76.834 0.0000000000
72095  -43.736  -11.850  66.851 0.0000000000
65131  -42.561  -17.159  65.911 0.0000000000
66237  -43.051  -16.197  65.684 0.0000000000
66222  -42.972  -16.172  66.560 0.0000000000
69712  -44.147  -14.210  67.073 0.0000000000
70912  -43.999  -13.250  66.863 0.0000000000
72094  -43.690  -12.202  66.456 0.0000000000
62813  -41.090  -18.350  66.984 0.0000000000
61637  -40.765  -18.518  66.458 0.0000000000
62825  -41.624  -18.229  66.478 0.0000000000
65114  -42.579  -17.101  66.676 0.0000000000
63938  -42.372  -17.488  66.564 0.0000000000
63951  -42.257  -17.640  65.543 0.0000000000
63919  -41.985  -17.694  67.998 0.0000000000
63918  -41.678  -17.780  68.369 0.0000000000
62812  -40.589  -18.535  67.215 0.0000000000
91754  -54.976  3.573  47.206 0.0000000000
91765  -54.573  4.202  46.756 0.0000000000
86114  -51.579  -0.441  45.146 0.0000000000
84843  -52.001  -1.297  45.130 0.0000000000
87421  -53.217  0.504  45.796 0.0000000000
84844  -52.984  -1.163  45.143 0.0000000000
84845  -53.908  -1.372  45.081 0.0000000000
84854  -53.951  -1.492  44.472 0.0000000000
86105  -54.271  -0.047  46.188 0.0000000000
89677  -54.177  2.236  46.687 0.0000000000
88577  -54.503  1.483  46.735 0.0000000000
89678  -54.856  2.182  47.187 0.0000000000
80417  -48.843  -5.472  50.256 0.0000000000
79404  -47.913  -6.546  49.713 0.0000000000
79430  -46.837  -6.226  48.689 0.0000000000
81453  -47.307  -5.172  49.105 0.0000000000
81452  -46.790  -4.973  48.622 0.0000000000
73506  -41.644  -9.684  53.109 0.0000000000
72321  -42.486  -9.747  50.318 0.0000000000
72341  -44.427  -10.508  49.245 0.0000000000
77243  -47.179  -8.480  49.433 0.0000000000
78313  -48.500  -7.051  50.032 0.0000000000
61624  -11.152  -21.945  66.320 0.0000000000
61623  -10.385  -21.904  66.145 0.0000000000
60486  -11.378  -22.196  65.858 0.0000000000
56786  -11.475  -24.482  65.498 0.0000000000
58179  -11.634  -23.973  64.934 0.0000000000
56804  -11.308  -24.717  64.659 0.0000000000
56824  -11.250  -24.797  63.955 0.0000000000
56803  -10.982  -25.375  64.173 0.0000000000
55535  -10.538  -26.100  64.427 0.0000000000
55516  -9.662  -27.424  66.112 0.0000000000
55517  -9.883  -26.939  65.611 0.0000000000
54362  -9.400  -28.062  65.935 0.0000000000
54361  -8.850  -28.566  66.022 0.0000000000
54352  -9.082  -28.135  66.854 0.0000000000
56660  -21.074  -24.524  75.219 0.0000000000
56659  -20.825  -24.779  75.518 0.0000000000
55404  -20.696  -25.434  75.149 0.0000000000
74695  -44.410  -9.459  56.677 0.0000000000
73385  -42.443  -11.189  63.393 0.0000000000
74630  -42.323  -10.268  60.254 0.0000000000
74629  -41.413  -10.752  60.028 0.0000000000
74643  -42.193  -10.651  59.057 0.0000000000
64996  -34.509  -17.420  73.541 0.0000000000
65010  -34.950  -17.909  73.028 0.0000000000
62809  -35.620  -18.492  66.711 0.0000000000
63925  -34.847  -18.399  67.151 0.0000000000
63936  -34.956  -18.128  66.128 0.0000000000
88625  -55.886  2.048  41.668 0.0000000000
89721  -56.865  2.110  42.230 0.0000000000
89729  -56.756  2.180  41.108 0.0000000000
88637  -56.440  2.437  39.160 0.0000000000
89723  -58.563  2.560  41.302 0.0000000000
64988  -8.186  -17.873  74.881 0.0000000000
63828  -8.527  -18.479  73.724 0.0000000000
63822  -8.552  -18.316  74.538 0.0000000000
62696  -9.861  -19.513  74.420 0.0000000000
88573  -45.501  1.679  46.070 0.0000000000
90752  -45.431  3.079  45.903 0.0000000000
89675  -44.758  2.545  47.084 0.0000000000
79432  -51.807  -5.976  49.494 0.0000000000
83624  -50.397  -2.136  49.461 0.0000000000
80449  -51.162  -5.099  48.990 0.0000000000
81454  -50.979  -4.387  49.031 0.0000000000
82520  -50.705  -3.681  48.712 0.0000000000
83651  -49.947  -2.611  48.119 0.0000000000
84831  -49.320  -1.303  48.431 0.0000000000
87399  -46.709  0.976  47.044 0.0000000000
87400  -47.614  0.831  47.357 0.0000000000
87409  -46.539  1.117  46.210 0.0000000000
88574  -46.260  1.442  45.634 0.0000000000
69639  -18.543  -14.321  73.676 0.0000000000
68465  -18.748  -15.104  72.098 0.0000000000
67279  -18.173  -16.041  72.391 0.0000000000
66174  -18.781  -17.087  71.789 0.0000000000
62808  -19.978  -20.370  66.710 0.0000000000
60489  -19.614  -21.454  66.776 0.0000000000
69659  -11.881  -13.848  71.824 0.0000000000
69675  -11.702  -14.476  70.908 0.0000000000
68508  -9.708  -16.121  69.416 0.0000000000
68509  -10.805  -15.593  69.650 0.0000000000
68525  -9.855  -16.802  67.680 0.0000000000
61714  -8.164  -21.319  62.311 0.0000000000
61700  -7.761  -20.685  62.978 0.0000000000
61713  -7.974  -21.202  62.052 0.0000000000
60643  -7.781  -22.242  59.578 0.0000000000
61741  -7.723  -21.287  60.494 0.0000000000
61758  -7.673  -21.475  59.960 0.0000000000
64016  -8.141  -20.348  60.555 0.0000000000
62911  -7.818  -20.988  59.769 0.0000000000
60645  -8.129  -21.967  58.694 0.0000000000
67218  -14.348  -16.485  80.034 0.0000000000
67213  -14.114  -15.914  80.349 0.0000000000
67217  -14.036  -16.914  80.233 0.0000000000
66101  -13.887  -17.241  80.354 0.0000000000
59337  -17.438  -23.716  76.368 0.0000000000
59347  -17.191  -23.196  75.717 0.0000000000
60436  -17.214  -22.785  75.665 0.0000000000
59355  -16.388  -23.074  74.612 0.0000000000
59344  -14.366  -23.896  74.995 0.0000000000
59352  -13.617  -23.672  74.318 0.0000000000
59351  -12.680  -23.530  74.644 0.0000000000
68555  -44.281  -15.318  63.754 0.0000000000
67356  -43.535  -15.739  65.210 0.0000000000
70930  -43.194  -13.078  64.633 0.0000000000
72139  -42.863  -12.067  64.186 0.0000000000
75852  -43.725  -9.806  63.637 0.0000000000
61678  -40.632  -18.827  64.548 0.0000000000
62734  -37.584  -18.664  70.711 0.0000000000
62750  -37.398  -18.862  70.340 0.0000000000
63895  -40.703  -17.739  69.225 0.0000000000
62770  -39.640  -18.309  69.084 0.0000000000
61590  -37.942  -19.524  67.691 0.0000000000
61563  -38.007  -19.214  68.979 0.0000000000
61574  -37.511  -19.475  68.402 0.0000000000
62811  -36.922  -19.274  67.481 0.0000000000
62823  -36.899  -18.982  66.581 0.0000000000
62834  -36.339  -18.718  65.116 0.0000000000
86122  -54.924  -1.231  44.435 0.0000000000
86136  -54.467  -0.506  43.604 0.0000000000
86123  -55.242  -0.991  44.707 0.0000000000
86137  -54.925  0.090  43.603 0.0000000000
87438  -55.563  0.509  43.873 0.0000000000
88619  -55.617  1.140  43.364 0.0000000000
88615  -55.828  0.959  43.786 0.0000000000
88580  -57.736  1.613  46.573 0.0000000000
88593  -57.762  1.497  45.649 0.0000000000
88581  -58.368  1.967  46.024 0.0000000000
86068  -49.496  -0.849  51.484 0.0000000000
87380  -48.509  0.048  50.938 0.0000000000
87365  -49.200  -0.609  51.713 0.0000000000
86036  -48.699  -1.045  52.571 0.0000000000
87339  -47.998  -0.020  52.457 0.0000000000
82490  -48.452  -3.250  51.013 0.0000000000
83603  -48.547  -2.919  51.497 0.0000000000
73545  -45.294  -10.484  49.179 0.0000000000
73546  -45.723  -10.469  49.043 0.0000000000
74766  -48.529  -9.007  49.355 0.0000000000
76035  -49.056  -8.847  48.997 0.0000000000
77259  -50.209  -7.974  49.666 0.0000000000
83573  -50.736  -2.992  51.473 0.0000000000
82482  -51.125  -3.870  51.124 0.0000000000
84773  -50.687  -2.508  51.367 0.0000000000
86070  -50.372  -1.528  51.042 0.0000000000
65138  -24.909  -16.625  64.391 0.0000000000
73353  -13.214  -12.007  64.748 0.0000000000
72103  -14.260  -12.733  65.640 0.0000000000
72116  -14.199  -12.532  64.626 0.0000000000
69724  -14.421  -14.360  64.545 0.0000000000
65055  -6.180  -18.750  69.240 0.0000000000
65069  -5.992  -19.071  68.530 0.0000000000
61596  -7.330  -20.392  66.766 0.0000000000
62803  -6.084  -20.203  67.178 0.0000000000
61595  -6.639  -20.417  66.533 0.0000000000
62818  -5.977  -20.274  66.189 0.0000000000
60505  -9.956  -21.896  65.459 0.0000000000
60545  -9.303  -21.666  63.610 0.0000000000
60524  -8.848  -21.223  64.606 0.0000000000
60544  -8.389  -20.984  63.950 0.0000000000
60569  -8.969  -21.661  62.817 0.0000000000
60568  -8.325  -21.109  63.176 0.0000000000
58228  -9.494  -24.551  60.972 0.0000000000
58227  -9.169  -24.359  60.577 0.0000000000
54382  -9.469  -27.527  63.810 0.0000000000
54394  -8.908  -27.795  62.864 0.0000000000
53328  -8.262  -28.677  63.714 0.0000000000
66114  -16.591  -18.196  78.308 0.0000000000
62668  -18.789  -20.996  77.987 0.0000000000
62667  -18.197  -20.743  78.275 0.0000000000
61511  -18.890  -21.731  78.210 0.0000000000
61510  -18.197  -21.645  78.460 0.0000000000
58038  -19.986  -24.016  76.680 0.0000000000
56651  -19.779  -24.787  76.644 0.0000000000
56642  -18.924  -25.579  77.277 0.0000000000
56650  -19.317  -25.039  77.004 0.0000000000
56649  -18.750  -24.994  77.172 0.0000000000
59320  -18.825  -23.499  77.727 0.0000000000
56646  -16.577  -25.707  78.301 0.0000000000
58032  -15.808  -25.433  78.210 0.0000000000
77225  -43.431  -8.472  51.807 0.0000000000
72159  -41.501  -12.199  62.733 0.0000000000
72181  -41.216  -12.680  62.474 0.0000000000
73475  -41.603  -9.939  55.641 0.0000000000
73485  -41.622  -9.762  54.780 0.0000000000
75990  -43.060  -9.091  52.899 0.0000000000
76000  -43.057  -8.844  52.116 0.0000000000
76009  -43.013  -8.817  50.825 0.0000000000
63875  -30.467  -17.512  71.584 0.0000000000
63889  -30.565  -17.412  71.100 0.0000000000
63902  -29.900  -17.346  70.638 0.0000000000
62714  -35.750  -18.422  71.883 0.0000000000
62730  -35.192  -18.453  71.488 0.0000000000
63865  -34.596  -18.352  71.582 0.0000000000
63880  -34.377  -18.392  70.917 0.0000000000
63908  -34.745  -18.558  69.187 0.0000000000
65082  -32.361  -17.871  67.989 0.0000000000
63915  -32.929  -17.914  68.835 0.0000000000
63906  -33.042  -17.807  69.866 0.0000000000
63905  -32.115  -17.575  70.071 0.0000000000
65066  -31.837  -17.664  69.436 0.0000000000
65094  -29.467  -17.394  67.585 0.0000000000
65109  -28.555  -17.157  66.388 0.0000000000
66251  -28.790  -16.897  64.082 0.0000000000
66232  -28.167  -16.812  64.651 0.0000000000
89739  -58.247  2.723  39.174 0.0000000000
89743  -58.193  2.878  38.179 0.0000000000
89754  -58.128  3.074  36.313 0.0000000000
70845  -10.440  -14.221  73.207 0.0000000000
69646  -10.573  -14.371  72.562 0.0000000000
68479  -9.532  -15.341  71.643 0.0000000000
68464  -9.561  -15.132  72.263 0.0000000000
70804  -9.521  -14.369  75.101 0.0000000000
67267  -7.848  -16.471  72.522 0.0000000000
68451  -8.723  -15.485  73.288 0.0000000000
68462  -8.169  -16.320  71.970 0.0000000000
67289  -7.583  -16.954  71.252 0.0000000000
67309  -6.788  -17.840  70.493 0.0000000000
67298  -6.693  -17.744  71.121 0.0000000000
63871  -6.695  -19.013  71.226 0.0000000000
62720  -8.577  -19.166  72.278 0.0000000000
62719  -8.025  -18.707  72.360 0.0000000000
61550  -8.937  -20.422  70.633 0.0000000000
61558  -9.385  -20.933  70.006 0.0000000000
61582  -9.630  -21.443  68.273 0.0000000000
62793  -12.272  -21.251  69.158 0.0000000000
62806  -12.013  -21.383  68.335 0.0000000000
60457  -12.665  -22.505  68.031 0.0000000000
91791  -50.345  4.250  44.670 0.0000000000
92751  -50.504  5.262  44.936 0.0000000000
78320  -44.421  -7.720  49.020 0.0000000000
82534  -49.804  -2.541  47.333 0.0000000000
83658  -49.508  -2.055  46.915 0.0000000000
86112  -49.592  -0.483  45.468 0.0000000000
84834  -49.758  -1.518  45.933 0.0000000000
84841  -50.185  -0.983  45.481 0.0000000000
83667  -50.585  -2.259  45.701 0.0000000000
86113  -50.568  -0.416  45.187 0.0000000000
90770  -50.004  3.425  44.535 0.0000000000
89699  -50.382  2.618  44.614 0.0000000000
90771  -50.800  3.457  44.721 0.0000000000
66128  -17.188  -17.672  76.273 0.0000000000
64990  -17.504  -18.306  76.245 0.0000000000
66119  -18.206  -19.110  76.269 0.0000000000
66123  -18.257  -18.979  75.821 0.0000000000
67268  -17.502  -16.099  73.978 0.0000000000
67258  -17.522  -16.545  74.480 0.0000000000
67259  -17.905  -17.523  74.197 0.0000000000
63830  -19.231  -19.995  74.375 0.0000000000
64992  -19.065  -19.731  74.823 0.0000000000
63825  -19.602  -20.450  75.107 0.0000000000
62693  -19.977  -21.347  75.267 0.0000000000
60433  -20.505  -23.091  75.233 0.0000000000
61536  -20.156  -22.317  74.770 0.0000000000
59363  -20.306  -23.326  73.508 0.0000000000
58073  -20.546  -24.018  73.992 0.0000000000
56668  -20.342  -24.602  73.655 0.0000000000
54278  -19.968  -26.207  73.074 0.0000000000
55417  -19.903  -25.546  72.841 0.0000000000
65107  -26.057  -16.665  66.350 0.0000000000
65091  -26.026  -16.636  67.222 0.0000000000
65089  -24.232  -16.421  67.057 0.0000000000
65075  -25.125  -16.299  67.735 0.0000000000
65059  -25.039  -16.113  68.150 0.0000000000
66194  -25.118  -15.973  68.740 0.0000000000
66204  -24.547  -16.021  68.104 0.0000000000
65120  -21.955  -17.595  66.032 0.0000000000
65103  -21.803  -17.459  66.541 0.0000000000
66202  -22.615  -16.546  67.635 0.0000000000
67316  -23.784  -15.679  68.831 0.0000000000
67315  -22.668  -15.845  69.018 0.0000000000
67304  -23.228  -15.470  69.415 0.0000000000
68513  -22.341  -15.589  69.400 0.0000000000
68497  -21.721  -15.380  69.628 0.0000000000
68496  -20.612  -15.216  70.001 0.0000000000
69679  -20.572  -14.440  70.553 0.0000000000
68495  -19.760  -15.151  70.529 0.0000000000
67302  -19.656  -16.272  70.251 0.0000000000
65047  -19.257  -18.735  69.852 0.0000000000
65037  -18.850  -18.782  70.821 0.0000000000
63886  -19.193  -19.748  70.689 0.0000000000
63872  -18.939  -19.869  71.635 0.0000000000
60460  -19.780  -21.991  68.646 0.0000000000
61573  -19.681  -21.611  69.239 0.0000000000
58100  -19.623  -23.538  70.703 0.0000000000
60453  -19.654  -22.458  70.510 0.0000000000
60450  -20.082  -22.465  71.301 0.0000000000
61555  -20.335  -21.961  71.525 0.0000000000
59374  -20.078  -23.092  71.876 0.0000000000
58090  -19.819  -23.740  71.474 0.0000000000
74504  -13.299  -10.276  69.491 0.0000000000
74520  -13.340  -10.928  68.603 0.0000000000
73308  -13.936  -12.158  68.663 0.0000000000
69691  -13.195  -13.806  69.848 0.0000000000
69677  -13.133  -13.401  70.291 0.0000000000
69700  -13.897  -13.764  68.351 0.0000000000
69707  -13.977  -13.995  67.843 0.0000000000
70896  -14.106  -13.348  68.013 0.0000000000
70906  -14.288  -13.446  67.210 0.0000000000
69714  -14.068  -14.398  66.863 0.0000000000
68539  -13.883  -15.084  65.777 0.0000000000
68538  -13.287  -15.571  65.314 0.0000000000
68546  -13.011  -15.960  64.348 0.0000000000
68545  -12.491  -16.391  64.327 0.0000000000
66208  -7.096  -18.298  67.719 0.0000000000
67327  -7.615  -17.971  68.378 0.0000000000
66216  -7.936  -17.927  66.391 0.0000000000
67335  -8.115  -17.819  67.055 0.0000000000
67341  -8.424  -17.796  66.420 0.0000000000
63976  -7.407  -19.801  63.315 0.0000000000
65136  -7.031  -18.967  64.265 0.0000000000
65148  -7.554  -18.984  63.686 0.0000000000
66261  -8.846  -18.333  63.683 0.0000000000
66245  -8.105  -18.305  64.469 0.0000000000
66230  -9.382  -17.713  65.308 0.0000000000
66247  -10.033  -17.521  64.603 0.0000000000
67353  -10.706  -17.124  64.873 0.0000000000
66248  -10.585  -17.284  64.394 0.0000000000
66263  -10.767  -17.578  63.785 0.0000000000
66264  -11.882  -17.501  63.485 0.0000000000
64968  -11.041  -18.239  79.270 0.0000000000
64965  -16.206  -18.766  79.229 0.0000000000
62655  -15.631  -19.951  79.300 0.0000000000
63799  -15.732  -19.393  79.460 0.0000000000
62650  -15.133  -19.748  79.443 0.0000000000
62649  -14.552  -19.531  79.583 0.0000000000
60423  -17.103  -22.117  77.740 0.0000000000
60416  -16.363  -21.631  78.315 0.0000000000
61515  -14.471  -21.183  78.368 0.0000000000
61499  -13.627  -19.809  79.118 0.0000000000
61505  -13.534  -20.105  78.935 0.0000000000
62660  -13.169  -19.878  79.076 0.0000000000
61513  -13.094  -20.202  78.730 0.0000000000
62673  -12.502  -20.373  77.406 0.0000000000
62666  -12.446  -20.065  78.307 0.0000000000
62672  -11.568  -19.860  77.538 0.0000000000
62680  -11.507  -20.053  76.485 0.0000000000
62679  -10.798  -19.438  76.551 0.0000000000
62699  -12.576  -20.498  74.170 0.0000000000
62709  -12.743  -20.335  73.165 0.0000000000
62710  -13.667  -20.416  72.982 0.0000000000
60443  -15.510  -22.371  73.513 0.0000000000
61544  -15.481  -21.919  73.597 0.0000000000
60449  -13.933  -22.140  71.745 0.0000000000
61548  -14.428  -21.658  72.359 0.0000000000
61554  -14.000  -21.795  71.745 0.0000000000
62726  -13.795  -20.670  72.107 0.0000000000
61553  -13.689  -21.480  71.197 0.0000000000
62761  -13.380  -21.214  70.751 0.0000000000
61561  -13.319  -21.660  70.569 0.0000000000
60451  -12.790  -22.636  69.909 0.0000000000
59389  -11.802  -23.788  69.138 0.0000000000
58098  -11.100  -24.177  69.597 0.0000000000
58022  -12.784  -25.318  78.444 0.0000000000
58026  -10.296  -25.265  77.762 0.0000000000
56645  -10.785  -25.550  78.184 0.0000000000
58027  -10.844  -25.164  77.965 0.0000000000
58043  -12.035  -24.340  77.724 0.0000000000
58042  -11.357  -24.546  77.517 0.0000000000
59325  -12.277  -23.892  77.251 0.0000000000
59331  -11.506  -23.950  76.906 0.0000000000
58061  -9.776  -24.959  75.557 0.0000000000
58068  -10.280  -24.348  75.020 0.0000000000
59357  -10.971  -23.850  74.534 0.0000000000
58072  -10.234  -24.256  74.030 0.0000000000
58075  -9.703  -24.937  72.432 0.0000000000
58080  -10.581  -24.171  71.690 0.0000000000
58079  -9.672  -25.336  71.222 0.0000000000
58086  -9.902  -25.549  70.035 0.0000000000
58096  -9.984  -25.755  69.439 0.0000000000
56707  -10.015  -25.978  68.996 0.0000000000
56724  -9.666  -26.664  68.485 0.0000000000
70902  -44.579  -13.537  67.615 0.0000000000
72074  -44.394  -12.306  67.684 0.0000000000
70895  -45.036  -12.902  67.737 0.0000000000
72066  -44.963  -12.505  69.045 0.0000000000
66212  -42.728  -16.762  66.996 0.0000000000
67340  -43.427  -15.623  66.945 0.0000000000
68530  -43.837  -14.977  67.373 0.0000000000
63920  -42.295  -17.490  67.736 0.0000000000
63927  -42.392  -17.450  67.273 0.0000000000
66181  -42.636  -16.327  68.857 0.0000000000
67317  -43.102  -16.068  68.685 0.0000000000
65083  -42.332  -17.399  67.991 0.0000000000
69686  -43.379  -14.751  69.743 0.0000000000
90747  -53.889  3.226  46.517 0.0000000000
88605  -51.573  1.676  44.915 0.0000000000
87420  -52.128  0.743  45.270 0.0000000000
88589  -52.297  1.810  45.309 0.0000000000
87422  -53.808  0.432  46.145 0.0000000000
89686  -53.439  2.338  46.150 0.0000000000
77258  -47.035  -7.799  49.322 0.0000000000
78323  -47.291  -7.110  49.237 0.0000000000
79429  -46.230  -6.556  48.399 0.0000000000
73522  -42.214  -9.443  51.264 0.0000000000
74761  -44.345  -9.906  49.673 0.0000000000
74762  -45.200  -10.026  49.522 0.0000000000
77242  -46.035  -8.961  49.451 0.0000000000
59418  -12.177  -23.133  66.212 0.0000000000
59435  -11.971  -22.788  65.732 0.0000000000
59417  -11.942  -23.554  65.856 0.0000000000
55500  -10.175  -26.386  66.171 0.0000000000
55499  -9.857  -26.862  66.670 0.0000000000
55408  -20.462  -25.636  74.372 0.0000000000
54267  -20.179  -26.223  74.737 0.0000000000
54266  -19.965  -26.972  74.098 0.0000000000
53187  -19.353  -27.653  74.362 0.0000000000
74631  -43.337  -9.862  60.419 0.0000000000
74660  -44.523  -9.357  58.615 0.0000000000
64999  -36.170  -17.612  73.193 0.0000000000
89710  -57.824  1.866  43.844 0.0000000000
89716  -57.778  2.205  42.804 0.0000000000
89712  -59.468  2.787  42.839 0.0000000000
64982  -8.784  -17.711  75.706 0.0000000000
63823  -9.176  -18.540  74.991 0.0000000000
63818  -9.330  -18.233  75.731 0.0000000000
62686  -9.943  -18.894  75.396 0.0000000000
87392  -45.939  1.099  47.618 0.0000000000
88562  -44.699  1.943  47.575 0.0000000000
88558  -45.163  1.471  48.166 0.0000000000
88557  -44.476  2.063  48.659 0.0000000000
83615  -51.170  -3.377  50.532 0.0000000000
81444  -51.631  -4.623  49.785 0.0000000000
84815  -50.659  -1.985  50.268 0.0000000000
84814  -50.218  -1.667  49.671 0.0000000000
84826  -49.992  -1.767  49.265 0.0000000000
86099  -49.189  -0.870  48.622 0.0000000000
86095  -48.939  -0.057  48.884 0.0000000000
65051  -29.236  -17.200  70.660 0.0000000000
70949  -14.477  -13.299  62.806 0.0000000000
68518  -8.937  -16.861  68.586 0.0000000000
59511  -8.627  -23.386  60.344 0.0000000000
60612  -8.221  -21.883  61.150 0.0000000000
59510  -8.249  -22.936  60.204 0.0000000000
59528  -7.956  -22.841  59.727 0.0000000000
59543  -7.856  -23.148  59.182 0.0000000000
66103  -15.011  -17.542  79.766 0.0000000000
58047  -16.753  -25.092  77.229 0.0000000000
58057  -17.142  -24.528  76.521 0.0000000000
58056  -16.270  -24.468  76.342 0.0000000000
58064  -15.723  -24.203  75.698 0.0000000000
58063  -15.269  -24.144  75.620 0.0000000000
59334  -14.215  -23.845  75.883 0.0000000000
59333  -13.302  -23.596  76.121 0.0000000000
70922  -43.737  -13.217  65.930 0.0000000000
72122  -43.328  -11.921  65.093 0.0000000000
73357  -43.276  -11.283  64.515 0.0000000000
62849  -41.442  -18.415  64.486 0.0000000000
61578  -39.563  -18.763  68.143 0.0000000000
61577  -39.064  -18.892  68.345 0.0000000000
61592  -39.037  -19.153  67.674 0.0000000000
61591  -38.418  -19.402  67.678 0.0000000000
61608  -37.919  -19.443  66.898 0.0000000000
61607  -37.448  -19.289  66.790 0.0000000000
61632  -37.822  -19.324  65.987 0.0000000000
88560  -57.435  1.954  47.914 0.0000000000
87414  -55.767  0.387  46.326 0.0000000000
87423  -55.820  -0.159  45.312 0.0000000000
87424  -56.426  0.612  45.804 0.0000000000
88606  -56.938  1.099  45.233 0.0000000000
88579  -57.202  1.322  47.073 0.0000000000
83572  -49.950  -2.470  52.041 0.0000000000
86038  -49.452  -1.312  52.106 0.0000000000
84751  -49.538  -1.766  52.169 0.0000000000
84750  -49.000  -1.633  52.423 0.0000000000
84749  -48.353  -1.522  52.630 0.0000000000
74764  -46.943  -9.862  49.136 0.0000000000
76023  -48.526  -8.697  49.492 0.0000000000
77245  -49.162  -7.984  49.819 0.0000000000
77246  -49.915  -7.786  50.001 0.0000000000
78304  -50.712  -6.758  50.604 0.0000000000
79371  -50.789  -5.746  51.129 0.0000000000
82480  -50.513  -4.007  51.470 0.0000000000
73343  -13.245  -12.041  65.815 0.0000000000
72089  -13.860  -12.289  66.022 0.0000000000
62773  -6.608  -19.565  68.730 0.0000000000
62789  -6.445  -19.797  67.968 0.0000000000
62790  -7.084  -19.837  68.185 0.0000000000
61620  -7.874  -20.551  66.199 0.0000000000
60547  -10.528  -22.923  63.483 0.0000000000
60525  -9.575  -21.822  64.442 0.0000000000
59463  -10.399  -23.282  62.880 0.0000000000
60571  -10.022  -23.144  62.581 0.0000000000
60594  -9.549  -23.280  61.818 0.0000000000
59478  -9.896  -23.667  61.968 0.0000000000
58229  -9.818  -24.519  61.381 0.0000000000
56867  -9.549  -25.488  61.024 0.0000000000
55584  -8.993  -26.515  60.859 0.0000000000
54407  -8.623  -27.702  61.628 0.0000000000
63814  -17.828  -19.463  77.396 0.0000000000
63809  -18.695  -20.569  77.599 0.0000000000
62669  -19.271  -21.288  77.576 0.0000000000
61512  -19.370  -22.024  77.895 0.0000000000
54254  -19.717  -26.430  76.892 0.0000000000
55393  -19.706  -25.649  76.771 0.0000000000
55387  -18.724  -26.138  77.478 0.0000000000
55386  -18.207  -26.332  77.768 0.0000000000
56640  -17.732  -26.004  77.740 0.0000000000
55385  -17.750  -26.442  78.470 0.0000000000
55384  -16.922  -26.571  79.099 0.0000000000
77217  -43.648  -8.590  52.741 0.0000000000
73397  -41.013  -11.316  61.793 0.0000000000
74722  -42.828  -9.445  54.140 0.0000000000
74732  -43.161  -9.277  53.946 0.0000000000
63862  -31.686  -17.653  71.980 0.0000000000
63890  -31.236  -17.440  71.041 0.0000000000
62716  -36.721  -18.492  71.377 0.0000000000
62715  -36.121  -18.462  71.671 0.0000000000
62732  -36.438  -18.602  71.101 0.0000000000
63894  -34.611  -18.477  70.185 0.0000000000
63934  -33.337  -17.946  66.846 0.0000000000
65097  -32.492  -17.722  67.150 0.0000000000
65096  -31.609  -17.653  67.434 0.0000000000
65081  -31.650  -17.760  68.631 0.0000000000
66220  -29.840  -17.378  65.939 0.0000000000
66219  -29.291  -17.234  65.781 0.0000000000
66234  -30.016  -17.274  65.327 0.0000000000
88646  -55.798  2.513  38.535 0.0000000000
69634  -8.412  -15.511  74.278 0.0000000000
69635  -8.803  -15.281  73.923 0.0000000000
67266  -7.583  -16.841  72.828 0.0000000000
67277  -7.165  -17.338  72.068 0.0000000000
66172  -6.505  -17.838  71.602 0.0000000000
66161  -6.470  -17.909  71.977 0.0000000000
63855  -6.435  -18.496  71.886 0.0000000000
62737  -7.612  -19.152  71.599 0.0000000000
62739  -9.412  -20.312  71.567 0.0000000000
61552  -10.254  -20.806  70.932 0.0000000000
61559  -10.374  -20.926  70.252 0.0000000000
61570  -10.750  -21.117  69.452 0.0000000000
62775  -11.310  -20.996  69.593 0.0000000000
62776  -11.959  -20.884  69.735 0.0000000000
61571  -12.748  -21.460  69.503 0.0000000000
91790  -49.606  4.164  44.530 0.0000000000
92750  -49.600  5.410  45.121 0.0000000000
92749  -48.849  5.252  45.261 0.0000000000
93801  -48.684  5.425  45.678 0.0000000000
87411  -48.189  0.462  46.307 0.0000000000
86111  -48.735  -0.287  45.956 0.0000000000
88587  -48.413  1.126  45.090 0.0000000000
88588  -49.274  1.100  44.792 0.0000000000
88603  -49.926  1.701  44.604 0.0000000000
89697  -48.726  2.659  44.394 0.0000000000
90769  -49.211  3.423  44.370 0.0000000000
66142  -18.570  -18.470  73.880 0.0000000000
65003  -18.883  -19.134  73.987 0.0000000000
63831  -19.551  -20.714  74.153 0.0000000000
62702  -19.866  -21.489  74.410 0.0000000000
61541  -20.113  -22.027  73.808 0.0000000000
65105  -23.915  -16.640  66.276 0.0000000000
62819  -20.441  -19.138  66.448 0.0000000000
65102  -21.041  -18.010  66.657 0.0000000000
66201  -21.245  -17.014  67.564 0.0000000000
67324  -21.370  -16.460  68.350 0.0000000000
68512  -22.012  -15.728  69.253 0.0000000000
67323  -20.467  -16.700  68.646 0.0000000000
67313  -20.091  -16.599  69.305 0.0000000000
63900  -19.398  -19.592  69.893 0.0000000000
59392  -19.609  -22.473  68.962 0.0000000000
58099  -19.436  -23.897  70.046 0.0000000000
56693  -19.547  -24.643  70.939 0.0000000000
69698  -12.836  -14.751  69.093 0.0000000000
68522  -12.701  -15.061  68.511 0.0000000000
68529  -13.207  -15.011  67.613 0.0000000000
68536  -11.684  -16.454  65.335 0.0000000000
65101  -5.729  -18.758  66.316 0.0000000000
66214  -6.148  -17.995  65.756 0.0000000000
66228  -7.154  -18.233  65.223 0.0000000000
63977  -8.208  -19.226  62.461 0.0000000000
65149  -7.978  -18.825  63.373 0.0000000000
65163  -8.402  -18.848  62.940 0.0000000000
66278  -8.807  -18.571  63.105 0.0000000000
66279  -9.387  -18.525  62.881 0.0000000000
66293  -9.842  -18.598  62.587 0.0000000000
65167  -10.674  -18.580  62.386 0.0000000000
65184  -11.107  -18.839  61.751 0.0000000000
62661  -16.986  -20.479  78.945 0.0000000000
63800  -16.535  -19.692  79.066 0.0000000000
61503  -16.582  -20.780  78.977 0.0000000000
61502  -15.829  -20.566  79.090 0.0000000000
60427  -16.250  -21.867  77.019 0.0000000000
61521  -13.561  -20.943  77.751 0.0000000000
62674  -13.052  -20.811  76.879 0.0000000000
62682  -13.153  -20.902  76.009 0.0000000000
62690  -13.498  -20.872  74.957 0.0000000000
59361  -14.628  -23.038  73.283 0.0000000000
60442  -14.941  -22.255  72.941 0.0000000000
59373  -13.239  -22.724  71.379 0.0000000000
59377  -13.072  -22.529  70.652 0.0000000000
59375  -11.831  -23.386  71.035 0.0000000000
58040  -9.937  -25.144  77.333 0.0000000000
58052  -10.516  -24.570  76.785 0.0000000000
58051  -9.849  -24.991  76.479 0.0000000000
58050  -9.457  -25.633  76.162 0.0000000000
58060  -9.435  -25.675  75.144 0.0000000000
56679  -9.343  -26.036  71.170 0.0000000000
65144  -42.551  -17.262  64.937 0.0000000000
66254  -42.871  -16.829  64.310 0.0000000000
68540  -43.624  -14.944  65.710 0.0000000000
61635  -39.529  -18.978  66.119 0.0000000000
61660  -40.731  -18.632  65.636 0.0000000000
62837  -41.521  -18.341  65.592 0.0000000000
63937  -42.079  -17.891  66.869 0.0000000000
62772  -41.249  -17.829  68.795 0.0000000000
65053  -42.249  -17.343  68.908 0.0000000000
63909  -41.626  -17.722  68.716 0.0000000000
62787  -40.495  -18.263  68.472 0.0000000000
62800  -40.411  -18.531  67.788 0.0000000000
61611  -39.645  -18.981  66.964 0.0000000000
89666  -55.519  2.182  47.689 0.0000000000
90737  -55.943  3.003  48.121 0.0000000000
91755  -55.495  4.132  47.398 0.0000000000
83670  -52.904  -1.491  44.742 0.0000000000
83701  -52.229  -1.757  43.462 0.0000000000
83689  -53.197  -1.444  43.845 0.0000000000
84855  -54.536  -1.370  44.467 0.0000000000
84856  -54.992  -1.330  44.905 0.0000000000
86107  -55.031  -0.244  46.160 0.0000000000
87412  -54.399  0.510  46.406 0.0000000000
86106  -54.549  -0.147  46.212 0.0000000000
87413  -55.104  0.418  46.650 0.0000000000
79392  -49.527  -6.080  50.521 0.0000000000
81434  -49.489  -4.977  50.832 0.0000000000
81433  -49.063  -4.675  50.512 0.0000000000
82500  -48.315  -3.806  50.392 0.0000000000
80432  -47.618  -5.714  49.392 0.0000000000
81442  -47.719  -4.871  49.538 0.0000000000
72339  -41.822  -10.354  49.910 0.0000000000
72358  -42.236  -10.631  49.135 0.0000000000
72359  -42.885  -10.669  49.056 0.0000000000
74763  -46.026  -10.017  49.334 0.0000000000
77244  -48.470  -7.910  49.764 0.0000000000
78301  -48.960  -7.238  50.146 0.0000000000
74534  -12.727  -10.971  68.024 0.0000000000
61599  -9.270  -21.389  67.321 0.0000000000
61622  -9.001  -21.128  66.729 0.0000000000
60466  -9.609  -21.565  66.918 0.0000000000
61646  -10.557  -22.021  65.665 0.0000000000
60527  -11.006  -22.701  64.429 0.0000000000
59434  -11.827  -23.178  65.386 0.0000000000
59451  -11.417  -23.260  64.488 0.0000000000
59450  -10.949  -23.049  63.883 0.0000000000
58196  -11.171  -24.358  63.533 0.0000000000
58213  -10.917  -24.534  62.889 0.0000000000
55568  -10.528  -26.119  62.748 0.0000000000
55550  -10.080  -26.753  63.570 0.0000000000
54373  -9.721  -27.356  64.767 0.0000000000
54372  -9.438  -27.982  64.878 0.0000000000
54371  -9.058  -28.477  65.192 0.0000000000
60430  -20.324  -22.918  75.994 0.0000000000
60426  -20.142  -22.829  76.568 0.0000000000
59329  -20.449  -23.487  76.249 0.0000000000
56657  -20.456  -24.804  76.047 0.0000000000
54260  -20.014  -26.181  76.271 0.0000000000
54264  -20.172  -26.251  75.620 0.0000000000
54258  -19.182  -27.472  76.673 0.0000000000
75961  -44.191  -9.021  55.299 0.0000000000
75978  -44.326  -8.738  55.026 0.0000000000
72161  -42.602  -12.990  64.007 0.0000000000
73383  -41.392  -11.324  62.267 0.0000000000
74604  -41.925  -10.672  62.204 0.0000000000
74603  -41.541  -10.859  61.977 0.0000000000
74616  -41.015  -10.899  60.751 0.0000000000
74628  -40.851  -11.075  60.381 0.0000000000
73420  -41.092  -11.005  59.193 0.0000000000
73421  -41.699  -10.883  58.963 0.0000000000
74657  -42.356  -10.679  58.333 0.0000000000
74694  -43.832  -9.743  56.386 0.0000000000
65009  -34.213  -17.665  73.085 0.0000000000
62797  -36.287  -19.144  68.103 0.0000000000
62781  -35.583  -18.823  68.701 0.0000000000
63948  -34.263  -17.927  65.455 0.0000000000
63947  -33.465  -17.770  65.841 0.0000000000
65130  -32.745  -17.412  65.196 0.0000000000
65142  -31.957  -17.104  64.606 0.0000000000
88636  -55.740  2.485  39.480 0.0000000000
88647  -56.615  2.485  38.428 0.0000000000
89731  -58.321  2.623  40.212 0.0000000000
67242  -7.726  -16.539  74.835 0.0000000000
66151  -7.684  -17.726  73.535 0.0000000000
65016  -7.784  -18.010  73.407 0.0000000000
65000  -8.028  -18.213  73.313 0.0000000000
62704  -8.649  -18.687  73.077 0.0000000000
62705  -9.278  -19.271  73.288 0.0000000000
62695  -9.146  -18.820  74.210 0.0000000000
62723  -10.988  -20.562  72.503 0.0000000000
90753  -46.018  3.353  45.323 0.0000000000
91770  -46.369  4.048  45.772 0.0000000000
90746  -45.764  3.609  46.045 0.0000000000
90744  -44.725  3.058  47.480 0.0000000000
80450  -51.586  -5.243  49.385 0.0000000000
77279  -50.470  -7.010  48.341 0.0000000000
80464  -50.366  -4.511  47.888 0.0000000000
82535  -50.063  -3.123  47.670 0.0000000000
86103  -48.669  -0.455  47.063 0.0000000000
86098  -48.941  -0.228  48.364 0.0000000000
88575  -47.036  1.236  45.587 0.0000000000
88585  -46.753  1.810  44.910 0.0000000000
69637  -17.736  -14.788  74.711 0.0000000000
67269  -17.718  -16.532  73.406 0.0000000000
68454  -18.050  -15.152  72.884 0.0000000000
63857  -18.963  -19.883  72.625 0.0000000000
62831  -21.346  -19.171  64.466 0.0000000000
63944  -21.491  -18.206  65.390 0.0000000000
62820  -20.482  -19.511  65.874 0.0000000000
62807  -20.045  -19.838  67.064 0.0000000000
62794  -19.868  -20.181  68.164 0.0000000000
61587  -19.860  -20.731  67.777 0.0000000000
60469  -19.801  -21.768  67.771 0.0000000000
72039  -13.097  -12.054  71.462 0.0000000000
72050  -13.189  -12.529  70.925 0.0000000000
70876  -12.851  -12.889  71.225 0.0000000000
69676  -12.640  -13.692  70.789 0.0000000000
69690  -12.522  -14.596  69.812 0.0000000000
69688  -10.830  -15.267  70.277 0.0000000000
68510  -11.976  -15.263  69.339 0.0000000000
61683  -7.659  -20.627  63.514 0.0000000000
63965  -6.936  -19.616  64.191 0.0000000000
62853  -7.362  -20.241  63.651 0.0000000000
63988  -7.776  -19.824  62.221 0.0000000000
61725  -7.853  -21.316  61.082 0.0000000000
62874  -7.796  -20.657  61.658 0.0000000000
64003  -8.264  -19.885  61.214 0.0000000000
64004  -8.708  -19.510  61.345 0.0000000000
64017  -8.838  -20.069  60.193 0.0000000000
64029  -8.991  -20.401  59.417 0.0000000000
68400  -14.272  -15.217  80.641 0.0000000000
68399  -13.519  -15.185  81.265 0.0000000000
66096  -13.445  -17.438  80.553 0.0000000000
64956  -13.796  -18.405  80.389 0.0000000000
59319  -18.320  -23.301  77.802 0.0000000000
60428  -16.856  -22.129  76.749 0.0000000000
61530  -16.361  -21.883  75.886 0.0000000000
61535  -16.486  -22.103  75.101 0.0000000000
61534  -15.712  -21.657  75.099 0.0000000000
61540  -16.397  -22.421  74.630 0.0000000000
60439  -16.025  -22.570  74.045 0.0000000000
59345  -15.314  -23.920  75.061 0.0000000000
69733  -43.871  -14.011  63.237 0.0000000000
67364  -44.022  -16.065  64.295 0.0000000000
69725  -44.055  -14.386  64.359 0.0000000000
72138  -42.672  -11.811  63.905 0.0000000000
74591  -43.032  -10.636  63.523 0.0000000000
74592  -43.352  -10.438  63.820 0.0000000000
75877  -43.574  -9.745  62.477 0.0000000000
62717  -37.230  -18.532  71.124 0.0000000000
61565  -38.821  -18.821  68.824 0.0000000000
62768  -38.161  -18.978  69.390 0.0000000000
62751  -38.077  -18.816  70.026 0.0000000000
62767  -37.700  -19.059  69.663 0.0000000000
62783  -37.068  -19.266  69.136 0.0000000000
62810  -36.294  -18.864  67.185 0.0000000000
62821  -35.692  -18.353  65.649 0.0000000000
62835  -36.819  -18.855  65.742 0.0000000000
86131  -55.122  -0.377  44.047 0.0000000000
87443  -54.427  0.310  43.257 0.0000000000
87446  -53.419  0.710  42.115 0.0000000000
88620  -56.091  1.723  42.833 0.0000000000
88617  -57.291  1.604  44.097 0.0000000000
89709  -57.142  1.695  43.848 0.0000000000
89701  -58.165  1.742  44.354 0.0000000000
88594  -58.480  1.862  45.078 0.0000000000
87389  -48.488  0.308  50.001 0.0000000000
87379  -47.866  0.533  50.710 0.0000000000
87340  -48.587  -0.388  52.305 0.0000000000
82491  -49.100  -3.832  50.911 0.0000000000
83589  -48.614  -2.617  51.951 0.0000000000
78325  -51.906  -6.625  50.001 0.0000000000
79395  -51.497  -5.881  50.974 0.0000000000
81426  -51.504  -4.699  50.829 0.0000000000
82493  -51.356  -4.019  50.669 0.0000000000
84800  -50.730  -1.980  50.749 0.0000000000
86080  -50.062  -1.209  50.901 0.0000000000
65123  -24.906  -16.582  65.351 0.0000000000
65137  -23.855  -16.943  64.442 0.0000000000
63956  -22.410  -18.055  64.001 0.0000000000
62844  -22.024  -18.938  63.453 0.0000000000
72115  -13.786  -12.158  64.744 0.0000000000
67310  -7.196  -17.644  69.981 0.0000000000
67311  -7.840  -17.240  69.615 0.0000000000
66190  -7.122  -18.023  69.510 0.0000000000
65085  -5.905  -18.900  67.466 0.0000000000
63921  -5.915  -19.594  67.800 0.0000000000
62830  -6.292  -20.096  65.282 0.0000000000
61642  -7.039  -20.147  64.912 0.0000000000
61621  -8.534  -20.817  66.268 0.0000000000
61645  -8.212  -20.661  65.816 0.0000000000
61644  -7.958  -20.585  65.420 0.0000000000
61666  -7.891  -20.642  64.694 0.0000000000
61665  -7.546  -20.492  64.488 0.0000000000
61664  -7.349  -20.404  64.157 0.0000000000
61684  -7.872  -20.778  63.773 0.0000000000
60592  -8.498  -21.780  61.967 0.0000000000
59495  -9.005  -23.189  60.916 0.0000000000
54395  -9.389  -27.355  62.987 0.0000000000
64970  -16.766  -18.874  78.638 0.0000000000
63803  -17.295  -19.911  78.623 0.0000000000
63804  -17.823  -20.456  78.344 0.0000000000
62662  -17.740  -20.836  78.527 0.0000000000
60425  -19.919  -22.696  77.092 0.0000000000
60421  -19.581  -22.538  77.604 0.0000000000
58037  -19.528  -24.097  76.992 0.0000000000
59318  -19.411  -22.935  77.745 0.0000000000
59317  -19.029  -22.961  78.026 0.0000000000
59316  -18.539  -22.923  78.150 0.0000000000
59315  -18.294  -22.908  78.201 0.0000000000
58034  -18.230  -24.250  77.169 0.0000000000
56655  -17.599  -25.112  77.155 0.0000000000
56647  -17.202  -25.577  77.707 0.0000000000
77255  -44.275  -8.382  49.491 0.0000000000
78299  -43.840  -7.761  51.618 0.0000000000
70960  -42.330  -14.162  62.017 0.0000000000
73496  -42.224  -9.556  53.620 0.0000000000
74753  -42.666  -9.141  51.020 0.0000000000
63861  -30.827  -17.567  72.151 0.0000000000
63860  -30.187  -17.493  71.917 0.0000000000
65041  -29.424  -17.170  71.306 0.0000000000
65011  -35.675  -18.054  73.011 0.0000000000
63850  -35.855  -18.381  72.122 0.0000000000
63836  -35.436  -18.243  72.583 0.0000000000
63848  -34.226  -18.132  72.195 0.0000000000
63864  -33.555  -18.010  71.762 0.0000000000
63907  -33.887  -18.176  69.532 0.0000000000
63878  -32.795  -17.775  71.356 0.0000000000
63891  -32.040  -17.567  70.904 0.0000000000
63904  -31.247  -17.405  70.331 0.0000000000
65064  -30.300  -17.361  69.603 0.0000000000
65079  -29.256  -17.322  68.635 0.0000000000
65125  -27.435  -16.736  65.272 0.0000000000
88659  -56.691  2.642  37.519 0.0000000000
89753  -57.474  2.867  36.456 0.0000000000
90808  -58.751  3.478  36.137 0.0000000000
69647  -11.241  -14.009  72.429 0.0000000000
69658  -11.018  -14.445  71.778 0.0000000000
69673  -10.012  -15.187  71.262 0.0000000000
68477  -8.213  -16.515  70.846 0.0000000000
69644  -9.119  -15.208  73.318 0.0000000000
67300  -7.672  -17.094  70.412 0.0000000000
65056  -6.058  -19.086  69.529 0.0000000000
65036  -6.201  -18.392  71.274 0.0000000000
65046  -6.229  -19.126  69.925 0.0000000000
63899  -6.431  -19.434  69.450 0.0000000000
62774  -7.178  -19.728  69.138 0.0000000000
61567  -8.311  -20.710  68.822 0.0000000000
62756  -8.258  -20.017  70.275 0.0000000000
61601  -11.449  -21.495  67.638 0.0000000000
61584  -11.385  -21.318  68.304 0.0000000000
61625  -11.882  -21.898  66.843 0.0000000000
60467  -12.351  -22.420  66.923 0.0000000000
59399  -12.389  -23.180  67.203 0.0000000000
58108  -11.792  -24.054  67.756 0.0000000000
91774  -51.971  4.329  45.202 0.0000000000
92752  -51.471  5.257  45.115 0.0000000000
87377  -46.110  1.197  49.944 0.0000000000
78334  -45.678  -7.154  48.467 0.0000000000
80480  -49.516  -4.187  46.112 0.0000000000
81477  -49.875  -3.461  46.335 0.0000000000
86104  -48.992  -0.925  46.149 0.0000000000
83659  -50.123  -2.170  46.295 0.0000000000
81483  -50.143  -3.385  45.432 0.0000000000
82552  -50.740  -2.750  45.374 0.0000000000
82563  -50.732  -3.004  44.716 0.0000000000
83668  -51.448  -2.124  45.159 0.0000000000
87419  -51.138  0.396  44.949 0.0000000000
88604  -50.750  1.849  44.662 0.0000000000
90754  -51.617  3.463  44.980 0.0000000000
64979  -17.350  -18.630  77.158 0.0000000000
64980  -18.053  -19.196  76.644 0.0000000000
62683  -19.760  -20.946  76.249 0.0000000000
67257  -17.384  -16.134  74.978 0.0000000000
67244  -17.767  -17.642  74.901 0.0000000000
66141  -18.377  -18.312  74.302 0.0000000000
66130  -18.216  -18.581  75.023 0.0000000000
64986  -18.788  -19.553  75.455 0.0000000000
63821  -19.414  -20.263  75.943 0.0000000000
62684  -20.035  -21.448  75.972 0.0000000000
61531  -20.135  -22.203  75.633 0.0000000000
59339  -20.967  -23.719  75.213 0.0000000000
56663  -21.055  -24.640  74.934 0.0000000000
60438  -20.544  -23.177  74.610 0.0000000000
58069  -20.968  -24.116  74.635 0.0000000000
55409  -20.818  -25.090  74.692 0.0000000000
55412  -20.192  -25.660  73.615 0.0000000000
65077  -26.936  -16.702  68.222 0.0000000000
65061  -26.702  -16.532  68.902 0.0000000000
67306  -25.048  -15.645  69.813 0.0000000000
65104  -22.916  -16.878  66.601 0.0000000000
66210  -22.063  -17.039  67.024 0.0000000000
66211  -22.977  -16.686  67.187 0.0000000000
66203  -23.734  -16.224  67.737 0.0000000000
66193  -24.217  -15.845  68.412 0.0000000000
68499  -23.644  -14.916  69.956 0.0000000000
68481  -23.246  -14.678  70.363 0.0000000000
69681  -22.399  -14.836  70.143 0.0000000000
69663  -21.459  -13.953  70.996 0.0000000000
69678  -19.814  -14.435  70.979 0.0000000000
68480  -19.208  -15.084  71.268 0.0000000000
67291  -19.094  -16.584  71.165 0.0000000000
65027  -18.627  -18.902  71.936 0.0000000000
63858  -19.400  -20.483  72.262 0.0000000000
62779  -19.709  -20.477  69.184 0.0000000000
62762  -19.639  -20.807  70.292 0.0000000000
60456  -19.566  -22.183  69.605 0.0000000000
61562  -19.747  -21.854  70.507 0.0000000000
62746  -20.367  -21.617  71.755 0.0000000000
62729  -20.412  -21.615  72.292 0.0000000000
61549  -20.554  -22.040  72.288 0.0000000000
59369  -20.171  -23.145  72.696 0.0000000000
56672  -19.927  -24.713  72.731 0.0000000000
56681  -19.758  -24.367  71.823 0.0000000000
56680  -19.663  -25.015  71.903 0.0000000000
56671  -19.766  -25.251  72.405 0.0000000000
74535  -13.315  -11.331  67.992 0.0000000000
72051  -13.524  -12.183  70.386 0.0000000000
72059  -13.772  -12.458  69.496 0.0000000000
70883  -13.792  -13.025  69.292 0.0000000000
73294  -13.888  -12.210  69.100 0.0000000000
73322  -14.013  -12.176  67.973 0.0000000000
73334  -13.992  -12.227  67.309 0.0000000000
68534  -13.995  -14.830  66.244 0.0000000000
67320  -7.947  -17.458  68.849 0.0000000000
67321  -8.499  -17.123  68.539 0.0000000000
67322  -8.984  -17.016  68.160 0.0000000000
67334  -7.623  -17.958  67.497 0.0000000000
67329  -8.644  -17.363  67.710 0.0000000000
67330  -9.360  -17.083  67.530 0.0000000000
67331  -10.058  -16.910  67.146 0.0000000000
67338  -10.295  -16.949  66.399 0.0000000000
65135  -6.472  -18.966  64.425 0.0000000000
66243  -6.725  -18.729  64.464 0.0000000000
66259  -7.764  -18.757  63.737 0.0000000000
67343  -9.865  -17.331  65.795 0.0000000000
67344  -10.554  -16.981  65.650 0.0000000000
67345  -11.225  -16.693  65.384 0.0000000000
67354  -11.320  -16.868  64.731 0.0000000000
67355  -11.952  -16.692  64.564 0.0000000000
67362  -12.427  -16.918  63.844 0.0000000000
67363  -12.967  -16.577  63.420 0.0000000000
67368  -12.780  -16.995  63.135 0.0000000000
67373  -12.942  -17.065  62.543 0.0000000000
66295  -12.757  -17.600  61.846 0.0000000000
65201  -11.596  -19.275  60.809 0.0000000000
64973  -10.534  -18.020  78.127 0.0000000000
66107  -15.517  -17.383  79.359 0.0000000000
66104  -15.693  -18.019  79.517 0.0000000000
64963  -14.861  -18.047  80.034 0.0000000000
64957  -14.608  -18.481  80.133 0.0000000000
63791  -13.462  -19.009  80.227 0.0000000000
61501  -14.980  -20.415  79.090 0.0000000000
61496  -14.314  -19.682  79.350 0.0000000000
62648  -13.832  -19.481  79.626 0.0000000000
62647  -13.109  -19.347  79.967 0.0000000000
62646  -12.822  -19.246  80.050 0.0000000000
62651  -12.118  -19.122  79.668 0.0000000000
62658  -11.888  -19.172  79.265 0.0000000000
62657  -11.590  -19.016  78.977 0.0000000000
62664  -11.428  -19.029  78.622 0.0000000000
63812  -10.681  -18.635  77.664 0.0000000000
62670  -10.533  -18.821  77.116 0.0000000000
62678  -10.406  -18.868  76.645 0.0000000000
62687  -10.684  -19.702  75.471 0.0000000000
62708  -11.748  -20.441  73.355 0.0000000000
62724  -11.965  -20.393  72.365 0.0000000000
61538  -15.061  -21.206  74.000 0.0000000000
62701  -14.218  -20.732  73.621 0.0000000000
62711  -14.437  -20.812  72.986 0.0000000000
62760  -13.074  -20.861  70.630 0.0000000000
62778  -13.041  -21.302  70.203 0.0000000000
61586  -12.846  -21.857  69.267 0.0000000000
60454  -12.710  -22.742  68.994 0.0000000000
58020  -11.184  -25.379  78.225 0.0000000000
58021  -11.781  -25.303  78.377 0.0000000000
58029  -12.399  -24.770  78.131 0.0000000000
59326  -13.161  -23.730  76.956 0.0000000000
59342  -12.550  -23.489  75.576 0.0000000000
59340  -10.913  -23.986  76.346 0.0000000000
59341  -11.628  -23.564  75.990 0.0000000000
59350  -11.745  -23.547  75.043 0.0000000000
59358  -11.819  -23.533  74.093 0.0000000000
58066  -9.139  -25.537  74.150 0.0000000000
59370  -11.040  -23.765  72.659 0.0000000000
58088  -11.141  -23.887  70.663 0.0000000000
58106  -10.584  -25.098  68.124 0.0000000000
58122  -10.914  -24.882  67.585 0.0000000000
56745  -10.460  -25.566  67.366 0.0000000000
56744  -9.985  -26.367  67.529 0.0000000000
54351  -8.655  -28.466  66.928 0.0000000000
54232  -18.523  -26.493  77.698 0.0000000000
54244  -19.476  -26.174  77.113 0.0000000000
54246  -8.203  -27.321  77.587 0.0000000000
54255  -19.884  -26.055  76.509 0.0000000000
54270  -20.110  -26.258  73.855 0.0000000000
54383  -9.791  -27.117  64.202 0.0000000000
55394  -19.939  -25.201  76.486 0.0000000000
55398  -20.058  -25.536  76.336 0.0000000000
55418  -20.183  -25.148  73.391 0.0000000000
55569  -10.839  -25.699  63.006 0.0000000000
56654  -9.986  -25.529  77.735 0.0000000000
56656  -18.012  -24.821  77.001 0.0000000000
56662  -21.000  -24.856  75.182 0.0000000000
56665  -20.762  -24.605  74.368 0.0000000000
56694  -19.707  -24.217  71.333 0.0000000000
56706  -9.649  -26.264  69.523 0.0000000000
56823  -11.024  -25.195  63.343 0.0000000000
56847  -10.794  -25.338  62.649 0.0000000000
56866  -9.152  -25.344  60.569 0.0000000000
56905  -7.638  -24.732  59.166 0.0000000000
58053  -11.000  -24.423  77.083 0.0000000000
58058  -20.737  -24.144  75.935 0.0000000000
58059  -21.014  -24.165  75.445 0.0000000000
58065  -21.144  -24.154  75.073 0.0000000000
58078  -9.362  -25.870  71.563 0.0000000000
58245  -9.625  -24.259  61.211 0.0000000000
58246  -9.721  -24.117  61.370 0.0000000000
59321  -19.298  -23.483  77.539 0.0000000000
59323  -20.153  -23.369  76.714 0.0000000000
59324  -11.792  -24.144  77.380 0.0000000000
59330  -10.972  -24.203  76.786 0.0000000000
59356  -20.616  -23.567  74.280 0.0000000000
59378  -19.782  -23.030  71.006 0.0000000000
59465  -11.218  -23.691  63.814 0.0000000000
59480  -10.647  -23.958  62.651 0.0000000000
59496  -9.430  -23.714  61.224 0.0000000000
59497  -9.694  -23.842  61.506 0.0000000000
59512  -9.507  -24.083  61.114 0.0000000000
60431  -17.010  -22.340  75.751 0.0000000000
60437  -20.374  -22.872  74.845 0.0000000000
60440  -16.456  -22.719  74.586 0.0000000000
60445  -13.839  -22.468  71.891 0.0000000000
60446  -14.242  -22.146  72.211 0.0000000000
60455  -12.904  -22.223  69.520 0.0000000000
60458  -12.815  -22.201  68.869 0.0000000000
60465  -9.363  -21.389  66.709 0.0000000000
60483  -8.848  -21.013  65.738 0.0000000000
60485  -9.747  -21.654  66.425 0.0000000000
60502  -8.253  -20.695  65.229 0.0000000000
60503  -8.508  -20.850  65.397 0.0000000000
60507  -11.717  -22.635  65.566 0.0000000000
60591  -8.222  -21.606  61.728 0.0000000000
61497  -14.753  -19.905  79.254 0.0000000000
61500  -14.144  -19.913  79.069 0.0000000000
61504  -13.090  -20.055  78.919 0.0000000000
61517  -19.242  -21.577  77.872 0.0000000000
61519  -19.906  -22.304  76.843 0.0000000000
61526  -20.029  -22.151  76.331 0.0000000000
61537  -20.303  -22.795  74.603 0.0000000000
61542  -20.258  -22.601  74.082 0.0000000000
61546  -20.393  -22.149  73.109 0.0000000000
61547  -14.012  -21.252  71.835 0.0000000000
61560  -10.959  -20.927  69.944 0.0000000000
61564  -38.496  -18.980  68.863 0.0000000000
61572  -13.004  -21.763  69.881 0.0000000000
61575  -37.933  -19.445  68.364 0.0000000000
61588  -19.818  -21.412  68.231 0.0000000000
61594  -40.286  -18.647  67.425 0.0000000000
61612  -40.309  -18.688  66.992 0.0000000000
61613  -40.721  -18.501  66.901 0.0000000000
61618  -6.721  -20.311  65.685 0.0000000000
61647  -10.807  -22.043  65.838 0.0000000000
61685  -7.883  -20.713  64.234 0.0000000000
61759  -7.838  -21.540  59.410 0.0000000000
62652  -12.551  -19.265  79.790 0.0000000000
62654  -13.722  -19.657  79.294 0.0000000000
62675  -19.025  -20.840  77.439 0.0000000000
62743  -13.017  -20.601  71.348 0.0000000000
62754  -40.301  -17.865  69.337 0.0000000000
62757  -10.705  -20.780  70.975 0.0000000000
62769  -38.798  -18.719  69.187 0.0000000000
62771  -40.556  -18.041  68.882 0.0000000000
62785  -39.036  -18.746  68.723 0.0000000000
62788  -41.213  -17.934  68.541 0.0000000000
62791  -11.117  -21.166  69.102 0.0000000000
62799  -39.848  -18.708  68.040 0.0000000000
62802  -41.806  -17.885  67.652 0.0000000000
62805  -11.635  -21.338  68.267 0.0000000000
62885  -7.794  -20.825  60.871 0.0000000000
62898  -7.807  -20.818  60.294 0.0000000000
62899  -8.158  -20.533  59.960 0.0000000000
62912  -8.117  -20.880  59.476 0.0000000000
63790  -12.828  -18.982  80.219 0.0000000000
63794  -15.405  -19.597  79.494 0.0000000000
63797  -12.370  -18.833  80.150 0.0000000000
63798  -15.312  -19.032  79.759 0.0000000000
63801  -11.367  -18.736  79.039 0.0000000000
63802  -11.676  -18.849  79.438 0.0000000000
63805  -10.553  -18.363  77.727 0.0000000000
63806  -10.900  -18.607  78.239 0.0000000000
63810  -9.756  -18.210  76.400 0.0000000000
63811  -10.309  -18.500  77.079 0.0000000000
63824  -9.586  -18.532  75.551 0.0000000000
63827  -8.297  -18.376  73.226 0.0000000000
63829  -8.834  -18.554  74.377 0.0000000000
63832  -32.692  -17.453  72.743 0.0000000000
63840  -8.032  -18.425  72.810 0.0000000000
63841  -8.492  -18.514  73.151 0.0000000000
63859  -29.952  -17.420  71.869 0.0000000000
63866  -35.201  -18.410  71.728 0.0000000000
63874  -29.958  -17.430  71.624 0.0000000000
63884  -6.205  -18.848  71.036 0.0000000000
63896  -41.363  -17.684  69.029 0.0000000000
63897  -41.864  -17.592  68.842 0.0000000000
63898  -6.363  -19.494  68.974 0.0000000000
63910  -42.001  -17.608  68.581 0.0000000000
63911  -6.220  -19.497  68.664 0.0000000000
63926  -42.067  -17.756  67.471 0.0000000000
63978  -8.416  -19.107  62.413 0.0000000000
63989  -8.276  -19.404  61.993 0.0000000000
64015  -7.908  -20.576  60.692 0.0000000000
64958  -15.089  -18.854  79.904 0.0000000000
64969  -16.412  -18.422  78.963 0.0000000000
64975  -17.021  -18.692  77.928 0.0000000000
64981  -18.548  -19.457  76.206 0.0000000000
64984  -17.327  -18.188  76.551 0.0000000000
64989  -17.390  -18.092  76.205 0.0000000000
64991  -18.675  -19.036  74.610 0.0000000000
65025  -6.412  -18.225  71.952 0.0000000000
65045  -6.218  -18.701  70.257 0.0000000000
65054  -42.547  -16.996  68.857 0.0000000000
65067  -42.331  -17.385  68.358 0.0000000000
65070  -5.976  -19.038  69.100 0.0000000000
65073  -23.988  -16.226  67.519 0.0000000000
65087  -21.391  -17.566  66.855 0.0000000000
65088  -23.733  -16.408  67.261 0.0000000000
65161  -7.636  -19.405  63.160 0.0000000000
65162  -8.018  -19.130  62.926 0.0000000000
65164  -8.781  -18.737  62.722 0.0000000000
65166  -10.337  -18.593  62.463 0.0000000000
65179  -8.020  -19.378  62.472 0.0000000000
65181  -8.985  -18.882  62.121 0.0000000000
66118  -17.941  -18.977  76.458 0.0000000000
66122  -17.985  -18.883  76.226 0.0000000000
66138  -35.925  -17.211  73.378 0.0000000000
66139  -7.557  -17.085  73.761 0.0000000000
66140  -7.686  -17.256  74.205 0.0000000000
66173  -6.805  -17.581  71.856 0.0000000000
66187  -42.476  -17.013  68.982 0.0000000000
66188  -42.697  -16.600  68.777 0.0000000000
66206  -43.317  -16.299  67.828 0.0000000000
66218  -22.617  -16.935  66.902 0.0000000000
66231  -9.900  -17.495  65.204 0.0000000000
66265  -12.426  -17.268  63.336 0.0000000000
66277  -8.574  -18.670  63.107 0.0000000000
66292  -9.636  -18.685  62.402 0.0000000000
67241  -7.671  -16.412  74.289 0.0000000000
67278  -7.514  -16.871  72.011 0.0000000000
67287  -6.656  -17.696  71.421 0.0000000000
67312  -8.241  -17.067  69.169 0.0000000000
67319  -7.477  -17.780  69.238 0.0000000000
67326  -43.618  -15.838  68.248 0.0000000000
67337  -9.589  -17.257  66.652 0.0000000000
67346  -11.671  -16.562  65.028 0.0000000000
68428  -7.818  -16.113  74.538 0.0000000000
68443  -17.470  -15.880  74.265 0.0000000000
68452  -17.620  -14.994  74.371 0.0000000000
68504  -43.475  -15.363  69.241 0.0000000000
68505  -43.938  -15.479  69.066 0.0000000000
68523  -13.253  -14.721  68.163 0.0000000000
69713  -13.618  -14.819  67.213 0.0000000000
69719  -14.292  -14.407  65.678 0.0000000000
70882  -13.486  -13.069  69.901 0.0000000000
70913  -43.889  -12.467  66.992 0.0000000000
70950  -41.397  -12.910  62.631 0.0000000000
72060  -13.948  -12.656  68.939 0.0000000000
72069  -14.084  -12.735  68.324 0.0000000000
72342  -45.017  -10.512  49.186 0.0000000000
72361  -45.100  -10.663  48.919 0.0000000000
72362  -45.554  -10.598  48.821 0.0000000000
73321  -13.637  -11.778  67.618 0.0000000000
73369  -42.805  -11.194  63.766 0.0000000000
73436  -42.376  -10.679  58.009 0.0000000000
74606  -43.423  -10.089  63.179 0.0000000000
76001  -43.344  -8.930  52.894 0.0000000000
76024  -49.168  -8.550  49.470 0.0000000000
77229  -49.596  -7.366  50.157 0.0000000000
77247  -50.513  -7.536  50.001 0.0000000000
77260  -50.805  -7.582  49.704 0.0000000000
78284  -49.824  -6.542  50.525 0.0000000000
78303  -50.163  -6.848  50.484 0.0000000000
78314  -50.492  -7.207  50.302 0.0000000000
78315  -51.079  -6.992  50.309 0.0000000000
78324  -51.415  -7.123  49.829 0.0000000000
78335  -51.484  -6.794  49.346 0.0000000000
78336  -51.905  -6.370  49.726 0.0000000000
78346  -50.983  -6.658  48.728 0.0000000000
78356  -50.500  -6.445  48.343 0.0000000000
79370  -50.403  -6.074  50.871 0.0000000000
79391  -49.091  -6.587  50.301 0.0000000000
79393  -50.613  -6.466  50.742 0.0000000000
79394  -51.129  -6.201  50.913 0.0000000000
79405  -48.642  -6.242  50.121 0.0000000000
79407  -51.484  -6.568  50.597 0.0000000000
79408  -51.777  -6.159  50.641 0.0000000000
79415  -46.872  -6.758  48.829 0.0000000000
79417  -52.140  -6.012  50.048 0.0000000000
79431  -51.387  -6.219  49.046 0.0000000000
79447  -51.414  -5.728  49.113 0.0000000000
80378  -50.044  -5.446  51.107 0.0000000000
80380  -51.049  -5.354  51.262 0.0000000000
80401  -51.339  -5.718  51.083 0.0000000000
80402  -51.483  -5.384  51.016 0.0000000000
80418  -49.369  -5.461  50.585 0.0000000000
80419  -51.918  -5.394  50.509 0.0000000000
80448  -47.102  -5.688  48.867 0.0000000000
80466  -51.186  -5.342  48.986 0.0000000000
80473  -50.315  -5.169  47.947 0.0000000000
81410  -50.539  -4.681  51.415 0.0000000000
81411  -50.964  -4.653  51.361 0.0000000000
81412  -51.222  -4.647  51.192 0.0000000000
81424  -49.343  -4.431  50.804 0.0000000000
81425  -49.695  -4.722  51.099 0.0000000000
81432  -48.389  -4.763  50.046 0.0000000000
81435  -51.754  -4.686  50.335 0.0000000000
81443  -51.286  -4.319  49.515 0.0000000000
81455  -51.365  -4.724  49.376 0.0000000000
82468  -50.580  -3.395  51.546 0.0000000000
82469  -50.870  -3.532  51.324 0.0000000000
82470  -51.006  -3.395  51.175 0.0000000000
82481  -51.120  -3.882  51.315 0.0000000000
82502  -51.132  -3.427  50.024 0.0000000000
82503  -51.425  -4.054  50.206 0.0000000000
82510  -50.997  -3.674  49.421 0.0000000000
82519  -50.368  -3.067  48.425 0.0000000000
82536  -50.406  -3.587  48.100 0.0000000000
82543  -49.970  -2.397  46.768 0.0000000000
83570  -48.779  -2.195  52.316 0.0000000000
83571  -49.472  -2.360  52.121 0.0000000000
83574  -50.856  -3.281  51.337 0.0000000000
83590  -49.345  -2.918  51.860 0.0000000000
83591  -50.053  -2.128  51.989 0.0000000000
83592  -50.530  -2.582  51.576 0.0000000000
83593  -50.923  -3.059  51.264 0.0000000000
83604  -50.968  -2.670  50.834 0.0000000000
83614  -50.909  -2.687  50.376 0.0000000000
83625  -50.694  -2.602  49.672 0.0000000000
83638  -49.746  -1.836  48.724 0.0000000000
83640  -50.655  -3.054  49.035 0.0000000000
83649  -49.222  -1.528  47.857 0.0000000000
83650  -49.493  -1.862  48.109 0.0000000000
83657  -49.193  -1.622  47.537 0.0000000000
83680  -53.867  -1.511  44.181 0.0000000000
84771  -49.936  -1.842  51.938 0.0000000000
84772  -50.391  -2.119  51.625 0.0000000000
84788  -50.103  -1.677  51.651 0.0000000000
84789  -50.599  -1.992  51.265 0.0000000000
84790  -51.113  -2.858  50.929 0.0000000000
84813  -49.610  -1.139  49.630 0.0000000000
84825  -49.631  -1.447  49.008 0.0000000000
84846  -54.786  -1.261  45.205 0.0000000000
84847  -55.119  -1.207  45.136 0.0000000000
86037  -49.155  -1.188  52.344 0.0000000000
86069  -49.765  -1.171  51.503 0.0000000000
86079  -49.576  -0.823  51.192 0.0000000000
86081  -50.436  -1.570  50.768 0.0000000000
86091  -50.559  -1.743  50.588 0.0000000000
86130  -54.800  -1.036  44.153 0.0000000000
87318  -48.565  -0.637  52.526 0.0000000000
87320  -49.223  -0.960  52.236 0.0000000000
87341  -49.016  -0.655  52.213 0.0000000000
87342  -49.346  -0.976  52.068 0.0000000000
87363  -47.931  0.298  51.730 0.0000000000
87366  -49.312  -0.807  51.889 0.0000000000
87395  -48.706  0.370  49.002 0.0000000000
87408  -46.004  1.261  46.093 0.0000000000
87428  -50.923  1.116  44.716 0.0000000000
87431  -56.195  0.503  44.877 0.0000000000
87444  -54.959  0.790  43.321 0.0000000000
87447  -54.052  0.843  42.713 0.0000000000
88563  -45.263  1.460  47.101 0.0000000000
88566  -56.952  1.625  47.784 0.0000000000
88567  -57.680  1.820  47.378 0.0000000000
88572  -44.944  1.963  46.760 0.0000000000
88576  -47.756  1.098  45.686 0.0000000000
88584  -45.934  1.901  45.235 0.0000000000
88600  -47.504  2.096  44.627 0.0000000000
88602  -49.021  1.843  44.588 0.0000000000
88608  -58.298  1.738  44.586 0.0000000000
89658  -56.492  2.417  48.304 0.0000000000
89659  -56.837  2.239  48.286 0.0000000000
89676  -45.137  2.491  46.283 0.0000000000
89679  -58.439  2.288  46.521 0.0000000000
89683  -46.253  2.582  44.874 0.0000000000
90766  -46.756  3.362  44.761 0.0000000000
90767  -47.557  3.424  44.513 0.0000000000
91772  -47.701  4.528  45.078 0.0000000000
91786  -46.653  3.927  45.145 0.0000000000
92764  -48.501  4.742  44.922 0.0000000000
92765  -49.217  4.792  44.796 0.0000000000
