#!ascii label  , from subject 3452 vox2ras=TkReg
867
67051  -26.901  -17.237  -3.527 0.4285714328
68260  -27.207  -15.623  -4.227 0.2857142985
68235  -27.297  -16.365  -3.778 0.4285714328
69428  -27.971  -15.687  -3.888 0.4285714328
69451  -29.373  -15.028  -3.767 0.4285714328
70624  -27.142  -14.642  -4.912 0.2857142985
69450  -28.457  -15.014  -4.051 0.4285714328
70626  -28.978  -14.430  -4.290 0.4285714328
71856  -28.144  -13.584  -5.372 0.4285714328
71872  -27.945  -12.842  -6.241 0.4285714328
73119  -29.020  -11.708  -6.359 0.4285714328
74322  -27.882  -11.492  -7.854 0.5714285970
73135  -28.195  -11.673  -7.385 0.5714285970
74306  -28.673  -11.470  -7.060 0.4285714328
75487  -29.742  -10.580  -6.606 0.2857142985
74323  -28.497  -11.092  -7.687 0.7142857313
75503  -29.106  -10.514  -7.536 0.7142857313
76737  -29.587  -9.650  -7.849 0.7142857313
76738  -30.186  -9.249  -7.622 0.4285714328
75521  -29.081  -9.940  -8.219 0.7142857313
76716  -29.922  -9.871  -7.115 0.5714285970
78977  -30.937  -8.159  -7.833 0.5714285970
76758  -29.503  -9.234  -8.558 0.5714285970
77938  -30.232  -8.667  -8.378 0.5714285970
77960  -30.384  -7.984  -9.098 0.5714285970
78992  -30.919  -7.721  -8.495 0.5714285970
77937  -29.751  -8.836  -8.745 0.5714285970
78978  -31.609  -7.476  -7.603 0.4285714328
79014  -30.918  -7.101  -9.368 0.5714285970
80086  -31.858  -6.151  -8.887 0.5714285970
79032  -29.912  -7.034  -10.307 0.7142857313
80106  -31.342  -6.133  -9.618 0.7142857313
81125  -31.889  -5.561  -9.373 0.7142857313
79033  -30.493  -6.955  -9.963 0.5714285970
77973  -28.594  -7.652  -10.343 0.5714285970
80124  -30.503  -6.314  -10.273 0.8571428657
81145  -32.157  -5.009  -9.476 0.7142857313
82140  -32.524  -4.596  -9.217 0.5714285970
80123  -29.700  -6.219  -10.677 0.7142857313
80122  -28.727  -6.132  -11.026 0.5714285970
83218  -31.860  -3.878  -10.383 0.7142857313
82159  -32.597  -4.145  -9.391 0.5714285970
81159  -30.401  -5.442  -10.633 0.7142857313
82157  -31.764  -4.652  -10.136 0.7142857313
83201  -32.378  -3.366  -10.029 0.5714285970
82173  -31.281  -4.675  -10.468 0.7142857313
84328  -32.447  -2.918  -10.087 0.5714285970
82172  -30.288  -4.443  -11.008 0.7142857313
84344  -32.090  -2.754  -10.487 0.7142857313
83233  -30.563  -3.497  -11.167 0.7142857313
84343  -31.327  -2.776  -10.937 0.7142857313
86861  -31.841  -0.747  -10.623 0.7142857313
85586  -32.261  -1.576  -10.480 0.5714285970
84360  -30.622  -2.800  -11.233 0.7142857313
82189  -29.782  -4.331  -11.248 0.5714285970
88134  -32.328  0.237  -10.510 0.5714285970
85603  -30.125  -1.990  -11.347 0.8571428657
84359  -29.595  -2.739  -11.528 0.8571428657
88133  -31.405  0.188  -10.680 0.7142857313
86880  -30.604  -1.540  -11.118 0.8571428657
86860  -30.842  -0.787  -10.862 0.7142857313
89277  -30.958  1.203  -10.616 0.8571428657
89278  -32.023  1.213  -10.761 0.5714285970
88132  -30.321  0.045  -10.742 0.8571428657
88152  -29.712  -0.188  -10.939 0.8571428657
86879  -29.902  -0.902  -11.131 0.8571428657
86859  -30.367  -0.567  -10.887 0.8571428657
90323  -29.281  2.342  -10.499 0.8571428657
91307  -30.048  3.321  -10.396 0.8571428657
92305  -29.644  4.303  -10.415 0.8571428657
89293  -29.527  0.365  -10.841 0.8571428657
90322  -28.709  2.863  -10.610 0.8571428657
91324  -28.304  3.415  -10.745 1.0000000000
91306  -29.109  3.433  -10.475 1.0000000000
89275  -29.152  1.582  -10.650 0.8571428657
92304  -28.644  4.340  -10.534 1.0000000000
93319  -27.860  5.258  -10.658 1.0000000000
93339  -26.894  5.394  -11.180 0.7142857313
92325  -27.757  4.234  -10.849 1.0000000000
93318  -27.378  5.567  -10.815 1.0000000000
97615  -27.579  9.283  -10.701 1.0000000000
97614  -26.736  9.287  -11.088 0.8571428657
99634  -26.701  11.116  -11.379 0.8571428657
98644  -27.146  10.203  -10.990 1.0000000000
102471  -27.301  14.582  -12.163 0.8571428657
101484  -26.528  13.028  -11.592 0.8571428657
100572  -27.081  12.126  -11.277 1.0000000000
104491  -27.253  16.360  -12.702 0.8571428657
103492  -27.778  15.516  -12.361 0.8571428657
104490  -25.992  16.526  -13.147 0.7142857313
103490  -25.410  15.334  -12.767 0.5714285970
104505  -25.634  17.265  -13.461 0.7142857313
105467  -26.328  17.675  -13.458 0.5714285970
103503  -23.147  16.039  -13.326 0.5714285970
103489  -24.253  15.326  -13.002 0.5714285970
103502  -22.850  16.227  -13.058 0.4285714328
105464  -23.508  17.719  -13.581 0.4285714328
106416  -23.860  18.530  -14.007 0.4285714328
105444  -23.105  17.860  -12.060 0.2857142985
105428  -23.369  17.676  -11.146 0.2857142985
104482  -22.951  16.943  -11.559 0.2857142985
105429  -23.877  17.645  -10.463 0.2857142985
69449  -27.579  -15.062  -4.403 0.2857142985
82158  -32.206  -4.336  -9.854 0.5714285970
85585  -31.332  -1.889  -10.937 0.7142857313
90324  -30.482  2.282  -10.458 0.8571428657
94459  -26.702  6.651  -10.932 0.8571428657
105431  -25.495  18.060  -10.077 0.1428571492
69448  -26.719  -15.126  -4.788 0.2857142985
70647  -27.425  -14.166  -5.216 0.2857142985
71842  -28.594  -14.013  -4.723 0.4285714328
71857  -29.442  -13.015  -5.243 0.4285714328
71855  -26.960  -13.888  -5.766 0.2857142985
73118  -28.244  -12.155  -6.777 0.4285714328
70648  -27.860  -14.027  -5.091 0.4285714328
73101  -29.757  -12.029  -5.650 0.4285714328
73117  -27.402  -12.652  -6.901 0.5714285970
75520  -28.382  -10.550  -8.318 0.2857142985
76759  -29.876  -9.204  -8.110 0.4285714328
76771  -28.639  -9.201  -9.306 0.5714285970
80066  -32.068  -6.549  -8.075 0.4285714328
77958  -28.459  -8.458  -9.907 0.7142857313
79012  -29.322  -7.790  -10.114 0.7142857313
78993  -31.482  -6.950  -8.621 0.7142857313
79015  -31.419  -6.601  -9.151 0.5714285970
80125  -30.962  -6.185  -10.023 0.7142857313
81144  -31.692  -5.160  -9.901 0.7142857313
79030  -28.240  -7.082  -10.683 0.5714285970
79031  -29.103  -7.026  -10.599 0.5714285970
84329  -32.810  -2.597  -9.681 0.5714285970
81157  -28.886  -5.474  -11.197 0.5714285970
83202  -32.654  -3.612  -9.494 0.5714285970
83217  -31.098  -3.597  -10.888 0.7142857313
84345  -32.646  -1.979  -10.207 0.5714285970
82171  -29.684  -4.637  -11.182 0.8571428657
90340  -28.266  2.305  -11.096 1.0000000000
95559  -26.091  7.390  -11.376 0.7142857313
95560  -26.705  7.618  -10.867 1.0000000000
95541  -27.539  7.255  -10.477 1.0000000000
96581  -26.357  8.376  -11.207 0.7142857313
96567  -28.075  8.345  -10.427 1.0000000000
99635  -27.668  11.152  -10.837 1.0000000000
104489  -24.752  16.123  -13.265 0.7142857313
104504  -24.961  17.029  -13.467 0.7142857313
103487  -22.773  15.632  -12.663 0.4285714328
106415  -23.418  18.781  -13.485 0.4285714328
105466  -25.305  17.848  -13.701 0.4285714328
106430  -23.629  19.187  -14.066 0.4285714328
106390  -23.609  18.745  -11.575 0.2857142985
76756  -28.039  -9.851  -9.063 0.4285714328
76770  -27.796  -9.227  -9.574 0.4285714328
105451  -23.120  17.846  -12.934 0.4285714328
104503  -23.902  16.653  -13.468 0.7142857313
68236  -28.433  -16.459  -3.590 0.4285714328
68259  -26.466  -15.883  -4.343 0.2857142985
69429  -28.910  -15.713  -3.658 0.4285714328
70623  -26.759  -14.760  -5.050 0.2857142985
70625  -28.012  -14.344  -4.720 0.4285714328
71871  -27.212  -13.304  -6.279 0.2857142985
73100  -28.747  -12.542  -5.917 0.4285714328
73134  -27.606  -12.044  -7.456 0.4285714328
74338  -27.637  -11.179  -8.369 0.2857142985
74324  -28.865  -11.046  -7.282 0.4285714328
76757  -28.793  -9.671  -8.757 0.5714285970
77959  -29.536  -8.601  -9.263 0.5714285970
79013  -30.138  -7.631  -9.756 0.5714285970
80105  -30.855  -6.551  -9.873 0.7142857313
80087  -32.386  -5.876  -8.350 0.5714285970
81158  -29.478  -5.256  -11.049 0.7142857313
83216  -30.493  -3.823  -11.116 0.8571428657
83232  -29.948  -3.715  -11.337 0.8571428657
89276  -29.774  1.230  -10.538 0.8571428657
93340  -27.380  4.795  -10.979 1.0000000000
103491  -26.639  15.418  -12.583 0.8571428657
104488  -24.120  15.962  -13.353 0.5714285970
104502  -23.061  16.850  -13.168 0.4285714328
105465  -24.341  17.760  -13.728 0.4285714328
104471  -23.373  16.544  -10.376 0.2857142985
104487  -22.833  17.050  -12.470 0.2857142985
105413  -25.016  17.353  -9.661 0.1428571492
110038  -23.473  22.458  -14.755 0.2857142985
110028  -23.272  22.276  -13.895 0.1428571492
108237  -23.661  20.539  -14.191 0.2857142985
110039  -24.033  22.227  -15.141 0.2857142985
110948  -23.385  23.038  -13.631 0.1428571492
107319  -23.405  19.672  -13.188 0.1428571492
107334  -23.542  19.735  -13.823 0.2857142985
108206  -23.519  20.473  -13.057 0.1428571492
109116  -25.412  21.553  -14.684 0.2857142985
109115  -24.462  21.373  -14.806 0.2857142985
107352  -29.827  19.647  -14.814 0.2857142985
108242  -28.289  20.723  -14.203 0.2857142985
110014  -23.810  22.079  -12.993 0.1428571492
106431  -24.075  19.192  -14.314 0.2857142985
106420  -28.108  18.652  -13.427 0.2857142985
108239  -25.003  20.424  -14.408 0.2857142985
108238  -24.083  20.507  -14.564 0.2857142985
105471  -30.645  17.438  -13.882 0.1428571492
108226  -28.019  19.998  -13.781 0.2857142985
108224  -26.342  20.225  -13.971 0.2857142985
109084  -23.709  21.085  -12.977 0.1428571492
107335  -25.566  19.610  -14.056 0.2857142985
103513  -31.530  15.127  -14.668 0.1428571492
105481  -31.141  17.017  -14.309 0.1428571492
106421  -29.205  18.562  -13.584 0.4285714328
106419  -27.007  18.605  -13.528 0.2857142985
102463  -29.759  14.103  -11.690 0.2857142985
104493  -29.296  16.380  -12.493 0.4285714328
105468  -27.475  17.822  -13.245 0.2857142985
106417  -24.759  18.784  -14.086 0.2857142985
100577  -31.365  12.414  -12.112 0.1428571492
103495  -30.721  15.550  -12.755 0.2857142985
105453  -27.889  17.122  -12.810 0.4285714328
102472  -28.345  14.751  -12.001 0.5714285970
99636  -30.798  11.588  -11.400 0.1428571492
100576  -30.879  12.414  -11.521 0.1428571492
104492  -28.310  16.363  -12.488 0.7142857313
105452  -26.977  17.113  -13.049 0.4285714328
97608  -30.548  9.554  -11.323 0.2857142985
98637  -30.322  10.381  -10.860 0.7142857313
100564  -29.105  11.724  -10.582 0.8571428657
101486  -28.561  13.196  -11.355 0.5714285970
96584  -30.619  8.552  -11.697 0.2857142985
101483  -25.948  12.924  -11.764 0.5714285970
95575  -30.621  7.812  -12.275 0.1428571492
98636  -29.610  10.228  -10.484 0.7142857313
94477  -30.772  6.976  -12.382 0.1428571492
89306  -26.395  1.645  -12.999 0.5714285970
91323  -27.498  3.355  -11.274 0.8571428657
92324  -27.107  4.306  -11.324 0.8571428657
91322  -26.649  3.527  -11.829 0.4285714328
92323  -26.507  4.509  -11.751 0.5714285970
96582  -27.126  8.377  -10.726 0.8571428657
95542  -28.696  7.395  -10.239 0.8571428657
94461  -30.677  6.522  -11.440 0.2857142985
96568  -29.090  8.398  -10.317 0.8571428657
98635  -28.806  10.115  -10.442 0.8571428657
100573  -28.211  12.210  -10.920 0.8571428657
94462  -30.963  6.123  -12.231 0.4285714328
95543  -29.690  7.486  -10.379 0.7142857313
97607  -30.148  9.479  -10.696 0.7142857313
89318  -26.150  1.154  -13.270 0.2857142985
90339  -27.091  2.393  -11.962 0.5714285970
90355  -26.320  2.344  -12.676 0.5714285970
94439  -28.350  6.314  -10.366 0.8571428657
93342  -30.560  5.726  -10.817 0.4285714328
94440  -29.395  6.520  -10.222 0.8571428657
93343  -31.180  5.291  -11.630 0.4285714328
83243  -27.419  -3.367  -12.001 0.7142857313
84370  -26.630  -2.124  -12.572 0.4285714328
83230  -28.077  -3.043  -11.857 0.7142857313
85601  -28.237  -1.682  -12.051 0.8571428657
86895  -27.761  -0.815  -12.554 0.5714285970
88180  -26.790  -0.017  -13.217 0.5714285970
86903  -26.038  -0.446  -13.188 0.4285714328
88150  -28.243  -0.027  -12.010 0.8571428657
88168  -27.768  -0.110  -12.620 0.5714285970
89307  -26.986  1.251  -12.856 0.5714285970
89292  -28.775  1.015  -11.059 0.8571428657
89291  -27.755  1.305  -12.027 0.7142857313
92306  -30.561  4.221  -10.563 0.7142857313
93320  -29.174  5.385  -10.328 0.7142857313
92326  -31.977  4.432  -11.539 0.2857142985
92307  -31.340  4.296  -11.010 0.4285714328
93322  -30.861  4.951  -10.787 0.5714285970
82187  -27.965  -4.143  -11.738 0.4285714328
85602  -29.187  -1.827  -11.511 0.7142857313
88151  -29.161  -0.126  -11.279 0.8571428657
91308  -31.064  3.325  -10.649 0.7142857313
91309  -32.109  3.474  -11.174 0.2857142985
80135  -27.562  -5.831  -11.162 0.5714285970
82188  -29.145  -4.506  -11.370 0.5714285970
90325  -31.579  2.299  -10.739 0.4285714328
77972  -27.822  -7.842  -10.317 0.5714285970
82141  -32.916  -3.982  -8.893 0.4285714328
83183  -32.985  -3.189  -9.028 0.4285714328
88113  -33.263  0.339  -9.902 0.4285714328
86862  -32.758  -0.618  -10.232 0.4285714328
89262  -33.812  1.290  -9.822 0.4285714328
89279  -33.030  1.112  -10.481 0.4285714328
85568  -33.044  -1.451  -9.859 0.4285714328
86840  -33.373  -0.536  -9.516 0.4285714328
75473  -30.191  -10.719  -6.119 0.1428571492
75489  -31.019  -9.763  -6.169 0.1428571492
78961  -31.690  -8.103  -6.842 0.2857142985
82094  -33.643  -4.591  -7.166 0.2857142985
84267  -34.560  -2.246  -6.620 0.2857142985
83155  -33.765  -3.453  -7.666 0.2857142985
81104  -32.816  -5.256  -8.166 0.4285714328
84283  -34.058  -2.482  -7.755 0.2857142985
84282  -33.649  -2.603  -8.337 0.2857142985
82115  -33.280  -4.300  -7.943 0.2857142985
85542  -34.006  -1.535  -8.118 0.2857142985
84308  -33.733  -2.134  -8.407 0.4285714328
74293  -30.463  -11.284  -5.702 0.1428571492
75474  -31.025  -10.497  -5.781 0.1428571492
74292  -29.705  -11.135  -6.156 0.1428571492
76718  -31.423  -9.260  -6.284 0.2857142985
77902  -31.223  -8.726  -6.804 0.2857142985
78963  -33.330  -6.904  -6.205 0.2857142985
81067  -34.039  -5.662  -6.064 0.2857142985
80068  -33.301  -5.867  -7.043 0.2857142985
78979  -32.371  -6.825  -7.331 0.2857142985
81087  -33.758  -5.247  -6.684 0.2857142985
77877  -33.694  -8.679  -4.977 0.2857142985
76703  -31.644  -9.796  -5.809 0.2857142985
78949  -32.732  -8.336  -5.833 0.2857142985
77903  -32.048  -8.690  -6.184 0.2857142985
76717  -30.713  -9.313  -6.833 0.2857142985
78962  -32.521  -7.565  -6.522 0.2857142985
71858  -30.282  -12.637  -5.148 0.1428571492
73102  -30.731  -12.001  -5.298 0.1428571492
67052  -27.957  -17.225  -3.463 0.2857142985
65946  -28.547  -18.009  -3.234 0.2857142985
71843  -29.268  -13.782  -4.648 0.2857142985
67053  -29.002  -17.276  -3.443 0.1428571492
65944  -26.496  -17.971  -3.305 0.2857142985
65920  -27.052  -18.611  -2.858 0.1428571492
77887  -32.557  -8.840  -5.743 0.2857142985
81088  -34.299  -4.978  -6.069 0.2857142985
80052  -33.005  -6.578  -6.889 0.2857142985
82116  -33.814  -3.966  -7.260 0.2857142985
82114  -32.790  -4.702  -8.641 0.4285714328
83154  -33.429  -3.228  -8.353 0.4285714328
86812  -34.023  -0.330  -8.137 0.2857142985
84371  -27.524  -2.339  -12.293 0.7142857313
86811  -33.684  -0.464  -8.930 0.4285714328
89308  -27.639  0.477  -12.577 0.5714285970
88135  -32.842  0.273  -10.277 0.4285714328
91310  -33.184  3.394  -10.998 0.2857142985
91325  -32.385  4.095  -11.395 0.2857142985
98634  -27.980  10.143  -10.598 0.8571428657
102469  -24.848  14.308  -12.496 0.4285714328
102470  -26.121  14.180  -12.251 0.5714285970
102461  -27.934  13.903  -11.747 0.7142857313
101485  -27.531  13.067  -11.401 0.8571428657
96570  -30.480  8.853  -11.009 0.5714285970
106418  -25.916  18.650  -13.773 0.2857142985
101488  -30.574  13.511  -11.678 0.4285714328
102474  -30.338  14.629  -12.089 0.4285714328
109069  -24.427  21.128  -12.229 0.1428571492
106422  -29.982  18.198  -13.800 0.2857142985
104507  -30.455  16.610  -13.144 0.1428571492
109117  -26.494  21.780  -14.589 0.2857142985
68234  -26.239  -16.631  -3.982 0.2857142985
69452  -29.998  -15.086  -3.628 0.1428571492
71844  -30.358  -13.405  -4.584 0.1428571492
75464  -32.531  -10.868  -4.952 0.1428571492
75476  -32.825  -9.968  -5.189 0.1428571492
77921  -31.216  -8.219  -7.279 0.2857142985
82095  -34.212  -4.213  -6.548 0.2857142985
81173  -28.345  -5.291  -11.311 0.5714285970
80067  -32.760  -6.041  -7.632 0.2857142985
82200  -26.863  -3.738  -11.972 0.2857142985
85515  -34.413  -1.210  -7.171 0.2857142985
84357  -28.114  -2.409  -11.989 0.7142857313
84358  -28.671  -2.541  -11.748 0.5714285970
85625  -26.367  -0.998  -12.851 0.4285714328
85618  -27.666  -1.558  -12.430 0.5714285970
89317  -25.235  1.296  -13.459 0.2857142985
89319  -26.727  0.492  -13.208 0.5714285970
88087  -33.819  0.477  -9.078 0.2857142985
85587  -32.704  -1.415  -10.218 0.4285714328
90367  -26.106  1.835  -13.043 0.2857142985
90327  -33.762  2.347  -10.358 0.4285714328
90326  -32.656  2.285  -10.872 0.4285714328
91311  -33.848  3.472  -10.335 0.1428571492
95561  -30.370  7.473  -10.885 0.7142857313
99625  -28.363  10.751  -10.522 0.8571428657
94478  -31.175  6.503  -12.794 0.2857142985
94488  -30.832  6.962  -13.112 0.1428571492
106405  -23.245  18.796  -12.624 0.2857142985
96583  -30.527  8.184  -11.092 0.4285714328
96597  -30.549  8.501  -12.645 0.1428571492
100565  -29.926  11.946  -10.730 0.5714285970
97616  -30.745  9.434  -12.125 0.1428571492
98645  -30.862  10.601  -11.718 0.1428571492
99637  -31.144  11.608  -11.864 0.1428571492
108188  -23.787  20.552  -12.689 0.1428571492
101487  -29.540  13.362  -11.397 0.5714285970
98646  -31.151  11.069  -12.190 0.1428571492
101497  -31.436  13.510  -12.350 0.1428571492
105469  -28.531  17.801  -13.110 0.2857142985
104506  -29.782  16.734  -12.813 0.2857142985
102478  -31.581  14.401  -13.088 0.1428571492
103506  -31.401  15.448  -13.578 0.1428571492
104515  -31.429  16.194  -14.470 0.1428571492
107339  -29.428  19.186  -14.051 0.2857142985
107353  -30.358  18.991  -15.138 0.2857142985
106440  -30.620  18.399  -15.408 0.1428571492
105480  -30.859  17.656  -14.812 0.1428571492
69430  -29.806  -15.666  -3.532 0.1428571492
73103  -31.373  -11.984  -4.996 0.1428571492
83136  -34.204  -3.251  -6.980 0.2857142985
92327  -32.690  4.506  -11.619 0.2857142985
105498  -31.160  16.769  -16.001 0.1428571492
107359  -30.072  19.886  -15.709 0.2857142985
68237  -29.439  -16.481  -3.486 0.1428571492
70627  -30.138  -14.430  -3.947 0.1428571492
77920  -30.753  -8.737  -7.387 0.4285714328
77901  -30.878  -8.908  -6.995 0.2857142985
75488  -30.419  -10.108  -6.410 0.1428571492
81126  -32.371  -5.325  -8.901 0.4285714328
83231  -28.916  -3.465  -11.665 0.5714285970
93321  -30.190  5.085  -10.430 0.7142857313
90341  -28.838  1.801  -10.760 0.8571428657
94438  -27.429  6.068  -10.681 0.8571428657
102459  -26.404  13.601  -11.884 0.5714285970
106432  -24.454  19.309  -14.315 0.2857142985
84307  -33.348  -2.540  -8.796 0.4285714328
89290  -27.195  1.725  -12.377 0.5714285970
97605  -28.486  9.279  -10.462 0.8571428657
100563  -28.453  11.371  -10.595 0.8571428657
107348  -23.790  19.796  -14.310 0.2857142985
86878  -28.781  -0.937  -11.623 0.8571428657
109114  -23.719  21.362  -14.706 0.2857142985
109113  -23.458  21.391  -14.119 0.2857142985
108222  -23.517  20.507  -13.635 0.2857142985
110040  -24.879  22.313  -15.193 0.2857142985
109100  -23.497  21.289  -13.449 0.1428571492
107338  -28.762  19.605  -13.850 0.2857142985
108241  -27.020  20.976  -14.151 0.2857142985
108225  -27.318  20.151  -13.814 0.2857142985
109068  -24.004  21.119  -12.627 0.1428571492
108223  -25.700  20.268  -14.173 0.2857142985
108240  -25.976  20.864  -14.307 0.2857142985
105470  -29.635  17.453  -13.169 0.2857142985
106434  -30.330  18.469  -14.549 0.1428571492
107336  -26.613  19.443  -13.732 0.2857142985
103505  -30.962  16.072  -13.281 0.1428571492
105489  -31.290  16.900  -15.125 0.1428571492
106433  -29.783  18.830  -14.131 0.1428571492
101496  -30.928  14.098  -12.079 0.1428571492
103493  -28.809  15.589  -12.202 0.5714285970
105454  -28.850  17.070  -12.689 0.5714285970
101500  -31.739  13.349  -13.421 0.1428571492
100566  -30.491  12.003  -11.090 0.1428571492
104494  -30.045  16.206  -12.630 0.2857142985
103494  -29.781  15.559  -12.288 0.4285714328
102473  -29.334  14.802  -11.947 0.5714285970
99627  -29.795  11.102  -10.515 0.4285714328
100575  -30.131  12.656  -11.189 0.5714285970
99626  -29.016  10.902  -10.397 0.7142857313
100574  -29.247  12.541  -10.992 0.7142857313
95562  -30.627  7.575  -11.606 0.4285714328
97606  -29.392  9.337  -10.430 0.8571428657
90338  -26.532  2.867  -12.187 0.5714285970
92343  -26.036  4.122  -12.295 0.4285714328
94460  -30.187  6.608  -10.597 0.4285714328
96569  -30.044  8.466  -10.586 0.8571428657
93341  -29.995  5.876  -10.304 0.7142857313
82201  -27.318  -3.891  -11.841 0.5714285970
86877  -28.254  -0.888  -12.091 0.7142857313
85617  -27.128  -1.343  -12.698 0.4285714328
86894  -27.243  -0.710  -12.878 0.5714285970
86904  -26.752  -0.584  -13.048 0.4285714328
85624  -25.798  -0.989  -12.864 0.2857142985
81172  -27.365  -5.060  -11.499 0.5714285970
92308  -33.105  4.149  -11.266 0.2857142985
85541  -33.524  -1.458  -8.951 0.4285714328
81105  -33.275  -5.232  -7.455 0.2857142985
74284  -31.807  -11.644  -4.949 0.1428571492
74294  -31.379  -11.341  -5.333 0.1428571492
76719  -31.880  -9.293  -5.953 0.2857142985
80053  -33.588  -6.137  -6.448 0.2857142985
75475  -32.159  -10.596  -5.298 0.1428571492
78950  -33.587  -7.782  -5.498 0.2857142985
65945  -27.516  -17.971  -3.237 0.1428571492
108189  -24.143  20.419  -12.274 0.1428571492
67054  -30.016  -17.304  -3.353 0.1428571492
69431  -30.671  -15.281  -3.523 0.1428571492
107302  -24.186  19.685  -11.780 0.1428571492
100571  -25.958  12.089  -11.692 0.5714285970
98642  -25.556  10.143  -11.767 0.4285714328
98654  -24.922  10.041  -12.062 0.4285714328
99633  -25.920  10.947  -11.683 0.5714285970
97613  -25.943  9.254  -11.486 0.4285714328
95558  -25.335  7.132  -12.060 0.4285714328
96580  -25.604  8.280  -11.665 0.4285714328
98643  -26.329  10.166  -11.415 0.5714285970
93338  -25.938  5.193  -12.083 0.5714285970
84255  -35.011  -2.039  -5.787 0.1428571492
74321  -27.181  -11.736  -8.050 0.2857142985
85458  -36.101  -1.622  -4.303 0.1428571492
84256  -35.252  -2.434  -5.336 0.1428571492
85475  -36.131  -0.788  -4.538 0.1428571492
85474  -35.435  -1.454  -5.112 0.1428571492
86733  -36.887  -0.909  -4.200 0.1428571492
73133  -26.652  -12.414  -7.652 0.2857142985
82078  -34.834  -4.264  -5.564 0.1428571492
83123  -35.310  -3.248  -5.129 0.1428571492
84246  -35.658  -2.328  -4.646 0.1428571492
85460  -37.947  -1.979  -3.742 0.1428571492
84247  -36.267  -2.502  -3.896 0.1428571492
86769  -39.141  -0.881  -5.800 0.1428571492
86735  -38.280  -1.421  -4.223 0.1428571492
71883  -26.106  -13.074  -7.327 0.2857142985
78951  -34.369  -7.065  -5.172 0.1428571492
80036  -34.620  -6.314  -5.096 0.1428571492
81068  -34.591  -5.458  -5.421 0.1428571492
80035  -34.009  -6.476  -5.700 0.1428571492
82068  -36.710  -4.341  -3.508 0.1428571492
82067  -35.698  -4.497  -3.999 0.1428571492
83111  -37.328  -3.562  -3.478 0.1428571492
84249  -37.958  -2.898  -3.586 0.1428571492
84257  -39.128  -2.602  -4.839 0.1428571492
85516  -39.136  -1.767  -6.521 0.1428571492
85496  -39.119  -1.733  -5.320 0.1428571492
73116  -26.709  -13.068  -6.942 0.2857142985
71870  -26.146  -13.824  -6.497 0.2857142985
78932  -34.049  -8.294  -4.915 0.1428571492
78934  -35.296  -7.641  -4.082 0.1428571492
80017  -34.943  -6.848  -4.615 0.1428571492
80018  -35.521  -6.479  -3.884 0.1428571492
81053  -35.191  -5.705  -4.533 0.1428571492
83112  -38.147  -3.710  -3.568 0.1428571492
84250  -38.582  -3.125  -3.868 0.1428571492
85543  -39.462  -1.764  -7.485 0.1428571492
77888  -33.056  -8.883  -5.383 0.1428571492
77879  -34.897  -8.305  -4.347 0.1428571492
77878  -34.415  -8.910  -4.484 0.1428571492
80003  -36.086  -7.160  -3.472 0.1428571492
78910  -35.851  -8.049  -3.522 0.1428571492
81044  -37.384  -5.976  -3.073 0.1428571492
82059  -37.877  -5.201  -3.322 0.1428571492
81043  -36.388  -6.029  -3.341 0.1428571492
82069  -37.592  -4.400  -3.429 0.1428571492
84268  -39.177  -2.674  -5.749 0.1428571492
83125  -39.182  -3.985  -4.394 0.1428571492
84309  -39.202  -2.738  -7.149 0.1428571492
84284  -39.121  -2.871  -6.496 0.1428571492
76681  -34.792  -9.771  -4.015 0.1428571492
77856  -37.062  -8.680  -2.688 0.1428571492
77855  -36.127  -8.786  -3.137 0.1428571492
77854  -35.229  -8.795  -3.887 0.1428571492
81046  -38.885  -5.923  -3.574 0.1428571492
80006  -38.666  -6.707  -3.353 0.1428571492
82061  -39.023  -5.405  -3.706 0.1428571492
82081  -39.344  -4.546  -4.809 0.1428571492
82060  -38.601  -5.289  -3.526 0.1428571492
83124  -39.316  -3.561  -5.116 0.1428571492
82070  -38.397  -4.522  -3.559 0.1428571492
76684  -37.665  -9.572  -2.600 0.1428571492
76683  -36.624  -9.671  -2.748 0.1428571492
76682  -35.650  -9.732  -3.287 0.1428571492
78913  -38.432  -7.598  -3.000 0.1428571492
77857  -38.095  -8.563  -2.679 0.1428571492
81055  -39.379  -5.284  -4.555 0.1428571492
78912  -37.489  -7.716  -2.785 0.1428571492
80004  -36.936  -6.905  -3.000 0.1428571492
82057  -36.286  -5.096  -3.526 0.1428571492
84248  -37.137  -2.668  -3.527 0.1428571492
85476  -38.681  -1.915  -4.392 0.1428571492
83122  -34.757  -3.100  -5.987 0.1428571492
85494  -34.877  -1.365  -6.013 0.1428571492
83156  -39.135  -3.630  -6.813 0.1428571492
85544  -40.012  -1.626  -8.077 0.1428571492
94458  -26.042  6.273  -11.637 0.4285714328
86813  -39.363  -1.010  -7.200 0.1428571492
86789  -39.256  -0.547  -6.634 0.1428571492
86750  -37.655  -0.238  -4.446 0.1428571492
86767  -34.761  -0.396  -6.336 0.1428571492
86788  -34.367  -0.078  -7.076 0.1428571492
100581  -25.208  12.192  -11.904 0.4285714328
101494  -25.351  13.117  -12.023 0.4285714328
107366  -30.521  19.259  -17.081 0.1428571492
108253  -29.786  20.535  -16.106 0.1428571492
76697  -33.511  -9.603  -4.832 0.1428571492
88088  -34.120  0.671  -8.334 0.1428571492
89244  -34.054  1.252  -9.271 0.1428571492
85457  -35.701  -1.786  -4.650 0.1428571492
85459  -37.007  -1.772  -3.702 0.1428571492
85495  -35.216  -0.600  -5.644 0.1428571492
86749  -36.725  -0.037  -4.512 0.1428571492
86734  -37.756  -1.151  -4.123 0.1428571492
82066  -35.143  -4.788  -4.870 0.1428571492
82079  -35.379  -4.025  -4.797 0.1428571492
83109  -35.765  -3.331  -4.332 0.1428571492
85461  -38.444  -2.484  -3.905 0.1428571492
83110  -36.429  -3.461  -3.686 0.1428571492
86751  -38.668  -0.743  -4.734 0.1428571492
78933  -34.529  -7.842  -4.760 0.1428571492
81054  -35.735  -5.544  -3.767 0.1428571492
85477  -38.787  -2.663  -4.265 0.1428571492
82058  -37.036  -5.152  -3.296 0.1428571492
83113  -38.823  -3.871  -3.873 0.1428571492
76698  -34.211  -9.722  -4.445 0.1428571492
77853  -34.825  -9.164  -4.157 0.1428571492
78911  -36.582  -7.877  -3.072 0.1428571492
81045  -38.226  -5.963  -3.242 0.1428571492
80005  -37.870  -6.788  -2.975 0.1428571492
81047  -39.357  -5.671  -3.992 0.1428571492
82071  -39.155  -4.783  -3.953 0.1428571492
81070  -39.273  -5.301  -5.266 0.1428571492
64809  -25.187  -18.551  -3.189 0.1428571492
65942  -24.602  -18.097  -3.565 0.1428571492
65943  -25.522  -17.983  -3.428 0.1428571492
67050  -25.921  -17.338  -3.698 0.1428571492
67049  -24.922  -17.387  -3.974 0.1428571492
68233  -25.482  -16.873  -4.149 0.1428571492
69447  -25.979  -15.482  -4.871 0.1428571492
68279  -24.700  -15.849  -5.277 0.1428571492
69470  -25.778  -15.177  -5.397 0.1428571492
70646  -26.456  -14.551  -5.517 0.1428571492
69469  -25.044  -15.354  -5.674 0.1428571492
70645  -25.521  -14.845  -5.926 0.1428571492
70666  -25.851  -14.431  -6.115 0.1428571492
70664  -24.281  -14.260  -6.588 0.1428571492
71869  -24.899  -13.813  -6.956 0.1428571492
73132  -25.596  -12.519  -7.874 0.1428571492
71882  -25.300  -13.215  -7.340 0.1428571492
73144  -26.026  -12.124  -8.193 0.1428571492
73145  -26.487  -11.852  -8.256 0.1428571492
74337  -26.796  -11.340  -8.642 0.1428571492
74320  -25.588  -12.050  -8.271 0.2857142985
75519  -27.325  -10.579  -8.996 0.2857142985
79029  -27.334  -7.234  -10.653 0.4285714328
80121  -27.831  -6.473  -10.951 0.4285714328
93358  -25.682  4.693  -12.430 0.2857142985
93337  -25.562  5.429  -12.314 0.2857142985
97623  -24.514  9.287  -12.222 0.2857142985
99643  -25.035  11.196  -11.946 0.2857142985
74319  -24.983  -11.943  -8.301 0.1428571492
74336  -25.765  -11.544  -8.653 0.2857142985
67070  -24.885  -16.788  -4.447 0.1428571492
71881  -24.495  -13.183  -7.257 0.1428571492
73131  -24.509  -12.513  -7.713 0.1428571492
74335  -24.709  -11.180  -8.639 0.2857142985
75518  -26.280  -10.796  -9.155 0.2857142985
75517  -25.290  -10.584  -9.140 0.2857142985
75533  -27.334  -9.832  -9.377 0.2857142985
77957  -27.396  -8.604  -9.986 0.4285714328
77971  -26.911  -8.009  -10.340 0.4285714328
79028  -26.218  -7.393  -10.591 0.2857142985
91339  -25.777  3.371  -12.741 0.2857142985
92342  -25.512  4.284  -12.718 0.2857142985
93356  -24.648  5.240  -13.091 0.2857142985
94457  -25.476  5.916  -12.243 0.2857142985
96595  -24.132  8.371  -12.553 0.2857142985
75532  -26.603  -10.076  -9.452 0.2857142985
92354  -25.264  3.783  -13.130 0.2857142985
92341  -25.062  4.540  -13.013 0.2857142985
94476  -24.766  6.306  -12.726 0.2857142985
95573  -23.777  7.167  -13.077 0.2857142985
95574  -24.590  7.464  -12.562 0.2857142985
96596  -24.876  8.292  -12.145 0.2857142985
93369  -24.011  5.206  -13.480 0.2857142985
94475  -24.176  6.013  -13.210 0.2857142985
69471  -26.233  -15.090  -5.142 0.1428571492
71854  -26.521  -14.093  -5.927 0.1428571492
68258  -25.431  -16.178  -4.617 0.1428571492
97624  -25.215  9.221  -11.879 0.2857142985
68280  -25.380  -15.606  -5.159 0.1428571492
70644  -24.667  -14.942  -6.234 0.1428571492
70643  -23.648  -14.759  -6.246 0.1428571492
70665  -25.257  -14.429  -6.472 0.1428571492
77956  -26.489  -8.701  -10.034 0.4285714328
94487  -23.588  6.108  -13.386 0.2857142985
80134  -26.716  -5.692  -11.212 0.2857142985
82186  -27.056  -4.339  -11.735 0.2857142985
110979  -27.518  24.141  -17.530 0.1428571492
110973  -28.381  23.514  -17.483 0.1428571492
110052  -27.483  23.297  -16.090 0.1428571492
109119  -28.625  21.487  -15.078 0.1428571492
108243  -29.251  20.805  -15.020 0.1428571492
139165  -27.980  24.354  -18.676 0.1428571492
110043  -27.858  22.598  -15.604 0.1428571492
110041  -25.905  22.536  -15.079 0.1428571492
111779  -23.798  24.486  -16.395 0.1428571492
81171  -26.516  -4.969  -11.579 0.2857142985
82185  -26.326  -4.248  -11.838 0.2857142985
110054  -29.313  22.268  -17.665 0.1428571492
109130  -28.430  22.150  -15.586 0.1428571492
109131  -29.224  21.747  -16.082 0.1428571492
110970  -25.929  23.985  -16.322 0.1428571492
110977  -24.266  24.168  -16.430 0.1428571492
110050  -25.367  23.244  -15.673 0.1428571492
110048  -23.731  22.970  -15.475 0.1428571492
110965  -23.359  23.532  -15.399 0.1428571492
110049  -24.395  23.072  -15.675 0.1428571492
109118  -27.718  21.841  -14.786 0.1428571492
80120  -26.950  -6.491  -10.893 0.2857142985
110972  -27.879  23.739  -17.061 0.1428571492
110978  -27.142  24.354  -17.530 0.1428571492
110053  -28.538  22.920  -16.637 0.1428571492
110042  -27.005  22.649  -15.192 0.1428571492
111787  -26.447  25.425  -18.306 0.1428571492
110051  -26.441  23.369  -15.761 0.1428571492
92352  -23.711  4.278  -13.672 0.1428571492
92353  -24.586  4.213  -13.413 0.1428571492
95584  -23.336  6.651  -13.318 0.1428571492
94474  -21.760  6.965  -12.666 0.1428571492
95571  -22.187  7.787  -12.795 0.1428571492
91349  -25.477  3.062  -13.095 0.1428571492
95583  -22.990  7.022  -13.236 0.1428571492
96592  -21.892  8.780  -12.291 0.1428571492
97620  -22.333  9.545  -12.063 0.2857142985
84382  -25.654  -1.557  -12.696 0.1428571492
89316  -24.397  1.366  -13.509 0.1428571492
90366  -25.589  2.225  -13.176 0.1428571492
91347  -24.250  3.246  -13.611 0.1428571492
93359  -31.606  5.869  -12.402 0.1428571492
96594  -23.329  8.532  -12.750 0.1428571492
98653  -24.264  10.333  -12.222 0.1428571492
97621  -22.957  9.584  -12.382 0.1428571492
98652  -23.406  10.539  -12.226 0.2857142985
99642  -23.998  11.459  -12.191 0.2857142985
102458  -22.656  14.344  -11.938 0.2857142985
101481  -22.518  13.765  -11.531 0.2857142985
102466  -22.674  14.928  -12.068 0.2857142985
104458  -24.183  16.642  -9.473 0.1428571492
100579  -23.704  12.591  -12.120 0.2857142985
101492  -23.413  13.631  -12.280 0.2857142985
100570  -22.924  12.978  -11.786 0.2857142985
102468  -23.826  14.401  -12.675 0.2857142985
101482  -22.857  13.851  -12.060 0.2857142985
103488  -23.370  15.248  -13.069 0.2857142985
104486  -22.646  16.290  -12.092 0.1428571492
101467  -22.063  13.776  -9.753 0.2857142985
106373  -23.710  18.158  -10.973 0.1428571492
105430  -24.648  17.993  -10.243 0.1428571492
100562  -21.838  13.052  -10.351 0.1428571492
100561  -21.772  12.266  -10.095 0.1428571492
98650  -22.169  10.077  -11.631 0.2857142985
101478  -22.165  13.809  -10.761 0.2857142985
103475  -22.739  15.362  -10.778 0.1428571492
102453  -22.425  14.558  -10.283 0.2857142985
104470  -22.980  15.933  -10.652 0.1428571492
103463  -22.788  15.128  -9.981 0.1428571492
96579  -21.477  8.800  -11.676 0.2857142985
101454  -22.202  13.529  -8.697 0.1428571492
103455  -23.970  15.345  -8.172 0.1428571492
102442  -22.608  14.534  -9.140 0.1428571492
95537  -21.228  7.794  -10.975 0.1428571492
92328  -33.226  4.668  -11.391 0.1428571492
88177  -24.840  0.485  -13.463 0.1428571492
90364  -23.930  2.300  -13.573 0.1428571492
90363  -23.195  2.362  -13.371 0.1428571492
92351  -22.682  4.360  -13.555 0.1428571492
92350  -22.147  4.912  -13.380 0.1428571492
93368  -23.214  5.325  -13.604 0.1428571492
93355  -21.940  6.319  -12.999 0.1428571492
95572  -22.889  7.802  -13.052 0.1428571492
95557  -21.035  7.923  -11.623 0.1428571492
97612  -21.886  9.569  -11.624 0.2857142985
99641  -23.059  11.730  -11.971 0.1428571492
99631  -22.152  12.047  -11.252 0.1428571492
102437  -22.610  14.051  -8.445 0.1428571492
103464  -23.225  15.485  -9.476 0.1428571492
103465  -23.743  15.863  -8.960 0.1428571492
104457  -23.622  16.133  -9.573 0.1428571492
93344  -32.158  5.113  -12.100 0.1428571492
93360  -32.412  5.895  -12.432 0.1428571492
104472  -23.878  17.085  -10.014 0.1428571492
103484  -22.657  15.495  -11.714 0.2857142985
106374  -24.183  18.472  -10.813 0.1428571492
88178  -25.651  0.352  -13.411 0.1428571492
86902  -25.240  -0.397  -13.207 0.1428571492
90354  -25.774  2.753  -12.925 0.1428571492
92309  -33.553  4.324  -10.802 0.1428571492
97622  -23.753  9.447  -12.422 0.1428571492
94486  -22.968  6.269  -13.408 0.1428571492
92340  -22.328  3.820  -13.295 0.1428571492
91346  -23.424  3.290  -13.571 0.1428571492
94485  -22.397  6.771  -13.074 0.1428571492
95582  -22.610  7.357  -13.058 0.1428571492
90365  -24.739  2.256  -13.494 0.1428571492
96593  -22.552  8.714  -12.666 0.1428571492
98651  -22.540  10.631  -11.808 0.2857142985
100580  -24.577  12.331  -12.066 0.2857142985
102467  -22.964  14.534  -12.535 0.2857142985
102457  -22.508  14.618  -11.312 0.2857142985
103466  -24.413  16.047  -8.668 0.1428571492
101493  -24.274  13.393  -12.332 0.2857142985
100569  -22.175  12.925  -11.225 0.1428571492
104481  -22.860  16.103  -11.204 0.1428571492
106391  -24.410  19.160  -11.215 0.1428571492
99632  -22.554  12.262  -11.575 0.2857142985
75515  -23.667  -10.552  -8.415 0.1428571492
76755  -25.440  -10.001  -9.457 0.1428571492
76735  -22.549  -9.641  -8.027 0.1428571492
77935  -23.229  -8.678  -8.935 0.1428571492
77953  -23.643  -8.161  -9.601 0.1428571492
76754  -24.773  -9.603  -9.376 0.1428571492
77936  -23.966  -8.921  -9.282 0.1428571492
76768  -25.864  -9.477  -9.719 0.1428571492
79009  -24.217  -7.321  -10.227 0.1428571492
79010  -25.292  -7.808  -10.328 0.1428571492
77970  -26.221  -8.155  -10.306 0.1428571492
79027  -25.206  -6.933  -10.676 0.1428571492
79011  -25.844  -8.003  -10.355 0.1428571492
79008  -23.123  -7.369  -9.816 0.1428571492
79026  -24.564  -6.642  -10.686 0.1428571492
80119  -25.997  -6.324  -10.920 0.1428571492
80133  -25.883  -5.539  -11.329 0.1428571492
82184  -25.505  -3.992  -11.937 0.1428571492
82199  -26.261  -3.564  -12.143 0.1428571492
76769  -26.911  -9.335  -9.705 0.1428571492
74318  -23.888  -11.468  -8.136 0.1428571492
76736  -23.195  -10.122  -8.252 0.1428571492
76753  -23.583  -9.619  -8.665 0.1428571492
83242  -26.826  -3.040  -12.321 0.1428571492
75516  -24.335  -10.430  -8.819 0.1428571492
74334  -24.125  -10.928  -8.531 0.1428571492
75531  -25.887  -10.220  -9.429 0.1428571492
77955  -25.650  -8.557  -10.095 0.1428571492
77934  -22.365  -8.388  -8.492 0.1428571492
77954  -24.660  -8.516  -9.853 0.1428571492
76767  -25.223  -9.064  -9.796 0.1428571492
80104  -23.435  -6.848  -10.195 0.1428571492
78991  -22.314  -7.259  -9.198 0.1428571492
74317  -22.886  -11.487  -7.584 0.1428571492
74307  -29.167  -11.065  -6.817 0.4285714328
74339  -28.116  -11.107  -8.082 0.2857142985
75472  -29.873  -10.806  -6.279 0.1428571492
75502  -28.662  -10.728  -7.853 0.7142857313
76704  -32.404  -9.452  -5.611 0.2857142985
76705  -32.953  -9.482  -5.256 0.1428571492
76772  -29.130  -9.203  -9.005 0.5714285970
80136  -28.122  -5.953  -11.140 0.4285714328
81160  -31.071  -5.679  -10.209 0.7142857313
81174  -28.966  -5.143  -11.248 0.4285714328
82174  -31.799  -4.396  -10.232 0.7142857313
84258  -39.020  -3.276  -4.363 0.1428571492
84369  -25.866  -2.199  -12.602 0.1428571492
84383  -26.180  -1.544  -12.711 0.4285714328
84384  -26.621  -1.416  -12.708 0.4285714328
85473  -35.128  -1.620  -5.644 0.1428571492
85604  -30.703  -2.066  -11.208 0.7142857313
85626  -26.727  -1.086  -12.814 0.4285714328
88167  -27.270  -0.017  -13.010 0.5714285970
88179  -26.359  0.138  -13.296 0.5714285970
90356  -26.891  1.922  -12.488 0.5714285970
91326  -32.707  3.924  -11.299 0.2857142985
91338  -22.730  3.242  -13.324 0.1428571492
91340  -26.235  3.246  -12.348 0.4285714328
91348  -25.006  3.139  -13.394 0.1428571492
93357  -25.312  5.192  -12.582 0.2857142985
99628  -30.454  11.283  -10.955 0.4285714328
100568  -21.892  12.412  -10.774 0.1428571492
101489  -31.170  12.994  -11.819 0.1428571492
101495  -26.056  13.385  -11.898 0.5714285970
102460  -26.956  13.754  -11.807 0.8571428657
102462  -28.916  14.023  -11.702 0.5714285970
102475  -31.089  14.561  -12.520 0.1428571492
103476  -23.027  15.687  -10.256 0.1428571492
103496  -31.273  15.025  -12.947 0.1428571492
103504  -23.709  15.827  -13.333 0.5714285970
104501  -22.751  16.411  -12.753 0.4285714328
104508  -31.085  16.585  -13.764 0.1428571492
105455  -29.401  16.929  -12.758 0.2857142985
105472  -31.014  17.047  -13.956 0.1428571492
107337  -27.639  19.415  -13.623 0.2857142985
107349  -24.323  19.777  -14.397 0.2857142985
107350  -24.792  19.562  -14.283 0.2857142985
107351  -29.107  20.246  -14.379 0.2857142985
108254  -30.138  19.952  -16.097 0.2857142985
109999  -24.169  21.550  -12.540 0.1428571492
110057  -28.875  23.236  -18.159 0.1428571492
110969  -24.859  24.018  -16.322 0.1428571492
110976  -24.036  24.272  -16.451 0.1428571492
111773  -23.365  24.277  -15.982 0.1428571492
111782  -26.615  24.673  -17.647 0.1428571492
111783  -27.540  24.445  -18.130 0.1428571492
111784  -28.082  23.955  -18.158 0.1428571492
112602  -23.504  24.747  -16.262 0.1428571492
139162  -27.836  24.277  -18.368 0.1428571492
