#!ascii label  , from subject 3360 vox2ras=TkReg
1502
99333  -47.697  -5.251  9.651 0.0000000000
103591  -56.517  -2.211  -0.708 0.0000000000
109666  -55.368  3.368  6.246 0.0000000000
100449  -52.667  -5.503  5.733 0.0000000000
97104  -52.499  -8.770  14.773 0.0000000000
106640  -47.343  0.546  0.958 0.0000000000
117198  -49.626  10.853  0.813 0.0000000000
119176  -48.963  11.922  4.432 0.0000000000
97058  -46.573  -8.520  17.491 0.0000000000
99373  -48.150  -6.415  6.411 0.0000000000
102497  -49.966  -2.814  3.518 0.0000000000
105582  -46.310  -0.778  6.466 0.0000000000
113933  -56.501  7.186  2.335 0.0000000000
112961  -53.959  6.680  0.845 0.0000000000
120338  -55.398  13.015  -1.217 0.0000000000
121359  -49.438  14.456  -0.330 0.0000000000
121307  -55.139  13.616  3.713 0.0000000000
104686  -53.579  -1.537  -4.101 0.0000000000
104534  -47.867  -1.192  11.067 0.0000000000
105566  -50.402  -0.784  8.945 0.0000000000
100392  -57.534  -5.851  9.192 0.0000000000
97142  -52.637  -8.760  10.319 0.0000000000
94990  -46.888  -10.308  10.969 0.0000000000
99290  -47.247  -6.629  14.426 0.0000000000
105636  -52.555  -0.787  -1.042 0.0000000000
108649  -50.811  2.644  -4.356 0.0000000000
109695  -49.807  3.403  4.158 0.0000000000
110919  -48.888  4.994  -0.073 0.0000000000
114003  -47.668  6.836  -4.465 0.0000000000
116183  -46.538  9.730  -1.696 0.0000000000
118213  -43.140  12.250  0.572 0.0000000000
98285  -46.577  -6.819  7.980 0.0000000000
102458  -46.588  -3.547  6.103 0.0000000000
102443  -46.511  -3.422  7.611 0.0000000000
117172  -55.683  10.901  2.307 0.0000000000
117203  -55.724  10.592  0.414 0.0000000000
119244  -57.582  13.033  0.534 0.0000000000
121322  -55.069  13.919  1.474 0.0000000000
103613  -55.093  -2.104  -2.426 0.0000000000
106538  -48.678  0.366  12.506 0.0000000000
105545  -50.442  -0.803  11.226 0.0000000000
94977  -53.052  -9.929  12.557 0.0000000000
96061  -50.668  -9.801  11.083 0.0000000000
94961  -49.746  -10.413  13.505 0.0000000000
99249  -46.968  -6.679  16.316 0.0000000000
101389  -43.848  -4.663  13.276 0.0000000000
103456  -43.738  -2.420  11.810 0.0000000000
102414  -42.523  -3.059  13.890 0.0000000000
101469  -53.408  -4.366  4.032 0.0000000000
105600  -49.002  -1.256  2.346 0.0000000000
104605  -50.479  -1.884  1.726 0.0000000000
104651  -49.651  -1.148  -0.705 0.0000000000
106671  -51.632  0.566  -2.955 0.0000000000
106668  -48.818  0.804  -2.255 0.0000000000
107589  -52.353  1.778  7.713 0.0000000000
108577  -50.115  2.071  6.377 0.0000000000
108596  -52.408  3.511  5.679 0.0000000000
116151  -51.711  9.238  1.300 0.0000000000
111942  -50.881  5.487  1.545 0.0000000000
113940  -48.930  7.441  1.225 0.0000000000
112986  -48.662  6.542  -1.862 0.0000000000
115047  -47.585  8.839  -1.756 0.0000000000
113990  -46.718  8.067  -3.479 0.0000000000
118247  -47.461  10.658  -1.721 0.0000000000
120256  -49.302  13.104  2.059 0.0000000000
121336  -46.053  13.929  0.240 0.0000000000
120253  -46.261  13.714  2.499 0.0000000000
120249  -42.811  12.804  2.150 0.0000000000
120213  -45.316  13.286  4.528 0.0000000000
100422  -50.827  -6.385  6.328 0.0000000000
101467  -51.363  -4.364  4.578 0.0000000000
101440  -48.806  -4.727  5.614 0.0000000000
104584  -47.476  -1.961  4.175 0.0000000000
106622  -46.384  0.648  3.562 0.0000000000
110869  -57.428  4.951  3.808 0.0000000000
110865  -54.901  4.436  3.146 0.0000000000
112964  -56.415  6.568  0.355 0.0000000000
115049  -54.121  9.040  -0.250 0.0000000000
119258  -51.785  12.475  -0.614 0.0000000000
120334  -49.881  13.361  -2.047 0.0000000000
121383  -52.545  14.474  -0.578 0.0000000000
120259  -52.301  13.374  2.118 0.0000000000
120196  -51.993  12.758  4.594 0.0000000000
105694  -50.482  -0.746  -4.958 0.0000000000
102430  -48.348  -3.625  10.270 0.0000000000
103479  -48.813  -2.671  9.188 0.0000000000
103474  -50.456  -2.416  9.942 0.0000000000
105559  -52.336  -0.358  9.582 0.0000000000
107556  -54.519  0.925  9.285 0.0000000000
106564  -56.210  1.342  10.656 0.0000000000
108569  -57.282  2.887  7.433 0.0000000000
100407  -55.664  -6.137  7.892 0.0000000000
98268  -55.313  -7.410  9.501 0.0000000000
99345  -52.848  -7.598  8.414 0.0000000000
98277  -50.746  -8.059  8.180 0.0000000000
96091  -48.320  -9.316  8.608 0.0000000000
98179  -51.788  -6.960  16.474 0.0000000000
97060  -48.684  -8.447  17.569 0.0000000000
99230  -49.609  -7.460  16.418 0.0000000000
98213  -49.224  -8.129  14.998 0.0000000000
97113  -46.690  -8.580  13.526 0.0000000000
100383  -46.383  -5.371  10.368 0.0000000000
104643  -56.914  -1.323  0.530 0.0000000000
103527  -52.572  -2.913  2.704 0.0000000000
104622  -53.885  -1.903  1.223 0.0000000000
105639  -55.494  -0.973  -1.531 0.0000000000
106686  -54.327  0.110  -3.408 0.0000000000
107694  -52.863  1.498  -5.144 0.0000000000
108676  -50.917  2.514  -5.340 0.0000000000
105575  -47.891  -0.340  7.939 0.0000000000
107611  -47.129  1.891  5.642 0.0000000000
109725  -47.598  3.046  2.865 0.0000000000
110879  -52.102  4.446  2.357 0.0000000000
109737  -49.467  4.007  1.574 0.0000000000
109753  -47.847  3.678  -0.502 0.0000000000
109769  -48.820  3.820  -2.788 0.0000000000
112001  -49.184  5.229  -4.568 0.0000000000
109793  -48.016  3.818  -5.429 0.0000000000
119270  -46.669  13.361  -1.674 0.0000000000
118215  -45.153  11.721  -0.098 0.0000000000
115022  -44.614  8.917  1.935 0.0000000000
116143  -42.622  10.112  1.740 0.0000000000
117170  -40.667  10.572  2.594 0.0000000000
99343  -47.102  -5.574  9.392 0.0000000000
101408  -46.530  -4.341  8.262 0.0000000000
101409  -47.132  -4.240  8.876 0.0000000000
118195  -56.669  12.125  1.976 0.0000000000
120284  -58.338  13.844  1.791 0.0000000000
103600  -55.320  -2.427  -1.590 0.0000000000
94954  -52.986  -10.048  13.800 0.0000000000
94962  -50.922  -10.702  13.423 0.0000000000
94952  -51.467  -10.309  14.235 0.0000000000
101382  -43.417  -4.630  14.462 0.0000000000
102415  -43.015  -3.633  13.594 0.0000000000
100450  -53.779  -5.414  5.726 0.0000000000
101444  -52.994  -4.727  5.043 0.0000000000
105614  -47.764  -0.361  1.499 0.0000000000
105616  -49.473  -1.278  0.808 0.0000000000
105632  -48.191  -0.253  -0.037 0.0000000000
105650  -49.358  -0.230  -1.640 0.0000000000
106653  -47.754  1.068  -0.881 0.0000000000
108565  -53.515  2.361  7.284 0.0000000000
108564  -52.498  2.343  7.221 0.0000000000
109664  -53.660  3.454  5.865 0.0000000000
117183  -50.180  10.086  1.289 0.0000000000
115026  -50.194  8.286  1.522 0.0000000000
116148  -48.400  9.274  1.139 0.0000000000
115035  -48.269  8.449  0.286 0.0000000000
116160  -48.009  9.540  -0.036 0.0000000000
117210  -47.659  10.068  -1.644 0.0000000000
118217  -48.273  11.498  -0.472 0.0000000000
120236  -48.922  13.210  3.035 0.0000000000
120254  -47.354  13.732  2.408 0.0000000000
120234  -47.083  13.431  3.554 0.0000000000
120233  -45.799  13.597  3.510 0.0000000000
120215  -47.079  13.108  4.251 0.0000000000
99374  -49.180  -6.460  6.179 0.0000000000
100446  -49.538  -5.595  5.707 0.0000000000
100420  -48.621  -5.609  6.139 0.0000000000
103490  -46.038  -2.673  6.575 0.0000000000
103499  -46.770  -2.607  5.380 0.0000000000
104577  -46.567  -1.635  5.105 0.0000000000
105597  -46.967  -0.762  3.709 0.0000000000
106616  -45.878  -0.013  5.109 0.0000000000
112938  -58.112  6.241  2.357 0.0000000000
111949  -57.691  5.539  1.905 0.0000000000
113960  -57.196  7.471  0.669 0.0000000000
118238  -55.258  11.674  -0.575 0.0000000000
116175  -55.612  9.320  -0.710 0.0000000000
118237  -54.398  11.493  -0.692 0.0000000000
117213  -52.881  10.873  -0.190 0.0000000000
119277  -53.497  12.870  -1.438 0.0000000000
120352  -52.440  13.384  -1.529 0.0000000000
120321  -54.299  13.569  -0.731 0.0000000000
121314  -55.029  14.054  2.447 0.0000000000
120261  -54.247  13.542  1.772 0.0000000000
120241  -53.962  13.298  3.044 0.0000000000
120239  -52.210  12.995  3.221 0.0000000000
120218  -53.176  12.724  4.313 0.0000000000
105696  -52.165  -0.458  -4.755 0.0000000000
104542  -48.376  -1.900  10.513 0.0000000000
103466  -48.707  -2.585  10.112 0.0000000000
104543  -49.355  -2.175  10.798 0.0000000000
105547  -52.385  -0.543  11.015 0.0000000000
105551  -51.692  -0.890  10.651 0.0000000000
105553  -53.354  -0.385  10.133 0.0000000000
106569  -53.888  0.262  9.441 0.0000000000
105554  -54.146  -0.205  9.937 0.0000000000
107551  -56.639  1.931  11.054 0.0000000000
107559  -56.725  2.189  9.200 0.0000000000
110823  -57.689  3.909  7.241 0.0000000000
111897  -57.574  4.568  6.152 0.0000000000
111895  -56.666  4.937  6.590 0.0000000000
100408  -56.883  -5.570  7.567 0.0000000000
100400  -56.643  -6.043  8.713 0.0000000000
97146  -55.747  -8.018  10.723 0.0000000000
97144  -54.267  -8.369  10.310 0.0000000000
98281  -54.117  -7.462  8.661 0.0000000000
98265  -52.904  -8.066  8.882 0.0000000000
98279  -52.295  -8.037  8.437 0.0000000000
97156  -52.325  -8.515  9.349 0.0000000000
96059  -49.171  -10.150  10.875 0.0000000000
97138  -49.260  -9.601  9.863 0.0000000000
96081  -48.269  -9.654  9.310 0.0000000000
97059  -47.613  -8.442  17.420 0.0000000000
99228  -48.201  -7.517  16.732 0.0000000000
99276  -48.485  -6.828  15.249 0.0000000000
99277  -49.423  -7.495  15.502 0.0000000000
99291  -48.420  -7.268  14.777 0.0000000000
97099  -47.885  -8.749  14.352 0.0000000000
98222  -47.060  -7.378  14.014 0.0000000000
101398  -45.811  -4.553  10.561 0.0000000000
102426  -44.528  -3.662  11.028 0.0000000000
104626  -57.702  -1.691  1.446 0.0000000000
102477  -51.009  -3.666  4.214 0.0000000000
102499  -51.910  -3.555  3.449 0.0000000000
103526  -51.505  -2.797  2.843 0.0000000000
104638  -51.482  -1.506  0.299 0.0000000000
104621  -52.629  -1.938  1.414 0.0000000000
104640  -53.465  -1.595  0.488 0.0000000000
104657  -55.223  -1.198  -0.533 0.0000000000
105638  -54.560  -0.901  -1.303 0.0000000000
105656  -55.592  -0.783  -2.376 0.0000000000
105654  -53.962  -0.384  -1.969 0.0000000000
107666  -50.907  1.709  -3.744 0.0000000000
107675  -52.140  1.332  -4.084 0.0000000000
107684  -51.691  2.242  -4.783 0.0000000000
108677  -51.789  2.141  -5.066 0.0000000000
109788  -51.088  3.388  -5.008 0.0000000000
104558  -49.815  -1.445  8.728 0.0000000000
104556  -47.960  -1.750  8.634 0.0000000000
106574  -48.908  -0.182  8.534 0.0000000000
108593  -49.883  2.845  6.061 0.0000000000
107612  -48.424  2.419  6.152 0.0000000000
109676  -48.562  3.446  5.049 0.0000000000
108601  -47.313  2.587  4.464 0.0000000000
109712  -48.259  3.349  3.517 0.0000000000
111946  -54.977  5.536  1.506 0.0000000000
110864  -53.745  4.507  2.995 0.0000000000
110897  -53.512  5.175  1.833 0.0000000000
111957  -49.616  5.328  0.729 0.0000000000
110894  -50.727  4.629  1.419 0.0000000000
109748  -49.932  4.106  0.671 0.0000000000
109746  -48.780  3.894  0.878 0.0000000000
110917  -48.157  4.087  0.123 0.0000000000
109760  -47.883  3.560  -1.551 0.0000000000
110927  -48.516  4.902  -1.693 0.0000000000
113998  -48.111  7.282  -3.581 0.0000000000
111990  -49.290  5.601  -3.990 0.0000000000
113010  -48.431  6.172  -4.705 0.0000000000
110964  -49.091  4.518  -5.190 0.0000000000
112000  -48.052  5.835  -5.342 0.0000000000
110951  -46.804  4.438  -5.241 0.0000000000
113008  -47.005  6.313  -4.642 0.0000000000
116194  -46.693  9.595  -2.413 0.0000000000
112992  -46.066  7.269  -3.230 0.0000000000
122388  -49.701  15.004  -2.113 0.0000000000
120347  -48.248  13.807  -2.422 0.0000000000
121393  -47.684  14.597  -1.651 0.0000000000
119237  -44.322  13.018  -0.106 0.0000000000
119251  -45.198  12.998  -0.559 0.0000000000
118214  -44.175  12.183  0.274 0.0000000000
117179  -45.251  10.444  0.946 0.0000000000
117178  -44.171  10.701  1.128 0.0000000000
116136  -44.149  9.412  2.107 0.0000000000
117177  -42.854  11.003  1.054 0.0000000000
119193  -42.955  12.862  3.181 0.0000000000
118193  -41.726  11.782  2.070 0.0000000000
119191  -41.548  12.010  3.200 0.0000000000
117164  -40.301  10.958  2.791 0.0000000000
98305  -47.307  -6.823  7.155 0.0000000000
100419  -47.722  -5.630  6.362 0.0000000000
100405  -46.654  -5.286  7.252 0.0000000000
102449  -46.145  -3.451  6.949 0.0000000000
104560  -46.074  -1.619  6.951 0.0000000000
115030  -56.601  8.681  0.697 0.0000000000
117186  -55.610  10.810  1.198 0.0000000000
118222  -56.384  12.119  0.515 0.0000000000
120324  -56.953  13.343  -0.437 0.0000000000
120303  -55.089  13.397  -0.010 0.0000000000
121366  -56.575  14.089  0.166 0.0000000000
121324  -57.004  14.437  2.134 0.0000000000
104687  -54.137  -1.827  -4.006 0.0000000000
105543  -48.343  -0.350  11.648 0.0000000000
105544  -49.464  -0.634  11.379 0.0000000000
106552  -50.025  0.137  11.661 0.0000000000
96064  -53.214  -9.122  11.511 0.0000000000
96075  -52.015  -9.233  10.667 0.0000000000
96062  -51.566  -9.648  11.369 0.0000000000
94985  -50.110  -10.250  11.711 0.0000000000
94972  -48.667  -10.597  12.284 0.0000000000
98150  -46.267  -7.964  16.781 0.0000000000
99273  -45.656  -5.822  15.863 0.0000000000
101391  -43.795  -4.742  12.415 0.0000000000
102424  -43.844  -3.493  11.912 0.0000000000
102418  -43.432  -3.141  12.695 0.0000000000
103448  -43.123  -2.557  13.099 0.0000000000
103545  -49.534  -1.770  2.797 0.0000000000
103546  -50.023  -2.140  2.515 0.0000000000
105609  -49.400  -1.250  1.717 0.0000000000
104619  -50.646  -1.644  0.931 0.0000000000
104653  -51.354  -1.202  -0.683 0.0000000000
105652  -51.765  -0.599  -1.832 0.0000000000
105651  -50.585  -0.282  -1.994 0.0000000000
105668  -49.942  0.163  -2.446 0.0000000000
107665  -49.904  1.806  -3.084 0.0000000000
106577  -51.688  0.614  8.600 0.0000000000
107566  -49.798  0.765  8.235 0.0000000000
107588  -51.326  1.586  7.573 0.0000000000
108594  -50.921  2.862  5.789 0.0000000000
109679  -51.261  3.459  5.033 0.0000000000
113944  -52.939  7.508  1.162 0.0000000000
112948  -52.352  6.504  1.499 0.0000000000
113943  -51.774  7.394  1.463 0.0000000000
113941  -49.710  7.355  1.634 0.0000000000
112960  -49.061  5.988  0.277 0.0000000000
111976  -48.707  5.615  -1.230 0.0000000000
113968  -48.190  7.573  -0.366 0.0000000000
113992  -48.168  7.392  -2.558 0.0000000000
113991  -47.052  7.832  -2.931 0.0000000000
113996  -46.967  7.318  -4.448 0.0000000000
115062  -47.547  8.948  -2.677 0.0000000000
117233  -47.143  9.841  -2.415 0.0000000000
117223  -46.856  10.241  -2.091 0.0000000000
120296  -49.281  13.958  0.253 0.0000000000
121378  -47.839  14.516  -0.570 0.0000000000
121358  -47.355  14.165  0.457 0.0000000000
120272  -45.546  13.663  1.245 0.0000000000
121355  -43.615  13.722  1.160 0.0000000000
119223  -41.966  13.319  0.872 0.0000000000
120270  -43.556  13.357  1.876 0.0000000000
120231  -43.771  13.655  3.671 0.0000000000
120193  -43.961  13.621  5.172 0.0000000000
100423  -51.406  -6.248  6.307 0.0000000000
101443  -51.962  -4.876  5.116 0.0000000000
101442  -50.976  -4.976  5.211 0.0000000000
101466  -50.422  -4.262  4.721 0.0000000000
102476  -49.783  -3.440  4.125 0.0000000000
101439  -47.755  -4.490  5.687 0.0000000000
102475  -48.430  -3.613  4.767 0.0000000000
103509  -48.851  -2.718  4.085 0.0000000000
104593  -48.406  -1.543  3.298 0.0000000000
105607  -47.539  -0.544  2.466 0.0000000000
106635  -47.265  0.523  2.019 0.0000000000
109702  -56.763  3.815  4.888 0.0000000000
109683  -55.168  3.622  5.220 0.0000000000
110867  -56.597  4.498  3.260 0.0000000000
111947  -56.046  5.342  1.694 0.0000000000
112963  -55.539  6.779  0.239 0.0000000000
115052  -56.776  8.306  -0.729 0.0000000000
113969  -55.479  8.136  -0.697 0.0000000000
113956  -54.040  7.655  0.738 0.0000000000
116162  -52.807  9.403  0.505 0.0000000000
117200  -52.090  10.546  0.551 0.0000000000
118219  -50.203  11.707  0.453 0.0000000000
119239  -49.715  12.433  -0.236 0.0000000000
119275  -51.483  13.135  -1.367 0.0000000000
121409  -51.322  14.332  -1.587 0.0000000000
121382  -51.535  14.978  -0.575 0.0000000000
120301  -53.474  13.932  0.139 0.0000000000
120299  -51.739  13.866  0.083 0.0000000000
120298  -50.978  14.004  0.464 0.0000000000
120257  -50.357  13.181  2.175 0.0000000000
120238  -51.100  12.739  3.291 0.0000000000
119197  -50.417  12.449  3.833 0.0000000000
101401  -48.386  -4.464  10.149 0.0000000000
101410  -48.289  -4.379  8.955 0.0000000000
102435  -48.772  -3.530  9.864 0.0000000000
103473  -49.168  -2.525  9.674 0.0000000000
104551  -50.116  -1.912  9.184 0.0000000000
103460  -50.351  -2.037  10.959 0.0000000000
104552  -51.074  -1.578  9.778 0.0000000000
105558  -51.242  -0.854  9.491 0.0000000000
106578  -52.666  0.508  8.834 0.0000000000
107569  -53.251  1.527  8.226 0.0000000000
108548  -55.182  2.284  8.089 0.0000000000
106563  -55.486  0.851  10.581 0.0000000000
107558  -56.024  1.542  9.614 0.0000000000
108549  -56.097  2.577  8.222 0.0000000000
109656  -56.559  3.068  7.001 0.0000000000
109704  -57.585  3.994  5.595 0.0000000000
111919  -57.411  5.034  4.651 0.0000000000
113923  -56.720  6.701  3.457 0.0000000000
100426  -54.552  -5.997  6.906 0.0000000000
98255  -56.352  -7.596  10.475 0.0000000000
99337  -56.564  -6.648  9.412 0.0000000000
99348  -55.441  -6.812  8.758 0.0000000000
99358  -54.252  -6.899  7.910 0.0000000000
99378  -52.833  -6.713  7.111 0.0000000000
99355  -51.563  -7.216  7.417 0.0000000000
99354  -50.843  -7.222  7.166 0.0000000000
98288  -49.090  -7.759  7.243 0.0000000000
97154  -50.383  -9.179  9.353 0.0000000000
97167  -50.008  -8.618  8.405 0.0000000000
98287  -48.163  -7.580  7.351 0.0000000000
97175  -47.317  -7.800  8.086 0.0000000000
98136  -50.361  -7.620  18.327 0.0000000000
98151  -48.030  -7.982  17.004 0.0000000000
98176  -49.469  -8.560  16.930 0.0000000000
98154  -50.737  -7.746  17.118 0.0000000000
98178  -50.960  -7.567  16.482 0.0000000000
98200  -50.733  -7.663  15.785 0.0000000000
97091  -50.598  -8.705  15.292 0.0000000000
96025  -49.245  -9.587  14.414 0.0000000000
96037  -47.791  -9.633  13.718 0.0000000000
96058  -46.918  -9.821  12.165 0.0000000000
99324  -47.415  -5.429  10.105 0.0000000000
101399  -46.790  -4.467  10.363 0.0000000000
103464  -46.800  -2.735  10.505 0.0000000000
104540  -46.442  -1.950  10.698 0.0000000000
105542  -47.250  -0.443  11.501 0.0000000000
102532  -57.927  -2.186  1.680 0.0000000000
103581  -57.361  -1.729  0.564 0.0000000000
103592  -56.559  -1.702  -0.049 0.0000000000
101468  -52.272  -4.377  4.151 0.0000000000
102500  -53.027  -3.284  3.106 0.0000000000
103548  -52.324  -2.221  2.267 0.0000000000
103566  -53.141  -2.349  1.737 0.0000000000
103567  -54.128  -2.191  1.775 0.0000000000
104642  -55.843  -1.336  0.367 0.0000000000
104658  -56.198  -1.266  -0.777 0.0000000000
103602  -56.416  -1.635  -1.058 0.0000000000
104678  -56.230  -1.171  -2.574 0.0000000000
105685  -55.411  -0.923  -3.385 0.0000000000
105698  -54.526  -0.605  -4.103 0.0000000000
106672  -52.773  0.285  -2.867 0.0000000000
106696  -53.527  0.298  -4.301 0.0000000000
105697  -53.297  -0.134  -4.705 0.0000000000
106704  -52.004  0.925  -5.471 0.0000000000
106703  -50.978  0.788  -5.626 0.0000000000
107690  -49.388  1.733  -5.422 0.0000000000
102438  -47.745  -3.487  8.568 0.0000000000
104555  -47.415  -1.773  7.951 0.0000000000
106589  -46.990  -0.204  7.327 0.0000000000
107586  -49.033  0.910  7.648 0.0000000000
107600  -46.989  0.973  6.831 0.0000000000
107610  -46.355  0.762  5.832 0.0000000000
107619  -46.620  1.672  4.241 0.0000000000
108606  -46.954  2.240  3.333 0.0000000000
107637  -46.924  1.548  1.449 0.0000000000
109699  -53.728  4.064  4.260 0.0000000000
109716  -52.268  4.171  3.493 0.0000000000
109715  -51.258  4.086  3.080 0.0000000000
109740  -51.690  4.530  1.936 0.0000000000
109729  -51.277  4.212  2.141 0.0000000000
109714  -50.148  3.674  3.209 0.0000000000
110892  -48.821  4.146  2.128 0.0000000000
108619  -47.133  2.512  1.082 0.0000000000
107644  -47.155  1.628  0.495 0.0000000000
108632  -47.508  2.716  -1.014 0.0000000000
109770  -49.379  3.727  -3.663 0.0000000000
111982  -48.795  5.707  -2.292 0.0000000000
110935  -49.048  4.466  -3.424 0.0000000000
109778  -49.897  3.714  -4.513 0.0000000000
109795  -50.182  3.563  -5.181 0.0000000000
109794  -48.926  3.616  -5.392 0.0000000000
112999  -46.263  6.704  -3.903 0.0000000000
119255  -48.316  12.343  -1.244 0.0000000000
119254  -47.619  12.351  -1.644 0.0000000000
118231  -46.317  11.678  -1.174 0.0000000000
121376  -46.099  14.199  -1.506 0.0000000000
118230  -45.512  12.224  -0.697 0.0000000000
117208  -46.141  10.157  -0.648 0.0000000000
116158  -45.707  9.612  0.109 0.0000000000
113939  -45.715  7.648  0.951 0.0000000000
112942  -44.641  6.308  1.716 0.0000000000
118204  -42.153  11.727  1.534 0.0000000000
116142  -41.873  10.145  1.991 0.0000000000
119158  -49.983  12.240  5.604 0.0000000000
119157  -48.421  11.762  5.194 0.0000000000
119155  -46.723  12.394  5.424 0.0000000000
119154  -45.621  12.371  5.222 0.0000000000
118166  -43.678  12.249  4.923 0.0000000000
100397  -46.670  -5.074  8.862 0.0000000000
100398  -47.377  -4.878  9.320 0.0000000000
103590  -55.812  -2.480  -1.088 0.0000000000
96029  -53.099  -9.587  14.192 0.0000000000
96028  -51.925  -9.356  14.608 0.0000000000
105623  -47.964  -0.236  0.616 0.0000000000
106645  -48.423  0.056  -0.533 0.0000000000
106644  -47.688  0.537  -0.209 0.0000000000
108582  -54.665  3.201  6.491 0.0000000000
108581  -54.009  2.924  6.451 0.0000000000
109665  -54.482  3.431  5.921 0.0000000000
116149  -49.602  9.225  1.440 0.0000000000
117182  -48.993  10.149  1.359 0.0000000000
116159  -48.043  9.898  0.731 0.0000000000
117197  -48.428  10.566  0.454 0.0000000000
117211  -47.907  10.426  -0.884 0.0000000000
118218  -49.091  11.694  0.270 0.0000000000
119195  -48.445  12.662  3.639 0.0000000000
120235  -47.947  13.213  3.051 0.0000000000
119194  -47.756  12.855  3.566 0.0000000000
119175  -47.740  12.506  4.286 0.0000000000
98307  -48.619  -7.150  6.699 0.0000000000
104569  -46.359  -1.674  6.033 0.0000000000
105587  -46.395  -0.809  5.560 0.0000000000
105592  -46.562  -0.851  4.575 0.0000000000
113934  -57.573  6.730  2.639 0.0000000000
112950  -57.607  6.614  1.502 0.0000000000
113948  -57.248  7.080  1.742 0.0000000000
119279  -55.470  12.542  -0.957 0.0000000000
118248  -54.825  11.963  -0.994 0.0000000000
119260  -53.939  12.164  -0.967 0.0000000000
119278  -54.689  12.534  -1.221 0.0000000000
120337  -54.431  13.211  -1.245 0.0000000000
119181  -53.545  12.783  3.790 0.0000000000
120219  -54.068  12.861  4.099 0.0000000000
103622  -53.131  -1.911  -3.500 0.0000000000
103631  -52.549  -1.734  -3.815 0.0000000000
103630  -52.227  -1.667  -4.022 0.0000000000
104698  -52.854  -1.259  -4.293 0.0000000000
104535  -48.933  -1.372  11.116 0.0000000000
105548  -53.378  -0.308  10.773 0.0000000000
105549  -54.119  -0.203  10.476 0.0000000000
110822  -57.381  4.094  7.896 0.0000000000
110831  -57.198  4.517  7.072 0.0000000000
100391  -56.962  -6.139  9.350 0.0000000000
97158  -53.762  -8.280  9.679 0.0000000000
97157  -53.110  -8.326  9.586 0.0000000000
94991  -47.764  -10.436  10.822 0.0000000000
96071  -48.645  -10.105  10.208 0.0000000000
96070  -47.505  -9.861  10.201 0.0000000000
96080  -47.036  -9.207  9.434 0.0000000000
99275  -47.526  -6.286  15.260 0.0000000000
98211  -47.557  -7.768  14.428 0.0000000000
100380  -44.494  -5.514  10.976 0.0000000000
101397  -44.861  -4.583  10.764 0.0000000000
101395  -44.226  -4.603  11.459 0.0000000000
103551  -55.961  -2.110  2.156 0.0000000000
102498  -50.771  -3.123  3.536 0.0000000000
103525  -50.464  -2.534  3.027 0.0000000000
104654  -52.124  -1.079  -0.297 0.0000000000
104639  -52.389  -1.564  0.467 0.0000000000
104655  -53.031  -1.241  -0.331 0.0000000000
104656  -54.102  -1.269  -0.408 0.0000000000
105637  -53.535  -0.833  -1.154 0.0000000000
107674  -51.722  1.675  -4.187 0.0000000000
107673  -51.294  2.349  -4.521 0.0000000000
108669  -51.559  2.946  -4.926 0.0000000000
108660  -51.180  3.081  -4.747 0.0000000000
105565  -49.443  -0.910  8.485 0.0000000000
106575  -49.656  0.114  8.639 0.0000000000
109678  -50.342  3.371  5.088 0.0000000000
109677  -49.396  3.422  5.112 0.0000000000
109694  -48.867  3.463  4.259 0.0000000000
111945  -54.011  5.899  1.249 0.0000000000
110898  -54.245  5.440  1.783 0.0000000000
110910  -50.082  4.473  0.865 0.0000000000
110909  -49.272  4.597  0.410 0.0000000000
110908  -48.734  4.236  0.400 0.0000000000
110918  -48.514  4.678  -0.486 0.0000000000
111969  -48.828  5.448  -0.427 0.0000000000
114004  -48.047  6.887  -4.197 0.0000000000
113001  -48.611  6.296  -3.923 0.0000000000
113019  -48.336  5.913  -5.215 0.0000000000
113009  -47.798  6.233  -4.979 0.0000000000
111999  -47.461  5.493  -5.346 0.0000000000
114002  -47.379  6.692  -4.571 0.0000000000
115061  -46.274  8.977  -2.026 0.0000000000
115060  -46.058  8.419  -1.527 0.0000000000
115046  -46.334  9.304  -1.359 0.0000000000
121395  -49.306  14.900  -1.183 0.0000000000
122378  -49.278  14.940  -1.500 0.0000000000
121394  -48.703  14.767  -1.421 0.0000000000
119236  -43.422  13.003  0.322 0.0000000000
117192  -43.637  11.497  0.686 0.0000000000
116144  -43.655  10.105  1.694 0.0000000000
117191  -42.954  11.673  0.693 0.0000000000
119192  -42.604  12.619  3.478 0.0000000000
99371  -46.859  -5.842  7.059 0.0000000000
99352  -46.772  -6.240  7.550 0.0000000000
101413  -46.491  -4.376  7.471 0.0000000000
103482  -46.112  -2.544  7.276 0.0000000000
116138  -55.350  9.745  1.754 0.0000000000
119225  -57.250  12.545  1.206 0.0000000000
118206  -56.427  11.741  0.981 0.0000000000
119243  -56.985  12.463  0.296 0.0000000000
119242  -56.346  12.345  0.125 0.0000000000
119264  -57.346  12.974  -0.223 0.0000000000
121387  -57.061  13.898  -0.213 0.0000000000
121367  -57.248  14.148  0.521 0.0000000000
121343  -58.501  14.484  2.352 0.0000000000
121342  -57.689  14.365  1.632 0.0000000000
121316  -57.153  14.382  3.152 0.0000000000
103599  -54.688  -2.639  -1.794 0.0000000000
103612  -54.261  -2.615  -2.351 0.0000000000
104688  -54.837  -1.724  -3.334 0.0000000000
106550  -48.529  0.083  12.103 0.0000000000
106551  -49.055  0.174  11.858 0.0000000000
96052  -53.453  -9.487  12.268 0.0000000000
96051  -52.787  -9.559  12.023 0.0000000000
96050  -52.170  -9.789  11.891 0.0000000000
94976  -52.483  -10.215  12.517 0.0000000000
94974  -50.424  -10.483  12.519 0.0000000000
94973  -49.461  -10.390  12.511 0.0000000000
96049  -48.860  -10.288  12.942 0.0000000000
100368  -43.943  -5.080  13.821 0.0000000000
102419  -43.482  -3.994  12.844 0.0000000000
103447  -42.690  -2.583  13.653 0.0000000000
104594  -49.088  -1.509  2.850 0.0000000000
104604  -49.588  -1.582  2.349 0.0000000000
104636  -49.840  -1.571  -0.005 0.0000000000
104637  -50.660  -1.606  0.081 0.0000000000
104652  -50.373  -1.477  -0.756 0.0000000000
104667  -50.819  -0.954  -1.344 0.0000000000
104666  -49.983  -1.027  -1.401 0.0000000000
105649  -48.853  0.243  -1.972 0.0000000000
105667  -49.260  0.284  -2.262 0.0000000000
106669  -49.549  0.885  -2.644 0.0000000000
107664  -48.970  1.651  -2.732 0.0000000000
107568  -52.118  1.307  8.352 0.0000000000
106594  -51.192  1.035  8.225 0.0000000000
108580  -52.792  3.084  6.359 0.0000000000
108579  -51.586  2.448  6.683 0.0000000000
108595  -51.809  3.225  5.812 0.0000000000
109680  -52.105  3.796  5.139 0.0000000000
115028  -52.150  8.332  1.254 0.0000000000
115027  -51.222  8.311  1.508 0.0000000000
115025  -49.224  8.286  1.331 0.0000000000
112945  -49.281  6.448  1.148 0.0000000000
112944  -48.635  6.972  1.046 0.0000000000
112959  -48.559  6.738  0.456 0.0000000000
113954  -48.464  7.534  0.686 0.0000000000
115048  -47.716  8.637  -0.698 0.0000000000
113967  -47.653  8.034  -1.265 0.0000000000
113979  -47.492  8.022  -2.101 0.0000000000
117225  -47.623  10.506  -1.581 0.0000000000
117224  -47.395  10.182  -2.079 0.0000000000
118246  -47.194  10.810  -1.822 0.0000000000
120275  -48.739  13.600  1.217 0.0000000000
120295  -48.204  13.742  0.293 0.0000000000
120273  -46.739  14.028  1.630 0.0000000000
120271  -44.225  13.684  1.658 0.0000000000
120252  -45.084  14.139  2.556 0.0000000000
120232  -44.693  13.909  3.632 0.0000000000
120212  -44.262  13.831  4.568 0.0000000000
100448  -51.632  -5.526  5.838 0.0000000000
100447  -50.546  -5.906  5.750 0.0000000000
101441  -49.965  -4.943  5.305 0.0000000000
101465  -49.474  -4.209  4.883 0.0000000000
101421  -47.375  -4.887  6.241 0.0000000000
101438  -47.101  -4.241  5.957 0.0000000000
103507  -47.042  -2.080  4.881 0.0000000000
102474  -47.608  -3.264  4.749 0.0000000000
103508  -47.619  -2.531  4.469 0.0000000000
103522  -47.676  -2.083  3.990 0.0000000000
103523  -48.210  -2.140  3.745 0.0000000000
104592  -47.515  -1.579  3.774 0.0000000000
106629  -46.809  -0.202  3.462 0.0000000000
105606  -47.125  -0.444  3.159 0.0000000000
106630  -46.689  0.287  3.002 0.0000000000
110855  -57.115  4.491  4.511 0.0000000000
110854  -56.557  4.430  4.147 0.0000000000
110868  -57.136  4.711  3.555 0.0000000000
111963  -57.534  5.908  1.327 0.0000000000
111948  -56.934  5.395  1.844 0.0000000000
111962  -56.730  5.943  1.061 0.0000000000
111961  -55.775  5.904  0.765 0.0000000000
116154  -56.537  9.120  0.178 0.0000000000
115039  -57.177  8.414  0.080 0.0000000000
116164  -55.938  9.666  -0.070 0.0000000000
116174  -54.579  9.619  -0.443 0.0000000000
115051  -55.709  8.498  -1.014 0.0000000000
115050  -54.993  8.665  -0.588 0.0000000000
113957  -55.082  7.642  -0.192 0.0000000000
115038  -54.441  8.376  0.105 0.0000000000
115037  -53.608  8.650  0.415 0.0000000000
116163  -53.505  9.451  0.011 0.0000000000
118235  -52.541  11.631  -0.450 0.0000000000
118234  -51.854  11.465  -0.207 0.0000000000
118220  -51.224  11.495  0.271 0.0000000000
119241  -51.433  11.945  -0.164 0.0000000000
119240  -50.803  12.258  -0.160 0.0000000000
120335  -52.321  14.132  -1.331 0.0000000000
120351  -51.909  13.745  -1.442 0.0000000000
121398  -52.324  14.536  -1.066 0.0000000000
122373  -51.070  15.211  -1.258 0.0000000000
121340  -55.663  14.033  0.718 0.0000000000
120302  -54.248  13.611  0.084 0.0000000000
120281  -54.319  13.727  0.909 0.0000000000
120260  -53.265  13.220  1.909 0.0000000000
120280  -53.428  13.769  0.991 0.0000000000
120279  -52.496  13.616  1.053 0.0000000000
120278  -51.566  13.628  1.214 0.0000000000
120277  -50.686  13.655  1.325 0.0000000000
120258  -51.363  13.239  2.221 0.0000000000
120216  -51.855  12.771  3.909 0.0000000000
119198  -51.008  12.442  3.949 0.0000000000
104697  -51.577  -1.441  -4.274 0.0000000000
104706  -50.086  -0.841  -5.058 0.0000000000
102431  -48.743  -4.026  10.187 0.0000000000
103467  -49.834  -2.569  10.514 0.0000000000
104536  -49.947  -1.773  11.168 0.0000000000
104537  -50.685  -1.564  10.899 0.0000000000
105552  -52.289  -0.618  10.347 0.0000000000
104546  -51.331  -1.380  10.296 0.0000000000
104547  -51.689  -0.943  9.990 0.0000000000
104553  -51.554  -0.911  9.779 0.0000000000
105568  -52.067  0.091  8.996 0.0000000000
106580  -54.203  0.702  9.224 0.0000000000
106579  -53.657  0.679  8.937 0.0000000000
107570  -54.464  1.362  8.731 0.0000000000
108547  -54.231  2.151  7.984 0.0000000000
106565  -56.480  1.638  10.891 0.0000000000
106557  -55.848  1.135  11.133 0.0000000000
107553  -56.253  1.424  10.209 0.0000000000
108550  -56.777  2.698  8.179 0.0000000000
107572  -56.412  2.164  8.778 0.0000000000
108567  -55.896  2.938  7.548 0.0000000000
109657  -56.923  2.738  6.962 0.0000000000
109668  -57.073  3.109  6.601 0.0000000000
109669  -57.509  3.435  6.771 0.0000000000
111908  -57.174  5.144  5.483 0.0000000000
111909  -57.518  4.854  5.473 0.0000000000
112921  -57.188  5.462  4.392 0.0000000000
112930  -57.643  5.981  3.683 0.0000000000
112920  -56.678  6.033  4.226 0.0000000000
100428  -57.203  -4.829  6.833 0.0000000000
100406  -54.846  -6.408  7.750 0.0000000000
98254  -55.625  -7.829  10.134 0.0000000000
98270  -56.863  -7.167  9.886 0.0000000000
98269  -56.154  -7.344  9.727 0.0000000000
99336  -55.922  -6.949  9.293 0.0000000000
99335  -53.231  -7.764  8.664 0.0000000000
98292  -53.371  -7.407  8.346 0.0000000000
99357  -53.257  -7.092  7.924 0.0000000000
99377  -51.951  -6.705  6.984 0.0000000000
99356  -52.404  -7.330  7.742 0.0000000000
98278  -51.492  -8.066  8.328 0.0000000000
98290  -51.116  -7.651  7.758 0.0000000000
98289  -50.143  -7.785  7.382 0.0000000000
96074  -51.284  -9.464  10.340 0.0000000000
96073  -50.327  -9.624  10.219 0.0000000000
96082  -48.752  -9.406  8.831 0.0000000000
97153  -49.330  -9.371  9.196 0.0000000000
97166  -48.945  -9.013  8.281 0.0000000000
97177  -48.556  -8.330  7.695 0.0000000000
97176  -47.721  -8.046  7.872 0.0000000000
98201  -52.086  -7.350  15.752 0.0000000000
97042  -48.368  -8.754  18.356 0.0000000000
97043  -49.351  -8.533  18.522 0.0000000000
97044  -49.969  -8.060  18.710 0.0000000000
98135  -49.702  -8.069  18.070 0.0000000000
98174  -46.595  -7.315  16.473 0.0000000000
97080  -47.324  -7.881  16.804 0.0000000000
98175  -47.475  -7.270  16.708 0.0000000000
99229  -48.799  -7.561  16.484 0.0000000000
98153  -49.897  -8.537  17.010 0.0000000000
99231  -50.169  -7.384  16.309 0.0000000000
99278  -50.070  -7.451  15.767 0.0000000000
98199  -49.941  -8.225  15.358 0.0000000000
97090  -50.093  -8.594  15.243 0.0000000000
97102  -50.310  -9.172  14.965 0.0000000000
97101  -49.768  -8.839  14.962 0.0000000000
97114  -47.331  -8.935  13.771 0.0000000000
96024  -48.445  -9.440  14.290 0.0000000000
96036  -46.937  -9.418  13.381 0.0000000000
96047  -47.412  -9.940  12.758 0.0000000000
96035  -46.231  -9.264  13.266 0.0000000000
100382  -45.311  -5.487  10.526 0.0000000000
99322  -45.925  -6.413  10.045 0.0000000000
99323  -47.016  -5.863  10.190 0.0000000000
100384  -47.211  -5.121  10.220 0.0000000000
102427  -45.279  -3.685  10.622 0.0000000000
102428  -46.248  -3.612  10.439 0.0000000000
102423  -43.576  -2.845  12.191 0.0000000000
103457  -44.490  -2.550  11.181 0.0000000000
105540  -45.247  -0.587  11.837 0.0000000000
105541  -46.264  -0.560  11.554 0.0000000000
106549  -46.641  0.155  11.855 0.0000000000
102533  -58.359  -2.067  1.883 0.0000000000
104627  -58.242  -1.991  1.915 0.0000000000
104625  -57.227  -1.067  1.253 0.0000000000
103582  -57.670  -1.662  1.028 0.0000000000
104644  -57.554  -1.341  0.889 0.0000000000
103547  -51.088  -2.313  2.316 0.0000000000
104606  -51.772  -1.841  1.931 0.0000000000
103565  -52.562  -2.051  1.944 0.0000000000
104623  -55.110  -1.631  1.329 0.0000000000
105640  -56.024  -0.971  -1.837 0.0000000000
104669  -56.130  -1.291  -1.833 0.0000000000
105673  -54.972  -0.375  -2.877 0.0000000000
105674  -55.690  -0.591  -2.991 0.0000000000
105684  -54.904  -0.481  -3.418 0.0000000000
105699  -55.027  -1.043  -3.863 0.0000000000
106697  -54.382  -0.151  -3.812 0.0000000000
105670  -52.422  -0.041  -2.391 0.0000000000
107685  -52.486  1.509  -4.663 0.0000000000
106695  -52.933  0.745  -4.298 0.0000000000
107695  -53.164  1.121  -4.870 0.0000000000
106706  -53.265  0.829  -5.028 0.0000000000
105705  -52.542  0.359  -5.199 0.0000000000
106705  -52.788  1.008  -5.303 0.0000000000
107692  -51.468  1.633  -5.395 0.0000000000
107691  -50.440  1.695  -5.482 0.0000000000
106702  -49.858  0.734  -5.330 0.0000000000
102439  -48.530  -3.473  8.922 0.0000000000
103478  -48.253  -2.616  8.831 0.0000000000
105564  -48.354  -0.880  8.283 0.0000000000
105563  -47.769  -1.289  8.167 0.0000000000
105574  -47.379  -0.837  7.747 0.0000000000
106590  -47.533  0.086  7.573 0.0000000000
107587  -50.225  1.298  7.677 0.0000000000
107602  -49.431  1.970  6.750 0.0000000000
107601  -47.976  1.876  7.104 0.0000000000
107618  -46.226  0.974  4.806 0.0000000000
109711  -47.569  2.980  3.724 0.0000000000
107632  -46.750  1.371  2.530 0.0000000000
108613  -47.063  2.386  2.191 0.0000000000
109700  -54.936  4.310  4.225 0.0000000000
109718  -54.101  4.252  3.633 0.0000000000
110863  -52.722  4.441  2.929 0.0000000000
109717  -53.211  4.212  3.607 0.0000000000
110862  -51.984  4.347  2.837 0.0000000000
111943  -51.877  5.603  1.742 0.0000000000
110895  -51.480  4.842  1.721 0.0000000000
109738  -50.371  4.130  1.343 0.0000000000
109739  -51.213  4.398  1.817 0.0000000000
109728  -50.375  3.898  2.235 0.0000000000
109727  -49.448  3.756  2.463 0.0000000000
110893  -48.987  4.301  1.847 0.0000000000
109745  -47.939  3.498  0.693 0.0000000000
108625  -47.089  2.200  0.616 0.0000000000
108626  -47.396  2.596  0.123 0.0000000000
107651  -47.523  1.699  -0.473 0.0000000000
109761  -48.425  4.164  -2.041 0.0000000000
109768  -48.278  3.480  -2.209 0.0000000000
110941  -49.049  5.102  -3.569 0.0000000000
110942  -49.315  4.649  -4.159 0.0000000000
110953  -49.472  4.484  -4.789 0.0000000000
109787  -50.054  3.719  -4.932 0.0000000000
110965  -49.516  4.464  -4.996 0.0000000000
110963  -48.222  4.524  -5.458 0.0000000000
108674  -48.765  2.604  -5.326 0.0000000000
109785  -47.263  3.501  -4.797 0.0000000000
113995  -46.585  7.143  -4.235 0.0000000000
113989  -46.501  7.401  -3.959 0.0000000000
111975  -45.735  6.550  -2.752 0.0000000000
111981  -45.718  6.232  -3.348 0.0000000000
120317  -49.485  13.150  -1.672 0.0000000000
119256  -49.213  12.743  -1.190 0.0000000000
120316  -49.062  13.078  -1.703 0.0000000000
120346  -47.303  13.837  -2.219 0.0000000000
119285  -48.039  13.463  -2.173 0.0000000000
119253  -46.895  12.560  -1.518 0.0000000000
118232  -47.068  11.596  -1.668 0.0000000000
121357  -46.765  14.209  -0.160 0.0000000000
121377  -46.749  14.579  -1.113 0.0000000000
121356  -46.030  14.120  -0.637 0.0000000000
118216  -45.700  11.452  -0.616 0.0000000000
117195  -45.979  11.068  -0.819 0.0000000000
117194  -45.757  10.650  -0.086 0.0000000000
116169  -45.995  9.785  -0.455 0.0000000000
117180  -45.572  10.104  0.537 0.0000000000
115023  -45.379  8.664  1.516 0.0000000000
112943  -45.269  6.840  1.336 0.0000000000
113931  -45.280  7.659  1.808 0.0000000000
115016  -44.878  8.300  2.106 0.0000000000
116135  -43.346  9.437  2.247 0.0000000000
115015  -44.193  8.641  2.662 0.0000000000
115014  -43.193  8.956  2.969 0.0000000000
116134  -42.391  9.555  2.533 0.0000000000
120269  -42.823  13.036  1.577 0.0000000000
119224  -42.378  12.735  1.244 0.0000000000
118192  -41.133  11.452  2.397 0.0000000000
117171  -41.358  10.686  2.077 0.0000000000
116133  -41.429  9.914  2.644 0.0000000000
116124  -41.279  9.318  3.345 0.0000000000
119137  -48.559  11.965  6.301 0.0000000000
119156  -47.596  12.212  5.373 0.0000000000
119136  -47.404  12.041  6.377 0.0000000000
119135  -46.455  12.207  6.274 0.0000000000
119153  -44.536  12.719  5.211 0.0000000000
99342  -46.738  -6.156  8.566 0.0000000000
100396  -46.428  -5.279  8.012 0.0000000000
102437  -46.951  -3.725  8.319 0.0000000000
117173  -56.310  11.448  2.092 0.0000000000
119213  -57.591  12.581  2.115 0.0000000000
120283  -57.604  13.700  1.076 0.0000000000
119227  -58.875  13.218  1.948 0.0000000000
120285  -58.863  13.844  2.242 0.0000000000
121327  -58.835  14.445  2.871 0.0000000000
103614  -55.636  -1.996  -2.057 0.0000000000
106531  -48.327  0.791  13.409 0.0000000000
96040  -53.231  -9.895  13.640 0.0000000000
94964  -53.023  -10.230  13.243 0.0000000000
94963  -52.046  -10.624  13.329 0.0000000000
94951  -50.446  -10.191  14.219 0.0000000000
101388  -43.626  -4.483  13.794 0.0000000000
102416  -43.491  -4.186  13.373 0.0000000000
100451  -54.911  -5.082  5.712 0.0000000000
101445  -54.076  -4.486  5.009 0.0000000000
105608  -48.313  -1.195  1.891 0.0000000000
105615  -48.616  -0.796  1.182 0.0000000000
105624  -48.686  -0.673  0.395 0.0000000000
105625  -49.247  -0.955  -0.056 0.0000000000
104665  -49.582  -0.720  -1.108 0.0000000000
106646  -48.843  -0.153  -0.544 0.0000000000
106654  -48.346  0.572  -1.371 0.0000000000
107590  -52.904  2.048  7.673 0.0000000000
109681  -53.008  3.946  5.363 0.0000000000
117184  -51.294  10.082  1.354 0.0000000000
116150  -50.714  9.230  1.504 0.0000000000
115024  -48.589  8.186  1.025 0.0000000000
116172  -47.608  9.539  -1.206 0.0000000000
118233  -47.672  11.269  -1.421 0.0000000000
120255  -48.267  13.263  2.110 0.0000000000
120214  -46.401  13.130  4.179 0.0000000000
99375  -50.252  -6.804  6.426 0.0000000000
99395  -49.780  -6.242  5.832 0.0000000000
99394  -49.431  -6.043  5.895 0.0000000000
100445  -49.083  -5.379  5.970 0.0000000000
104591  -46.972  -1.245  4.097 0.0000000000
106621  -46.477  0.131  4.015 0.0000000000
111935  -57.921  5.461  2.960 0.0000000000
110885  -57.663  4.929  3.081 0.0000000000
111950  -58.133  5.729  2.065 0.0000000000
112966  -57.794  6.151  1.282 0.0000000000
112965  -57.359  6.656  0.695 0.0000000000
117216  -55.498  10.570  -0.190 0.0000000000
117215  -54.896  10.542  -0.439 0.0000000000
117214  -53.850  10.462  -0.361 0.0000000000
117202  -53.557  9.899  -0.208 0.0000000000
118236  -53.437  11.512  -0.574 0.0000000000
119259  -52.971  12.312  -0.888 0.0000000000
119276  -52.446  12.849  -1.470 0.0000000000
120336  -53.066  13.726  -1.267 0.0000000000
120320  -53.497  13.905  -0.522 0.0000000000
120240  -52.983  13.027  2.822 0.0000000000
119199  -52.847  12.916  3.304 0.0000000000
119180  -52.912  12.769  3.707 0.0000000000
120217  -52.433  12.744  4.131 0.0000000000
105695  -51.090  -0.638  -4.835 0.0000000000
103465  -47.834  -2.715  10.298 0.0000000000
102434  -48.576  -3.057  10.041 0.0000000000
105546  -51.397  -0.825  11.127 0.0000000000
105560  -53.557  -0.145  9.711 0.0000000000
105561  -54.060  -0.009  9.674 0.0000000000
106570  -54.488  0.451  9.655 0.0000000000
107554  -56.529  1.868  10.238 0.0000000000
108538  -56.812  2.621  9.483 0.0000000000
108551  -57.076  2.825  8.438 0.0000000000
109658  -57.585  3.545  7.513 0.0000000000
109670  -57.738  3.924  6.725 0.0000000000
109659  -57.777  3.892  7.003 0.0000000000
111896  -57.348  4.754  6.255 0.0000000000
100401  -57.702  -5.601  8.306 0.0000000000
100399  -56.009  -6.455  8.563 0.0000000000
97145  -55.058  -8.112  10.678 0.0000000000
98253  -54.958  -8.000  9.966 0.0000000000
98267  -54.379  -7.822  9.449 0.0000000000
98266  -53.525  -8.010  9.037 0.0000000000
99334  -52.969  -7.896  8.673 0.0000000000
97169  -51.745  -8.462  8.849 0.0000000000
97168  -50.973  -8.514  8.796 0.0000000000
96060  -49.886  -10.156  10.897 0.0000000000
96072  -49.533  -9.877  10.275 0.0000000000
97152  -48.922  -9.663  9.666 0.0000000000
96090  -47.660  -9.066  8.810 0.0000000000
99250  -47.753  -6.815  16.194 0.0000000000
99251  -48.587  -6.932  15.920 0.0000000000
99252  -49.409  -7.103  15.884 0.0000000000
99292  -48.919  -7.646  14.923 0.0000000000
97100  -48.833  -8.780  14.614 0.0000000000
98212  -48.481  -8.014  14.670 0.0000000000
98210  -46.963  -7.954  13.988 0.0000000000
98251  -44.666  -6.866  10.948 0.0000000000
99321  -44.843  -6.359  10.586 0.0000000000
103462  -44.904  -3.103  10.756 0.0000000000
104624  -56.378  -1.259  1.154 0.0000000000
102478  -51.606  -4.010  4.071 0.0000000000
104620  -51.578  -1.720  1.185 0.0000000000
104641  -54.644  -1.393  0.466 0.0000000000
105655  -54.832  -0.749  -2.180 0.0000000000
105672  -54.440  -0.272  -2.540 0.0000000000
106674  -54.491  0.043  -2.878 0.0000000000
106683  -51.884  1.172  -3.702 0.0000000000
107667  -51.551  1.300  -3.630 0.0000000000
108671  -52.283  1.823  -5.058 0.0000000000
108678  -52.473  1.745  -5.161 0.0000000000
108670  -51.774  2.353  -4.933 0.0000000000
109797  -51.697  2.680  -5.055 0.0000000000
109796  -51.345  3.002  -5.163 0.0000000000
104557  -49.133  -1.949  8.546 0.0000000000
106591  -48.297  0.169  8.118 0.0000000000
107613  -49.149  2.638  6.249 0.0000000000
108592  -48.866  3.087  5.757 0.0000000000
108591  -47.925  3.007  5.363 0.0000000000
109693  -47.967  3.364  4.435 0.0000000000
110881  -54.452  4.936  2.273 0.0000000000
110880  -53.139  4.657  2.349 0.0000000000
111941  -50.100  5.730  1.206 0.0000000000
111958  -50.284  5.047  1.160 0.0000000000
109747  -49.523  4.027  0.761 0.0000000000
109754  -48.244  4.208  -1.263 0.0000000000
112994  -48.493  6.475  -2.946 0.0000000000
113002  -49.086  5.868  -4.441 0.0000000000
113011  -48.914  5.535  -4.804 0.0000000000
112014  -49.167  5.036  -4.879 0.0000000000
113020  -48.678  5.603  -5.059 0.0000000000
112012  -48.390  5.348  -5.297 0.0000000000
112011  -47.931  5.073  -5.475 0.0000000000
110952  -47.558  4.226  -5.397 0.0000000000
115073  -46.560  9.150  -3.072 0.0000000000
112993  -46.258  7.950  -3.107 0.0000000000
113978  -46.259  8.412  -2.839 0.0000000000
112985  -46.000  7.770  -2.706 0.0000000000
121407  -49.826  14.492  -2.390 0.0000000000
120348  -49.337  13.878  -2.535 0.0000000000
121406  -48.785  14.501  -2.175 0.0000000000
121405  -47.564  14.141  -2.136 0.0000000000
121404  -46.735  14.054  -2.200 0.0000000000
120294  -45.310  13.741  -0.005 0.0000000000
120312  -44.904  13.399  -0.196 0.0000000000
118229  -44.819  12.447  -0.295 0.0000000000
117193  -44.712  11.207  0.502 0.0000000000
116145  -44.789  9.781  1.644 0.0000000000
119212  -42.786  12.719  2.900 0.0000000000
119211  -42.349  12.427  2.315 0.0000000000
119210  -41.708  11.876  2.495 0.0000000000
118182  -40.786  11.690  2.996 0.0000000000
119190  -40.522  12.132  3.494 0.0000000000
98306  -47.732  -6.987  6.926 0.0000000000
99372  -47.270  -6.299  6.857 0.0000000000
100418  -47.019  -5.428  6.702 0.0000000000
101420  -46.742  -4.455  6.687 0.0000000000
103489  -45.775  -3.063  6.858 0.0000000000
113947  -56.435  7.824  1.282 0.0000000000
115029  -56.023  8.837  1.383 0.0000000000
116153  -55.901  9.642  0.756 0.0000000000
117187  -56.221  11.355  1.692 0.0000000000
118205  -55.826  11.204  0.722 0.0000000000
118221  -55.846  11.632  0.271 0.0000000000
119262  -55.862  12.404  -0.303 0.0000000000
120323  -56.103  13.138  -0.721 0.0000000000
120322  -55.382  13.376  -0.825 0.0000000000
121385  -56.027  13.400  -0.542 0.0000000000
121365  -55.934  13.601  -0.150 0.0000000000
121341  -56.712  14.466  1.081 0.0000000000
121323  -55.883  14.522  1.756 0.0000000000
121315  -56.175  14.004  2.805 0.0000000000
121308  -56.295  14.065  3.876 0.0000000000
106553  -51.075  -0.137  11.728 0.0000000000
97130  -53.715  -8.781  10.976 0.0000000000
97129  -53.065  -8.725  10.941 0.0000000000
96063  -52.481  -9.193  11.276 0.0000000000
94975  -51.512  -10.357  12.358 0.0000000000
94986  -50.851  -10.060  11.813 0.0000000000
94984  -49.302  -10.334  11.597 0.0000000000
94983  -48.474  -10.517  11.360 0.0000000000
94002  -48.042  -10.967  11.726 0.0000000000
98173  -45.702  -7.557  16.325 0.0000000000
98197  -45.765  -6.797  15.876 0.0000000000
98198  -46.336  -6.393  16.155 0.0000000000
99274  -46.712  -5.942  15.782 0.0000000000
103452  -43.443  -2.363  12.451 0.0000000000
103524  -49.375  -2.135  3.342 0.0000000000
105610  -50.010  -1.510  1.290 0.0000000000
105635  -51.939  -0.706  -0.842 0.0000000000
106657  -51.253  0.023  -2.292 0.0000000000
105669  -50.518  0.247  -2.444 0.0000000000
106656  -50.931  0.337  -2.435 0.0000000000
106670  -50.497  0.826  -2.816 0.0000000000
108648  -50.110  2.821  -3.855 0.0000000000
106576  -50.673  0.496  8.445 0.0000000000
106593  -50.844  1.129  7.999 0.0000000000
107603  -50.459  1.824  6.875 0.0000000000
108563  -51.924  2.070  7.327 0.0000000000
107604  -50.988  2.010  6.852 0.0000000000
108578  -50.651  2.255  6.373 0.0000000000
109696  -50.786  3.503  4.088 0.0000000000
113945  -53.542  7.066  0.966 0.0000000000
112949  -53.292  6.541  1.245 0.0000000000
112947  -51.321  6.445  1.718 0.0000000000
113942  -50.736  7.361  1.708 0.0000000000
112946  -50.314  6.444  1.595 0.0000000000
112974  -48.929  5.787  -0.167 0.0000000000
112973  -48.621  6.368  -0.600 0.0000000000
113980  -48.142  7.325  -1.478 0.0000000000
113997  -47.487  7.643  -4.099 0.0000000000
115074  -47.116  9.037  -3.203 0.0000000000
116171  -47.597  9.574  -2.111 0.0000000000
116184  -47.311  9.543  -2.586 0.0000000000
116195  -46.975  9.550  -2.790 0.0000000000
117232  -46.924  9.799  -2.462 0.0000000000
120314  -48.670  14.075  -0.276 0.0000000000
120274  -47.673  13.839  1.320 0.0000000000
121338  -47.108  14.413  1.139 0.0000000000
120293  -44.078  13.582  0.584 0.0000000000
120292  -42.925  13.582  0.723 0.0000000000
119235  -42.472  13.040  0.693 0.0000000000
121354  -43.067  13.830  0.956 0.0000000000
121334  -43.192  13.524  1.295 0.0000000000
120251  -44.027  13.835  2.691 0.0000000000
120250  -43.138  13.094  2.667 0.0000000000
120230  -43.166  13.122  3.688 0.0000000000
120210  -43.159  13.079  4.188 0.0000000000
100424  -52.317  -6.209  6.334 0.0000000000
103510  -49.484  -2.784  3.738 0.0000000000
101422  -48.068  -5.038  6.062 0.0000000000
102460  -48.092  -4.099  5.364 0.0000000000
102459  -47.335  -3.705  5.224 0.0000000000
105599  -48.324  -1.247  2.665 0.0000000000
105598  -47.653  -1.010  3.182 0.0000000000
109684  -56.119  3.493  5.467 0.0000000000
109701  -55.945  3.882  4.585 0.0000000000
110853  -55.926  4.346  3.803 0.0000000000
110866  -55.881  4.426  3.083 0.0000000000
110884  -57.262  4.770  2.824 0.0000000000
110883  -56.554  4.826  2.525 0.0000000000
110882  -55.616  4.771  2.503 0.0000000000
111931  -55.401  5.173  2.091 0.0000000000
111959  -54.366  6.331  0.773 0.0000000000
113959  -56.890  8.085  0.604 0.0000000000
115040  -57.396  7.873  0.081 0.0000000000
113971  -56.928  7.631  -0.553 0.0000000000
116176  -56.201  8.740  -1.081 0.0000000000
115063  -56.033  8.297  -1.278 0.0000000000
112975  -56.103  7.110  -0.147 0.0000000000
113958  -55.703  7.319  -0.255 0.0000000000
112962  -54.684  6.876  0.574 0.0000000000
113955  -53.372  8.080  0.823 0.0000000000
115036  -52.829  8.471  0.786 0.0000000000
116152  -52.311  8.998  0.894 0.0000000000
117201  -53.129  10.112  0.078 0.0000000000
116161  -52.198  9.634  0.909 0.0000000000
117185  -51.870  9.922  1.127 0.0000000000
117199  -50.799  10.820  0.831 0.0000000000
119257  -50.377  13.107  -1.005 0.0000000000
119274  -50.702  13.405  -1.699 0.0000000000
119287  -51.321  13.445  -1.553 0.0000000000
120349  -50.356  13.816  -2.226 0.0000000000
122380  -50.503  15.096  -1.707 0.0000000000
122372  -50.599  15.392  -1.057 0.0000000000
121381  -50.453  15.171  -0.528 0.0000000000
121384  -53.079  14.254  -0.400 0.0000000000
120300  -52.733  13.982  0.107 0.0000000000
120319  -52.601  14.259  -0.303 0.0000000000
121361  -50.749  14.701  0.011 0.0000000000
121360  -49.980  14.616  -0.111 0.0000000000
120297  -50.233  14.129  0.547 0.0000000000
120276  -49.763  13.633  1.268 0.0000000000
120237  -49.928  12.827  2.998 0.0000000000
119196  -49.446  12.501  3.722 0.0000000000
100386  -48.127  -4.952  9.907 0.0000000000
100390  -48.040  -5.058  9.465 0.0000000000
101405  -48.513  -4.593  9.627 0.0000000000
101406  -48.953  -4.135  9.389 0.0000000000
102440  -48.691  -3.412  9.400 0.0000000000
103472  -48.675  -2.851  9.789 0.0000000000
104550  -49.396  -2.364  9.056 0.0000000000
104544  -49.873  -2.324  10.958 0.0000000000
103468  -50.559  -2.146  10.572 0.0000000000
104545  -50.926  -1.683  10.555 0.0000000000
103469  -50.893  -1.842  10.361 0.0000000000
103475  -50.877  -1.960  10.147 0.0000000000
105557  -50.728  -1.333  9.387 0.0000000000
105567  -51.416  -0.150  9.048 0.0000000000
106568  -53.235  0.200  9.377 0.0000000000
108566  -54.834  2.865  7.174 0.0000000000
106562  -54.673  0.368  10.299 0.0000000000
106571  -55.322  0.847  9.947 0.0000000000
107557  -55.027  1.197  9.400 0.0000000000
107571  -55.577  1.774  8.769 0.0000000000
109655  -55.831  3.326  6.947 0.0000000000
109667  -56.348  3.274  6.323 0.0000000000
109685  -56.921  3.468  5.727 0.0000000000
109687  -57.631  3.934  6.051 0.0000000000
110856  -57.442  4.537  5.086 0.0000000000
111925  -57.472  5.279  3.923 0.0000000000
112931  -57.862  5.902  3.292 0.0000000000
113924  -57.622  6.381  3.314 0.0000000000
113913  -56.302  6.471  4.014 0.0000000000
100427  -55.914  -4.999  6.684 0.0000000000
100425  -53.303  -6.101  6.487 0.0000000000
99349  -56.111  -6.561  8.978 0.0000000000
99359  -54.949  -6.607  8.221 0.0000000000
98282  -54.770  -7.273  9.014 0.0000000000
99347  -54.693  -7.008  8.537 0.0000000000
99379  -53.631  -6.545  7.307 0.0000000000
99376  -51.133  -6.711  6.808 0.0000000000
98291  -51.836  -7.746  7.886 0.0000000000
98308  -49.469  -7.275  6.680 0.0000000000
97141  -51.942  -8.955  10.043 0.0000000000
97155  -51.417  -9.076  9.418 0.0000000000
97139  -49.822  -9.404  9.835 0.0000000000
97178  -49.381  -8.365  7.741 0.0000000000
98286  -47.127  -7.282  7.599 0.0000000000
99332  -47.470  -5.545  9.837 0.0000000000
97092  -51.721  -8.363  15.261 0.0000000000
98105  -50.542  -8.325  19.580 0.0000000000
98120  -50.436  -7.876  19.243 0.0000000000
97079  -46.891  -8.179  16.788 0.0000000000
98152  -48.938  -8.355  16.870 0.0000000000
97061  -49.384  -8.404  17.596 0.0000000000
98137  -51.359  -7.102  18.406 0.0000000000
99253  -50.135  -7.271  15.930 0.0000000000
96018  -51.395  -9.025  15.132 0.0000000000
96027  -50.881  -9.502  14.767 0.0000000000
96026  -50.062  -9.517  14.561 0.0000000000
94960  -49.330  -10.151  14.076 0.0000000000
96038  -48.788  -10.120  13.739 0.0000000000
96048  -48.182  -10.349  13.095 0.0000000000
94971  -47.817  -10.861  12.536 0.0000000000
94981  -46.856  -9.899  11.623 0.0000000000
99302  -46.883  -7.067  13.818 0.0000000000
98221  -46.555  -7.637  13.501 0.0000000000
97122  -46.218  -8.275  13.148 0.0000000000
97121  -45.722  -8.583  12.721 0.0000000000
97112  -45.948  -8.861  13.240 0.0000000000
96045  -45.818  -9.300  12.807 0.0000000000
96057  -46.212  -9.457  11.868 0.0000000000
94989  -46.602  -9.769  11.267 0.0000000000
100385  -47.795  -5.053  10.084 0.0000000000
101400  -47.707  -4.431  10.325 0.0000000000
102429  -47.324  -3.623  10.409 0.0000000000
104541  -47.360  -1.908  10.589 0.0000000000
104532  -45.739  -1.492  11.190 0.0000000000
104533  -46.825  -1.228  11.062 0.0000000000
105536  -47.489  0.072  12.097 0.0000000000
105537  -48.151  -0.006  12.611 0.0000000000
106537  -46.865  0.272  12.624 0.0000000000
105530  -47.558  0.129  12.820 0.0000000000
105531  -47.826  0.237  13.090 0.0000000000
103568  -57.709  -1.983  1.015 0.0000000000
103569  -57.886  -1.961  1.632 0.0000000000
102531  -57.198  -2.634  1.056 0.0000000000
102541  -57.031  -2.169  0.431 0.0000000000
103580  -56.811  -2.013  0.099 0.0000000000
101485  -52.840  -3.962  3.500 0.0000000000
101486  -53.644  -3.602  3.477 0.0000000000
104607  -52.331  -1.918  1.991 0.0000000000
103549  -53.567  -2.651  2.226 0.0000000000
103550  -54.844  -2.154  2.277 0.0000000000
104608  -55.824  -1.730  1.694 0.0000000000
103601  -56.073  -1.871  -1.664 0.0000000000
104668  -56.075  -1.408  -2.166 0.0000000000
104677  -55.848  -1.553  -2.517 0.0000000000
105657  -56.121  -0.875  -2.488 0.0000000000
105675  -56.151  -0.897  -3.036 0.0000000000
104689  -55.594  -1.309  -3.141 0.0000000000
104701  -55.133  -1.261  -3.585 0.0000000000
104700  -54.727  -1.351  -4.061 0.0000000000
104699  -53.945  -1.180  -4.369 0.0000000000
105653  -52.967  -0.229  -1.831 0.0000000000
106658  -53.158  0.095  -2.341 0.0000000000
106684  -52.385  0.767  -3.811 0.0000000000
106685  -53.326  0.436  -3.585 0.0000000000
105704  -51.557  0.102  -5.304 0.0000000000
105703  -50.423  -0.229  -5.288 0.0000000000
102444  -47.176  -3.170  8.029 0.0000000000
103477  -47.593  -2.548  8.297 0.0000000000
103483  -46.925  -2.529  7.707 0.0000000000
104561  -46.674  -1.658  7.503 0.0000000000
105573  -46.527  -0.780  7.247 0.0000000000
106592  -49.001  0.396  8.406 0.0000000000
107585  -47.852  0.781  7.430 0.0000000000
106605  -47.052  0.334  7.190 0.0000000000
106604  -46.583  0.055  6.847 0.0000000000
106611  -46.346  -0.036  6.037 0.0000000000
107624  -45.986  0.953  3.921 0.0000000000
107625  -46.449  1.209  3.378 0.0000000000
109682  -53.985  3.904  5.107 0.0000000000
110850  -53.011  4.262  4.887 0.0000000000
109698  -52.772  4.103  4.447 0.0000000000
109697  -51.754  3.744  4.176 0.0000000000
111944  -52.899  5.694  1.566 0.0000000000
110896  -52.291  4.893  2.054 0.0000000000
109730  -51.757  4.337  2.043 0.0000000000
110878  -51.658  4.279  2.517 0.0000000000
109713  -49.198  3.411  3.322 0.0000000000
109726  -48.517  3.625  2.532 0.0000000000
109736  -48.535  3.913  1.619 0.0000000000
109735  -47.642  3.313  1.848 0.0000000000
107636  -46.882  1.980  0.911 0.0000000000
107659  -48.272  1.556  -2.167 0.0000000000
108647  -49.210  2.770  -2.990 0.0000000000
110934  -48.664  4.868  -2.770 0.0000000000
111989  -48.784  5.679  -3.273 0.0000000000
108659  -50.611  3.234  -4.499 0.0000000000
109779  -50.675  3.503  -4.816 0.0000000000
108675  -49.807  2.662  -5.502 0.0000000000
113000  -46.649  6.796  -4.330 0.0000000000
111988  -45.697  5.938  -4.154 0.0000000000
119238  -48.826  12.275  -0.470 0.0000000000
119272  -48.212  13.020  -1.905 0.0000000000
118245  -46.757  10.977  -1.665 0.0000000000
117209  -46.346  10.535  -1.177 0.0000000000
121392  -46.791  14.299  -1.860 0.0000000000
120329  -45.969  13.794  -1.798 0.0000000000
120313  -45.603  13.662  -0.904 0.0000000000
119252  -46.050  13.010  -1.238 0.0000000000
116170  -46.355  9.701  -0.967 0.0000000000
115034  -45.848  8.683  0.499 0.0000000000
116146  -45.614  9.619  1.015 0.0000000000
113920  -44.256  7.607  3.219 0.0000000000
118212  -42.530  12.057  0.860 0.0000000000
118203  -41.568  11.308  1.827 0.0000000000
117176  -41.988  10.807  1.598 0.0000000000
116131  -40.047  9.652  2.873 0.0000000000
121300  -55.626  13.725  4.538 0.0000000000
120197  -52.615  12.760  4.860 0.0000000000
119160  -51.515  12.559  5.014 0.0000000000
119178  -50.903  12.377  4.515 0.0000000000
119177  -49.995  12.318  4.671 0.0000000000
118169  -49.521  11.968  5.118 0.0000000000
119138  -49.558  12.299  6.363 0.0000000000
118151  -49.414  11.875  5.712 0.0000000000
118168  -49.130  11.513  5.202 0.0000000000
119174  -46.972  12.754  4.707 0.0000000000
119173  -46.195  12.617  4.665 0.0000000000
120195  -45.017  13.039  5.115 0.0000000000
120194  -44.520  13.427  5.098 0.0000000000
119171  -43.824  13.012  5.173 0.0000000000
93994  -47.736  -11.037  12.044 0.0000000000
93995  -48.186  -11.054  12.137 0.0000000000
94003  -48.416  -10.774  11.866 0.0000000000
94950  -49.747  -10.002  14.198 0.0000000000
94953  -52.493  -10.210  14.016 0.0000000000
94965  -53.375  -9.889  12.805 0.0000000000
94982  -47.440  -10.491  11.770 0.0000000000
96019  -51.737  -8.856  14.964 0.0000000000
96030  -53.661  -9.286  13.991 0.0000000000
96039  -49.184  -10.298  13.149 0.0000000000
96046  -46.434  -9.722  12.809 0.0000000000
96083  -50.417  -9.404  9.787 0.0000000000
96084  -50.791  -9.431  9.781 0.0000000000
97081  -49.255  -8.483  17.182 0.0000000000
97082  -49.604  -8.579  17.051 0.0000000000
97098  -47.266  -8.392  14.044 0.0000000000
97103  -51.939  -8.776  14.842 0.0000000000
97140  -50.187  -9.381  9.805 0.0000000000
97165  -47.960  -8.900  8.075 0.0000000000
98177  -49.620  -8.468  16.777 0.0000000000
98280  -53.480  -7.605  8.570 0.0000000000
98293  -53.830  -7.300  8.183 0.0000000000
99344  -47.549  -5.274  9.556 0.0000000000
99346  -53.147  -7.546  8.481 0.0000000000
99353  -47.084  -6.685  7.263 0.0000000000
100389  -47.868  -5.169  9.802 0.0000000000
100421  -49.175  -5.808  5.983 0.0000000000
101402  -48.786  -4.204  9.895 0.0000000000
101411  -48.833  -3.928  8.914 0.0000000000
102442  -45.843  -3.082  7.203 0.0000000000
102448  -45.742  -3.177  7.089 0.0000000000
102555  -54.724  -2.782  -1.341 0.0000000000
103459  -50.149  -2.283  10.923 0.0000000000
103481  -45.708  -2.881  7.014 0.0000000000
103500  -47.286  -3.042  4.906 0.0000000000
103624  -54.526  -2.133  -2.801 0.0000000000
104538  -51.208  -1.304  10.695 0.0000000000
104583  -47.111  -1.682  4.460 0.0000000000
104618  -50.136  -1.574  0.620 0.0000000000
104676  -55.340  -1.608  -2.858 0.0000000000
104690  -56.159  -1.218  -3.004 0.0000000000
104705  -49.853  -0.594  -5.113 0.0000000000
105617  -50.070  -1.506  0.985 0.0000000000
105633  -48.749  -0.418  -0.230 0.0000000000
105634  -49.248  -0.437  -0.684 0.0000000000
105671  -52.839  0.080  -2.305 0.0000000000
105686  -55.972  -1.069  -3.201 0.0000000000
105706  -53.040  0.570  -5.115 0.0000000000
106559  -56.530  1.666  11.154 0.0000000000
106572  -55.941  1.134  10.211 0.0000000000
106655  -48.905  0.052  -0.899 0.0000000000
106659  -53.462  -0.087  -2.209 0.0000000000
106673  -53.788  0.123  -2.709 0.0000000000
107565  -49.379  0.586  8.287 0.0000000000
107567  -51.552  1.203  8.281 0.0000000000
107573  -56.783  2.538  8.701 0.0000000000
107584  -47.333  0.576  7.276 0.0000000000
107599  -46.537  0.472  6.394 0.0000000000
107643  -46.970  1.986  0.679 0.0000000000
107658  -47.863  1.700  -1.332 0.0000000000
107683  -51.493  2.732  -4.802 0.0000000000
107686  -53.073  0.950  -4.674 0.0000000000
107693  -52.320  1.549  -5.244 0.0000000000
108568  -56.761  2.768  7.441 0.0000000000
108583  -57.125  2.754  7.030 0.0000000000
108584  -57.289  2.977  6.960 0.0000000000
108618  -46.992  2.174  0.841 0.0000000000
109686  -57.414  3.656  6.009 0.0000000000
109703  -57.397  3.896  5.251 0.0000000000
109789  -51.586  2.924  -5.144 0.0000000000
110830  -56.845  4.661  7.245 0.0000000000
110832  -57.615  4.223  6.784 0.0000000000
110840  -53.186  4.210  5.054 0.0000000000
110841  -53.400  4.098  5.098 0.0000000000
110842  -57.618  4.366  6.077 0.0000000000
110851  -53.367  4.169  4.774 0.0000000000
110852  -55.452  4.405  3.551 0.0000000000
110876  -49.000  3.922  2.338 0.0000000000
110877  -49.161  4.170  2.101 0.0000000000
110899  -56.117  5.048  2.265 0.0000000000
110900  -56.434  5.176  2.137 0.0000000000
110907  -48.406  3.872  0.485 0.0000000000
110962  -47.584  4.781  -5.499 0.0000000000
111932  -55.821  5.092  2.189 0.0000000000
111933  -57.261  5.185  2.353 0.0000000000
111934  -57.721  5.297  2.537 0.0000000000
111960  -54.860  6.090  0.683 0.0000000000
111964  -57.988  5.860  1.540 0.0000000000
111970  -49.092  5.336  0.135 0.0000000000
112013  -48.978  5.105  -4.988 0.0000000000
112908  -57.353  5.073  5.028 0.0000000000
112909  -57.295  5.173  4.748 0.0000000000
112922  -57.464  5.495  4.081 0.0000000000
112929  -57.287  6.197  3.849 0.0000000000
112937  -57.716  6.657  2.062 0.0000000000
112951  -57.971  6.141  1.494 0.0000000000
112976  -56.697  7.194  -0.089 0.0000000000
112977  -57.095  7.269  0.013 0.0000000000
113021  -48.895  5.313  -4.936 0.0000000000
113925  -57.844  6.180  3.278 0.0000000000
113930  -44.806  7.651  2.510 0.0000000000
113935  -57.994  6.357  3.001 0.0000000000
113970  -56.046  7.716  -0.794 0.0000000000
113972  -57.252  7.506  0.063 0.0000000000
113981  -56.228  8.038  -1.185 0.0000000000
113982  -56.508  7.944  -1.036 0.0000000000
115053  -57.313  7.956  -0.289 0.0000000000
115064  -56.310  8.318  -1.171 0.0000000000
116147  -47.998  9.893  1.103 0.0000000000
116165  -56.457  8.981  -0.469 0.0000000000
116173  -53.904  9.680  -0.284 0.0000000000
116185  -55.926  8.723  -1.247 0.0000000000
116186  -56.112  8.535  -1.289 0.0000000000
117169  -40.245  10.053  2.670 0.0000000000
117181  -48.284  10.095  1.157 0.0000000000
117196  -48.105  10.150  0.900 0.0000000000
117212  -52.300  11.064  -0.182 0.0000000000
118150  -48.936  11.657  5.797 0.0000000000
118167  -44.109  12.532  5.132 0.0000000000
118181  -40.195  11.472  3.105 0.0000000000
118191  -40.601  11.243  2.772 0.0000000000
118194  -56.325  11.676  2.552 0.0000000000
118249  -55.108  12.160  -1.043 0.0000000000
119152  -44.159  13.293  5.218 0.0000000000
119170  -42.954  12.741  4.484 0.0000000000
119172  -44.131  12.816  5.218 0.0000000000
119179  -51.452  12.533  4.212 0.0000000000
119182  -53.881  12.914  3.628 0.0000000000
119200  -53.328  12.930  3.369 0.0000000000
119201  -53.702  12.963  3.468 0.0000000000
119234  -41.968  13.491  0.658 0.0000000000
119261  -54.491  12.048  -0.992 0.0000000000
119263  -56.624  12.780  -0.410 0.0000000000
119269  -46.256  13.557  -1.670 0.0000000000
119271  -47.461  13.288  -1.884 0.0000000000
119273  -48.724  12.933  -1.662 0.0000000000
119280  -55.978  12.811  -0.739 0.0000000000
119284  -47.797  13.663  -2.205 0.0000000000
119286  -50.843  13.601  -1.832 0.0000000000
119288  -52.072  13.213  -1.629 0.0000000000
119289  -52.717  13.161  -1.648 0.0000000000
120179  -52.086  12.745  5.249 0.0000000000
120211  -43.562  13.385  4.525 0.0000000000
120229  -42.897  12.999  3.981 0.0000000000
120262  -58.750  14.187  3.081 0.0000000000
120268  -41.957  13.566  1.182 0.0000000000
120282  -54.887  13.494  0.616 0.0000000000
120290  -41.780  13.758  0.787 0.0000000000
120291  -42.143  13.745  0.620 0.0000000000
120304  -57.436  13.556  0.048 0.0000000000
120315  -49.116  14.190  -0.303 0.0000000000
120318  -52.221  14.268  -0.328 0.0000000000
120330  -46.353  13.746  -2.000 0.0000000000
120331  -46.858  13.682  -2.013 0.0000000000
120332  -48.361  13.462  -2.165 0.0000000000
120333  -48.900  13.400  -2.062 0.0000000000
120339  -55.779  12.916  -1.023 0.0000000000
120344  -46.184  13.897  -2.152 0.0000000000
120345  -46.528  13.904  -2.219 0.0000000000
120350  -51.070  13.850  -1.841 0.0000000000
121326  -58.711  14.763  3.009 0.0000000000
121332  -41.883  14.139  1.018 0.0000000000
121333  -42.447  13.886  1.175 0.0000000000
121335  -43.652  13.579  1.486 0.0000000000
121337  -46.593  14.230  0.807 0.0000000000
121339  -55.041  13.611  1.030 0.0000000000
121344  -58.790  14.340  2.647 0.0000000000
121352  -41.944  14.039  0.715 0.0000000000
121353  -42.330  14.050  0.845 0.0000000000
121362  -51.239  14.495  -0.013 0.0000000000
121363  -52.845  14.261  -0.287 0.0000000000
121364  -53.047  14.181  -0.121 0.0000000000
121379  -48.976  14.513  -0.740 0.0000000000
121380  -49.706  15.027  -0.711 0.0000000000
121386  -56.508  13.597  -0.370 0.0000000000
121391  -46.248  14.117  -2.082 0.0000000000
121396  -50.987  14.780  -1.641 0.0000000000
121397  -51.493  14.867  -1.318 0.0000000000
121399  -52.979  14.343  -0.840 0.0000000000
121403  -46.372  14.007  -2.280 0.0000000000
121408  -50.615  14.476  -2.031 0.0000000000
121410  -51.885  14.344  -1.337 0.0000000000
122371  -50.126  15.384  -0.904 0.0000000000
122379  -49.789  15.228  -1.396 0.0000000000
122381  -51.028  15.056  -1.500 0.0000000000
122387  -49.260  14.937  -1.796 0.0000000000
122389  -50.173  14.863  -2.221 0.0000000000
