#!ascii label  , from subject 3360 vox2ras=TkReg
1263
130431  47.423  19.339  4.486 0.0000000000
134615  47.331  23.343  2.458 0.0000000000
125224  55.299  11.938  5.012 0.0000000000
129575  43.144  17.537  7.778 0.0000000000
126973  47.090  14.175  7.617 0.0000000000
132163  46.665  20.703  -3.124 0.0000000000
136854  43.589  26.089  6.153 0.0000000000
138398  48.226  29.251  7.064 0.0000000000
123320  54.186  11.256  11.065 0.0000000000
122367  48.547  9.315  7.373 0.0000000000
131297  50.983  19.722  -0.751 0.0000000000
128772  52.854  16.317  4.340 0.0000000000
131206  53.339  20.082  5.156 0.0000000000
128712  53.909  16.426  9.885 0.0000000000
140534  46.564  31.993  4.998 0.0000000000
137724  51.605  27.654  -0.686 0.0000000000
125282  48.865  12.289  1.690 0.0000000000
130400  45.358  18.609  6.221 0.0000000000
127873  44.685  15.703  8.079 0.0000000000
129593  47.544  17.520  6.878 0.0000000000
132106  46.538  21.231  1.547 0.0000000000
132054  44.344  20.601  4.311 0.0000000000
138383  43.939  28.558  9.326 0.0000000000
123302  53.750  9.440  13.317 0.0000000000
120308  52.487  7.407  11.117 0.0000000000
118356  53.409  5.287  10.404 0.0000000000
138460  45.051  28.020  1.863 0.0000000000
132962  49.201  22.264  0.634 0.0000000000
132067  52.521  19.568  2.732 0.0000000000
132901  50.278  21.088  4.090 0.0000000000
131155  50.473  19.840  10.613 0.0000000000
130361  51.573  18.289  9.483 0.0000000000
129525  52.105  17.908  11.342 0.0000000000
127811  51.822  15.022  11.255 0.0000000000
137652  48.334  27.252  3.448 0.0000000000
137650  50.610  28.255  3.649 0.0000000000
136153  49.448  25.665  0.440 0.0000000000
152322  49.305  23.786  -0.816 0.0000000000
127003  54.700  14.442  3.061 0.0000000000
125227  51.619  12.734  4.891 0.0000000000
124369  52.625  11.505  3.410 0.0000000000
125211  43.921  12.379  7.568 0.0000000000
125231  45.081  12.230  5.427 0.0000000000
136189  46.914  25.085  -1.540 0.0000000000
132167  42.580  19.918  -2.647 0.0000000000
135387  45.473  24.977  3.893 0.0000000000
133767  47.870  22.152  4.855 0.0000000000
140438  45.695  31.355  13.923 0.0000000000
141065  47.464  32.043  10.581 0.0000000000
138407  45.749  28.310  6.717 0.0000000000
124293  54.360  11.424  8.316 0.0000000000
123386  52.048  11.295  5.598 0.0000000000
123343  51.438  10.376  9.058 0.0000000000
119331  49.580  7.102  8.238 0.0000000000
131260  48.920  19.688  1.913 0.0000000000
129620  49.951  17.961  4.436 0.0000000000
129650  52.070  17.990  1.886 0.0000000000
129628  53.403  17.492  3.225 0.0000000000
128763  54.400  16.244  5.020 0.0000000000
131193  50.517  19.844  6.596 0.0000000000
129569  53.733  17.801  7.174 0.0000000000
127866  54.202  14.960  7.606 0.0000000000
126939  54.295  13.531  10.481 0.0000000000
124259  52.099  11.791  12.221 0.0000000000
139196  43.837  29.656  4.468 0.0000000000
139225  47.047  29.303  3.051 0.0000000000
139939  49.918  31.266  2.442 0.0000000000
137706  49.714  28.039  -0.276 0.0000000000
135479  49.003  24.826  -3.340 0.0000000000
132133  48.270  20.960  -1.734 0.0000000000
128744  49.720  15.656  7.248 0.0000000000
126133  47.717  13.270  5.018 0.0000000000
126159  45.248  13.357  2.882 0.0000000000
124332  49.055  10.857  4.482 0.0000000000
130417  46.073  19.085  5.622 0.0000000000
129594  46.520  17.884  7.039 0.0000000000
130398  47.368  18.192  6.179 0.0000000000
132070  47.452  21.003  2.727 0.0000000000
132931  44.992  21.232  2.180 0.0000000000
131224  46.007  20.031  4.368 0.0000000000
131209  44.850  19.701  5.180 0.0000000000
121315  51.554  8.518  13.791 0.0000000000
119282  54.014  7.085  13.036 0.0000000000
119293  52.013  6.287  12.398 0.0000000000
125234  41.186  12.188  4.737 0.0000000000
134625  48.078  22.940  1.328 0.0000000000
132929  49.782  21.587  2.406 0.0000000000
133793  48.999  22.049  3.337 0.0000000000
131994  51.492  20.447  11.564 0.0000000000
131154  51.342  19.905  11.200 0.0000000000
136127  47.262  25.382  2.141 0.0000000000
136903  48.848  26.567  2.074 0.0000000000
135408  47.751  24.573  0.849 0.0000000000
135420  48.105  24.107  0.368 0.0000000000
125277  55.436  13.270  2.839 0.0000000000
125259  54.052  12.790  3.439 0.0000000000
123420  54.322  11.057  4.013 0.0000000000
128729  42.276  16.188  8.530 0.0000000000
128728  43.161  16.028  8.342 0.0000000000
126974  45.751  14.158  8.048 0.0000000000
126961  44.837  14.034  8.130 0.0000000000
126109  45.023  13.395  7.741 0.0000000000
125221  44.368  12.144  6.935 0.0000000000
125219  45.903  12.431  6.429 0.0000000000
133021  46.721  21.183  -4.371 0.0000000000
133024  44.043  21.318  -4.091 0.0000000000
132165  44.681  19.362  -3.647 0.0000000000
130384  42.750  18.429  7.313 0.0000000000
129576  42.064  17.887  8.009 0.0000000000
136097  44.021  25.795  4.688 0.0000000000
135357  45.143  23.707  5.264 0.0000000000
135351  44.268  23.531  6.202 0.0000000000
137626  43.474  27.189  7.316 0.0000000000
138401  44.868  28.659  7.671 0.0000000000
136852  44.839  26.965  5.982 0.0000000000
136872  45.092  26.409  4.397 0.0000000000
123340  54.326  10.943  9.611 0.0000000000
123356  53.076  10.978  9.116 0.0000000000
123331  53.025  10.243  10.311 0.0000000000
118368  52.953  6.092  8.669 0.0000000000
119324  51.517  6.391  8.922 0.0000000000
119335  51.471  5.609  7.191 0.0000000000
130480  50.313  19.347  0.189 0.0000000000
130453  50.654  18.576  2.066 0.0000000000
130478  51.154  18.856  0.694 0.0000000000
132035  53.454  20.405  4.002 0.0000000000
131221  53.308  19.038  3.337 0.0000000000
130413  53.363  18.563  4.510 0.0000000000
129615  54.199  17.087  3.829 0.0000000000
130396  53.258  18.339  5.413 0.0000000000
132878  47.444  21.332  6.416 0.0000000000
132876  49.478  21.333  5.969 0.0000000000
132010  48.878  20.235  7.065 0.0000000000
130353  53.405  18.417  10.000 0.0000000000
130366  52.875  18.189  8.108 0.0000000000
129550  53.524  17.522  8.377 0.0000000000
128741  54.022  15.936  7.466 0.0000000000
127855  54.239  15.861  9.124 0.0000000000
126959  54.511  13.812  8.959 0.0000000000
127844  54.179  15.422  9.787 0.0000000000
126927  50.048  14.521  10.977 0.0000000000
126061  52.022  13.335  11.500 0.0000000000
139911  45.582  30.590  5.013 0.0000000000
139208  45.551  29.055  3.936 0.0000000000
139925  46.938  30.087  4.042 0.0000000000
139872  47.833  30.816  8.669 0.0000000000
141080  47.688  31.816  8.322 0.0000000000
139893  48.884  30.557  6.845 0.0000000000
138455  51.377  28.822  1.752 0.0000000000
139204  50.448  29.968  3.057 0.0000000000
139948  51.240  30.305  1.008 0.0000000000
139239  50.353  29.905  1.122 0.0000000000
138506  51.035  28.404  -1.545 0.0000000000
136974  50.227  26.620  -2.381 0.0000000000
137751  51.115  26.724  -3.012 0.0000000000
132991  50.062  21.922  -1.137 0.0000000000
132145  49.610  21.625  -1.810 0.0000000000
131299  49.913  20.345  -1.376 0.0000000000
132103  49.100  20.357  0.146 0.0000000000
129606  51.580  16.910  5.264 0.0000000000
129590  50.468  16.851  6.397 0.0000000000
128755  51.528  15.620  6.344 0.0000000000
125244  50.128  12.764  3.784 0.0000000000
126131  49.731  12.967  5.487 0.0000000000
126156  48.281  13.279  2.878 0.0000000000
126144  46.478  13.405  3.852 0.0000000000
126169  46.815  13.131  2.319 0.0000000000
123388  50.148  10.824  6.114 0.0000000000
123405  50.474  11.064  5.048 0.0000000000
123407  48.164  10.484  5.399 0.0000000000
129574  44.447  17.567  7.380 0.0000000000
127874  43.954  16.036  8.071 0.0000000000
129573  45.549  17.260  7.405 0.0000000000
128747  46.562  16.101  7.487 0.0000000000
127871  46.756  15.153  7.615 0.0000000000
132982  45.766  21.065  -0.843 0.0000000000
130401  44.389  18.946  6.312 0.0000000000
122330  53.940  9.441  12.303 0.0000000000
122334  52.823  9.415  10.803 0.0000000000
121336  53.878  8.333  12.090 0.0000000000
119304  53.832  6.343  11.075 0.0000000000
132960  50.696  21.161  -0.189 0.0000000000
132101  51.632  19.836  0.600 0.0000000000
132085  51.083  20.546  1.879 0.0000000000
132914  51.319  20.794  3.583 0.0000000000
132037  51.446  20.653  4.868 0.0000000000
131161  48.193  19.531  9.254 0.0000000000
131165  49.210  19.181  8.334 0.0000000000
130356  49.923  18.924  10.219 0.0000000000
130354  52.548  18.537  10.338 0.0000000000
129534  53.510  17.565  10.914 0.0000000000
128700  53.106  16.437  10.593 0.0000000000
128702  51.734  16.720  10.968 0.0000000000
127813  49.968  15.655  10.778 0.0000000000
126928  48.980  14.585  10.769 0.0000000000
141672  45.381  33.603  6.427 0.0000000000
138411  48.402  28.472  5.327 0.0000000000
138410  49.553  28.925  5.626 0.0000000000
137651  49.554  27.653  3.634 0.0000000000
137666  50.230  27.621  2.713 0.0000000000
136952  51.146  26.283  -0.243 0.0000000000
136185  51.083  25.460  -1.188 0.0000000000
136167  49.631  25.025  -0.276 0.0000000000
152319  48.839  23.076  -0.420 0.0000000000
127891  53.691  15.136  4.050 0.0000000000
127884  52.592  15.003  5.661 0.0000000000
126139  53.212  13.762  4.827 0.0000000000
125261  51.819  11.971  3.478 0.0000000000
124389  50.516  11.887  1.943 0.0000000000
120349  47.161  7.390  6.238 0.0000000000
122377  47.115  9.045  6.201 0.0000000000
125193  42.052  12.684  8.803 0.0000000000
127858  43.643  15.226  8.548 0.0000000000
126100  42.884  13.393  8.527 0.0000000000
124311  42.513  11.612  7.632 0.0000000000
124322  42.911  11.311  6.685 0.0000000000
124336  42.948  12.035  5.454 0.0000000000
125233  43.316  12.625  4.584 0.0000000000
135448  45.542  24.219  -1.931 0.0000000000
134681  43.696  22.767  -2.196 0.0000000000
135385  46.677  24.261  3.005 0.0000000000
133795  47.551  22.633  3.369 0.0000000000
134595  46.329  23.367  4.584 0.0000000000
133753  46.983  22.106  5.927 0.0000000000
132864  46.933  21.143  6.950 0.0000000000
132001  46.978  20.130  9.032 0.0000000000
131997  48.239  20.378  10.538 0.0000000000
140446  46.907  32.110  12.510 0.0000000000
139828  47.760  31.629  11.069 0.0000000000
139156  47.106  30.186  9.040 0.0000000000
138399  46.946  29.032  7.556 0.0000000000
136858  46.817  27.142  4.783 0.0000000000
136889  46.066  26.351  3.253 0.0000000000
125207  55.192  11.656  6.602 0.0000000000
124318  53.860  10.945  5.684 0.0000000000
124307  53.687  11.250  7.153 0.0000000000
124309  51.612  11.390  7.861 0.0000000000
122365  49.881  9.701  8.167 0.0000000000
121340  51.816  8.527  10.209 0.0000000000
121343  50.246  8.545  9.164 0.0000000000
120329  48.489  7.707  7.606 0.0000000000
131242  48.304  19.628  2.832 0.0000000000
130430  48.374  18.956  4.271 0.0000000000
130441  49.647  18.776  3.211 0.0000000000
129631  50.757  17.907  3.601 0.0000000000
129629  52.737  17.445  3.340 0.0000000000
131257  52.676  18.535  1.949 0.0000000000
129638  53.185  17.677  2.546 0.0000000000
128780  53.081  16.891  3.503 0.0000000000
127898  53.918  15.652  3.244 0.0000000000
127896  55.071  14.939  3.386 0.0000000000
126995  55.269  14.136  4.267 0.0000000000
132903  48.906  21.766  4.806 0.0000000000
132038  51.023  20.833  5.503 0.0000000000
131191  52.671  20.153  5.856 0.0000000000
130382  51.273  18.767  7.699 0.0000000000
130380  52.906  18.803  7.133 0.0000000000
130379  53.370  18.556  6.453 0.0000000000
128754  53.777  17.067  6.498 0.0000000000
127877  54.104  15.149  6.401 0.0000000000
126127  55.264  13.681  5.919 0.0000000000
126104  54.924  12.942  8.215 0.0000000000
125192  54.648  12.281  9.614 0.0000000000
125164  54.153  12.269  10.659 0.0000000000
126941  53.229  14.429  11.013 0.0000000000
126060  52.834  13.280  11.174 0.0000000000
124246  53.573  11.111  12.063 0.0000000000
124247  52.843  11.154  12.547 0.0000000000
138429  44.191  28.755  3.147 0.0000000000
138441  45.564  28.025  2.690 0.0000000000
137688  47.297  27.356  1.328 0.0000000000
139891  50.211  30.306  6.051 0.0000000000
139908  48.581  31.307  4.207 0.0000000000
139223  48.922  29.586  2.412 0.0000000000
137687  48.411  27.745  1.098 0.0000000000
136934  48.279  26.552  -0.289 0.0000000000
136976  48.407  25.716  -1.431 0.0000000000
135445  48.405  25.016  -2.274 0.0000000000
133848  47.147  22.326  -1.602 0.0000000000
136207  50.409  24.228  -2.587 0.0000000000
132992  47.862  22.332  -1.499 0.0000000000
132980  47.555  21.698  -1.275 0.0000000000
132122  47.671  21.052  0.013 0.0000000000
131276  47.791  20.474  1.338 0.0000000000
129609  48.867  17.991  5.722 0.0000000000
128758  48.761  16.703  6.848 0.0000000000
126972  48.183  14.201  7.310 0.0000000000
126982  50.701  14.272  6.629 0.0000000000
126105  48.900  13.712  6.730 0.0000000000
126121  46.967  12.985  6.556 0.0000000000
125230  46.189  12.451  5.354 0.0000000000
125248  44.743  12.871  4.329 0.0000000000
124350  52.225  11.126  4.239 0.0000000000
123441  50.970  11.172  3.550 0.0000000000
124373  48.793  11.709  3.287 0.0000000000
122391  47.040  9.705  5.222 0.0000000000
125266  46.964  12.428  2.758 0.0000000000
117394  51.776  4.694  11.026 0.0000000000
117413  52.771  4.502  9.074 0.0000000000
131207  46.592  19.509  4.896 0.0000000000
130416  47.215  18.822  5.283 0.0000000000
131223  46.956  19.750  4.083 0.0000000000
131244  46.578  20.278  3.806 0.0000000000
120287  52.384  6.997  13.117 0.0000000000
134626  47.809  23.080  1.714 0.0000000000
133819  48.192  22.595  2.131 0.0000000000
133807  47.857  22.581  2.570 0.0000000000
136141  47.331  24.899  1.724 0.0000000000
136126  47.791  25.657  1.866 0.0000000000
135409  47.483  24.218  1.596 0.0000000000
135421  47.644  23.699  0.997 0.0000000000
125239  55.417  12.278  4.241 0.0000000000
124346  55.104  12.006  3.588 0.0000000000
124327  55.167  11.535  4.363 0.0000000000
129552  42.992  16.785  8.407 0.0000000000
126108  46.286  13.188  7.259 0.0000000000
125209  45.413  12.681  7.181 0.0000000000
132175  47.019  20.556  -3.839 0.0000000000
131343  45.552  19.649  -4.251 0.0000000000
132164  45.494  20.030  -3.238 0.0000000000
129553  42.250  17.096  8.486 0.0000000000
136084  43.401  25.241  5.037 0.0000000000
135359  43.625  24.510  5.514 0.0000000000
137631  43.729  26.681  6.569 0.0000000000
137630  44.334  27.300  6.603 0.0000000000
136853  44.163  26.561  6.139 0.0000000000
136861  44.181  26.437  5.435 0.0000000000
123329  54.319  11.076  10.584 0.0000000000
123341  53.472  10.649  9.669 0.0000000000
123330  53.794  10.605  10.460 0.0000000000
118373  52.326  5.741  8.160 0.0000000000
131288  50.652  19.535  -0.331 0.0000000000
130479  50.744  19.018  0.322 0.0000000000
131287  51.161  19.391  0.064 0.0000000000
131205  53.802  19.708  4.304 0.0000000000
132027  47.891  20.681  7.011 0.0000000000
132026  48.438  20.703  6.811 0.0000000000
132011  48.292  20.058  7.401 0.0000000000
129539  53.803  17.560  9.859 0.0000000000
130359  53.281  17.956  9.051 0.0000000000
128727  53.930  16.576  8.666 0.0000000000
126064  49.235  13.673  11.299 0.0000000000
140535  45.104  32.039  5.638 0.0000000000
139900  44.940  31.146  5.727 0.0000000000
139899  45.958  31.408  5.274 0.0000000000
139194  46.147  29.832  4.485 0.0000000000
139910  46.862  31.061  4.777 0.0000000000
139168  47.854  30.323  8.031 0.0000000000
139887  48.091  30.455  7.708 0.0000000000
139178  48.635  29.918  7.248 0.0000000000
137705  51.503  27.876  0.350 0.0000000000
139237  51.271  29.511  1.171 0.0000000000
138490  51.371  28.780  -0.171 0.0000000000
139265  51.116  29.532  -0.128 0.0000000000
138505  51.246  28.353  -1.068 0.0000000000
137740  50.919  27.835  -2.305 0.0000000000
137739  51.304  27.340  -2.014 0.0000000000
132977  50.560  20.890  -1.031 0.0000000000
132131  50.264  20.675  -1.738 0.0000000000
131298  50.507  19.931  -1.142 0.0000000000
131289  49.938  19.867  -0.460 0.0000000000
128773  52.171  16.770  4.716 0.0000000000
128765  51.867  16.250  5.600 0.0000000000
125263  49.734  12.614  2.780 0.0000000000
125245  49.332  12.884  3.644 0.0000000000
126155  49.040  12.761  2.519 0.0000000000
126157  47.168  13.383  2.913 0.0000000000
126168  47.904  12.919  2.316 0.0000000000
123372  48.861  10.041  7.171 0.0000000000
123389  49.132  10.476  6.282 0.0000000000
123390  48.480  9.918  6.423 0.0000000000
129596  44.748  18.396  6.898 0.0000000000
129595  45.511  18.069  6.919 0.0000000000
129572  46.580  17.078  7.633 0.0000000000
129571  47.289  16.755  7.282 0.0000000000
132965  45.644  21.344  0.233 0.0000000000
132983  45.003  21.110  -0.231 0.0000000000
132949  45.590  21.430  1.264 0.0000000000
132073  44.296  20.799  3.352 0.0000000000
132089  44.494  21.073  2.424 0.0000000000
130418  45.121  19.144  5.615 0.0000000000
130419  44.435  19.432  5.601 0.0000000000
130383  43.840  18.389  7.159 0.0000000000
122328  54.502  9.256  12.938 0.0000000000
121325  54.338  8.211  12.685 0.0000000000
118343  53.908  5.709  11.650 0.0000000000
119303  54.391  6.492  11.891 0.0000000000
119316  53.272  5.753  9.926 0.0000000000
139226  43.893  29.036  1.866 0.0000000000
139242  43.545  29.485  1.549 0.0000000000
132944  50.601  21.096  0.895 0.0000000000
132916  49.689  21.554  3.319 0.0000000000
132915  50.629  21.020  3.156 0.0000000000
132051  51.893  20.687  3.986 0.0000000000
132889  50.827  21.059  4.563 0.0000000000
131156  49.045  19.621  10.124 0.0000000000
130357  49.398  19.233  9.715 0.0000000000
130347  51.415  19.052  11.324 0.0000000000
130355  51.322  18.985  10.584 0.0000000000
130346  52.540  19.024  11.230 0.0000000000
130345  53.310  18.679  10.836 0.0000000000
129535  52.844  17.702  11.313 0.0000000000
128701  52.290  16.957  11.093 0.0000000000
128689  51.911  17.245  11.180 0.0000000000
128690  51.264  16.811  10.995 0.0000000000
127814  48.772  15.687  10.905 0.0000000000
137633  48.289  27.937  5.049 0.0000000000
138419  48.768  28.314  4.884 0.0000000000
136919  49.168  26.313  1.223 0.0000000000
137686  49.730  27.049  1.916 0.0000000000
136918  50.225  26.829  1.098 0.0000000000
137685  50.672  27.546  1.712 0.0000000000
136932  50.594  26.337  0.318 0.0000000000
136166  50.573  25.629  -0.411 0.0000000000
136152  50.277  25.828  0.171 0.0000000000
133831  48.678  22.615  0.649 0.0000000000
134637  48.690  23.526  0.012 0.0000000000
133830  49.091  22.744  0.205 0.0000000000
132961  49.717  22.084  -0.079 0.0000000000
127004  54.156  14.795  3.413 0.0000000000
126997  53.812  14.293  4.182 0.0000000000
126138  53.726  13.391  4.093 0.0000000000
125260  52.963  12.226  3.314 0.0000000000
125279  51.142  12.050  2.557 0.0000000000
124370  51.306  11.726  2.947 0.0000000000
125194  41.489  12.609  9.102 0.0000000000
126091  42.046  13.265  8.936 0.0000000000
126099  44.096  13.342  8.057 0.0000000000
126962  43.789  14.205  8.440 0.0000000000
125201  43.324  12.727  8.145 0.0000000000
125212  43.113  12.174  7.838 0.0000000000
124310  43.311  11.733  7.347 0.0000000000
124334  44.717  11.861  6.046 0.0000000000
124321  43.798  11.731  6.623 0.0000000000
124335  44.178  11.869  5.739 0.0000000000
125232  43.982  12.583  5.005 0.0000000000
133009  43.478  20.687  -3.276 0.0000000000
133866  43.674  22.057  -3.145 0.0000000000
132168  41.933  20.578  -2.053 0.0000000000
135386  46.153  24.316  3.604 0.0000000000
134606  46.427  23.573  3.846 0.0000000000
135373  45.913  23.855  4.226 0.0000000000
134579  46.167  23.155  5.567 0.0000000000
132879  46.715  21.461  6.721 0.0000000000
132859  45.991  21.060  8.347 0.0000000000
131158  47.348  20.063  9.511 0.0000000000
140456  44.611  30.900  11.778 0.0000000000
140447  45.867  31.484  12.727 0.0000000000
139798  48.022  31.690  12.654 0.0000000000
139829  47.651  30.917  10.788 0.0000000000
139851  47.476  30.550  9.809 0.0000000000
137624  45.202  28.184  7.112 0.0000000000
138400  45.529  28.589  7.294 0.0000000000
138389  46.580  29.166  7.994 0.0000000000
138406  46.372  28.366  6.427 0.0000000000
138412  47.155  28.271  5.756 0.0000000000
137635  46.362  27.796  5.632 0.0000000000
136115  45.258  25.872  3.639 0.0000000000
136871  46.152  26.928  4.070 0.0000000000
136114  45.875  25.417  3.421 0.0000000000
136128  46.478  25.519  2.874 0.0000000000
125208  55.156  11.970  7.492 0.0000000000
124306  54.622  11.322  6.713 0.0000000000
123357  52.643  10.976  9.175 0.0000000000
124295  52.407  11.194  8.721 0.0000000000
124296  51.611  10.918  8.660 0.0000000000
123358  50.847  10.684  8.195 0.0000000000
123344  50.668  10.066  8.774 0.0000000000
121339  52.385  8.490  10.726 0.0000000000
122335  52.177  9.193  10.384 0.0000000000
120309  52.175  7.816  10.362 0.0000000000
119330  50.416  6.724  8.239 0.0000000000
120313  50.767  7.464  9.391 0.0000000000
120320  49.782  7.554  8.677 0.0000000000
121350  49.563  8.529  8.530 0.0000000000
119337  49.229  6.751  7.544 0.0000000000
119338  48.472  7.133  7.342 0.0000000000
130442  48.684  19.226  3.338 0.0000000000
131241  49.234  19.284  2.580 0.0000000000
130452  51.441  18.136  2.203 0.0000000000
130440  50.765  18.422  2.986 0.0000000000
130439  51.396  18.000  2.879 0.0000000000
129630  51.778  17.686  3.344 0.0000000000
129640  52.021  17.811  2.389 0.0000000000
132084  51.883  20.095  1.763 0.0000000000
132100  51.803  19.269  1.202 0.0000000000
131240  52.673  19.009  2.171 0.0000000000
130438  53.275  18.184  2.814 0.0000000000
128779  53.627  16.514  3.393 0.0000000000
129627  53.924  17.031  3.339 0.0000000000
128770  54.317  16.217  4.027 0.0000000000
127890  54.699  15.385  4.184 0.0000000000
127889  55.186  14.810  3.929 0.0000000000
126996  54.925  14.863  4.593 0.0000000000
133781  47.235  22.720  4.357 0.0000000000
133780  48.354  22.226  4.306 0.0000000000
132024  50.562  20.846  6.071 0.0000000000
132875  49.958  21.197  5.632 0.0000000000
132023  51.568  20.463  5.694 0.0000000000
131192  51.525  20.012  6.331 0.0000000000
130368  50.741  18.586  8.407 0.0000000000
131164  49.853  18.898  7.957 0.0000000000
129551  53.425  17.989  7.913 0.0000000000
130381  52.093  18.735  7.466 0.0000000000
129570  53.313  18.281  7.381 0.0000000000
129589  53.456  17.500  5.845 0.0000000000
126979  54.707  14.216  6.688 0.0000000000
126115  55.176  13.019  6.839 0.0000000000
126968  54.610  13.975  7.855 0.0000000000
126951  54.583  13.697  9.857 0.0000000000
126097  54.856  12.954  9.288 0.0000000000
126089  54.699  12.998  10.105 0.0000000000
125181  54.387  12.384  10.343 0.0000000000
126076  54.276  12.976  10.504 0.0000000000
127829  52.108  15.917  10.756 0.0000000000
127828  52.857  15.207  11.085 0.0000000000
127810  52.256  14.652  11.308 0.0000000000
125167  52.462  12.543  11.658 0.0000000000
125166  53.280  12.477  11.233 0.0000000000
124258  53.067  11.817  11.891 0.0000000000
139913  43.265  30.618  4.951 0.0000000000
140548  42.506  31.548  4.920 0.0000000000
139209  44.467  29.072  3.843 0.0000000000
139207  46.580  29.150  3.616 0.0000000000
138427  46.028  28.520  3.373 0.0000000000
138440  46.862  28.497  2.763 0.0000000000
138459  46.858  27.816  1.893 0.0000000000
138458  47.866  28.089  1.933 0.0000000000
138417  50.133  28.850  4.652 0.0000000000
138402  50.212  29.400  6.269 0.0000000000
139189  50.107  29.697  5.201 0.0000000000
140577  50.470  31.294  2.921 0.0000000000
140543  50.056  31.418  3.928 0.0000000000
140563  49.701  31.723  3.327 0.0000000000
139922  49.417  31.355  3.006 0.0000000000
139923  48.818  31.159  3.692 0.0000000000
139940  49.256  30.665  2.857 0.0000000000
138457  49.211  28.941  1.503 0.0000000000
138477  49.314  28.229  0.602 0.0000000000
137707  48.790  27.410  0.202 0.0000000000
136954  48.820  26.166  -1.097 0.0000000000
136988  49.200  25.452  -3.180 0.0000000000
136187  48.596  25.300  -2.243 0.0000000000
135446  47.987  24.323  -1.664 0.0000000000
134660  47.305  23.151  -1.505 0.0000000000
135444  50.564  24.755  -1.422 0.0000000000
136206  50.958  25.092  -2.050 0.0000000000
152320  49.812  23.827  -1.368 0.0000000000
132146  48.673  21.797  -1.662 0.0000000000
132161  48.400  22.594  -1.317 0.0000000000
132979  48.015  21.707  -1.541 0.0000000000
132963  47.247  21.538  -0.445 0.0000000000
132134  47.939  21.326  -0.752 0.0000000000
131275  48.624  20.192  1.203 0.0000000000
132104  48.134  20.587  0.533 0.0000000000
131261  47.836  20.111  2.132 0.0000000000
130429  49.301  18.448  4.365 0.0000000000
129608  49.789  17.842  5.529 0.0000000000
128757  49.734  16.507  6.967 0.0000000000
128745  48.776  15.866  7.210 0.0000000000
127869  48.889  14.989  7.232 0.0000000000
126991  51.943  13.922  5.639 0.0000000000
126981  51.715  14.091  5.941 0.0000000000
126117  51.128  13.655  5.935 0.0000000000
126132  48.727  13.051  5.314 0.0000000000
126119  49.130  13.365  6.456 0.0000000000
126120  47.919  13.013  6.177 0.0000000000
126106  48.447  13.634  6.804 0.0000000000
125228  47.451  12.927  5.635 0.0000000000
125218  46.627  12.618  6.081 0.0000000000
125229  46.944  12.937  5.345 0.0000000000
126145  45.457  13.281  3.620 0.0000000000
126146  44.543  13.098  3.483 0.0000000000
125249  43.815  13.088  4.136 0.0000000000
126147  43.668  13.201  3.383 0.0000000000
124319  52.867  11.501  6.259 0.0000000000
124330  52.778  11.315  4.989 0.0000000000
123403  52.126  11.525  5.005 0.0000000000
123425  49.984  11.167  4.518 0.0000000000
123424  50.651  11.279  3.982 0.0000000000
124352  49.511  11.129  3.999 0.0000000000
124372  49.677  11.591  2.890 0.0000000000
121373  46.266  8.483  5.550 0.0000000000
122385  46.677  9.176  5.630 0.0000000000
122392  46.383  9.698  4.949 0.0000000000
130399  46.353  18.474  6.252 0.0000000000
132087  46.616  21.250  2.381 0.0000000000
132107  45.941  21.358  1.980 0.0000000000
132071  46.519  20.980  3.314 0.0000000000
132072  45.255  20.857  3.444 0.0000000000
132904  45.035  21.391  4.093 0.0000000000
131226  44.628  20.086  4.930 0.0000000000
131225  45.102  20.001  4.609 0.0000000000
131208  45.639  19.559  5.061 0.0000000000
121314  52.566  8.295  13.853 0.0000000000
121312  54.179  8.089  13.261 0.0000000000
120273  52.961  7.391  13.492 0.0000000000
119292  53.120  6.396  12.967 0.0000000000
118334  53.061  5.706  12.204 0.0000000000
132946  48.847  22.083  0.980 0.0000000000
132945  49.441  21.660  1.284 0.0000000000
133817  49.237  21.919  1.980 0.0000000000
133805  49.142  21.983  2.555 0.0000000000
131995  50.978  20.718  11.268 0.0000000000
136887  47.678  26.635  2.890 0.0000000000
137668  48.440  26.681  2.706 0.0000000000
136904  47.935  26.135  2.103 0.0000000000
136920  48.489  26.177  1.644 0.0000000000
136139  48.898  25.856  0.959 0.0000000000
135419  48.929  24.625  0.051 0.0000000000
136154  48.403  24.959  0.525 0.0000000000
134638  48.142  23.156  0.817 0.0000000000
125278  55.143  13.556  2.734 0.0000000000
125258  55.026  12.801  2.726 0.0000000000
124368  53.854  11.745  3.389 0.0000000000
127872  45.646  15.284  8.089 0.0000000000
127857  44.688  14.844  8.505 0.0000000000
127856  45.237  14.521  8.223 0.0000000000
126098  44.640  13.598  7.990 0.0000000000
126110  44.414  12.947  7.686 0.0000000000
125210  44.707  12.575  7.358 0.0000000000
125220  44.992  12.142  6.601 0.0000000000
135468  46.274  23.273  -2.265 0.0000000000
135469  45.855  23.487  -2.483 0.0000000000
133022  45.886  21.225  -4.122 0.0000000000
131345  44.388  20.055  -4.506 0.0000000000
132166  43.765  19.586  -3.437 0.0000000000
130385  41.709  18.604  7.429 0.0000000000
129554  41.279  17.252  8.407 0.0000000000
128730  41.416  16.441  8.671 0.0000000000
136096  44.933  25.285  4.363 0.0000000000
135374  45.350  24.006  4.638 0.0000000000
135375  44.368  24.629  4.892 0.0000000000
135358  44.555  23.696  5.601 0.0000000000
137621  43.685  28.036  8.515 0.0000000000
138392  44.100  28.505  8.775 0.0000000000
137620  44.278  28.416  8.130 0.0000000000
137625  44.614  28.111  7.523 0.0000000000
137629  45.449  27.891  6.504 0.0000000000
137636  45.480  27.320  5.636 0.0000000000
136860  44.954  26.872  5.186 0.0000000000
136873  44.495  26.492  4.896 0.0000000000
124282  54.638  11.632  9.273 0.0000000000
123355  53.842  10.826  8.977 0.0000000000
123342  52.430  10.564  9.506 0.0000000000
120311  52.320  7.045  10.240 0.0000000000
120312  51.791  7.444  9.751 0.0000000000
119336  50.714  5.921  6.939 0.0000000000
131274  49.638  19.531  0.807 0.0000000000
131259  49.755  19.265  1.747 0.0000000000
131273  50.115  18.963  1.144 0.0000000000
130467  50.688  18.656  1.049 0.0000000000
130466  51.553  18.475  1.456 0.0000000000
132049  53.258  19.838  3.535 0.0000000000
130428  53.489  18.459  3.616 0.0000000000
129616  53.638  17.686  3.784 0.0000000000
129605  53.556  17.644  4.648 0.0000000000
129604  54.067  16.952  4.798 0.0000000000
132893  48.018  21.629  5.880 0.0000000000
132892  48.503  21.712  5.347 0.0000000000
132877  48.591  21.265  6.231 0.0000000000
132025  49.430  20.426  6.572 0.0000000000
130360  52.617  18.164  9.277 0.0000000000
130367  51.833  18.284  8.364 0.0000000000
130365  53.346  17.959  8.392 0.0000000000
128742  53.762  16.872  7.419 0.0000000000
128726  54.199  15.686  8.354 0.0000000000
127854  54.523  14.952  8.804 0.0000000000
127843  54.395  14.519  9.746 0.0000000000
127826  54.258  14.163  10.363 0.0000000000
126926  50.968  14.345  11.230 0.0000000000
126925  51.772  14.145  11.334 0.0000000000
126062  51.071  13.338  11.507 0.0000000000
141134  43.598  32.814  5.707 0.0000000000
139901  44.066  31.175  5.395 0.0000000000
139912  44.456  30.481  4.973 0.0000000000
139195  45.005  29.782  4.433 0.0000000000
139206  47.413  29.756  3.473 0.0000000000
140461  48.041  31.621  10.241 0.0000000000
141073  47.408  32.110  9.621 0.0000000000
140471  47.891  31.341  9.168 0.0000000000
140484  47.828  31.026  8.206 0.0000000000
137649  51.147  28.437  3.048 0.0000000000
138425  50.691  29.127  3.650 0.0000000000
139203  50.935  29.403  2.838 0.0000000000
139221  50.754  30.007  2.488 0.0000000000
139949  50.851  30.807  1.191 0.0000000000
139950  50.478  30.524  1.940 0.0000000000
139238  50.841  30.389  0.701 0.0000000000
138475  50.793  29.529  -0.076 0.0000000000
137725  50.119  27.696  -1.189 0.0000000000
136953  49.800  26.726  -1.520 0.0000000000
137741  50.543  27.465  -2.006 0.0000000000
136986  50.572  26.728  -2.945 0.0000000000
136215  49.711  25.147  -3.611 0.0000000000
132160  49.051  23.345  -1.217 0.0000000000
132159  49.778  22.054  -1.521 0.0000000000
132132  49.321  20.772  -2.141 0.0000000000
132121  48.434  20.814  -0.476 0.0000000000
132120  49.259  20.590  -1.013 0.0000000000
129619  50.804  17.647  4.466 0.0000000000
129607  50.762  17.245  5.508 0.0000000000
128766  51.087  16.687  5.908 0.0000000000
128756  50.776  16.085  6.688 0.0000000000
125243  51.074  12.494  4.209 0.0000000000
126130  50.812  13.031  5.306 0.0000000000
126140  50.204  12.731  4.703 0.0000000000
126142  48.528  13.117  4.034 0.0000000000
126134  47.018  13.274  4.561 0.0000000000
126143  47.524  13.416  3.843 0.0000000000
126158  46.138  13.475  2.868 0.0000000000
126170  45.842  13.200  2.387 0.0000000000
123387  51.132  11.176  5.864 0.0000000000
123406  49.327  11.119  5.088 0.0000000000
124333  48.799  11.036  4.809 0.0000000000
128750  43.691  16.726  7.849 0.0000000000
128749  44.623  16.542  7.594 0.0000000000
128748  45.601  16.332  7.714 0.0000000000
132995  46.356  21.067  -1.434 0.0000000000
132148  45.884  20.603  -1.904 0.0000000000
132137  44.042  20.592  -0.326 0.0000000000
132950  44.622  21.378  1.661 0.0000000000
131210  44.072  20.118  5.216 0.0000000000
131195  43.696  19.430  5.804 0.0000000000
130402  43.301  18.946  6.549 0.0000000000
137616  43.231  27.966  9.831 0.0000000000
137622  42.743  26.909  8.225 0.0000000000
137627  42.951  26.336  7.683 0.0000000000
123321  53.898  10.553  11.486 0.0000000000
123322  53.346  10.133  10.989 0.0000000000
122331  53.470  9.431  11.574 0.0000000000
121337  53.060  8.430  11.368 0.0000000000
120301  53.519  7.394  11.482 0.0000000000
120299  54.327  7.290  12.322 0.0000000000
120300  54.256  7.251  11.769 0.0000000000
119317  52.858  6.474  10.575 0.0000000000
119322  53.461  5.747  8.921 0.0000000000
132959  51.142  20.438  -0.343 0.0000000000
132119  51.230  19.957  -0.509 0.0000000000
132943  51.226  20.662  0.361 0.0000000000
132102  51.374  20.475  1.070 0.0000000000
132928  50.401  21.092  2.041 0.0000000000
132069  50.927  20.756  2.535 0.0000000000
132068  51.619  20.428  2.956 0.0000000000
132050  52.744  20.397  3.639 0.0000000000
132036  52.832  20.510  4.680 0.0000000000
131166  48.130  19.315  8.264 0.0000000000
131179  48.654  19.360  7.722 0.0000000000
131160  48.960  19.366  9.167 0.0000000000
130363  49.658  19.021  9.280 0.0000000000
130362  50.506  18.659  9.486 0.0000000000
129533  53.575  18.175  10.591 0.0000000000
128713  53.611  17.136  10.344 0.0000000000
127812  51.100  15.516  10.879 0.0000000000
141132  45.030  33.957  5.770 0.0000000000
138404  48.764  29.238  6.148 0.0000000000
138397  49.002  29.650  6.545 0.0000000000
138418  49.231  28.541  4.846 0.0000000000
137640  50.192  28.489  4.178 0.0000000000
137667  49.185  27.208  2.719 0.0000000000
137665  51.317  28.015  2.542 0.0000000000
137684  51.394  27.994  1.368 0.0000000000
136931  51.587  26.865  0.012 0.0000000000
136951  51.442  26.370  -0.916 0.0000000000
136165  51.168  25.777  -0.811 0.0000000000
136186  50.440  24.962  -0.994 0.0000000000
152325  49.729  24.409  -0.826 0.0000000000
135432  49.355  24.242  -0.568 0.0000000000
132978  50.259  21.472  -0.663 0.0000000000
127892  53.083  15.461  4.690 0.0000000000
128764  52.521  15.727  5.265 0.0000000000
126998  53.108  14.634  4.816 0.0000000000
126990  52.348  14.131  5.498 0.0000000000
125225  52.412  13.202  4.947 0.0000000000
125240  53.629  12.990  3.970 0.0000000000
125241  53.121  12.846  4.476 0.0000000000
125262  50.756  12.302  3.033 0.0000000000
125280  50.456  12.199  1.948 0.0000000000
125292  49.998  12.108  1.376 0.0000000000
121360  47.575  8.158  7.198 0.0000000000
122376  47.632  9.181  6.408 0.0000000000
120341  46.995  7.932  6.432 0.0000000000
125203  41.730  12.202  8.622 0.0000000000
126963  42.598  14.352  8.687 0.0000000000
126090  42.403  12.930  8.725 0.0000000000
125202  42.512  12.424  8.366 0.0000000000
124312  41.607  11.292  7.656 0.0000000000
123374  42.038  10.912  6.925 0.0000000000
124337  41.824  11.893  4.934 0.0000000000
134694  44.853  22.329  -3.077 0.0000000000
134680  44.482  22.520  -2.672 0.0000000000
132149  44.432  19.983  -2.257 0.0000000000
132150  43.615  19.343  -2.612 0.0000000000
135397  47.030  24.342  2.381 0.0000000000
134605  46.852  23.525  3.357 0.0000000000
134594  46.649  23.218  3.999 0.0000000000
133782  46.981  22.777  4.996 0.0000000000
134596  45.841  23.504  5.091 0.0000000000
133769  46.720  22.658  5.493 0.0000000000
133768  47.474  22.142  5.425 0.0000000000
132005  47.197  19.762  8.209 0.0000000000
131162  47.564  19.840  9.122 0.0000000000
131157  47.758  19.740  9.954 0.0000000000
141058  46.697  32.150  11.457 0.0000000000
140436  47.562  31.957  12.987 0.0000000000
140445  47.844  32.253  12.526 0.0000000000
141056  47.982  32.174  11.342 0.0000000000
139850  48.281  30.895  9.882 0.0000000000
139155  47.604  30.588  8.934 0.0000000000
139179  47.731  29.701  7.668 0.0000000000
138391  44.703  28.949  8.489 0.0000000000
139170  46.627  29.657  8.272 0.0000000000
139180  47.153  29.670  7.857 0.0000000000
138405  47.632  28.835  6.388 0.0000000000
137634  47.635  27.763  5.085 0.0000000000
137643  47.455  27.505  4.169 0.0000000000
136859  45.898  26.895  5.043 0.0000000000
136870  46.783  27.284  4.213 0.0000000000
137653  47.276  27.131  3.406 0.0000000000
136905  47.109  26.133  2.565 0.0000000000
125215  55.291  11.930  5.909 0.0000000000
124316  55.121  11.379  5.256 0.0000000000
124305  54.992  11.434  6.016 0.0000000000
124294  53.402  11.171  8.319 0.0000000000
124308  52.672  11.489  7.533 0.0000000000
123369  51.845  11.392  6.691 0.0000000000
123370  50.869  11.026  7.029 0.0000000000
123371  49.942  10.229  7.374 0.0000000000
122366  49.292  9.423  7.903 0.0000000000
122341  52.401  9.821  10.191 0.0000000000
122342  51.710  9.537  9.822 0.0000000000
121342  51.104  8.507  9.794 0.0000000000
122343  50.862  9.445  9.282 0.0000000000
121349  49.960  8.938  8.707 0.0000000000
122354  49.751  9.235  8.448 0.0000000000
121358  48.805  8.571  7.861 0.0000000000
120330  47.851  7.884  7.387 0.0000000000
131222  47.829  19.452  3.700 0.0000000000
129632  50.046  18.223  3.691 0.0000000000
130454  49.950  18.950  2.255 0.0000000000
129618  51.823  17.305  4.391 0.0000000000
129617  52.528  16.894  3.970 0.0000000000
131272  51.528  19.075  0.909 0.0000000000
131271  52.069  18.741  1.482 0.0000000000
130465  52.467  18.152  1.815 0.0000000000
131239  52.996  18.692  2.507 0.0000000000
130464  52.926  17.867  1.854 0.0000000000
129649  52.587  17.741  1.956 0.0000000000
128771  53.555  15.866  3.940 0.0000000000
128778  54.133  16.316  3.394 0.0000000000
127897  54.587  15.173  3.383 0.0000000000
127009  54.932  14.748  2.871 0.0000000000
126165  55.321  13.929  2.926 0.0000000000
126152  55.488  13.579  3.409 0.0000000000
126137  55.382  13.131  4.220 0.0000000000
133794  48.325  22.289  3.341 0.0000000000
133779  48.810  22.173  3.843 0.0000000000
132902  49.317  21.611  4.258 0.0000000000
132891  49.398  21.391  5.206 0.0000000000
132890  50.342  21.052  5.064 0.0000000000
132022  52.117  20.264  5.258 0.0000000000
131178  49.235  19.477  7.269 0.0000000000
131177  50.391  19.124  7.326 0.0000000000
131176  51.382  19.401  7.101 0.0000000000
131175  52.327  19.465  6.758 0.0000000000
131174  53.098  19.410  6.444 0.0000000000
131190  53.361  19.340  5.484 0.0000000000
129588  53.976  16.826  5.675 0.0000000000
128753  54.056  16.245  6.245 0.0000000000
127883  54.606  15.444  5.320 0.0000000000
126989  54.730  14.402  5.428 0.0000000000
126988  55.028  13.550  5.028 0.0000000000
126126  55.450  12.745  5.431 0.0000000000
126114  55.443  12.448  6.242 0.0000000000
125200  55.176  12.056  8.766 0.0000000000
124270  54.446  11.663  10.022 0.0000000000
128699  53.574  15.678  10.384 0.0000000000
127827  53.767  14.804  10.492 0.0000000000
126940  53.734  13.966  10.825 0.0000000000
126924  52.590  14.152  11.278 0.0000000000
126923  53.138  13.882  11.067 0.0000000000
126077  53.774  13.214  10.701 0.0000000000
125183  53.602  12.718  10.805 0.0000000000
124257  53.801  11.615  11.339 0.0000000000
123313  53.563  10.177  12.698 0.0000000000
123303  52.933  9.796  13.561 0.0000000000
138442  44.552  28.520  2.422 0.0000000000
138428  45.051  28.590  3.281 0.0000000000
137670  45.539  27.774  2.091 0.0000000000
137669  46.098  27.651  2.167 0.0000000000
137689  46.267  27.283  1.382 0.0000000000
137709  46.585  26.699  0.668 0.0000000000
141691  46.265  33.062  6.152 0.0000000000
140533  47.171  31.903  5.416 0.0000000000
139177  49.281  29.780  6.596 0.0000000000
139186  49.599  29.980  6.551 0.0000000000
139907  50.018  30.544  4.468 0.0000000000
140546  47.694  31.679  4.888 0.0000000000
140547  47.078  31.797  4.921 0.0000000000
139924  47.792  30.531  3.989 0.0000000000
139205  48.339  30.182  3.219 0.0000000000
139224  47.781  29.377  2.855 0.0000000000
139240  49.650  29.627  1.845 0.0000000000
138438  48.770  29.137  2.069 0.0000000000
138439  48.237  28.905  2.290 0.0000000000
137708  47.777  26.889  0.577 0.0000000000
136935  47.122  26.346  -0.185 0.0000000000
136168  47.683  25.513  -1.224 0.0000000000
136975  48.994  25.861  -2.223 0.0000000000
136188  48.021  25.316  -1.579 0.0000000000
135447  46.512  23.929  -1.813 0.0000000000
134661  46.614  22.720  -2.032 0.0000000000
133862  47.194  21.300  -3.697 0.0000000000
133008  47.015  21.356  -3.071 0.0000000000
136985  51.233  26.114  -2.595 0.0000000000
136214  50.307  25.076  -3.235 0.0000000000
152324  49.301  24.482  -2.757 0.0000000000
133006  48.111  23.147  -1.446 0.0000000000
132993  47.456  21.885  -1.706 0.0000000000
132994  46.855  21.313  -2.041 0.0000000000
132981  46.638  21.562  -1.057 0.0000000000
132964  46.464  21.386  -0.166 0.0000000000
132947  47.050  21.368  0.256 0.0000000000
132105  47.295  21.019  0.932 0.0000000000
132086  47.259  20.838  1.864 0.0000000000
131243  47.390  20.179  3.272 0.0000000000
130415  48.393  18.431  5.343 0.0000000000
130397  48.206  18.020  6.188 0.0000000000
129592  48.701  17.492  6.385 0.0000000000
129591  49.772  17.330  6.486 0.0000000000
128759  47.964  16.881  6.835 0.0000000000
128746  47.705  16.087  7.259 0.0000000000
127870  47.901  15.092  7.472 0.0000000000
127885  52.051  15.513  5.865 0.0000000000
127880  50.948  15.174  6.804 0.0000000000
127867  50.327  14.760  6.975 0.0000000000
126118  50.189  13.496  6.135 0.0000000000
126983  49.708  13.925  6.606 0.0000000000
126971  49.109  14.133  6.855 0.0000000000
126107  47.468  13.527  6.984 0.0000000000
126122  46.433  12.805  6.631 0.0000000000
125246  46.468  13.028  4.737 0.0000000000
125247  45.728  12.865  4.521 0.0000000000
123402  54.100  10.821  4.503 0.0000000000
124349  52.899  11.210  4.115 0.0000000000
123422  52.153  11.172  3.649 0.0000000000
123404  51.543  11.333  4.737 0.0000000000
123423  51.547  11.075  3.880 0.0000000000
123440  51.442  11.372  3.411 0.0000000000
124371  50.645  11.488  2.922 0.0000000000
124390  49.849  11.758  1.857 0.0000000000
124391  48.800  11.789  2.023 0.0000000000
122383  48.021  9.634  6.098 0.0000000000
123426  47.785  10.854  4.767 0.0000000000
123427  47.147  10.368  4.744 0.0000000000
124353  48.483  11.191  4.398 0.0000000000
124374  47.725  11.913  3.458 0.0000000000
124392  48.110  12.132  2.873 0.0000000000
125283  47.731  12.615  2.411 0.0000000000
125284  46.407  12.822  2.208 0.0000000000
125285  45.487  12.940  2.246 0.0000000000
119306  51.827  5.780  11.844 0.0000000000
118344  52.710  5.236  11.249 0.0000000000
117402  51.768  4.442  10.295 0.0000000000
118357  52.903  4.891  10.609 0.0000000000
117393  52.433  4.702  10.688 0.0000000000
117395  51.202  4.758  11.241 0.0000000000
117401  52.740  4.616  10.033 0.0000000000
118332  54.152  6.267  12.546 0.0000000000
118333  53.864  5.958  12.492 0.0000000000
118335  52.285  5.628  11.857 0.0000000000
118342  54.284  6.131  12.256 0.0000000000
118345  51.672  5.239  11.534 0.0000000000
118369  52.552  5.927  8.740 0.0000000000
119283  53.500  6.925  13.213 0.0000000000
119284  53.136  6.862  13.280 0.0000000000
119290  54.278  6.706  12.546 0.0000000000
119291  53.883  6.500  12.848 0.0000000000
119305  53.090  6.794  11.249 0.0000000000
119323  52.634  6.215  9.357 0.0000000000
119325  50.749  6.932  8.875 0.0000000000
119327  53.387  5.701  8.241 0.0000000000
119328  53.181  5.988  8.515 0.0000000000
119329  51.400  5.905  7.821 0.0000000000
119334  53.246  5.847  8.097 0.0000000000
119346  48.297  6.893  6.670 0.0000000000
120271  54.096  7.532  13.164 0.0000000000
120272  53.752  7.511  13.366 0.0000000000
120274  51.944  7.736  13.538 0.0000000000
120285  54.227  7.484  12.839 0.0000000000
120286  52.885  6.874  13.269 0.0000000000
120314  50.105  7.740  9.163 0.0000000000
120319  50.347  7.264  8.886 0.0000000000
120328  49.157  7.683  8.159 0.0000000000
120339  48.066  7.403  7.261 0.0000000000
120340  47.514  7.621  6.889 0.0000000000
121313  53.493  8.156  13.595 0.0000000000
121326  54.310  8.851  12.520 0.0000000000
121335  54.207  7.735  12.253 0.0000000000
121344  49.820  8.091  9.000 0.0000000000
121359  48.030  8.575  7.276 0.0000000000
121366  47.776  8.913  6.814 0.0000000000
121367  47.399  8.495  6.697 0.0000000000
121368  46.809  8.472  6.081 0.0000000000
122319  54.267  8.505  13.264 0.0000000000
122320  54.057  8.740  13.386 0.0000000000
122321  53.184  8.940  13.594 0.0000000000
122327  54.366  8.591  13.116 0.0000000000
122353  50.227  9.438  8.710 0.0000000000
122375  48.128  9.325  6.768 0.0000000000
122384  47.451  9.582  5.734 0.0000000000
122386  46.036  9.090  5.243 0.0000000000
123359  50.308  10.027  8.248 0.0000000000
123373  48.483  9.677  6.944 0.0000000000
123384  54.369  10.776  4.956 0.0000000000
123385  54.007  10.684  4.963 0.0000000000
123401  54.434  10.889  4.328 0.0000000000
123408  47.448  10.028  5.265 0.0000000000
123421  54.195  10.955  4.197 0.0000000000
123439  51.850  11.495  3.463 0.0000000000
124256  54.214  11.793  10.717 0.0000000000
124283  51.844  10.868  9.066 0.0000000000
124284  51.635  10.717  8.924 0.0000000000
124317  54.711  11.011  5.567 0.0000000000
124320  44.419  11.891  6.416 0.0000000000
124328  54.875  10.925  4.664 0.0000000000
124329  53.601  10.889  4.673 0.0000000000
124331  52.184  11.366  4.659 0.0000000000
124347  54.622  11.257  3.788 0.0000000000
124348  53.820  11.139  3.981 0.0000000000
124351  50.142  11.416  3.464 0.0000000000
124356  42.901  12.494  4.587 0.0000000000
124366  55.206  12.275  3.003 0.0000000000
124367  54.731  12.097  3.254 0.0000000000
124388  50.828  11.937  2.283 0.0000000000
124402  50.343  12.031  1.404 0.0000000000
124403  49.915  11.880  1.364 0.0000000000
124404  49.365  11.972  1.342 0.0000000000
125165  53.874  12.253  10.898 0.0000000000
125182  54.028  12.653  10.657 0.0000000000
125216  55.339  12.162  6.654 0.0000000000
125217  47.214  12.697  5.990 0.0000000000
125226  52.237  12.890  4.847 0.0000000000
125242  52.165  12.385  4.221 0.0000000000
125257  55.511  12.682  3.266 0.0000000000
125264  48.963  13.011  3.138 0.0000000000
125265  47.645  12.360  2.805 0.0000000000
125281  49.516  12.403  1.814 0.0000000000
125293  49.548  12.091  1.317 0.0000000000
125294  49.332  12.136  1.347 0.0000000000
126059  53.324  13.493  10.908 0.0000000000
126078  53.271  13.021  10.843 0.0000000000
126116  51.537  13.752  5.792 0.0000000000
126128  52.574  13.491  5.062 0.0000000000
126129  51.817  13.496  5.410 0.0000000000
126141  49.422  12.885  4.517 0.0000000000
126153  54.736  13.603  2.914 0.0000000000
126154  54.317  13.887  3.526 0.0000000000
126166  55.021  14.178  2.780 0.0000000000
126167  48.818  12.718  2.188 0.0000000000
126960  45.259  14.256  8.123 0.0000000000
126969  50.303  14.515  6.812 0.0000000000
126970  49.950  14.452  6.808 0.0000000000
126975  45.194  13.860  7.985 0.0000000000
126980  52.025  14.264  5.784 0.0000000000
126984  49.289  13.811  6.668 0.0000000000
127002  55.296  14.364  3.425 0.0000000000
127008  55.132  14.575  2.995 0.0000000000
127830  51.675  16.412  10.794 0.0000000000
127868  49.716  14.878  7.140 0.0000000000
127878  52.073  14.497  5.866 0.0000000000
127879  51.769  14.881  6.341 0.0000000000
127902  55.018  14.971  2.983 0.0000000000
127903  54.749  14.932  2.957 0.0000000000
128743  50.332  15.329  7.133 0.0000000000
129523  53.462  18.248  10.980 0.0000000000
129524  53.107  18.284  11.305 0.0000000000
129540  53.719  17.448  10.426 0.0000000000
129639  52.633  17.673  2.515 0.0000000000
129648  53.036  17.671  2.052 0.0000000000
130369  49.968  18.808  8.693 0.0000000000
130414  49.280  18.189  5.110 0.0000000000
130450  53.325  18.014  2.063 0.0000000000
130451  52.974  18.121  1.851 0.0000000000
130468  50.339  19.053  0.671 0.0000000000
131167  47.762  19.617  8.733 0.0000000000
131194  49.840  19.611  6.788 0.0000000000
131256  53.047  18.312  2.034 0.0000000000
131258  50.255  18.836  1.631 0.0000000000
131320  44.756  19.089  -3.947 0.0000000000
131321  44.536  19.207  -3.926 0.0000000000
131331  45.930  19.608  -3.909 0.0000000000
131332  45.684  19.451  -4.063 0.0000000000
131333  45.009  19.060  -4.140 0.0000000000
131334  44.369  19.540  -4.209 0.0000000000
131342  45.884  19.704  -4.089 0.0000000000
131344  44.920  19.740  -4.453 0.0000000000
132006  46.529  20.455  8.270 0.0000000000
132052  45.947  20.586  3.865 0.0000000000
132053  45.257  20.810  4.192 0.0000000000
132066  52.961  19.251  3.139 0.0000000000
132083  52.253  19.285  1.640 0.0000000000
132088  45.598  21.113  2.545 0.0000000000
132108  44.122  21.187  1.879 0.0000000000
132123  44.423  20.894  -0.090 0.0000000000
132130  50.947  20.181  -1.251 0.0000000000
132136  44.650  20.510  -0.971 0.0000000000
132144  50.217  21.456  -1.713 0.0000000000
132147  46.544  20.839  -2.360 0.0000000000
132162  47.050  20.725  -3.588 0.0000000000
132176  46.165  19.922  -3.931 0.0000000000
132177  45.411  19.228  -3.868 0.0000000000
132178  44.994  19.051  -3.895 0.0000000000
132179  43.845  20.237  -4.230 0.0000000000
132188  46.745  20.480  -4.164 0.0000000000
132189  46.136  20.221  -4.204 0.0000000000
132190  45.498  20.223  -4.424 0.0000000000
132191  44.813  20.373  -4.471 0.0000000000
132192  44.304  20.641  -4.376 0.0000000000
132900  51.123  21.048  4.069 0.0000000000
132905  44.814  21.028  4.181 0.0000000000
132917  45.186  21.210  3.854 0.0000000000
132918  44.782  21.150  3.888 0.0000000000
132930  45.329  21.371  1.968 0.0000000000
132948  46.431  21.310  0.707 0.0000000000
132976  51.101  20.346  -0.895 0.0000000000
133007  47.230  20.893  -3.642 0.0000000000
133020  47.238  20.914  -4.201 0.0000000000
133023  44.956  21.340  -3.978 0.0000000000
133033  46.709  20.710  -4.342 0.0000000000
133034  46.131  20.729  -4.389 0.0000000000
133035  45.336  20.786  -4.311 0.0000000000
133036  44.597  20.897  -4.278 0.0000000000
133037  44.272  20.957  -4.284 0.0000000000
133806  48.506  22.294  2.595 0.0000000000
133818  48.580  22.403  1.608 0.0000000000
133849  47.131  21.956  -2.321 0.0000000000
133863  46.788  21.879  -3.127 0.0000000000
133864  46.102  22.136  -3.206 0.0000000000
133865  44.179  22.279  -3.175 0.0000000000
133878  47.054  21.457  -3.981 0.0000000000
133879  46.413  21.558  -3.735 0.0000000000
133880  45.470  21.832  -3.496 0.0000000000
133881  44.478  22.044  -3.481 0.0000000000
133882  43.998  21.888  -3.672 0.0000000000
134639  47.908  23.229  1.212 0.0000000000
134678  46.173  22.690  -2.644 0.0000000000
134679  45.395  22.562  -2.843 0.0000000000
134693  45.040  22.175  -3.220 0.0000000000
135360  43.335  24.849  5.301 0.0000000000
135376  43.910  24.881  4.852 0.0000000000
135377  43.578  24.856  4.882 0.0000000000
135398  46.547  24.757  2.647 0.0000000000
135431  49.921  24.777  -0.740 0.0000000000
135465  50.316  24.069  -1.638 0.0000000000
135466  49.189  24.665  -2.978 0.0000000000
135467  48.732  24.864  -2.783 0.0000000000
135470  45.057  23.473  -2.322 0.0000000000
135477  49.847  24.620  -3.467 0.0000000000
135478  49.372  24.747  -3.429 0.0000000000
136078  43.201  25.121  6.192 0.0000000000
136082  43.838  26.117  5.183 0.0000000000
136083  43.503  25.665  5.422 0.0000000000
136098  43.641  25.371  4.889 0.0000000000
136099  43.660  25.145  4.840 0.0000000000
136140  48.131  25.488  1.322 0.0000000000
136208  48.758  25.281  -2.825 0.0000000000
136213  50.764  25.319  -2.774 0.0000000000
136216  49.038  25.141  -3.521 0.0000000000
136862  43.833  26.255  5.791 0.0000000000
136888  46.851  26.679  2.955 0.0000000000
136890  45.523  26.498  3.748 0.0000000000
136906  46.592  26.204  2.844 0.0000000000
136917  51.122  27.220  0.823 0.0000000000
136933  49.831  26.373  0.683 0.0000000000
136972  51.305  26.097  -1.807 0.0000000000
136973  50.709  27.338  -2.661 0.0000000000
136987  49.852  25.904  -2.895 0.0000000000
136993  50.872  25.935  -3.167 0.0000000000
136994  50.313  25.916  -3.130 0.0000000000
136995  49.500  25.461  -3.401 0.0000000000
136996  49.222  25.321  -3.476 0.0000000000
137628  46.060  28.000  6.183 0.0000000000
137641  49.849  28.162  4.354 0.0000000000
137642  48.654  27.901  4.566 0.0000000000
137644  46.793  27.323  3.798 0.0000000000
137654  46.536  27.055  3.388 0.0000000000
137726  49.286  27.077  -0.649 0.0000000000
137752  50.998  27.362  -2.988 0.0000000000
137764  50.813  26.406  -3.142 0.0000000000
137765  50.831  26.693  -3.124 0.0000000000
138396  49.421  29.591  6.444 0.0000000000
138403  49.775  29.350  6.450 0.0000000000
138409  50.337  29.115  5.895 0.0000000000
138413  46.637  28.114  5.952 0.0000000000
138424  51.047  28.769  3.214 0.0000000000
138426  46.467  28.700  3.259 0.0000000000
138437  51.194  28.854  2.569 0.0000000000
138456  49.985  29.365  0.976 0.0000000000
138474  51.302  28.763  0.811 0.0000000000
138476  50.323  29.146  0.326 0.0000000000
138491  51.001  29.212  -0.495 0.0000000000
138492  50.588  28.409  -0.813 0.0000000000
138507  50.689  28.086  -1.665 0.0000000000
139169  47.323  30.129  8.241 0.0000000000
139185  50.280  29.826  6.181 0.0000000000
139187  49.145  30.033  6.823 0.0000000000
139193  50.049  29.766  4.015 0.0000000000
139220  51.132  29.842  1.943 0.0000000000
139222  49.846  30.252  2.172 0.0000000000
139251  51.187  29.646  0.439 0.0000000000
139252  50.888  29.959  0.156 0.0000000000
139253  50.578  29.695  0.546 0.0000000000
139266  50.939  29.610  -0.177 0.0000000000
139797  48.354  31.848  12.283 0.0000000000
139813  48.442  31.724  11.960 0.0000000000
139814  47.944  31.222  11.829 0.0000000000
139892  49.825  30.561  6.203 0.0000000000
139896  50.047  30.430  5.534 0.0000000000
139898  46.476  31.546  5.037 0.0000000000
139909  48.127  31.172  4.406 0.0000000000
139921  50.380  30.893  3.408 0.0000000000
139937  51.095  30.608  1.569 0.0000000000
139938  50.587  30.771  2.324 0.0000000000
139956  51.062  30.220  0.520 0.0000000000
139957  51.027  30.438  0.641 0.0000000000
140444  48.360  32.139  12.101 0.0000000000
140453  48.054  31.884  11.300 0.0000000000
140454  46.599  32.177  11.964 0.0000000000
140504  46.587  32.802  5.691 0.0000000000
140505  46.111  32.934  5.689 0.0000000000
140506  45.944  32.954  5.768 0.0000000000
140521  46.867  32.400  5.620 0.0000000000
140522  46.303  32.883  5.540 0.0000000000
140523  45.890  32.994  5.439 0.0000000000
140536  44.307  32.051  5.555 0.0000000000
140544  49.451  31.427  4.226 0.0000000000
140562  50.274  31.521  3.242 0.0000000000
140578  50.268  31.505  2.796 0.0000000000
141049  47.919  32.371  11.949 0.0000000000
141050  47.353  32.356  12.048 0.0000000000
141051  46.901  32.304  12.059 0.0000000000
141057  47.461  32.215  11.385 0.0000000000
141064  47.828  31.880  10.476 0.0000000000
141066  46.903  32.097  10.660 0.0000000000
141072  47.752  31.811  9.437 0.0000000000
141081  47.355  32.162  8.645 0.0000000000
141094  46.906  32.734  5.649 0.0000000000
141095  46.371  33.006  5.680 0.0000000000
141096  46.156  33.220  5.760 0.0000000000
141111  46.942  32.805  5.847 0.0000000000
141112  46.496  33.095  5.770 0.0000000000
141113  46.068  33.025  5.571 0.0000000000
141131  46.142  33.663  5.753 0.0000000000
141639  47.596  32.126  7.930 0.0000000000
141692  45.765  33.846  6.133 0.0000000000
152316  49.038  24.479  -2.289 0.0000000000
152317  49.012  23.490  -0.739 0.0000000000
152318  49.065  23.681  -0.513 0.0000000000
152321  49.593  24.257  -2.863 0.0000000000
152323  49.239  23.912  -0.617 0.0000000000
152326  49.846  24.239  -1.131 0.0000000000
152327  50.152  24.346  -3.237 0.0000000000
