#!ascii label  , from subject 3165 vox2ras=TkReg
450
80049  -26.088  -0.447  -12.523 0.0000000000
83183  -25.233  2.251  -14.221 0.0000000000
97852  -26.233  16.032  -12.287 0.0000000000
93755  -29.560  12.322  -13.116 0.0000000000
88613  -31.840  7.140  -14.487 0.0000000000
83205  -32.234  2.361  -15.502 0.0000000000
98778  -24.111  17.427  -13.471 0.0000000000
90722  -30.517  9.621  -13.473 0.0000000000
87469  -27.745  6.650  -12.477 0.0000000000
81114  -26.456  0.176  -14.779 0.0000000000
83162  -28.867  1.903  -14.098 0.0000000000
81103  -28.859  0.743  -14.426 0.0000000000
75553  -21.687  -5.414  -10.784 0.0000000000
79000  -23.866  -1.483  -13.760 0.0000000000
103529  -22.086  22.418  -15.028 0.0000000000
103531  -24.997  22.485  -14.436 0.0000000000
102554  -26.520  20.681  -14.041 0.0000000000
99749  -27.936  18.741  -14.911 0.0000000000
97891  -28.933  16.524  -15.332 0.0000000000
94797  -26.975  13.823  -12.603 0.0000000000
94854  -29.965  13.457  -16.034 0.0000000000
92785  -30.827  10.990  -17.540 0.0000000000
90777  -31.976  8.990  -17.943 0.0000000000
88662  -33.790  7.135  -18.960 0.0000000000
85243  -29.065  4.641  -12.557 0.0000000000
85275  -32.568  4.476  -15.049 0.0000000000
88582  -26.696  7.973  -12.582 0.0000000000
87482  -25.371  6.640  -13.724 0.0000000000
80089  -26.372  -1.175  -14.165 0.0000000000
82099  -27.539  0.477  -14.016 0.0000000000
80072  -26.825  -0.061  -13.272 0.0000000000
71151  -21.033  -8.018  -7.570 0.0000000000
72346  -20.957  -7.338  -8.261 0.0000000000
74487  -21.537  -5.992  -8.465 0.0000000000
80086  -23.246  -0.696  -13.996 0.0000000000
78998  -21.995  -1.742  -13.438 0.0000000000
102569  -25.571  21.566  -14.177 0.0000000000
97861  -24.564  16.512  -13.231 0.0000000000
99724  -26.503  18.542  -13.340 0.0000000000
98781  -27.157  17.645  -13.027 0.0000000000
98802  -28.683  17.445  -15.244 0.0000000000
97865  -28.296  16.495  -13.386 0.0000000000
94800  -29.277  12.900  -12.850 0.0000000000
95931  -29.228  14.593  -13.627 0.0000000000
93789  -30.477  12.731  -14.697 0.0000000000
93812  -30.228  12.662  -16.204 0.0000000000
93770  -30.430  11.824  -14.459 0.0000000000
89700  -31.057  8.703  -14.222 0.0000000000
90768  -31.400  9.280  -16.490 0.0000000000
89713  -31.549  8.335  -15.710 0.0000000000
88661  -32.962  7.767  -18.479 0.0000000000
88638  -32.358  7.137  -16.393 0.0000000000
84206  -25.128  3.793  -14.097 0.0000000000
86385  -26.795  5.112  -12.757 0.0000000000
84208  -26.505  3.215  -13.215 0.0000000000
83186  -30.518  2.211  -14.619 0.0000000000
83164  -31.117  2.862  -14.214 0.0000000000
84234  -32.172  3.218  -15.283 0.0000000000
86424  -34.439  4.758  -16.744 0.0000000000
84243  -34.070  3.504  -16.202 0.0000000000
76596  -22.562  -4.174  -10.113 0.0000000000
75568  -22.466  -4.455  -11.961 0.0000000000
76614  -23.282  -3.243  -10.994 0.0000000000
76629  -23.550  -3.317  -12.017 0.0000000000
91727  -27.921  10.592  -12.094 0.0000000000
91744  -30.216  10.556  -13.357 0.0000000000
90708  -29.317  9.698  -11.831 0.0000000000
89672  -30.000  8.556  -11.842 0.0000000000
88586  -30.244  7.263  -12.636 0.0000000000
82137  -25.549  1.152  -14.304 0.0000000000
83160  -26.805  2.109  -13.503 0.0000000000
82118  -26.880  0.819  -13.809 0.0000000000
82120  -28.584  1.021  -14.569 0.0000000000
81128  -30.249  1.138  -14.775 0.0000000000
74511  -22.023  -5.326  -8.950 0.0000000000
82135  -23.584  1.301  -14.189 0.0000000000
81111  -24.281  0.325  -14.706 0.0000000000
80088  -24.841  -1.169  -14.758 0.0000000000
78987  -25.439  -1.126  -13.145 0.0000000000
104441  -21.456  23.656  -15.965 0.0000000000
102550  -21.616  21.343  -14.492 0.0000000000
103530  -23.526  22.538  -14.364 0.0000000000
103538  -25.709  22.785  -14.913 0.0000000000
103539  -26.356  22.411  -15.309 0.0000000000
102576  -27.451  20.817  -15.406 0.0000000000
100662  -25.990  19.441  -13.378 0.0000000000
100674  -27.206  19.899  -14.237 0.0000000000
101648  -27.940  20.083  -15.936 0.0000000000
99766  -28.345  18.266  -16.730 0.0000000000
98813  -28.608  17.357  -16.315 0.0000000000
96987  -28.860  15.504  -17.438 0.0000000000
96920  -26.450  15.304  -12.298 0.0000000000
96939  -28.835  15.212  -13.420 0.0000000000
96979  -29.263  15.204  -16.120 0.0000000000
95983  -29.170  14.420  -17.471 0.0000000000
93844  -29.193  12.586  -18.631 0.0000000000
91815  -30.489  10.071  -19.235 0.0000000000
91777  -31.103  10.654  -15.241 0.0000000000
91799  -31.294  10.030  -17.563 0.0000000000
86384  -26.214  5.503  -13.228 0.0000000000
86369  -27.720  5.494  -12.472 0.0000000000
86372  -30.453  5.597  -12.892 0.0000000000
84210  -28.677  2.831  -13.025 0.0000000000
85260  -31.262  4.723  -13.414 0.0000000000
86403  -32.310  5.925  -14.453 0.0000000000
87522  -33.268  6.025  -16.323 0.0000000000
87544  -35.223  5.789  -18.317 0.0000000000
77812  -23.114  -3.081  -13.425 0.0000000000
78986  -24.442  -1.889  -12.727 0.0000000000
78968  -25.371  -1.041  -11.685 0.0000000000
80071  -26.215  -0.848  -13.642 0.0000000000
80073  -27.493  0.361  -12.642 0.0000000000
80050  -27.098  -0.319  -11.885 0.0000000000
71128  -21.638  -8.367  -6.915 0.0000000000
72319  -21.614  -7.414  -7.327 0.0000000000
97862  -25.546  16.518  -12.675 0.0000000000
98780  -26.066  17.622  -12.919 0.0000000000
97863  -26.619  16.779  -12.476 0.0000000000
98782  -27.827  17.188  -13.358 0.0000000000
92715  -27.791  11.478  -12.286 0.0000000000
93753  -27.731  12.485  -12.329 0.0000000000
93754  -28.717  12.202  -12.560 0.0000000000
93769  -30.170  12.362  -14.120 0.0000000000
93790  -30.618  12.211  -14.937 0.0000000000
89687  -31.053  7.747  -13.680 0.0000000000
88627  -31.807  7.709  -15.203 0.0000000000
88637  -31.832  7.660  -16.066 0.0000000000
88628  -32.226  7.063  -15.339 0.0000000000
84225  -25.079  3.113  -14.479 0.0000000000
84207  -25.813  3.411  -14.113 0.0000000000
83204  -31.088  2.198  -15.128 0.0000000000
84233  -31.545  2.822  -15.060 0.0000000000
84235  -33.236  3.316  -15.693 0.0000000000
83206  -33.607  2.551  -15.735 0.0000000000
83218  -34.442  3.165  -15.852 0.0000000000
76613  -22.653  -3.860  -10.933 0.0000000000
90706  -27.253  9.708  -12.229 0.0000000000
90707  -28.198  9.689  -11.878 0.0000000000
88583  -27.574  7.679  -12.160 0.0000000000
89671  -28.533  8.642  -11.776 0.0000000000
88584  -28.673  7.501  -11.891 0.0000000000
89673  -30.367  7.851  -12.223 0.0000000000
88585  -29.590  7.330  -12.137 0.0000000000
81113  -25.824  0.317  -14.888 0.0000000000
81081  -27.785  0.646  -13.705 0.0000000000
81102  -28.252  0.725  -14.373 0.0000000000
81126  -29.315  0.861  -15.246 0.0000000000
81116  -29.674  0.678  -14.680 0.0000000000
81117  -30.547  1.002  -14.140 0.0000000000
81104  -29.631  0.712  -13.909 0.0000000000
69895  -20.317  -9.555  -7.854 0.0000000000
74488  -21.807  -5.782  -8.333 0.0000000000
74512  -22.556  -5.016  -8.626 0.0000000000
80087  -24.287  -0.667  -14.527 0.0000000000
79001  -24.864  -1.257  -13.968 0.0000000000
103528  -21.265  22.669  -15.164 0.0000000000
104423  -21.726  23.496  -15.472 0.0000000000
105267  -22.529  24.103  -15.296 0.0000000000
104424  -23.073  23.653  -14.935 0.0000000000
102567  -22.524  21.497  -14.121 0.0000000000
104425  -24.388  23.353  -14.706 0.0000000000
104426  -25.264  23.284  -14.799 0.0000000000
102553  -26.068  20.926  -13.781 0.0000000000
103532  -25.961  22.170  -14.584 0.0000000000
102570  -26.732  21.217  -14.596 0.0000000000
102575  -26.998  21.595  -15.766 0.0000000000
99722  -24.519  18.336  -13.499 0.0000000000
99725  -27.285  18.528  -13.636 0.0000000000
100663  -26.938  19.449  -13.818 0.0000000000
100675  -27.549  19.425  -14.541 0.0000000000
101642  -27.660  20.137  -15.105 0.0000000000
100685  -27.986  19.288  -15.487 0.0000000000
100696  -28.261  19.051  -16.248 0.0000000000
100686  -28.231  18.767  -15.769 0.0000000000
98795  -28.710  16.883  -14.625 0.0000000000
97890  -28.852  16.863  -15.845 0.0000000000
97912  -28.702  16.464  -16.835 0.0000000000
97902  -29.012  16.161  -16.039 0.0000000000
94817  -26.878  13.238  -12.393 0.0000000000
95911  -27.441  14.436  -12.534 0.0000000000
96938  -28.383  15.516  -12.814 0.0000000000
95912  -28.190  14.451  -12.606 0.0000000000
95951  -29.589  14.535  -14.445 0.0000000000
95966  -29.672  14.439  -15.496 0.0000000000
96988  -29.223  15.056  -16.849 0.0000000000
95974  -29.472  14.351  -16.495 0.0000000000
94872  -29.372  13.512  -18.023 0.0000000000
94864  -29.552  13.536  -17.039 0.0000000000
93826  -30.575  12.193  -16.970 0.0000000000
93834  -30.213  11.954  -18.160 0.0000000000
92799  -30.319  11.014  -18.695 0.0000000000
91760  -30.752  10.532  -14.173 0.0000000000
90767  -31.289  9.892  -16.277 0.0000000000
91816  -31.107  9.753  -18.479 0.0000000000
90806  -32.220  8.889  -19.875 0.0000000000
88649  -33.252  7.210  -17.939 0.0000000000
88663  -34.826  6.875  -18.541 0.0000000000
87498  -24.827  6.082  -14.316 0.0000000000
85259  -27.110  4.278  -12.700 0.0000000000
86370  -28.785  5.505  -12.337 0.0000000000
86371  -29.686  5.553  -12.540 0.0000000000
83161  -27.768  1.911  -13.533 0.0000000000
84213  -31.723  3.692  -14.401 0.0000000000
84212  -30.905  3.661  -13.609 0.0000000000
85261  -31.862  4.472  -13.864 0.0000000000
86387  -32.028  5.510  -13.874 0.0000000000
86404  -32.605  5.404  -14.839 0.0000000000
87513  -32.989  5.869  -15.778 0.0000000000
86416  -33.043  5.297  -15.665 0.0000000000
85291  -34.774  4.337  -16.922 0.0000000000
86433  -34.622  4.988  -17.390 0.0000000000
86434  -35.810  5.129  -17.989 0.0000000000
77782  -23.864  -2.752  -11.318 0.0000000000
77814  -24.105  -2.547  -12.464 0.0000000000
77800  -24.245  -2.344  -11.809 0.0000000000
78967  -24.687  -1.749  -11.341 0.0000000000
89669  -26.752  8.916  -12.535 0.0000000000
88598  -26.042  7.310  -13.246 0.0000000000
87468  -26.724  6.761  -12.834 0.0000000000
79010  -26.445  -0.860  -14.872 0.0000000000
81101  -26.902  0.070  -14.345 0.0000000000
81080  -27.054  0.235  -13.943 0.0000000000
81082  -28.816  0.649  -13.381 0.0000000000
81062  -28.175  0.659  -12.724 0.0000000000
71127  -20.833  -8.738  -7.440 0.0000000000
73432  -21.467  -6.375  -8.360 0.0000000000
73405  -21.649  -6.764  -7.719 0.0000000000
73433  -22.037  -6.084  -7.703 0.0000000000
81099  -22.720  0.070  -14.140 0.0000000000
80085  -22.346  -0.720  -13.781 0.0000000000
78999  -22.931  -1.510  -13.525 0.0000000000
103513  -21.460  21.972  -15.034 0.0000000000
102568  -24.271  21.426  -14.110 0.0000000000
102552  -25.229  21.023  -13.668 0.0000000000
101619  -25.544  20.305  -13.456 0.0000000000
99723  -25.505  18.481  -13.307 0.0000000000
98779  -25.045  17.493  -13.159 0.0000000000
99737  -28.214  18.112  -14.788 0.0000000000
98793  -27.676  17.858  -13.670 0.0000000000
98794  -28.261  17.377  -14.165 0.0000000000
97877  -28.596  16.386  -14.112 0.0000000000
94798  -27.594  13.538  -12.464 0.0000000000
95930  -28.714  14.545  -13.108 0.0000000000
94818  -29.050  14.022  -13.277 0.0000000000
94819  -29.546  13.478  -13.600 0.0000000000
94838  -30.313  13.433  -14.810 0.0000000000
93825  -30.060  12.948  -16.781 0.0000000000
94855  -30.441  12.804  -15.464 0.0000000000
93813  -30.539  12.087  -15.868 0.0000000000
92771  -30.996  11.263  -16.298 0.0000000000
90737  -31.070  9.455  -14.465 0.0000000000
90738  -31.234  8.831  -14.589 0.0000000000
89720  -31.772  8.318  -16.763 0.0000000000
89728  -32.131  7.928  -18.246 0.0000000000
89727  -31.956  7.970  -17.512 0.0000000000
88648  -32.539  7.403  -17.480 0.0000000000
87531  -33.031  6.888  -17.489 0.0000000000
85257  -25.503  4.491  -13.626 0.0000000000
85258  -26.224  4.321  -13.142 0.0000000000
83163  -30.146  2.499  -14.031 0.0000000000
84226  -31.664  3.241  -14.904 0.0000000000
85284  -32.465  3.944  -15.250 0.0000000000
85276  -32.952  4.758  -15.343 0.0000000000
85285  -33.069  4.306  -15.631 0.0000000000
85290  -33.963  4.238  -16.283 0.0000000000
85292  -35.379  4.210  -16.820 0.0000000000
85293  -35.851  4.361  -16.496 0.0000000000
84244  -34.711  3.724  -16.220 0.0000000000
75554  -22.053  -4.533  -10.921 0.0000000000
75567  -21.823  -5.178  -11.910 0.0000000000
76628  -23.030  -3.817  -11.953 0.0000000000
92716  -28.521  11.305  -12.234 0.0000000000
92728  -29.903  11.457  -13.271 0.0000000000
91728  -28.868  10.638  -11.957 0.0000000000
91743  -29.632  10.603  -12.566 0.0000000000
90721  -29.985  9.691  -12.676 0.0000000000
89670  -27.421  8.757  -12.044 0.0000000000
89685  -30.356  9.077  -12.779 0.0000000000
89686  -30.704  8.375  -13.307 0.0000000000
88599  -30.726  7.235  -13.254 0.0000000000
83159  -26.025  2.260  -13.905 0.0000000000
82117  -26.203  1.353  -13.822 0.0000000000
82098  -27.283  0.425  -13.941 0.0000000000
82119  -27.874  0.932  -14.106 0.0000000000
83185  -29.596  1.529  -14.548 0.0000000000
82158  -29.947  1.268  -15.039 0.0000000000
82159  -31.158  1.725  -14.937 0.0000000000
82160  -32.358  1.757  -15.212 0.0000000000
81129  -30.977  1.493  -14.426 0.0000000000
81083  -29.558  1.167  -12.862 0.0000000000
68627  -20.142  -10.212  -7.062 0.0000000000
74548  -21.382  -6.152  -11.003 0.0000000000
74510  -21.460  -5.960  -8.851 0.0000000000
74532  -21.646  -5.962  -9.897 0.0000000000
75537  -21.753  -5.324  -9.968 0.0000000000
75538  -22.152  -4.781  -9.672 0.0000000000
75539  -22.754  -4.240  -9.481 0.0000000000
82136  -24.663  1.263  -14.505 0.0000000000
81112  -25.118  0.197  -15.052 0.0000000000
81124  -25.633  -0.124  -15.319 0.0000000000
80096  -25.171  -0.772  -15.238 0.0000000000
80097  -25.613  -0.906  -15.286 0.0000000000
79002  -25.834  -1.350  -14.195 0.0000000000
104422  -20.991  23.737  -15.402 0.0000000000
102551  -21.814  21.769  -14.854 0.0000000000
104442  -24.164  23.967  -15.190 0.0000000000
104445  -26.263  22.908  -15.891 0.0000000000
103550  -26.657  22.423  -16.227 0.0000000000
102585  -27.584  20.887  -16.360 0.0000000000
100661  -24.844  19.423  -13.483 0.0000000000
101620  -26.383  20.238  -13.644 0.0000000000
101634  -26.858  20.309  -14.148 0.0000000000
102571  -27.328  20.653  -14.892 0.0000000000
101654  -28.179  20.016  -16.943 0.0000000000
101655  -28.303  19.469  -16.656 0.0000000000
99765  -28.113  18.400  -17.494 0.0000000000
99757  -28.455  18.247  -15.942 0.0000000000
95928  -25.298  14.486  -12.909 0.0000000000
96919  -25.697  15.428  -12.514 0.0000000000
97854  -27.431  15.859  -12.349 0.0000000000
96956  -28.640  15.828  -13.552 0.0000000000
97878  -28.818  16.257  -14.739 0.0000000000
96957  -29.031  15.499  -14.130 0.0000000000
96972  -29.176  15.519  -15.179 0.0000000000
97913  -29.112  15.715  -16.677 0.0000000000
95982  -28.733  14.853  -18.058 0.0000000000
93833  -29.863  12.802  -17.623 0.0000000000
92815  -30.021  11.142  -19.714 0.0000000000
92729  -30.322  11.347  -14.037 0.0000000000
92740  -30.680  11.358  -14.707 0.0000000000
92772  -31.221  10.690  -16.828 0.0000000000
90755  -31.262  9.781  -15.643 0.0000000000
91787  -31.309  10.120  -16.765 0.0000000000
92786  -31.218  10.477  -17.206 0.0000000000
91798  -30.729  10.315  -18.331 0.0000000000
88681  -32.837  7.795  -20.192 0.0000000000
87483  -25.948  6.350  -13.433 0.0000000000
86368  -27.034  5.915  -12.775 0.0000000000
87471  -29.563  6.420  -12.334 0.0000000000
87472  -30.299  6.418  -12.763 0.0000000000
87484  -30.858  6.410  -13.342 0.0000000000
84209  -27.603  3.134  -12.768 0.0000000000
84192  -28.557  3.770  -12.694 0.0000000000
84211  -29.736  3.071  -13.347 0.0000000000
84194  -30.294  4.013  -12.965 0.0000000000
85244  -29.922  4.740  -12.750 0.0000000000
87485  -31.576  6.409  -13.790 0.0000000000
88614  -32.149  6.744  -14.753 0.0000000000
87512  -32.708  6.303  -15.728 0.0000000000
87521  -32.857  6.641  -16.871 0.0000000000
87532  -33.629  6.378  -17.556 0.0000000000
86423  -33.917  5.279  -16.599 0.0000000000
86432  -34.373  5.675  -17.731 0.0000000000
87543  -34.602  6.094  -18.544 0.0000000000
78984  -22.654  -2.257  -13.334 0.0000000000
78985  -23.479  -2.222  -13.273 0.0000000000
76642  -23.699  -3.260  -12.573 0.0000000000
77813  -23.779  -2.890  -12.923 0.0000000000
74533  -21.833  -5.306  -9.589 0.0000000000
75514  -22.429  -4.871  -8.931 0.0000000000
77799  -23.938  -2.916  -12.221 0.0000000000
79003  -26.308  -1.152  -14.530 0.0000000000
79008  -25.305  -1.246  -14.711 0.0000000000
79009  -25.877  -1.167  -15.055 0.0000000000
79016  -26.248  -0.777  -15.191 0.0000000000
79017  -26.462  -0.621  -15.073 0.0000000000
80090  -26.641  -0.598  -14.252 0.0000000000
80095  -24.674  -0.257  -15.019 0.0000000000
80098  -26.661  -0.397  -14.856 0.0000000000
80105  -25.507  -0.479  -15.350 0.0000000000
80106  -25.829  -0.610  -15.354 0.0000000000
80107  -26.349  -0.362  -15.201 0.0000000000
81115  -29.198  0.752  -15.052 0.0000000000
81118  -31.235  1.434  -14.162 0.0000000000
81123  -25.349  -0.298  -15.283 0.0000000000
81125  -26.094  -0.037  -15.320 0.0000000000
81127  -29.704  0.885  -15.174 0.0000000000
81138  -30.063  0.955  -15.437 0.0000000000
81139  -30.008  1.001  -15.192 0.0000000000
82138  -26.116  0.683  -14.217 0.0000000000
82139  -29.015  1.006  -14.996 0.0000000000
82140  -29.414  1.131  -14.896 0.0000000000
82142  -31.467  1.562  -14.343 0.0000000000
82156  -29.125  0.868  -15.175 0.0000000000
82157  -29.522  1.022  -15.161 0.0000000000
82170  -29.880  0.897  -15.339 0.0000000000
82171  -29.813  1.066  -15.350 0.0000000000
83165  -31.443  3.119  -14.578 0.0000000000
83184  -29.013  1.244  -14.540 0.0000000000
83187  -31.257  2.706  -14.768 0.0000000000
83202  -29.648  1.237  -14.828 0.0000000000
83203  -30.009  1.466  -14.730 0.0000000000
83217  -34.174  3.173  -16.111 0.0000000000
84193  -29.390  3.810  -12.796 0.0000000000
84195  -30.739  4.320  -13.291 0.0000000000
84214  -32.149  4.115  -14.751 0.0000000000
84227  -32.054  3.812  -15.013 0.0000000000
84245  -35.356  3.972  -16.011 0.0000000000
85242  -28.115  4.467  -12.509 0.0000000000
85245  -30.660  4.822  -13.028 0.0000000000
85262  -32.301  4.485  -14.454 0.0000000000
85298  -35.036  4.650  -17.887 0.0000000000
85306  -35.151  4.835  -18.167 0.0000000000
85307  -35.297  4.658  -18.086 0.0000000000
86386  -31.142  5.592  -13.345 0.0000000000
86388  -32.360  4.958  -14.131 0.0000000000
86405  -32.921  4.980  -15.128 0.0000000000
86415  -32.815  5.723  -15.508 0.0000000000
86442  -34.553  5.789  -18.236 0.0000000000
86443  -34.864  5.281  -18.190 0.0000000000
86444  -35.358  4.973  -18.184 0.0000000000
87470  -28.657  6.473  -12.159 0.0000000000
87499  -32.067  6.364  -14.343 0.0000000000
87500  -32.312  6.299  -14.922 0.0000000000
87542  -34.233  6.172  -18.278 0.0000000000
88600  -31.233  7.195  -13.827 0.0000000000
88647  -32.085  7.715  -16.845 0.0000000000
88674  -32.975  7.697  -19.599 0.0000000000
88675  -33.209  7.742  -20.113 0.0000000000
88682  -32.985  7.882  -20.450 0.0000000000
89701  -31.371  8.142  -14.456 0.0000000000
89739  -32.544  8.112  -18.982 0.0000000000
90705  -26.423  9.660  -12.688 0.0000000000
90756  -31.355  8.979  -15.218 0.0000000000
90778  -32.215  8.374  -18.558 0.0000000000
90790  -31.548  9.462  -19.242 0.0000000000
91786  -31.207  10.403  -16.180 0.0000000000
92717  -29.265  11.461  -12.542 0.0000000000
92758  -30.816  11.528  -15.401 0.0000000000
93856  -29.656  11.622  -19.630 0.0000000000
94799  -28.693  13.475  -12.727 0.0000000000
94816  -26.305  13.447  -12.646 0.0000000000
94839  -30.570  12.833  -14.960 0.0000000000
95909  -25.966  14.722  -12.478 0.0000000000
95910  -26.626  14.438  -12.543 0.0000000000
96921  -27.247  15.256  -12.350 0.0000000000
96922  -27.889  15.086  -12.449 0.0000000000
96937  -27.769  15.659  -12.454 0.0000000000
97853  -26.968  15.990  -12.189 0.0000000000
97864  -27.634  16.454  -12.640 0.0000000000
97901  -28.770  16.713  -16.257 0.0000000000
98803  -28.915  16.817  -14.957 0.0000000000
99736  -27.714  18.420  -14.285 0.0000000000
99750  -28.269  18.447  -15.362 0.0000000000
100664  -27.358  18.962  -14.079 0.0000000000
100695  -28.125  19.541  -15.997 0.0000000000
101618  -24.552  20.469  -13.614 0.0000000000
101635  -27.255  20.296  -14.578 0.0000000000
101649  -28.198  19.655  -16.355 0.0000000000
104440  -21.107  23.699  -16.247 0.0000000000
