#!ascii label  , from subject 3165 vox2ras=TkReg
1106
113855  47.268  34.108  27.398 0.0000000000
115950  50.988  36.786  25.970 0.0000000000
111190  54.458  29.546  31.679 0.0000000000
113801  43.342  33.505  30.211 0.0000000000
112461  46.455  31.399  32.514 0.0000000000
113245  47.380  33.176  19.587 0.0000000000
118790  45.565  40.796  30.436 0.0000000000
120818  47.025  42.962  26.675 0.0000000000
109799  54.069  27.533  36.530 0.0000000000
107431  52.880  24.591  30.004 0.0000000000
112531  51.481  32.155  23.484 0.0000000000
113125  52.380  32.043  29.605 0.0000000000
115233  53.138  35.648  28.559 0.0000000000
114486  51.951  33.919  34.333 0.0000000000
122060  50.859  46.220  26.362 0.0000000000
116704  49.653  37.365  21.004 0.0000000000
109829  50.035  27.177  31.624 0.0000000000
114519  44.932  34.126  28.243 0.0000000000
113114  45.069  32.727  31.691 0.0000000000
113797  47.503  33.594  30.237 0.0000000000
113932  46.831  32.836  23.309 0.0000000000
113900  44.167  33.861  25.404 0.0000000000
121419  43.061  44.220  29.288 0.0000000000
109000  53.034  26.814  38.974 0.0000000000
109054  52.061  26.278  35.277 0.0000000000
109028  49.883  26.799  37.381 0.0000000000
122088  51.224  44.906  21.275 0.0000000000
115275  52.531  35.014  23.903 0.0000000000
113872  53.137  33.880  26.071 0.0000000000
116649  53.304  37.706  26.386 0.0000000000
118029  50.295  39.272  35.227 0.0000000000
116630  51.081  37.480  32.919 0.0000000000
115887  50.751  36.241  36.191 0.0000000000
113750  51.810  33.146  37.346 0.0000000000
117422  47.166  38.674  25.842 0.0000000000
118835  47.675  40.435  23.834 0.0000000000
115984  49.234  35.753  23.026 0.0000000000
113945  50.501  33.333  21.617 0.0000000000
112488  54.011  31.049  30.146 0.0000000000
111812  51.696  30.328  32.078 0.0000000000
110544  53.385  28.062  31.819 0.0000000000
111195  44.524  29.648  31.756 0.0000000000
110580  45.692  28.096  31.037 0.0000000000
115322  50.640  35.281  17.551 0.0000000000
116010  47.412  36.057  20.182 0.0000000000
117399  47.994  38.644  28.577 0.0000000000
117388  51.225  39.350  29.204 0.0000000000
123865  43.811  48.591  32.345 0.0000000000
123260  47.192  47.620  30.095 0.0000000000
119490  45.877  41.552  28.109 0.0000000000
111166  54.190  28.879  34.208 0.0000000000
109083  54.587  26.537  31.976 0.0000000000
108235  53.607  25.875  33.712 0.0000000000
107411  50.521  24.745  31.789 0.0000000000
113895  49.647  33.328  24.473 0.0000000000
113830  49.544  33.504  27.998 0.0000000000
113184  51.772  32.711  26.111 0.0000000000
113849  53.752  32.898  28.048 0.0000000000
113781  54.357  32.884  30.720 0.0000000000
117386  52.779  38.942  29.600 0.0000000000
115225  52.546  35.571  31.383 0.0000000000
113093  53.371  32.630  33.015 0.0000000000
111791  52.532  30.687  36.330 0.0000000000
111144  52.560  29.652  38.821 0.0000000000
122662  49.087  47.056  24.228 0.0000000000
120836  51.505  43.754  22.989 0.0000000000
119530  49.707  41.834  22.787 0.0000000000
117487  51.607  37.625  19.330 0.0000000000
114614  49.742  33.547  18.854 0.0000000000
112549  49.625  30.674  21.206 0.0000000000
112470  49.566  32.167  31.737 0.0000000000
110548  48.326  28.662  32.119 0.0000000000
109870  46.695  27.408  29.495 0.0000000000
109100  51.936  25.864  30.356 0.0000000000
114529  46.309  34.290  27.965 0.0000000000
114511  45.969  34.295  29.380 0.0000000000
114516  47.113  34.212  29.116 0.0000000000
114568  47.463  33.723  24.802 0.0000000000
113898  46.283  33.657  24.761 0.0000000000
113878  46.487  34.307  25.805 0.0000000000
113857  45.071  33.965  26.893 0.0000000000
108176  52.599  25.684  40.039 0.0000000000
109002  51.597  26.342  38.831 0.0000000000
108195  50.616  25.684  39.683 0.0000000000
109883  43.058  27.105  28.853 0.0000000000
115975  51.765  35.918  24.634 0.0000000000
115257  52.907  35.866  25.058 0.0000000000
116650  52.528  37.669  26.389 0.0000000000
118020  49.915  38.940  36.355 0.0000000000
136565  50.694  37.447  35.535 0.0000000000
116668  49.087  37.072  25.804 0.0000000000
115967  48.595  37.161  24.946 0.0000000000
115965  50.343  36.295  25.313 0.0000000000
115277  50.880  34.861  23.680 0.0000000000
111844  54.266  30.439  30.582 0.0000000000
111825  53.747  29.894  30.849 0.0000000000
111191  54.105  29.342  31.261 0.0000000000
113129  41.641  32.753  30.450 0.0000000000
113790  42.595  32.686  31.152 0.0000000000
113101  45.797  32.105  32.139 0.0000000000
112463  44.624  31.253  32.296 0.0000000000
111183  44.979  30.008  32.069 0.0000000000
110562  45.280  28.828  31.699 0.0000000000
110550  46.091  29.093  32.136 0.0000000000
114624  48.890  34.014  18.383 0.0000000000
115306  48.406  35.303  18.877 0.0000000000
114617  47.059  34.191  19.823 0.0000000000
113834  42.404  33.579  28.094 0.0000000000
113816  42.338  33.533  29.259 0.0000000000
118114  46.817  39.750  29.215 0.0000000000
118104  47.954  39.441  30.274 0.0000000000
118771  46.416  40.548  31.269 0.0000000000
119488  44.536  42.189  29.922 0.0000000000
120782  44.853  42.922  29.237 0.0000000000
118797  45.613  40.808  29.425 0.0000000000
118120  46.556  39.809  28.270 0.0000000000
110533  54.247  27.902  35.274 0.0000000000
109811  54.148  27.289  34.162 0.0000000000
108220  54.503  25.719  35.050 0.0000000000
109077  49.731  26.065  33.836 0.0000000000
108248  50.776  25.535  33.231 0.0000000000
108269  49.224  24.899  31.739 0.0000000000
113198  50.631  32.387  23.969 0.0000000000
113874  50.366  33.118  25.181 0.0000000000
113191  51.580  32.583  25.231 0.0000000000
114543  53.329  34.617  26.786 0.0000000000
113850  53.162  33.419  27.549 0.0000000000
113827  53.790  33.489  28.561 0.0000000000
113805  54.179  32.758  29.166 0.0000000000
114508  53.486  34.127  30.020 0.0000000000
118787  51.730  40.656  30.714 0.0000000000
118108  52.683  39.829  29.509 0.0000000000
118765  52.229  40.484  31.377 0.0000000000
115218  51.578  35.665  33.469 0.0000000000
115931  52.170  36.915  32.058 0.0000000000
115217  52.178  34.824  33.361 0.0000000000
114498  53.024  33.700  32.358 0.0000000000
113775  52.838  33.284  33.474 0.0000000000
112445  52.816  31.704  34.281 0.0000000000
113084  52.285  32.842  35.224 0.0000000000
113062  51.235  31.862  38.348 0.0000000000
112426  51.957  31.362  37.817 0.0000000000
122650  49.653  46.779  25.407 0.0000000000
122071  51.247  46.073  24.378 0.0000000000
121470  51.269  44.734  24.583 0.0000000000
122628  47.269  46.269  28.843 0.0000000000
122627  48.297  46.316  29.003 0.0000000000
121452  48.033  44.350  26.916 0.0000000000
117465  48.980  38.000  21.674 0.0000000000
119531  48.992  40.985  22.949 0.0000000000
117464  49.769  38.531  21.017 0.0000000000
118861  50.868  40.345  21.512 0.0000000000
117475  50.319  37.915  20.360 0.0000000000
115304  50.423  35.323  18.970 0.0000000000
115299  49.834  35.182  20.150 0.0000000000
113226  51.234  32.002  21.985 0.0000000000
113233  50.670  31.473  20.692 0.0000000000
112540  50.590  31.219  22.422 0.0000000000
112534  49.351  31.490  23.071 0.0000000000
113807  51.038  33.023  28.497 0.0000000000
113794  49.916  33.426  29.587 0.0000000000
113108  51.219  32.222  30.824 0.0000000000
110546  51.187  28.400  32.437 0.0000000000
111178  49.861  29.755  32.631 0.0000000000
109822  49.062  27.939  31.949 0.0000000000
110559  48.126  28.084  31.720 0.0000000000
109093  48.388  27.040  30.688 0.0000000000
107419  54.254  24.973  30.220 0.0000000000
109098  53.837  25.848  30.429 0.0000000000
108286  52.759  25.152  29.545 0.0000000000
113815  43.625  33.979  28.987 0.0000000000
113788  44.247  33.257  31.082 0.0000000000
113800  44.505  33.741  30.158 0.0000000000
113786  46.375  33.387  30.920 0.0000000000
113100  46.791  32.233  32.172 0.0000000000
113229  46.761  32.251  21.073 0.0000000000
114520  44.081  34.230  28.048 0.0000000000
109784  53.742  27.319  38.293 0.0000000000
109024  53.857  26.295  36.767 0.0000000000
109026  52.040  26.463  37.301 0.0000000000
109044  50.915  26.631  36.271 0.0000000000
113926  52.901  33.745  23.289 0.0000000000
113910  52.727  33.168  24.306 0.0000000000
114567  53.271  34.737  24.563 0.0000000000
115246  53.358  35.715  26.308 0.0000000000
115941  53.276  36.998  28.023 0.0000000000
119407  51.107  40.933  34.323 0.0000000000
118069  51.213  39.406  32.526 0.0000000000
118037  50.522  39.177  34.261 0.0000000000
116595  50.679  36.743  34.590 0.0000000000
115197  51.001  35.449  35.448 0.0000000000
113763  51.775  33.643  35.687 0.0000000000
114474  51.492  34.279  36.547 0.0000000000
113751  51.078  33.341  37.473 0.0000000000
113063  50.413  32.128  38.224 0.0000000000
123274  49.433  47.809  28.398 0.0000000000
118805  46.609  40.713  26.028 0.0000000000
119504  46.953  41.003  24.755 0.0000000000
118149  47.241  39.520  24.507 0.0000000000
116687  48.181  37.460  23.480 0.0000000000
115992  48.896  36.339  22.370 0.0000000000
115292  49.324  35.000  21.549 0.0000000000
114580  49.837  34.645  22.793 0.0000000000
114590  51.876  33.801  22.765 0.0000000000
112504  53.105  31.760  29.279 0.0000000000
112490  52.093  31.815  30.431 0.0000000000
111826  52.957  30.344  31.076 0.0000000000
111176  52.193  29.167  32.194 0.0000000000
109820  51.633  27.484  32.268 0.0000000000
106627  51.317  24.093  28.891 0.0000000000
107454  51.620  24.668  28.586 0.0000000000
111197  42.681  29.578  31.741 0.0000000000
113104  43.587  31.633  32.055 0.0000000000
111829  43.288  30.446  31.894 0.0000000000
110564  43.223  28.870  31.414 0.0000000000
110582  43.715  28.365  30.837 0.0000000000
109852  44.187  27.809  30.289 0.0000000000
109872  44.630  27.531  29.514 0.0000000000
116747  50.354  36.882  17.697 0.0000000000
116724  48.649  37.043  19.235 0.0000000000
116645  49.925  37.645  27.298 0.0000000000
116644  51.029  37.848  27.276 0.0000000000
117397  49.853  38.372  28.837 0.0000000000
118102  50.082  39.393  30.276 0.0000000000
118744  49.950  41.075  32.223 0.0000000000
119419  49.717  41.974  33.582 0.0000000000
118727  49.198  40.950  34.626 0.0000000000
123883  45.726  48.707  31.768 0.0000000000
122618  45.514  46.967  29.239 0.0000000000
121428  46.255  44.256  28.220 0.0000000000
120166  46.440  42.410  27.037 0.0000000000
118125  46.574  39.948  27.359 0.0000000000
117411  47.977  38.250  27.243 0.0000000000
111173  54.161  29.752  32.584 0.0000000000
110556  54.320  28.361  31.709 0.0000000000
109814  54.319  27.573  33.216 0.0000000000
108244  54.473  25.946  32.450 0.0000000000
107408  53.495  24.958  31.338 0.0000000000
109064  52.691  25.832  34.670 0.0000000000
108259  52.204  25.093  32.522 0.0000000000
107422  51.770  24.637  30.960 0.0000000000
113876  48.716  33.610  25.929 0.0000000000
113854  48.523  33.640  27.078 0.0000000000
113853  49.646  33.474  26.794 0.0000000000
113829  50.697  33.005  27.756 0.0000000000
113163  51.883  32.758  27.933 0.0000000000
113873  52.616  33.363  26.380 0.0000000000
113178  52.635  32.891  27.473 0.0000000000
113162  52.838  32.431  28.224 0.0000000000
113142  53.772  32.241  29.213 0.0000000000
113124  54.434  32.104  29.893 0.0000000000
112466  54.309  31.324  31.449 0.0000000000
117402  52.577  38.862  27.949 0.0000000000
116639  53.245  38.161  28.245 0.0000000000
115939  52.426  37.102  28.845 0.0000000000
116628  51.944  38.177  31.895 0.0000000000
115935  52.208  36.851  30.774 0.0000000000
115228  52.534  35.904  30.205 0.0000000000
114504  53.549  34.024  30.983 0.0000000000
113098  53.626  32.510  32.077 0.0000000000
112454  54.021  31.492  32.382 0.0000000000
111802  53.344  30.877  33.855 0.0000000000
111798  53.250  30.399  34.794 0.0000000000
111155  53.092  29.512  36.536 0.0000000000
112432  52.324  31.664  36.910 0.0000000000
111785  52.344  30.723  37.384 0.0000000000
110521  53.341  28.355  38.081 0.0000000000
110518  53.275  28.392  39.161 0.0000000000
122668  50.380  46.013  22.853 0.0000000000
121485  51.386  44.607  22.510 0.0000000000
119543  52.574  41.183  21.013 0.0000000000
120172  48.096  42.838  24.846 0.0000000000
120826  50.681  44.212  24.771 0.0000000000
120179  51.014  43.271  23.237 0.0000000000
118860  51.833  40.481  21.314 0.0000000000
117485  52.579  38.452  19.013 0.0000000000
116023  51.820  36.274  17.971 0.0000000000
114623  50.047  34.075  17.863 0.0000000000
113251  48.812  32.729  18.672 0.0000000000
113956  50.170  33.325  20.752 0.0000000000
113242  49.460  32.280  19.668 0.0000000000
113236  48.151  32.005  20.400 0.0000000000
112543  48.369  31.904  22.464 0.0000000000
113200  48.562  32.893  23.525 0.0000000000
113810  48.392  33.665  29.295 0.0000000000
113111  48.019  33.024  31.471 0.0000000000
112460  47.524  31.496  32.517 0.0000000000
112458  50.053  31.352  32.300 0.0000000000
111814  49.373  30.574  32.562 0.0000000000
111180  47.695  29.654  32.508 0.0000000000
110561  46.448  28.349  31.477 0.0000000000
109850  46.318  27.701  30.462 0.0000000000
109826  53.879  27.038  31.424 0.0000000000
109827  53.115  26.889  31.524 0.0000000000
109090  51.376  26.363  31.057 0.0000000000
108298  51.088  25.586  28.378 0.0000000000
109102  49.390  26.408  30.081 0.0000000000
109017  48.763  26.439  38.462 0.0000000000
109047  47.893  26.655  36.768 0.0000000000
114528  46.974  34.298  28.410 0.0000000000
114545  47.253  34.194  25.533 0.0000000000
113856  45.977  33.896  26.986 0.0000000000
108194  51.602  25.920  39.543 0.0000000000
115964  51.430  36.306  25.289 0.0000000000
116667  52.014  36.983  25.795 0.0000000000
116651  51.563  37.443  26.543 0.0000000000
115951  49.931  36.738  26.018 0.0000000000
115952  49.390  36.941  25.897 0.0000000000
115976  50.842  35.756  24.722 0.0000000000
111824  54.423  30.480  31.164 0.0000000000
111211  54.327  29.922  31.006 0.0000000000
113802  42.205  33.052  30.383 0.0000000000
112462  45.497  31.322  32.390 0.0000000000
111817  46.065  30.548  32.565 0.0000000000
111182  45.652  29.796  32.312 0.0000000000
113972  47.740  33.410  18.877 0.0000000000
114616  47.599  34.323  19.251 0.0000000000
113973  47.310  33.724  19.552 0.0000000000
113803  41.476  32.987  30.154 0.0000000000
118789  46.256  40.299  29.929 0.0000000000
118105  46.996  39.677  30.233 0.0000000000
119487  44.975  41.491  29.874 0.0000000000
109808  54.314  27.510  35.949 0.0000000000
109807  54.435  27.291  35.308 0.0000000000
109798  54.692  26.978  36.201 0.0000000000
108249  49.709  25.718  33.333 0.0000000000
112526  51.187  32.192  23.853 0.0000000000
113197  51.342  32.366  24.439 0.0000000000
112525  51.705  32.208  24.071 0.0000000000
114527  53.102  34.466  27.999 0.0000000000
114515  53.474  34.349  29.036 0.0000000000
119450  51.739  41.401  31.906 0.0000000000
119472  52.139  41.126  31.412 0.0000000000
119449  52.159  41.137  32.074 0.0000000000
114495  51.661  34.810  33.913 0.0000000000
114494  52.143  34.066  33.846 0.0000000000
113090  52.745  32.738  34.106 0.0000000000
113762  52.034  33.403  35.099 0.0000000000
112417  51.282  31.529  38.864 0.0000000000
123299  49.657  47.320  27.167 0.0000000000
122640  49.207  47.024  26.292 0.0000000000
122639  50.278  46.653  26.488 0.0000000000
122648  51.179  46.207  25.359 0.0000000000
122066  51.209  45.807  25.987 0.0000000000
121427  47.323  44.728  28.161 0.0000000000
121440  47.559  44.323  27.410 0.0000000000
120809  47.340  43.871  27.150 0.0000000000
118180  49.036  39.391  21.767 0.0000000000
116713  50.108  37.255  20.287 0.0000000000
116009  49.981  36.510  20.332 0.0000000000
112539  51.296  31.873  22.596 0.0000000000
112532  50.757  31.846  23.300 0.0000000000
113144  51.560  32.746  28.936 0.0000000000
113145  51.073  33.039  29.517 0.0000000000
113126  51.502  32.520  29.930 0.0000000000
109821  50.262  27.534  32.175 0.0000000000
110547  49.742  28.707  32.596 0.0000000000
109830  49.420  27.244  31.540 0.0000000000
107430  53.678  24.807  29.851 0.0000000000
107429  54.128  25.096  29.766 0.0000000000
107444  52.620  24.861  29.470 0.0000000000
114513  44.527  34.254  28.756 0.0000000000
113814  44.824  34.139  29.434 0.0000000000
114505  46.655  33.992  29.915 0.0000000000
113799  45.693  33.954  30.110 0.0000000000
113113  46.078  32.795  31.601 0.0000000000
113112  47.070  32.907  31.584 0.0000000000
113220  47.028  32.375  22.046 0.0000000000
113221  46.200  32.673  22.004 0.0000000000
113211  46.574  32.703  22.603 0.0000000000
113899  45.322  33.682  25.084 0.0000000000
113916  45.429  33.443  24.039 0.0000000000
114530  45.433  34.076  27.676 0.0000000000
114531  44.577  34.135  27.376 0.0000000000
109012  53.573  26.423  37.847 0.0000000000
109013  52.710  26.191  38.079 0.0000000000
109015  50.791  26.454  38.109 0.0000000000
109027  51.083  26.825  37.215 0.0000000000
109045  49.949  26.665  36.407 0.0000000000
109056  49.993  26.542  35.409 0.0000000000
109057  48.996  26.545  35.548 0.0000000000
122084  50.369  45.598  21.941 0.0000000000
122090  50.177  45.798  21.045 0.0000000000
114588  52.981  33.977  23.113 0.0000000000
113909  53.122  33.823  23.970 0.0000000000
115274  53.044  35.085  24.169 0.0000000000
116665  53.279  37.104  25.780 0.0000000000
115256  53.262  35.654  25.370 0.0000000000
115949  53.400  36.657  25.956 0.0000000000
115944  53.249  36.842  26.890 0.0000000000
118725  50.596  40.275  34.531 0.0000000000
118036  50.932  40.012  33.849 0.0000000000
136564  50.691  37.026  35.901 0.0000000000
136570  50.731  37.158  34.844 0.0000000000
115897  50.441  36.283  35.399 0.0000000000
115198  50.385  35.834  34.860 0.0000000000
114478  51.439  34.607  35.827 0.0000000000
115188  51.027  35.283  36.520 0.0000000000
114466  50.709  34.276  37.385 0.0000000000
113072  50.726  32.684  37.864 0.0000000000
113752  50.223  33.556  37.600 0.0000000000
117423  46.774  39.330  25.897 0.0000000000
118810  46.889  40.037  24.922 0.0000000000
117437  47.484  38.468  24.746 0.0000000000
115978  48.637  36.836  24.346 0.0000000000
116678  48.115  37.722  24.537 0.0000000000
115985  48.700  36.497  23.323 0.0000000000
116696  48.541  37.180  22.375 0.0000000000
115285  49.433  35.015  22.538 0.0000000000
115276  51.779  34.939  23.746 0.0000000000
114578  51.362  34.367  23.168 0.0000000000
114577  52.267  34.445  23.298 0.0000000000
112503  53.742  31.767  29.593 0.0000000000
112489  53.102  31.102  30.281 0.0000000000
111846  53.506  30.394  30.629 0.0000000000
111192  53.348  29.262  31.513 0.0000000000
111175  53.037  28.639  31.962 0.0000000000
110545  52.454  28.174  32.380 0.0000000000
109819  52.752  27.482  31.953 0.0000000000
111198  41.485  29.510  31.820 0.0000000000
111830  42.085  30.477  31.791 0.0000000000
113115  44.079  32.554  31.753 0.0000000000
111819  44.275  30.502  32.077 0.0000000000
111820  43.687  30.853  32.139 0.0000000000
111828  43.956  30.063  31.780 0.0000000000
111196  43.665  29.596  31.620 0.0000000000
110563  44.198  28.940  31.357 0.0000000000
110581  44.707  28.263  30.968 0.0000000000
109851  45.203  27.793  30.315 0.0000000000
116031  51.546  36.358  17.499 0.0000000000
116033  50.442  36.297  17.523 0.0000000000
115307  47.832  35.386  19.468 0.0000000000
116017  48.539  35.936  19.060 0.0000000000
116018  48.009  36.439  19.708 0.0000000000
116011  46.892  36.498  20.769 0.0000000000
117405  49.398  38.034  28.008 0.0000000000
117398  48.881  38.469  28.651 0.0000000000
118103  48.985  39.249  30.304 0.0000000000
118768  49.656  40.534  31.647 0.0000000000
120106  49.048  42.406  33.784 0.0000000000
119409  49.818  41.687  34.273 0.0000000000
123864  44.952  49.209  32.639 0.0000000000
123884  44.583  48.640  31.532 0.0000000000
123262  44.861  47.606  29.880 0.0000000000
122629  46.158  46.243  28.699 0.0000000000
120164  45.397  42.380  28.753 0.0000000000
120163  45.996  42.429  28.144 0.0000000000
120798  46.119  43.350  28.209 0.0000000000
119493  46.034  41.555  27.421 0.0000000000
118802  46.291  40.690  26.942 0.0000000000
118799  46.055  40.764  28.063 0.0000000000
118119  47.212  39.124  28.484 0.0000000000
118124  47.055  39.252  27.592 0.0000000000
117406  48.450  38.277  27.802 0.0000000000
116646  48.897  37.772  27.247 0.0000000000
111170  53.936  29.188  33.381 0.0000000000
110542  54.251  28.558  32.600 0.0000000000
110540  54.371  28.301  33.740 0.0000000000
108227  54.137  26.038  34.260 0.0000000000
109074  54.100  26.767  33.532 0.0000000000
108234  54.125  26.113  33.320 0.0000000000
108257  54.045  25.425  31.896 0.0000000000
108245  53.817  25.682  32.801 0.0000000000
109042  53.097  25.811  35.972 0.0000000000
108222  53.149  25.701  35.359 0.0000000000
109053  52.705  25.851  35.125 0.0000000000
108260  51.145  25.052  32.555 0.0000000000
108247  51.922  25.470  33.479 0.0000000000
107410  51.487  24.800  31.788 0.0000000000
107409  52.515  24.899  31.609 0.0000000000
107433  51.091  24.188  30.414 0.0000000000
107423  50.808  24.378  31.185 0.0000000000
113896  48.763  33.274  24.890 0.0000000000
113875  49.638  33.390  25.613 0.0000000000
113185  51.062  32.768  25.713 0.0000000000
113852  50.593  33.113  26.372 0.0000000000
113164  51.269  32.824  27.097 0.0000000000
113179  51.885  32.854  26.940 0.0000000000
113892  53.058  33.968  24.934 0.0000000000
113893  52.641  33.279  25.294 0.0000000000
113851  52.540  33.314  27.086 0.0000000000
113177  53.452  32.686  27.991 0.0000000000
113161  53.647  32.376  28.683 0.0000000000
113160  53.918  32.612  28.735 0.0000000000
113792  54.380  32.774  30.074 0.0000000000
112487  54.329  31.273  30.503 0.0000000000
113106  54.324  32.198  30.891 0.0000000000
117396  50.920  38.642  28.805 0.0000000000
117403  51.510  38.516  27.960 0.0000000000
117395  51.837  39.342  28.633 0.0000000000
118107  52.909  39.189  29.058 0.0000000000
116636  52.998  38.434  28.902 0.0000000000
116640  52.979  37.653  28.629 0.0000000000
116637  52.668  37.880  29.311 0.0000000000
117372  50.928  38.436  32.904 0.0000000000
117371  51.523  38.700  32.193 0.0000000000
116629  51.523  37.774  32.409 0.0000000000
115221  52.237  35.404  32.549 0.0000000000
115227  53.031  34.864  30.599 0.0000000000
115224  52.955  34.554  31.345 0.0000000000
113774  53.167  33.157  32.987 0.0000000000
113778  53.227  33.270  32.422 0.0000000000
112455  53.786  32.060  32.523 0.0000000000
113097  54.021  31.980  31.798 0.0000000000
112449  53.892  31.478  32.778 0.0000000000
111808  53.827  30.906  33.082 0.0000000000
112450  53.628  31.651  33.234 0.0000000000
111799  52.814  30.966  35.201 0.0000000000
111803  53.077  31.016  34.530 0.0000000000
111790  53.005  30.209  35.630 0.0000000000
113757  51.804  33.430  36.662 0.0000000000
113077  51.924  32.645  36.370 0.0000000000
113756  52.064  32.989  37.083 0.0000000000
111777  52.342  30.610  38.384 0.0000000000
111150  52.688  29.851  37.724 0.0000000000
110522  52.843  29.130  38.208 0.0000000000
110519  53.071  28.968  38.765 0.0000000000
122651  48.533  46.861  25.379 0.0000000000
122652  47.396  46.930  25.482 0.0000000000
122663  47.741  46.993  24.548 0.0000000000
122073  50.046  47.027  23.924 0.0000000000
121478  51.433  44.612  23.603 0.0000000000
122082  51.315  45.209  23.267 0.0000000000
120840  51.669  43.499  21.944 0.0000000000
120200  52.148  42.433  21.373 0.0000000000
119544  52.186  41.462  21.562 0.0000000000
119499  47.636  42.242  24.822 0.0000000000
119515  47.854  40.928  23.884 0.0000000000
118849  49.476  40.793  22.319 0.0000000000
120182  48.981  42.520  23.720 0.0000000000
120181  49.446  42.531  23.391 0.0000000000
120180  50.196  43.007  23.324 0.0000000000
120831  50.507  43.493  24.012 0.0000000000
120189  50.534  42.605  22.714 0.0000000000
118191  51.547  38.822  20.324 0.0000000000
118178  51.401  39.602  20.846 0.0000000000
118190  52.180  39.234  20.259 0.0000000000
118189  52.615  39.915  20.460 0.0000000000
117486  52.304  37.890  19.223 0.0000000000
116720  52.392  37.626  18.459 0.0000000000
116721  51.831  37.052  18.564 0.0000000000
114613  50.484  34.460  18.250 0.0000000000
113977  49.418  33.093  18.493 0.0000000000
113946  49.987  33.687  21.341 0.0000000000
114600  49.653  34.109  20.956 0.0000000000
111886  50.371  30.471  20.818 0.0000000000
113234  50.029  31.591  20.296 0.0000000000
113235  49.335  31.750  20.208 0.0000000000
112557  49.178  31.374  20.828 0.0000000000
112558  48.484  31.646  21.245 0.0000000000
112550  49.089  31.390  21.651 0.0000000000
113930  49.257  32.768  23.511 0.0000000000
113199  48.885  32.841  23.467 0.0000000000
113913  48.961  33.194  23.722 0.0000000000
113897  48.001  33.623  25.163 0.0000000000
113831  48.450  33.746  28.263 0.0000000000
113809  49.343  33.521  29.046 0.0000000000
113128  49.737  33.079  30.629 0.0000000000
113783  48.662  33.383  30.537 0.0000000000
113110  49.058  33.096  31.122 0.0000000000
113099  47.816  32.408  32.160 0.0000000000
112471  48.662  32.511  31.842 0.0000000000
112456  51.656  30.868  31.906 0.0000000000
112457  51.203  31.094  32.164 0.0000000000
111179  48.861  29.647  32.518 0.0000000000
111815  48.214  30.584  32.608 0.0000000000
110549  47.109  28.903  32.151 0.0000000000
109849  47.469  27.236  30.264 0.0000000000
109832  47.069  27.759  31.059 0.0000000000
109871  45.673  27.572  29.501 0.0000000000
109817  54.494  27.482  32.315 0.0000000000
109825  54.265  27.268  31.633 0.0000000000
109099  53.031  25.865  30.428 0.0000000000
109088  53.531  26.299  31.047 0.0000000000
109089  52.550  26.285  31.092 0.0000000000
107464  51.181  24.799  27.719 0.0000000000
108297  51.793  25.098  28.772 0.0000000000
108310  50.484  25.379  27.752 0.0000000000
114518  45.723  34.272  28.518 0.0000000000
114512  45.229  34.300  28.982 0.0000000000
114517  46.484  34.302  28.843 0.0000000000
114509  47.147  34.062  29.445 0.0000000000
114569  47.000  33.585  24.517 0.0000000000
113915  46.490  33.293  23.929 0.0000000000
113879  45.259  33.999  26.074 0.0000000000
113880  44.540  34.038  26.341 0.0000000000
108175  53.065  26.244  39.727 0.0000000000
109001  52.379  26.448  38.795 0.0000000000
108193  52.363  26.200  39.369 0.0000000000
109003  50.679  26.170  38.929 0.0000000000
109016  49.765  26.496  38.271 0.0000000000
115266  52.100  35.536  24.198 0.0000000000
115265  52.674  35.616  24.495 0.0000000000
115963  52.394  36.265  25.146 0.0000000000
116666  52.850  37.157  25.704 0.0000000000
117326  50.557  37.995  36.276 0.0000000000
115888  50.574  37.127  36.739 0.0000000000
116670  47.729  38.020  25.669 0.0000000000
116679  47.902  37.854  25.112 0.0000000000
116669  48.492  37.435  25.544 0.0000000000
115966  49.242  36.752  25.295 0.0000000000
115977  49.615  35.949  24.254 0.0000000000
115278  49.943  35.111  23.389 0.0000000000
115268  50.525  35.392  24.082 0.0000000000
115267  51.338  35.363  24.223 0.0000000000
111845  53.864  30.382  30.450 0.0000000000
111212  54.128  29.954  30.751 0.0000000000
110557  53.911  28.142  31.375 0.0000000000
113102  44.843  32.044  32.260 0.0000000000
111818  45.192  30.567  32.271 0.0000000000
111194  45.198  29.510  31.991 0.0000000000
115314  50.017  34.968  17.822 0.0000000000
116025  49.928  35.781  17.974 0.0000000000
114615  48.293  34.691  18.779 0.0000000000
115300  47.342  35.439  20.071 0.0000000000
113835  41.345  33.493  28.311 0.0000000000
113817  41.130  33.322  29.491 0.0000000000
118113  47.670  39.178  29.399 0.0000000000
117391  48.414  38.769  29.196 0.0000000000
118092  47.427  39.902  30.884 0.0000000000
120773  44.128  42.991  29.964 0.0000000000
120783  44.370  43.149  29.548 0.0000000000
120150  44.886  42.407  29.323 0.0000000000
119491  45.488  41.534  28.773 0.0000000000
118796  46.233  40.433  28.944 0.0000000000
110538  53.841  28.854  34.820 0.0000000000
110537  54.278  28.136  34.761 0.0000000000
109052  54.598  26.363  34.705 0.0000000000
109066  51.196  26.169  34.539 0.0000000000
108238  50.510  25.924  33.884 0.0000000000
108261  49.995  25.144  32.277 0.0000000000
107412  49.989  24.746  31.740 0.0000000000
113894  50.278  33.060  24.167 0.0000000000
113192  50.832  32.627  24.833 0.0000000000
113826  54.009  32.872  28.365 0.0000000000
113806  54.002  33.447  29.517 0.0000000000
113793  54.039  33.384  30.447 0.0000000000
118100  51.694  40.335  30.152 0.0000000000
118109  51.844  39.888  29.447 0.0000000000
118795  51.978  40.501  30.077 0.0000000000
118099  52.576  39.850  30.443 0.0000000000
115928  51.091  36.697  33.305 0.0000000000
115932  51.381  36.995  32.681 0.0000000000
115222  51.611  36.280  32.743 0.0000000000
114502  52.625  34.623  31.950 0.0000000000
114499  52.675  34.010  32.740 0.0000000000
113779  53.011  33.424  32.927 0.0000000000
113094  53.069  32.742  33.570 0.0000000000
112451  53.107  32.288  33.616 0.0000000000
112440  52.327  31.731  35.693 0.0000000000
113071  51.492  32.572  37.787 0.0000000000
113070  52.065  32.464  37.429 0.0000000000
113061  51.737  31.812  38.142 0.0000000000
112416  52.203  31.315  38.743 0.0000000000
123301  47.522  47.362  26.958 0.0000000000
122661  50.162  46.693  24.642 0.0000000000
122660  50.938  46.412  24.792 0.0000000000
122076  51.403  45.390  24.067 0.0000000000
122616  47.722  47.017  29.394 0.0000000000
122049  47.833  45.564  28.501 0.0000000000
121426  48.234  45.008  27.997 0.0000000000
118169  48.224  39.423  22.824 0.0000000000
118834  48.122  40.421  23.312 0.0000000000
118850  48.738  40.276  22.432 0.0000000000
118863  49.190  40.256  21.954 0.0000000000
118862  49.808  40.306  21.675 0.0000000000
118848  50.374  41.051  22.076 0.0000000000
118179  50.241  39.540  21.148 0.0000000000
117463  50.745  38.784  20.592 0.0000000000
117474  51.107  38.217  19.863 0.0000000000
116722  51.398  37.003  19.019 0.0000000000
116712  50.721  37.134  19.576 0.0000000000
115298  50.270  35.485  19.623 0.0000000000
115305  49.990  34.443  19.130 0.0000000000
113944  51.319  32.871  22.117 0.0000000000
113955  50.610  32.368  21.049 0.0000000000
113227  51.001  31.640  21.283 0.0000000000
111879  51.039  30.835  21.271 0.0000000000
111874  49.965  30.542  21.467 0.0000000000
112541  49.756  31.065  22.160 0.0000000000
112533  49.992  31.411  23.123 0.0000000000
113928  49.717  32.210  23.586 0.0000000000
113808  50.537  33.390  28.958 0.0000000000
113127  50.474  33.087  30.133 0.0000000000
113109  50.147  32.609  31.059 0.0000000000
111177  50.882  29.456  32.670 0.0000000000
109823  48.430  28.037  31.774 0.0000000000
109831  48.204  27.432  31.301 0.0000000000
109848  48.095  27.115  30.576 0.0000000000
108256  54.415  25.761  31.511 0.0000000000
109087  54.259  26.231  31.096 0.0000000000
109097  54.159  25.709  30.512 0.0000000000
108272  53.453  25.497  29.933 0.0000000000
108273  52.454  25.570  29.801 0.0000000000
113787  45.335  33.321  30.946 0.0000000000
113237  47.126  32.645  20.108 0.0000000000
113957  46.365  32.983  20.674 0.0000000000
113230  46.198  33.014  21.376 0.0000000000
113933  45.721  32.994  22.994 0.0000000000
114546  44.170  34.200  26.707 0.0000000000
114532  43.760  34.117  27.166 0.0000000000
113833  43.238  33.777  27.686 0.0000000000
120784  43.462  43.560  29.650 0.0000000000
120774  43.810  43.098  30.065 0.0000000000
119475  44.550  41.992  30.591 0.0000000000
109783  54.263  27.124  37.585 0.0000000000
109023  54.634  26.434  36.552 0.0000000000
109011  54.286  26.738  37.410 0.0000000000
109025  52.892  26.439  37.024 0.0000000000
109043  51.963  26.556  36.352 0.0000000000
109014  51.776  26.515  38.077 0.0000000000
109801  51.577  26.740  36.852 0.0000000000
109055  51.017  26.404  35.379 0.0000000000
109068  49.110  26.546  34.526 0.0000000000
113216  52.132  32.516  23.098 0.0000000000
113205  52.365  32.515  23.765 0.0000000000
113927  52.690  33.132  23.518 0.0000000000
115264  53.121  35.416  24.680 0.0000000000
114555  53.503  34.732  25.628 0.0000000000
115236  53.257  35.719  27.415 0.0000000000
119417  51.298  41.191  33.903 0.0000000000
119429  52.090  40.996  32.487 0.0000000000
118733  51.305  40.668  33.443 0.0000000000
118049  50.556  39.216  33.410 0.0000000000
117350  50.629  38.408  33.776 0.0000000000
117335  50.694  37.774  34.756 0.0000000000
116615  50.816  37.547  33.549 0.0000000000
115912  51.016  36.278  34.038 0.0000000000
115209  51.148  35.498  34.404 0.0000000000
114487  51.652  34.322  34.757 0.0000000000
113770  51.852  33.674  34.985 0.0000000000
114465  51.415  33.895  37.159 0.0000000000
112418  50.750  31.620  38.644 0.0000000000
123298  50.140  47.050  27.352 0.0000000000
120170  46.934  42.277  26.280 0.0000000000
120174  47.220  42.313  25.845 0.0000000000
118811  46.747  40.652  25.242 0.0000000000
118821  46.926  40.526  24.795 0.0000000000
118160  47.557  39.907  23.885 0.0000000000
117436  47.830  38.206  24.327 0.0000000000
117446  47.938  38.527  23.762 0.0000000000
118159  47.810  39.477  23.520 0.0000000000
117456  48.383  38.346  22.597 0.0000000000
116000  49.260  36.225  21.398 0.0000000000
115991  49.131  35.656  22.179 0.0000000000
114592  49.840  34.150  22.083 0.0000000000
114579  50.416  34.451  22.973 0.0000000000
114591  50.853  33.758  22.510 0.0000000000
113217  51.699  32.480  22.555 0.0000000000
112467  52.746  30.850  30.912 0.0000000000
111827  52.317  30.415  31.558 0.0000000000
111193  52.482  29.871  31.628 0.0000000000
109084  50.942  26.878  31.835 0.0000000000
107445  51.941  24.476  29.478 0.0000000000
110566  41.294  28.619  31.732 0.0000000000
113789  43.230  32.993  31.169 0.0000000000
113116  43.149  32.120  31.680 0.0000000000
112472  43.350  31.277  31.972 0.0000000000
113103  43.992  31.867  32.233 0.0000000000
110565  42.235  28.753  31.541 0.0000000000
110583  42.758  28.236  30.959 0.0000000000
109873  43.634  27.451  29.565 0.0000000000
116026  49.232  36.296  18.598 0.0000000000
116733  49.180  36.989  18.610 0.0000000000
113966  46.284  33.519  20.667 0.0000000000
114609  46.729  34.486  20.399 0.0000000000
116652  50.474  37.302  26.585 0.0000000000
117404  50.445  38.174  28.021 0.0000000000
117390  49.195  38.805  29.489 0.0000000000
117382  49.962  39.226  29.887 0.0000000000
118110  50.814  39.468  29.829 0.0000000000
118101  51.089  40.041  30.494 0.0000000000
118767  50.663  40.881  31.602 0.0000000000
119418  50.774  41.597  33.674 0.0000000000
119408  50.758  41.239  34.388 0.0000000000
118718  50.265  40.063  35.088 0.0000000000
123240  46.667  48.253  31.113 0.0000000000
123241  45.353  48.247  30.756 0.0000000000
123261  46.054  47.742  29.947 0.0000000000
122617  46.673  47.034  29.276 0.0000000000
122050  46.770  45.387  28.460 0.0000000000
121441  47.049  44.129  27.930 0.0000000000
120800  44.562  43.855  28.942 0.0000000000
119496  46.476  41.552  26.495 0.0000000000
118128  46.651  39.858  26.446 0.0000000000
117413  46.957  39.165  26.390 0.0000000000
118127  46.988  39.413  26.908 0.0000000000
116655  47.592  38.272  26.229 0.0000000000
116654  48.141  37.844  26.580 0.0000000000
116653  49.280  37.306  26.390 0.0000000000
109815  54.101  27.054  33.557 0.0000000000
109073  54.431  26.720  33.036 0.0000000000
108267  54.127  25.145  31.039 0.0000000000
107420  53.689  24.724  30.491 0.0000000000
109041  54.303  25.780  35.932 0.0000000000
108228  53.719  25.778  34.592 0.0000000000
109075  51.921  25.835  33.938 0.0000000000
108236  52.805  25.775  34.130 0.0000000000
108246  52.929  25.534  33.157 0.0000000000
108258  53.204  25.271  32.227 0.0000000000
107421  52.786  24.682  30.745 0.0000000000
107432  52.014  24.324  30.202 0.0000000000
113877  47.656  33.930  25.989 0.0000000000
113828  51.300  32.857  28.287 0.0000000000
113196  52.132  32.496  24.541 0.0000000000
113190  52.251  32.802  25.693 0.0000000000
113183  52.303  32.975  26.609 0.0000000000
113143  52.540  32.247  28.767 0.0000000000
112512  53.522  32.112  29.132 0.0000000000
113141  53.990  32.307  29.354 0.0000000000
112502  54.219  31.676  29.857 0.0000000000
116643  52.069  38.139  27.155 0.0000000000
117410  52.847  38.415  26.850 0.0000000000
117409  53.338  38.572  27.191 0.0000000000
118117  52.443  39.374  28.675 0.0000000000
117401  53.183  38.728  28.027 0.0000000000
116642  53.620  37.956  27.427 0.0000000000
115942  52.873  37.113  28.494 0.0000000000
115234  52.887  36.624  28.610 0.0000000000
118742  52.108  40.652  32.120 0.0000000000
118087  52.224  39.601  31.133 0.0000000000
117381  52.296  38.886  30.614 0.0000000000
116632  51.869  37.919  31.080 0.0000000000
116634  52.464  37.924  30.209 0.0000000000
115937  52.252  36.980  29.706 0.0000000000
115231  52.657  36.224  29.229 0.0000000000
115230  53.087  35.165  29.606 0.0000000000
114501  53.129  33.869  31.881 0.0000000000
113782  53.819  33.055  31.372 0.0000000000
113107  53.987  32.419  31.536 0.0000000000
111810  54.320  30.651  32.154 0.0000000000
111174  54.022  30.479  32.724 0.0000000000
111171  53.656  30.130  33.228 0.0000000000
111167  53.678  29.702  34.223 0.0000000000
112444  53.229  31.430  33.750 0.0000000000
111162  53.466  29.496  35.294 0.0000000000
110534  53.929  28.282  35.725 0.0000000000
110527  53.482  28.321  36.960 0.0000000000
113085  51.789  33.037  35.829 0.0000000000
111156  52.577  30.171  37.003 0.0000000000
111149  53.006  29.002  37.509 0.0000000000
109788  53.842  27.500  37.407 0.0000000000
109778  53.299  27.578  39.544 0.0000000000
108989  53.311  26.863  40.107 0.0000000000
122083  50.971  45.477  22.521 0.0000000000
122077  50.948  45.896  23.532 0.0000000000
121494  51.239  44.844  21.903 0.0000000000
120851  51.680  43.312  20.765 0.0000000000
120213  52.458  41.508  20.524 0.0000000000
118874  52.831  40.325  20.139 0.0000000000
122636  50.094  46.746  27.909 0.0000000000
122061  50.466  45.971  26.818 0.0000000000
120173  47.550  42.497  25.482 0.0000000000
120823  47.903  43.141  25.734 0.0000000000
119514  48.655  41.773  23.593 0.0000000000
121461  50.649  44.595  25.633 0.0000000000
122067  50.980  45.212  26.231 0.0000000000
121471  51.012  44.632  25.144 0.0000000000
120830  51.218  44.026  24.001 0.0000000000
120188  51.574  42.574  22.306 0.0000000000
119529  50.889  41.841  22.286 0.0000000000
119528  51.574  41.755  22.034 0.0000000000
118859  52.513  40.563  20.852 0.0000000000
118204  52.601  39.414  19.667 0.0000000000
115320  51.425  35.654  17.615 0.0000000000
116024  51.581  35.807  18.203 0.0000000000
114621  51.252  35.207  17.737 0.0000000000
114632  50.726  34.741  17.670 0.0000000000
113978  49.002  33.268  18.209 0.0000000000
113244  47.984  32.614  19.235 0.0000000000
114607  49.900  33.814  19.919 0.0000000000
113963  50.256  31.937  20.520 0.0000000000
113964  49.856  32.648  20.024 0.0000000000
113971  49.563  32.768  19.115 0.0000000000
113250  49.233  32.608  19.000 0.0000000000
113243  48.844  32.256  19.432 0.0000000000
113228  47.672  31.872  21.499 0.0000000000
113210  47.284  32.574  22.825 0.0000000000
112542  48.843  31.600  22.582 0.0000000000
113209  48.078  32.668  23.171 0.0000000000
113931  47.469  32.791  23.365 0.0000000000
113914  47.769  33.230  24.024 0.0000000000
113832  47.643  34.087  28.690 0.0000000000
113795  49.243  33.449  30.100 0.0000000000
113796  48.227  33.514  30.080 0.0000000000
113785  47.314  33.448  30.935 0.0000000000
112469  50.735  31.803  31.652 0.0000000000
111813  50.520  30.452  32.488 0.0000000000
112459  48.754  31.619  32.345 0.0000000000
111816  47.093  30.562  32.616 0.0000000000
111181  46.615  29.743  32.429 0.0000000000
110560  47.547  28.196  31.652 0.0000000000
109833  46.505  27.887  31.040 0.0000000000
110579  46.234  27.963  31.030 0.0000000000
109818  53.564  27.582  31.557 0.0000000000
109828  52.084  26.831  31.722 0.0000000000
109091  50.119  26.705  31.106 0.0000000000
108296  52.309  25.033  29.213 0.0000000000
108287  51.775  25.426  29.164 0.0000000000
108299  50.568  25.699  28.044 0.0000000000
109133  50.736  25.711  28.692 0.0000000000
108275  50.920  25.727  29.425 0.0000000000
109101  50.648  25.917  30.021 0.0000000000
109092  48.917  26.796  30.862 0.0000000000
109103  48.301  26.763  30.097 0.0000000000
109004  49.694  25.938  39.006 0.0000000000
109029  48.818  26.766  37.566 0.0000000000
109030  47.827  26.469  37.724 0.0000000000
109046  48.907  26.688  36.576 0.0000000000
107442  54.059  25.283  29.657 0.0000000000
107443  53.627  25.072  29.661 0.0000000000
107453  52.047  24.912  29.059 0.0000000000
107463  51.533  24.925  28.019 0.0000000000
108192  52.720  26.485  39.255 0.0000000000
108221  53.690  25.657  35.326 0.0000000000
108229  53.128  25.731  34.895 0.0000000000
108237  52.214  25.831  33.970 0.0000000000
108239  49.971  25.927  33.909 0.0000000000
108266  54.226  25.503  30.681 0.0000000000
108268  49.725  24.785  31.723 0.0000000000
108271  54.170  25.385  30.019 0.0000000000
108274  51.476  25.687  29.601 0.0000000000
108284  54.249  25.300  29.840 0.0000000000
108285  53.835  25.225  29.708 0.0000000000
108288  51.017  25.664  29.104 0.0000000000
108308  51.606  24.915  28.275 0.0000000000
108309  51.435  25.176  27.994 0.0000000000
109005  48.723  25.876  39.176 0.0000000000
109040  54.984  26.223  35.629 0.0000000000
109058  48.011  26.296  35.749 0.0000000000
109062  53.942  26.568  33.885 0.0000000000
109063  53.928  26.763  33.676 0.0000000000
109065  52.128  25.979  34.440 0.0000000000
109067  50.091  26.329  34.364 0.0000000000
109076  51.411  25.883  33.895 0.0000000000
109085  50.338  27.099  31.697 0.0000000000
109149  50.270  25.726  27.947 0.0000000000
109787  54.573  27.095  37.041 0.0000000000
109789  51.846  26.573  37.194 0.0000000000
109790  51.633  26.689  37.146 0.0000000000
109800  51.877  26.570  36.945 0.0000000000
109812  53.872  26.964  33.838 0.0000000000
110543  53.721  27.916  31.482 0.0000000000
110551  45.555  29.291  32.066 0.0000000000
110558  53.527  28.543  31.623 0.0000000000
111807  53.997  31.210  32.718 0.0000000000
111811  54.075  30.849  32.663 0.0000000000
111872  51.015  30.912  21.739 0.0000000000
111873  50.423  30.675  21.593 0.0000000000
111880  50.810  30.482  20.999 0.0000000000
111881  50.182  30.345  21.028 0.0000000000
111885  50.481  30.602  20.707 0.0000000000
112401  51.669  31.381  39.296 0.0000000000
112464  43.898  31.231  32.258 0.0000000000
112468  52.064  31.156  31.400 0.0000000000
112513  53.124  31.982  28.814 0.0000000000
112524  51.968  32.248  24.165 0.0000000000
112530  51.992  32.195  23.895 0.0000000000
112538  51.888  32.241  23.355 0.0000000000
112547  51.107  31.290  21.615 0.0000000000
112548  51.057  30.980  20.958 0.0000000000
112551  48.345  31.692  21.991 0.0000000000
112555  50.568  30.856  20.620 0.0000000000
112556  49.963  30.727  20.510 0.0000000000
113054  51.548  31.544  38.831 0.0000000000
113078  51.746  33.173  36.137 0.0000000000
113176  53.819  32.620  28.327 0.0000000000
113180  51.315  32.792  26.453 0.0000000000
113206  50.067  31.984  23.602 0.0000000000
113207  49.539  31.884  23.471 0.0000000000
113208  48.943  32.320  23.350 0.0000000000
113218  48.460  32.189  22.794 0.0000000000
113219  47.884  32.198  22.397 0.0000000000
113252  48.329  32.990  18.480 0.0000000000
113749  52.058  32.911  37.344 0.0000000000
113769  52.221  33.530  34.484 0.0000000000
113784  48.131  33.363  30.753 0.0000000000
113798  46.735  33.776  30.198 0.0000000000
113811  47.494  33.843  29.551 0.0000000000
113812  47.137  33.799  29.906 0.0000000000
113813  45.428  34.215  29.494 0.0000000000
113858  44.597  34.111  26.835 0.0000000000
113911  49.999  32.632  23.615 0.0000000000
113912  49.657  33.111  23.627 0.0000000000
113929  49.482  32.440  23.531 0.0000000000
113942  52.814  33.765  23.055 0.0000000000
113943  52.339  33.279  22.886 0.0000000000
113954  51.003  32.160  21.637 0.0000000000
113965  46.729  33.567  20.145 0.0000000000
113979  48.412  33.489  18.461 0.0000000000
114479  49.910  36.092  35.004 0.0000000000
114488  50.033  36.254  34.644 0.0000000000
114506  46.389  34.126  29.902 0.0000000000
114510  46.806  34.090  29.611 0.0000000000
114544  47.496  34.061  25.610 0.0000000000
114556  47.509  33.992  25.332 0.0000000000
114557  47.008  34.100  25.050 0.0000000000
114576  52.947  34.346  23.608 0.0000000000
114589  52.683  33.984  22.973 0.0000000000
114608  47.253  34.866  19.962 0.0000000000
114622  50.919  34.709  17.767 0.0000000000
114625  48.144  33.974  18.683 0.0000000000
114630  51.213  35.355  17.557 0.0000000000
114631  51.045  35.085  17.561 0.0000000000
115175  51.105  34.678  37.078 0.0000000000
115210  50.294  35.964  34.265 0.0000000000
115312  51.498  35.508  17.841 0.0000000000
115313  51.378  35.241  18.127 0.0000000000
115315  49.246  35.106  18.523 0.0000000000
115321  51.195  35.607  17.377 0.0000000000
115929  50.931  37.160  33.145 0.0000000000
115933  51.023  37.027  32.927 0.0000000000
115962  53.049  36.475  25.508 0.0000000000
115974  52.266  35.869  24.585 0.0000000000
116001  48.878  36.713  21.954 0.0000000000
116008  50.559  35.908  19.648 0.0000000000
116015  51.699  36.482  18.365 0.0000000000
116016  51.331  36.198  18.686 0.0000000000
116032  51.075  36.186  17.177 0.0000000000
116614  50.857  37.007  34.067 0.0000000000
116647  48.349  38.001  27.227 0.0000000000
116705  49.076  37.105  21.715 0.0000000000
116731  52.230  36.984  18.154 0.0000000000
116732  49.802  36.927  18.107 0.0000000000
116746  50.826  36.900  17.505 0.0000000000
117370  51.781  38.837  31.817 0.0000000000
117379  51.953  38.860  31.395 0.0000000000
117383  49.663  39.158  29.888 0.0000000000
117385  52.963  38.890  29.035 0.0000000000
117387  51.665  39.561  29.071 0.0000000000
117389  50.218  39.051  29.573 0.0000000000
117393  53.052  38.817  28.646 0.0000000000
117394  52.311  39.196  28.413 0.0000000000
117407  47.646  38.647  27.758 0.0000000000
117412  47.469  38.703  26.810 0.0000000000
117447  47.612  39.165  24.082 0.0000000000
117473  51.953  38.389  19.807 0.0000000000
118048  50.935  39.903  33.062 0.0000000000
118068  51.834  39.654  31.880 0.0000000000
118070  50.715  39.243  32.860 0.0000000000
118088  50.802  40.387  31.064 0.0000000000
118089  50.268  40.127  31.051 0.0000000000
118111  50.336  39.327  29.873 0.0000000000
118112  48.436  39.081  29.733 0.0000000000
118116  52.873  39.160  28.711 0.0000000000
118118  52.048  39.609  28.878 0.0000000000
118122  52.894  39.104  28.323 0.0000000000
118123  52.648  39.118  28.317 0.0000000000
118134  46.899  39.258  25.217 0.0000000000
118135  46.704  39.952  25.621 0.0000000000
118176  52.505  40.143  20.731 0.0000000000
118177  52.238  39.964  20.798 0.0000000000
118205  52.372  38.662  19.606 0.0000000000
118717  50.418  39.897  34.969 0.0000000000
118724  51.182  40.671  34.086 0.0000000000
118726  50.046  40.731  34.845 0.0000000000
118743  51.603  40.451  32.591 0.0000000000
118766  51.482  41.053  31.417 0.0000000000
118786  52.212  40.545  30.573 0.0000000000
118788  51.196  40.549  31.108 0.0000000000
118794  52.267  40.344  29.856 0.0000000000
118800  45.792  40.847  28.782 0.0000000000
118820  47.328  40.474  24.367 0.0000000000
118847  51.352  41.136  21.863 0.0000000000
119451  51.216  41.369  31.872 0.0000000000
119473  51.965  41.200  31.164 0.0000000000
119498  47.834  42.511  24.581 0.0000000000
119500  47.028  41.660  25.469 0.0000000000
119502  47.892  42.376  24.212 0.0000000000
119503  47.566  41.511  24.392 0.0000000000
119513  49.273  42.046  23.255 0.0000000000
119556  52.607  41.057  20.517 0.0000000000
120134  44.181  42.672  30.210 0.0000000000
120151  44.484  42.601  29.757 0.0000000000
120169  47.428  42.789  26.133 0.0000000000
120190  49.900  42.602  22.929 0.0000000000
120199  52.580  41.649  20.951 0.0000000000
120810  46.803  43.510  27.475 0.0000000000
120816  48.443  43.875  26.315 0.0000000000
120817  47.787  43.690  26.607 0.0000000000
120820  50.469  44.338  25.234 0.0000000000
120825  51.123  44.308  24.460 0.0000000000
120832  49.916  42.996  23.957 0.0000000000
121449  50.226  45.110  26.365 0.0000000000
121460  51.227  45.059  25.495 0.0000000000
121486  51.163  45.044  22.124 0.0000000000
121493  51.335  44.470  21.388 0.0000000000
122056  50.161  46.385  27.513 0.0000000000
122070  51.381  45.659  24.978 0.0000000000
122072  50.656  46.507  24.104 0.0000000000
122078  50.220  46.462  23.461 0.0000000000
122079  49.567  46.790  23.499 0.0000000000
122089  51.020  45.202  21.499 0.0000000000
122615  48.605  47.130  29.359 0.0000000000
122635  50.269  46.670  27.332 0.0000000000
122638  50.922  46.318  25.953 0.0000000000
122649  50.559  46.492  25.440 0.0000000000
122659  51.327  46.167  24.873 0.0000000000
122676  50.420  45.740  22.426 0.0000000000
123285  50.175  46.988  27.662 0.0000000000
123286  49.816  47.317  28.013 0.0000000000
123845  44.543  49.356  33.091 0.0000000000
123915  49.121  48.326  28.809 0.0000000000
136566  50.456  36.605  34.839 0.0000000000
136567  50.224  36.416  34.991 0.0000000000
136568  50.688  36.931  35.124 0.0000000000
