#!ascii label  , from subject 3165 vox2ras=TkReg
1836
42288  10.746  -36.261  63.937 0.0000000000
71358  43.958  -10.961  42.211 0.0000000000
52162  29.705  -28.408  54.937 0.0000000000
56346  38.308  -24.735  60.834 0.0000000000
48880  20.980  -31.680  54.004 0.0000000000
45478  20.338  -34.380  63.337 0.0000000000
79001  55.051  -3.509  34.343 0.0000000000
75622  55.197  -6.376  44.742 0.0000000000
64345  39.125  -15.354  52.288 0.0000000000
86825  52.505  3.138  24.990 0.0000000000
48819  27.816  -30.871  58.955 0.0000000000
44443  14.801  -34.519  63.563 0.0000000000
78923  55.517  -4.252  40.003 0.0000000000
75697  50.113  -7.037  39.070 0.0000000000
67935  45.202  -13.882  46.018 0.0000000000
69141  50.214  -12.333  45.987 0.0000000000
67919  40.637  -15.214  46.815 0.0000000000
55325  37.146  -24.647  53.541 0.0000000000
52119  35.559  -28.766  57.087 0.0000000000
45613  24.949  -33.614  57.622 0.0000000000
43395  24.211  -36.342  62.042 0.0000000000
46642  20.411  -33.607  58.265 0.0000000000
46644  14.649  -33.576  59.148 0.0000000000
51156  25.371  -29.119  54.078 0.0000000000
84550  57.877  0.763  34.318 0.0000000000
82446  58.981  -0.655  39.762 0.0000000000
73517  49.079  -8.803  43.358 0.0000000000
69002  41.148  -13.917  53.645 0.0000000000
59880  40.576  -20.939  56.369 0.0000000000
83595  54.281  0.592  29.497 0.0000000000
85671  58.094  1.760  28.559 0.0000000000
84661  59.114  1.628  25.722 0.0000000000
44495  27.932  -34.847  59.706 0.0000000000
44431  12.699  -35.442  63.773 0.0000000000
45452  14.890  -35.108  66.077 0.0000000000
44376  12.716  -35.504  66.458 0.0000000000
76771  50.222  -6.422  37.256 0.0000000000
67844  45.349  -14.514  49.329 0.0000000000
67864  47.971  -13.737  48.802 0.0000000000
40174  7.201  -38.376  67.020 0.0000000000
66754  40.317  -14.712  43.495 0.0000000000
53208  30.152  -27.538  52.818 0.0000000000
53206  33.320  -27.185  53.655 0.0000000000
51113  32.937  -29.770  55.900 0.0000000000
47780  22.948  -32.355  56.329 0.0000000000
46661  22.281  -33.270  57.767 0.0000000000
46727  20.534  -32.672  55.682 0.0000000000
50061  23.068  -30.198  53.897 0.0000000000
48845  24.984  -31.311  56.779 0.0000000000
44455  22.135  -34.792  62.548 0.0000000000
82526  56.138  -0.868  34.553 0.0000000000
85608  59.604  0.784  37.063 0.0000000000
81400  57.330  -1.409  37.283 0.0000000000
75662  56.174  -5.857  42.240 0.0000000000
78896  57.288  -3.358  41.855 0.0000000000
73579  44.526  -9.413  40.411 0.0000000000
73577  46.655  -8.785  40.469 0.0000000000
72432  46.436  -9.838  42.775 0.0000000000
67833  36.740  -14.838  50.245 0.0000000000
69077  38.019  -14.335  49.476 0.0000000000
69005  39.398  -14.467  53.018 0.0000000000
55273  38.655  -24.744  57.173 0.0000000000
57518  39.125  -23.069  55.125 0.0000000000
57476  40.287  -22.869  59.484 0.0000000000
79026  52.834  -3.276  31.687 0.0000000000
82554  52.663  -0.786  29.760 0.0000000000
81470  54.701  -1.525  31.544 0.0000000000
83577  56.235  0.297  31.636 0.0000000000
85760  57.879  2.496  23.212 0.0000000000
84688  55.837  1.628  24.183 0.0000000000
84633  58.779  2.094  27.113 0.0000000000
84651  55.541  1.560  26.510 0.0000000000
51095  28.665  -29.407  57.490 0.0000000000
50009  31.190  -29.675  58.288 0.0000000000
51031  30.074  -30.584  60.112 0.0000000000
45481  17.368  -34.626  63.242 0.0000000000
44386  20.588  -34.737  66.099 0.0000000000
44389  17.656  -34.781  65.917 0.0000000000
76819  52.621  -5.341  34.365 0.0000000000
78963  55.750  -3.842  36.925 0.0000000000
77825  53.089  -5.365  36.849 0.0000000000
76745  52.651  -6.195  39.237 0.0000000000
74630  52.832  -7.661  41.162 0.0000000000
70234  44.610  -12.255  43.728 0.0000000000
71307  46.637  -11.264  44.543 0.0000000000
69129  47.724  -13.148  46.110 0.0000000000
63250  39.511  -17.501  51.182 0.0000000000
57434  39.370  -23.039  62.857 0.0000000000
42290  8.814  -37.021  64.010 0.0000000000
43345  10.759  -36.534  66.635 0.0000000000
42242  8.983  -37.344  67.292 0.0000000000
69202  42.351  -12.499  41.823 0.0000000000
67977  42.555  -13.758  43.448 0.0000000000
67917  42.579  -14.698  46.706 0.0000000000
67829  42.579  -15.203  49.837 0.0000000000
55353  34.342  -24.906  51.849 0.0000000000
54167  36.210  -26.158  55.163 0.0000000000
54101  36.777  -26.235  59.490 0.0000000000
49963  34.355  -29.860  59.681 0.0000000000
53049  35.638  -27.990  61.084 0.0000000000
43412  26.701  -35.512  59.525 0.0000000000
41296  26.170  -37.542  60.969 0.0000000000
43415  24.481  -35.616  59.706 0.0000000000
45544  22.106  -34.206  59.913 0.0000000000
46619  20.240  -34.342  60.804 0.0000000000
46713  17.210  -32.838  56.182 0.0000000000
46691  17.098  -34.058  57.975 0.0000000000
45549  17.475  -34.282  60.520 0.0000000000
45552  14.512  -34.351  60.811 0.0000000000
45500  12.062  -34.491  61.209 0.0000000000
44465  10.049  -35.377  61.690 0.0000000000
54201  28.128  -27.249  52.726 0.0000000000
53213  26.291  -27.428  52.133 0.0000000000
52165  26.972  -28.504  54.613 0.0000000000
48843  26.609  -30.392  56.680 0.0000000000
46658  26.536  -32.249  57.943 0.0000000000
82479  59.763  -0.954  37.596 0.0000000000
81352  57.235  -2.216  39.969 0.0000000000
74675  47.256  -7.297  38.845 0.0000000000
73574  49.804  -8.190  40.698 0.0000000000
74588  52.793  -8.351  44.425 0.0000000000
72400  48.815  -9.738  45.045 0.0000000000
74566  51.625  -8.536  45.907 0.0000000000
67923  37.052  -14.984  46.793 0.0000000000
69056  40.428  -14.489  50.275 0.0000000000
67774  43.054  -14.816  53.378 0.0000000000
59920  40.270  -20.415  53.587 0.0000000000
62183  41.696  -18.071  54.396 0.0000000000
59835  40.967  -20.821  60.805 0.0000000000
62140  42.459  -18.861  57.947 0.0000000000
65458  41.215  -15.252  54.917 0.0000000000
67717  40.390  -13.938  56.420 0.0000000000
70085  43.100  -13.215  56.715 0.0000000000
84637  53.562  1.222  27.391 0.0000000000
85664  55.131  1.715  29.012 0.0000000000
85644  57.927  1.428  31.029 0.0000000000
44494  28.756  -34.889  59.961 0.0000000000
43373  11.386  -35.830  63.801 0.0000000000
44413  12.566  -35.577  64.841 0.0000000000
43363  11.667  -35.960  64.895 0.0000000000
66650  45.807  -15.180  51.276 0.0000000000
67825  47.074  -14.366  50.733 0.0000000000
40176  5.360  -38.108  66.422 0.0000000000
52206  30.104  -28.062  53.703 0.0000000000
51166  31.605  -28.337  53.904 0.0000000000
51135  31.382  -28.908  55.120 0.0000000000
48862  21.841  -31.884  54.792 0.0000000000
47802  21.300  -32.474  55.587 0.0000000000
47803  20.322  -32.243  54.823 0.0000000000
50085  22.702  -29.528  52.557 0.0000000000
48897  22.062  -30.648  53.475 0.0000000000
48861  22.906  -31.562  54.909 0.0000000000
45490  21.530  -34.553  62.802 0.0000000000
45466  21.530  -34.418  64.185 0.0000000000
80220  55.606  -2.311  34.263 0.0000000000
81437  56.687  -1.488  35.844 0.0000000000
78988  56.295  -2.866  35.632 0.0000000000
75632  55.780  -6.044  43.454 0.0000000000
77733  56.521  -4.735  43.736 0.0000000000
72457  44.277  -10.138  41.333 0.0000000000
73557  45.360  -9.767  41.029 0.0000000000
72434  45.277  -10.277  42.051 0.0000000000
65516  37.812  -15.659  50.605 0.0000000000
66629  37.621  -14.993  51.700 0.0000000000
67812  38.004  -14.824  51.600 0.0000000000
66601  39.029  -15.111  53.240 0.0000000000
56371  38.459  -24.732  58.881 0.0000000000
56370  39.280  -24.305  58.368 0.0000000000
56345  38.877  -24.088  60.392 0.0000000000
79016  53.615  -3.265  32.687 0.0000000000
80246  53.591  -2.476  31.566 0.0000000000
80229  54.544  -2.504  32.919 0.0000000000
81464  55.637  -1.200  33.093 0.0000000000
85763  54.765  2.129  23.688 0.0000000000
85748  54.199  1.923  24.457 0.0000000000
84664  55.608  1.408  25.639 0.0000000000
84666  53.811  1.616  25.729 0.0000000000
50023  28.408  -29.876  58.138 0.0000000000
51072  29.104  -29.867  58.638 0.0000000000
49991  28.794  -30.548  59.696 0.0000000000
44441  16.518  -34.758  63.719 0.0000000000
44425  18.043  -34.514  64.699 0.0000000000
44427  15.939  -35.012  64.397 0.0000000000
44374  15.174  -35.467  66.916 0.0000000000
44373  16.693  -35.403  66.832 0.0000000000
76820  51.680  -5.726  34.269 0.0000000000
76804  52.627  -5.552  35.316 0.0000000000
76805  51.568  -6.038  35.327 0.0000000000
76757  50.511  -6.733  38.295 0.0000000000
76756  51.424  -6.376  38.538 0.0000000000
75705  51.387  -6.477  39.133 0.0000000000
75682  52.922  -6.815  40.529 0.0000000000
75684  51.573  -6.867  40.144 0.0000000000
69147  44.792  -13.422  44.856 0.0000000000
69145  46.480  -12.875  45.270 0.0000000000
69131  46.028  -13.616  46.062 0.0000000000
77867  51.532  -5.027  33.206 0.0000000000
42274  8.663  -37.289  65.151 0.0000000000
41230  8.257  -37.947  66.014 0.0000000000
70292  40.689  -12.595  40.754 0.0000000000
69187  41.853  -12.978  42.403 0.0000000000
67997  41.172  -13.441  42.637 0.0000000000
66714  39.981  -15.387  45.162 0.0000000000
66713  40.940  -15.293  45.160 0.0000000000
67918  41.594  -15.013  46.788 0.0000000000
67869  42.914  -14.323  48.382 0.0000000000
67871  41.078  -14.730  48.269 0.0000000000
55354  33.171  -25.319  51.771 0.0000000000
53162  34.727  -27.791  55.168 0.0000000000
54182  34.584  -26.871  54.443 0.0000000000
54152  35.946  -27.371  56.251 0.0000000000
54135  36.747  -26.351  57.094 0.0000000000
53127  36.239  -27.271  58.084 0.0000000000
49966  31.677  -29.864  59.948 0.0000000000
49988  32.712  -30.239  59.057 0.0000000000
49920  33.213  -30.098  61.322 0.0000000000
52034  35.571  -28.956  62.183 0.0000000000
53017  36.657  -27.573  62.575 0.0000000000
44526  26.155  -34.455  58.722 0.0000000000
43414  25.359  -35.822  59.536 0.0000000000
44527  24.987  -34.697  58.535 0.0000000000
46663  20.951  -33.338  57.836 0.0000000000
45569  22.413  -33.968  59.180 0.0000000000
45571  20.896  -33.821  59.448 0.0000000000
45545  21.269  -34.311  60.493 0.0000000000
45572  20.012  -34.119  59.019 0.0000000000
47806  17.266  -31.902  54.698 0.0000000000
46694  14.210  -32.654  57.272 0.0000000000
46692  16.514  -33.370  57.490 0.0000000000
46667  15.547  -33.524  58.547 0.0000000000
45598  17.003  -34.332  58.915 0.0000000000
45576  15.863  -34.059  59.667 0.0000000000
45551  15.596  -34.309  60.668 0.0000000000
45577  15.047  -33.928  59.926 0.0000000000
45501  11.240  -34.650  61.169 0.0000000000
54249  28.755  -25.967  51.102 0.0000000000
54227  27.817  -26.371  51.726 0.0000000000
51181  24.997  -28.764  52.726 0.0000000000
52207  25.776  -28.514  53.238 0.0000000000
53188  26.603  -27.666  52.980 0.0000000000
51155  26.113  -28.906  54.405 0.0000000000
51119  27.060  -29.163  55.737 0.0000000000
50057  26.206  -29.501  54.996 0.0000000000
47757  24.567  -32.035  57.132 0.0000000000
47756  25.425  -31.899  57.408 0.0000000000
45612  25.595  -33.143  57.676 0.0000000000
45589  26.878  -33.915  58.583 0.0000000000
42321  24.948  -37.373  61.585 0.0000000000
43314  10.956  -36.960  67.613 0.0000000000
43318  11.980  -36.109  67.603 0.0000000000
84539  59.636  1.162  35.732 0.0000000000
84511  59.421  0.645  38.866 0.0000000000
85596  60.080  1.258  38.555 0.0000000000
83500  59.502  -0.461  39.155 0.0000000000
82430  59.641  -1.138  40.375 0.0000000000
78948  54.888  -4.639  38.257 0.0000000000
80167  56.250  -3.078  38.252 0.0000000000
78922  56.317  -3.424  39.831 0.0000000000
80099  58.170  -2.942  42.391 0.0000000000
73536  48.444  -9.192  42.299 0.0000000000
73575  48.875  -8.293  40.645 0.0000000000
72452  49.190  -9.309  42.005 0.0000000000
73533  51.522  -8.908  42.300 0.0000000000
73515  51.221  -9.144  43.414 0.0000000000
70215  47.891  -11.708  45.053 0.0000000000
72401  48.019  -10.098  44.848 0.0000000000
71304  49.641  -10.396  45.350 0.0000000000
67924  35.978  -14.831  46.950 0.0000000000
69022  39.826  -14.005  52.221 0.0000000000
69076  38.911  -14.507  49.463 0.0000000000
69037  40.576  -14.408  51.375 0.0000000000
67792  41.485  -14.639  51.991 0.0000000000
69001  42.272  -14.345  53.703 0.0000000000
56450  36.653  -24.360  52.866 0.0000000000
56466  37.856  -23.528  52.626 0.0000000000
58670  40.146  -21.562  55.674 0.0000000000
58680  39.639  -21.992  54.472 0.0000000000
59892  40.609  -20.768  55.475 0.0000000000
61090  40.880  -19.807  54.049 0.0000000000
61077  41.346  -19.583  55.560 0.0000000000
58617  40.296  -22.140  61.630 0.0000000000
64257  42.359  -16.698  58.560 0.0000000000
63194  42.409  -16.924  56.957 0.0000000000
65422  41.785  -15.176  57.181 0.0000000000
66560  40.786  -14.501  56.214 0.0000000000
66545  41.502  -14.870  57.665 0.0000000000
82561  53.242  -0.265  29.561 0.0000000000
84616  53.619  0.994  28.186 0.0000000000
84615  54.279  1.312  28.329 0.0000000000
85665  54.490  1.763  29.224 0.0000000000
83569  57.057  0.494  32.817 0.0000000000
85637  57.237  1.106  31.355 0.0000000000
84566  58.025  1.357  32.842 0.0000000000
85635  59.137  1.784  32.393 0.0000000000
85745  58.628  2.409  24.226 0.0000000000
85693  57.401  2.079  27.442 0.0000000000
85670  58.910  2.205  28.474 0.0000000000
85652  58.849  1.669  30.412 0.0000000000
46637  27.594  -32.467  59.310 0.0000000000
47711  28.684  -31.859  60.427 0.0000000000
45517  28.596  -33.090  60.238 0.0000000000
44445  13.344  -35.029  63.067 0.0000000000
44410  15.276  -34.722  65.074 0.0000000000
44412  13.712  -35.204  64.921 0.0000000000
45453  14.209  -35.299  66.033 0.0000000000
45423  14.149  -34.991  67.011 0.0000000000
76772  49.085  -6.233  37.230 0.0000000000
76759  48.851  -6.697  37.890 0.0000000000
67891  44.772  -14.473  47.526 0.0000000000
67890  45.894  -14.239  47.477 0.0000000000
67866  46.230  -14.228  48.559 0.0000000000
69054  47.877  -13.833  50.313 0.0000000000
41219  7.316  -38.250  66.628 0.0000000000
40175  6.497  -38.604  66.560 0.0000000000
40160  6.930  -39.039  67.481 0.0000000000
67999  39.571  -14.181  42.240 0.0000000000
66715  39.032  -15.320  45.188 0.0000000000
54223  32.451  -26.561  52.186 0.0000000000
52204  31.808  -27.735  53.380 0.0000000000
52160  33.116  -28.295  54.809 0.0000000000
51112  34.106  -29.167  56.126 0.0000000000
47758  23.254  -32.553  57.033 0.0000000000
45615  23.085  -33.588  57.871 0.0000000000
47759  22.349  -32.686  57.011 0.0000000000
47761  21.213  -33.058  57.247 0.0000000000
46688  20.639  -33.175  57.194 0.0000000000
46645  13.536  -33.396  59.221 0.0000000000
47735  12.110  -32.437  58.513 0.0000000000
50084  23.369  -29.375  52.866 0.0000000000
50069  24.421  -29.614  53.749 0.0000000000
50049  25.196  -30.081  55.016 0.0000000000
48877  24.328  -30.537  54.773 0.0000000000
47779  23.984  -31.662  56.405 0.0000000000
43388  23.271  -35.918  62.834 0.0000000000
83553  57.366  -0.011  34.639 0.0000000000
84541  58.173  0.957  35.242 0.0000000000
83542  57.756  0.168  35.879 0.0000000000
83523  57.845  -0.473  37.002 0.0000000000
82464  58.015  -1.119  38.282 0.0000000000
77769  55.366  -5.289  40.579 0.0000000000
78911  56.493  -3.706  40.993 0.0000000000
78897  56.789  -4.034  42.302 0.0000000000
77732  57.051  -4.438  43.907 0.0000000000
74667  45.459  -7.832  39.258 0.0000000000
73578  45.562  -8.964  40.510 0.0000000000
73556  46.352  -9.466  41.491 0.0000000000
73518  48.212  -9.100  43.396 0.0000000000
70212  50.977  -11.753  45.847 0.0000000000
67874  36.095  -14.500  48.554 0.0000000000
69117  36.485  -14.433  47.885 0.0000000000
69060  37.569  -14.500  50.188 0.0000000000
69023  39.402  -14.467  52.079 0.0000000000
69004  39.839  -13.910  53.039 0.0000000000
56397  38.460  -24.803  56.099 0.0000000000
56413  38.702  -23.765  54.923 0.0000000000
56396  39.076  -23.979  55.667 0.0000000000
57493  40.299  -22.947  57.077 0.0000000000
58657  40.555  -21.995  57.789 0.0000000000
80248  51.394  -2.747  30.925 0.0000000000
81480  51.939  -1.419  30.067 0.0000000000
80255  52.225  -1.985  30.256 0.0000000000
81478  53.777  -1.290  30.644 0.0000000000
82552  54.402  -0.639  30.535 0.0000000000
84575  55.109  0.512  30.166 0.0000000000
83572  55.421  -0.274  31.337 0.0000000000
82541  56.295  -0.125  32.932 0.0000000000
86851  55.470  2.690  22.344 0.0000000000
85761  57.013  1.980  23.559 0.0000000000
85746  57.875  2.481  24.493 0.0000000000
85713  58.947  2.180  26.280 0.0000000000
85733  57.014  2.295  25.673 0.0000000000
85716  56.700  2.102  26.539 0.0000000000
85694  56.428  1.754  27.318 0.0000000000
51117  28.812  -28.640  56.322 0.0000000000
51093  30.669  -29.187  57.325 0.0000000000
51094  29.690  -28.897  57.491 0.0000000000
51048  30.648  -29.816  59.060 0.0000000000
51010  31.116  -30.451  60.769 0.0000000000
45480  18.447  -34.490  63.147 0.0000000000
45467  20.601  -34.313  64.282 0.0000000000
44424  18.977  -34.512  64.770 0.0000000000
44387  19.589  -34.776  66.388 0.0000000000
45450  16.906  -34.844  66.113 0.0000000000
44355  17.853  -34.956  67.268 0.0000000000
77852  53.752  -4.453  34.176 0.0000000000
77836  55.342  -3.749  35.318 0.0000000000
77823  54.534  -4.663  35.982 0.0000000000
77809  54.450  -4.765  36.901 0.0000000000
77798  53.841  -5.208  38.338 0.0000000000
75741  51.501  -6.491  36.901 0.0000000000
77799  52.866  -5.791  38.348 0.0000000000
77790  54.336  -5.276  39.323 0.0000000000
76736  54.070  -6.253  40.331 0.0000000000
74628  54.437  -7.096  41.235 0.0000000000
74595  54.643  -7.533  42.722 0.0000000000
70252  44.509  -11.697  42.945 0.0000000000
71339  45.333  -10.781  43.140 0.0000000000
70233  45.413  -12.081  44.322 0.0000000000
70216  46.881  -11.940  44.756 0.0000000000
69143  48.355  -12.526  45.515 0.0000000000
67912  47.971  -13.693  46.992 0.0000000000
67911  48.853  -13.445  47.309 0.0000000000
69127  49.734  -12.973  46.715 0.0000000000
64356  39.350  -16.357  51.228 0.0000000000
57446  39.113  -23.984  62.311 0.0000000000
79028  50.983  -3.433  31.346 0.0000000000
77881  51.343  -3.876  31.629 0.0000000000
77866  52.762  -4.397  33.299 0.0000000000
89035  52.979  5.491  23.922 0.0000000000
88001  52.182  4.337  24.742 0.0000000000
42289  9.866  -36.690  63.957 0.0000000000
42272  10.520  -36.417  64.839 0.0000000000
42258  9.799  -37.059  65.837 0.0000000000
42241  9.749  -36.705  66.882 0.0000000000
42215  10.032  -37.361  68.279 0.0000000000
40163  8.035  -38.025  67.315 0.0000000000
71399  43.336  -10.508  40.801 0.0000000000
70305  42.238  -11.220  40.441 0.0000000000
70289  43.329  -11.349  41.400 0.0000000000
69185  43.540  -12.662  42.592 0.0000000000
67976  43.338  -13.363  43.619 0.0000000000
67958  44.188  -13.735  44.917 0.0000000000
66753  41.121  -14.470  43.625 0.0000000000
66711  42.700  -14.569  45.022 0.0000000000
67916  43.578  -14.479  46.632 0.0000000000
67868  43.964  -14.592  48.348 0.0000000000
67845  44.247  -14.760  49.172 0.0000000000
66651  44.700  -15.246  50.950 0.0000000000
55326  36.244  -25.205  53.084 0.0000000000
54221  33.787  -26.265  52.918 0.0000000000
55316  35.350  -26.102  53.827 0.0000000000
55305  36.518  -25.544  54.843 0.0000000000
55289  37.468  -25.632  56.569 0.0000000000
55258  37.821  -25.452  58.243 0.0000000000
55231  37.892  -25.272  60.268 0.0000000000
51092  31.463  -29.444  56.841 0.0000000000
50006  33.681  -30.110  58.288 0.0000000000
51047  35.048  -29.153  58.897 0.0000000000
50988  34.019  -30.169  61.821 0.0000000000
51006  34.796  -29.402  60.887 0.0000000000
52084  35.662  -28.327  59.434 0.0000000000
53068  36.221  -26.938  60.307 0.0000000000
55221  37.001  -26.243  61.188 0.0000000000
55205  37.611  -25.666  62.168 0.0000000000
43403  27.208  -35.846  59.970 0.0000000000
42335  26.494  -36.789  60.431 0.0000000000
42351  25.075  -36.259  60.165 0.0000000000
43406  24.343  -35.940  60.960 0.0000000000
44529  23.005  -34.215  58.499 0.0000000000
44496  22.788  -34.558  60.096 0.0000000000
43396  23.513  -35.644  61.765 0.0000000000
44476  21.899  -34.697  61.565 0.0000000000
46599  20.820  -34.500  61.425 0.0000000000
46579  20.342  -34.627  61.898 0.0000000000
47804  19.193  -32.396  54.772 0.0000000000
46729  18.742  -32.716  55.485 0.0000000000
46690  18.903  -33.084  56.858 0.0000000000
46714  16.024  -32.506  56.305 0.0000000000
45619  17.193  -33.472  57.137 0.0000000000
45596  18.877  -34.030  58.300 0.0000000000
45573  18.750  -34.332  59.350 0.0000000000
45548  18.440  -34.328  60.395 0.0000000000
45493  19.089  -34.397  62.151 0.0000000000
44479  17.338  -34.347  61.787 0.0000000000
45496  15.858  -34.357  62.475 0.0000000000
45497  15.025  -34.399  62.420 0.0000000000
45553  13.454  -34.284  60.288 0.0000000000
44481  13.195  -34.434  61.077 0.0000000000
44461  13.979  -34.490  62.485 0.0000000000
44446  12.461  -35.357  62.806 0.0000000000
44447  11.564  -35.659  62.739 0.0000000000
44449  9.952  -35.703  62.237 0.0000000000
43382  9.472  -35.884  62.463 0.0000000000
42316  8.143  -36.126  62.454 0.0000000000
54248  29.908  -26.602  51.501 0.0000000000
53231  29.082  -27.443  52.732 0.0000000000
53185  28.700  -27.731  54.146 0.0000000000
53212  27.058  -27.261  52.767 0.0000000000
53186  27.937  -27.545  53.944 0.0000000000
53165  28.162  -28.179  54.554 0.0000000000
51137  28.114  -28.570  55.751 0.0000000000
50036  27.702  -29.655  56.816 0.0000000000
48827  27.464  -30.696  57.894 0.0000000000
48844  25.838  -30.850  56.679 0.0000000000
48828  26.786  -30.954  57.552 0.0000000000
47733  27.235  -31.819  59.011 0.0000000000
45566  26.965  -33.125  58.681 0.0000000000
44510  27.241  -34.886  59.213 0.0000000000
44378  11.593  -36.337  66.266 0.0000000000
44344  13.004  -35.576  67.191 0.0000000000
84532  59.603  1.685  37.018 0.0000000000
78962  56.394  -3.054  36.776 0.0000000000
81383  57.384  -1.669  38.113 0.0000000000
82433  58.289  -1.320  40.166 0.0000000000
80117  57.555  -2.580  41.360 0.0000000000
82422  58.157  -1.256  41.003 0.0000000000
82420  59.487  -1.165  40.983 0.0000000000
75727  47.411  -6.749  37.725 0.0000000000
75699  48.553  -7.138  38.927 0.0000000000
73594  47.375  -7.922  39.670 0.0000000000
74652  48.534  -7.840  39.954 0.0000000000
74650  50.088  -7.638  40.151 0.0000000000
74632  51.289  -8.000  41.123 0.0000000000
73513  53.206  -8.801  42.834 0.0000000000
74587  53.730  -7.830  44.039 0.0000000000
72419  46.551  -10.155  43.518 0.0000000000
73506  47.564  -9.522  44.104 0.0000000000
73504  48.863  -8.882  44.127 0.0000000000
71281  50.431  -9.920  45.915 0.0000000000
73482  50.050  -8.876  45.638 0.0000000000
73490  50.972  -8.473  45.185 0.0000000000
74589  51.908  -8.375  44.876 0.0000000000
74576  53.754  -7.597  45.030 0.0000000000
66717  37.393  -15.454  45.136 0.0000000000
67921  38.779  -15.433  46.812 0.0000000000
69095  38.007  -14.495  48.628 0.0000000000
69094  38.969  -14.779  48.437 0.0000000000
67872  40.254  -14.758  48.269 0.0000000000
67830  41.692  -15.208  50.007 0.0000000000
66640  42.738  -15.445  51.449 0.0000000000
66625  44.795  -15.133  52.847 0.0000000000
57548  38.941  -22.581  53.240 0.0000000000
61117  40.020  -19.138  52.418 0.0000000000
63236  40.236  -17.334  52.179 0.0000000000
64343  40.698  -16.525  52.888 0.0000000000
58631  40.057  -22.866  61.340 0.0000000000
58644  40.605  -21.869  59.945 0.0000000000
59858  41.303  -21.249  58.449 0.0000000000
61022  42.004  -20.006  59.360 0.0000000000
61049  41.829  -19.384  56.955 0.0000000000
62151  42.228  -18.699  56.334 0.0000000000
63218  41.963  -16.728  54.975 0.0000000000
65471  40.125  -15.534  53.663 0.0000000000
66584  40.641  -15.098  54.507 0.0000000000
68965  40.708  -14.302  54.977 0.0000000000
70128  40.886  -13.855  54.614 0.0000000000
68901  41.802  -14.079  58.149 0.0000000000
70086  42.077  -13.434  56.664 0.0000000000
70126  41.999  -13.579  55.218 0.0000000000
68981  43.370  -13.928  54.729 0.0000000000
86826  52.165  3.231  25.259 0.0000000000
84667  53.167  1.725  25.908 0.0000000000
84653  53.762  1.509  26.627 0.0000000000
84635  55.582  1.546  27.437 0.0000000000
84594  56.825  1.529  29.144 0.0000000000
85647  55.601  0.673  29.966 0.0000000000
85655  56.852  1.144  29.961 0.0000000000
85663  57.972  1.530  29.984 0.0000000000
85643  58.828  1.551  31.417 0.0000000000
43402  28.105  -35.917  60.255 0.0000000000
43374  10.973  -36.271  63.342 0.0000000000
42287  11.206  -36.030  64.334 0.0000000000
66649  46.478  -14.811  51.767 0.0000000000
52186  29.910  -28.215  54.205 0.0000000000
52161  30.469  -28.590  54.856 0.0000000000
48863  21.082  -31.978  54.848 0.0000000000
48898  21.527  -30.888  53.354 0.0000000000
48879  22.255  -30.991  54.079 0.0000000000
45477  21.166  -34.314  63.411 0.0000000000
79007  55.258  -2.906  34.073 0.0000000000
80212  56.002  -2.358  34.897 0.0000000000
79000  55.536  -2.984  34.654 0.0000000000
76692  55.480  -6.111  44.230 0.0000000000
76691  56.006  -5.645  43.950 0.0000000000
76678  55.791  -5.640  44.873 0.0000000000
71379  44.416  -10.327  41.638 0.0000000000
72456  44.935  -10.226  41.403 0.0000000000
71357  44.606  -10.553  42.241 0.0000000000
65504  38.143  -15.436  51.418 0.0000000000
65505  37.506  -15.178  51.125 0.0000000000
65491  38.449  -15.197  52.260 0.0000000000
66628  37.998  -15.007  52.356 0.0000000000
65481  39.072  -15.328  52.885 0.0000000000
56358  38.453  -24.725  59.913 0.0000000000
56357  39.055  -24.147  59.472 0.0000000000
77864  54.271  -3.629  33.481 0.0000000000
80230  53.929  -2.881  32.851 0.0000000000
79008  54.733  -3.215  33.586 0.0000000000
80228  55.204  -2.394  33.619 0.0000000000
85764  53.972  2.351  24.161 0.0000000000
85749  53.415  2.400  24.759 0.0000000000
84678  54.052  1.403  24.986 0.0000000000
50010  28.302  -30.453  58.724 0.0000000000
48809  28.167  -30.997  59.455 0.0000000000
44442  15.672  -34.677  63.488 0.0000000000
76821  50.606  -5.601  34.125 0.0000000000
75749  51.454  -6.218  35.077 0.0000000000
76806  50.572  -6.246  35.070 0.0000000000
76748  49.873  -6.955  38.592 0.0000000000
75706  50.908  -6.613  38.879 0.0000000000
76747  50.432  -6.795  38.868 0.0000000000
75696  50.951  -6.860  39.458 0.0000000000
69146  45.524  -13.249  45.078 0.0000000000
41243  7.847  -37.783  65.209 0.0000000000
69220  40.278  -12.820  40.723 0.0000000000
69188  41.217  -13.184  42.056 0.0000000000
68015  39.982  -13.559  41.697 0.0000000000
67940  40.327  -15.490  46.021 0.0000000000
67894  41.766  -14.606  47.542 0.0000000000
67895  40.879  -14.858  47.551 0.0000000000
53143  35.306  -28.375  55.588 0.0000000000
53161  35.520  -27.759  55.646 0.0000000000
53142  35.833  -28.184  56.366 0.0000000000
54136  36.461  -27.101  57.297 0.0000000000
53128  35.822  -27.766  57.522 0.0000000000
51009  31.820  -30.153  60.882 0.0000000000
49940  32.410  -30.025  60.815 0.0000000000
51008  32.425  -30.161  61.394 0.0000000000
45591  25.254  -34.017  58.033 0.0000000000
44538  24.458  -34.268  57.854 0.0000000000
46640  21.200  -33.442  58.965 0.0000000000
46641  20.821  -33.481  58.677 0.0000000000
46668  14.150  -32.880  58.100 0.0000000000
45599  16.358  -33.964  59.060 0.0000000000
46643  15.277  -33.750  59.330 0.0000000000
51169  25.281  -28.821  53.302 0.0000000000
51168  25.741  -28.642  53.736 0.0000000000
50058  25.608  -29.576  54.692 0.0000000000
46685  24.128  -32.971  57.323 0.0000000000
46684  25.233  -32.645  57.472 0.0000000000
45590  26.025  -33.541  58.173 0.0000000000
43394  24.722  -36.882  61.543 0.0000000000
42209  10.652  -37.344  67.960 0.0000000000
42208  11.437  -37.105  67.732 0.0000000000
84549  58.713  1.404  34.301 0.0000000000
84548  59.403  1.255  34.346 0.0000000000
83502  59.080  -0.320  39.092 0.0000000000
84505  59.823  0.442  39.088 0.0000000000
83501  59.307  -0.444  39.279 0.0000000000
83491  59.700  -0.969  39.914 0.0000000000
83492  59.492  -0.803  39.828 0.0000000000
78937  55.162  -4.756  39.111 0.0000000000
78936  55.749  -3.732  38.974 0.0000000000
72453  48.912  -9.214  41.840 0.0000000000
73535  49.359  -9.162  42.427 0.0000000000
73534  50.423  -9.184  42.378 0.0000000000
73516  50.111  -9.064  43.478 0.0000000000
70214  48.951  -11.560  45.308 0.0000000000
70213  50.006  -11.601  45.438 0.0000000000
69003  40.249  -13.672  53.149 0.0000000000
69038  39.720  -14.283  51.396 0.0000000000
69021  40.416  -13.920  52.402 0.0000000000
69020  41.378  -14.304  52.528 0.0000000000
56467  37.151  -23.812  52.166 0.0000000000
56449  37.710  -23.980  53.185 0.0000000000
61078  40.965  -19.860  55.046 0.0000000000
61064  40.868  -20.103  55.999 0.0000000000
64240  42.650  -16.969  59.351 0.0000000000
64275  42.370  -16.231  57.588 0.0000000000
65403  42.407  -15.584  58.062 0.0000000000
66527  42.320  -15.248  58.466 0.0000000000
83596  53.567  0.419  29.184 0.0000000000
83597  52.471  0.202  28.813 0.0000000000
83612  53.601  0.812  28.618 0.0000000000
84597  53.819  1.422  29.058 0.0000000000
85666  53.762  1.952  29.051 0.0000000000
84596  54.352  1.051  29.326 0.0000000000
84559  57.460  0.676  33.301 0.0000000000
84567  57.322  0.925  32.344 0.0000000000
84558  58.326  1.360  33.529 0.0000000000
85623  58.911  1.751  33.487 0.0000000000
84662  58.893  1.848  24.922 0.0000000000
85661  59.015  1.969  29.480 0.0000000000
84611  57.869  1.541  29.237 0.0000000000
46616  28.189  -32.950  59.806 0.0000000000
45542  28.479  -33.700  59.903 0.0000000000
44430  13.523  -35.173  64.049 0.0000000000
44394  13.054  -35.409  65.811 0.0000000000
45454  13.714  -35.359  65.927 0.0000000000
45440  13.707  -35.300  66.451 0.0000000000
45439  14.223  -35.189  66.571 0.0000000000
45424  13.498  -35.196  66.898 0.0000000000
76773  48.050  -6.584  37.090 0.0000000000
67867  45.061  -14.434  48.417 0.0000000000
67843  46.550  -14.369  49.539 0.0000000000
41232  6.431  -38.154  66.003 0.0000000000
40166  6.366  -39.069  66.862 0.0000000000
53229  30.866  -27.168  52.399 0.0000000000
53228  31.971  -27.161  52.565 0.0000000000
52221  31.179  -27.511  52.959 0.0000000000
51134  32.307  -28.930  55.297 0.0000000000
51151  31.990  -28.517  54.486 0.0000000000
51133  33.240  -28.765  55.316 0.0000000000
51132  33.969  -29.020  55.176 0.0000000000
50035  33.665  -29.718  56.525 0.0000000000
47741  22.758  -32.809  57.307 0.0000000000
46709  20.866  -32.726  56.102 0.0000000000
47782  21.205  -32.750  56.632 0.0000000000
47783  20.911  -32.952  56.922 0.0000000000
46710  20.392  -32.927  56.436 0.0000000000
50071  22.830  -29.789  53.284 0.0000000000
50070  23.756  -29.598  53.435 0.0000000000
50060  23.992  -30.123  54.102 0.0000000000
48878  23.378  -30.726  54.535 0.0000000000
47800  23.376  -31.732  55.698 0.0000000000
44454  22.860  -35.199  62.665 0.0000000000
44439  22.721  -35.377  63.606 0.0000000000
83544  56.778  -0.440  34.853 0.0000000000
83543  57.231  -0.230  35.329 0.0000000000
81421  57.046  -1.449  36.644 0.0000000000
82501  57.632  -0.669  36.771 0.0000000000
82482  57.749  -0.965  37.437 0.0000000000
82481  58.008  -0.825  37.791 0.0000000000
82465  57.750  -1.185  37.955 0.0000000000
76720  56.118  -5.532  41.647 0.0000000000
77767  56.401  -4.689  41.825 0.0000000000
76719  56.324  -5.319  42.376 0.0000000000
73612  44.156  -8.536  38.951 0.0000000000
73597  44.820  -8.557  39.418 0.0000000000
72454  46.236  -9.945  42.106 0.0000000000
73538  46.569  -9.689  42.231 0.0000000000
73537  47.237  -9.438  42.560 0.0000000000
67852  35.840  -14.739  48.582 0.0000000000
67851  36.524  -14.663  49.322 0.0000000000
69079  36.517  -14.407  48.963 0.0000000000
67832  37.105  -14.680  50.207 0.0000000000
69024  38.709  -14.862  52.217 0.0000000000
69040  38.264  -14.627  51.130 0.0000000000
56384  38.626  -24.741  56.834 0.0000000000
57486  39.718  -23.541  58.948 0.0000000000
56369  39.975  -23.684  57.817 0.0000000000
57485  40.414  -22.911  58.347 0.0000000000
80247  52.496  -2.540  30.819 0.0000000000
80245  54.113  -1.919  31.643 0.0000000000
81471  53.941  -1.667  31.274 0.0000000000
81477  54.461  -1.273  30.917 0.0000000000
82553  53.573  -0.623  30.058 0.0000000000
82547  55.063  -0.844  31.015 0.0000000000
82542  55.889  -0.599  32.541 0.0000000000
82536  56.279  -0.563  33.442 0.0000000000
83563  57.008  -0.332  33.676 0.0000000000
85762  55.935  1.895  23.479 0.0000000000
84687  56.587  1.737  24.145 0.0000000000
85747  57.146  2.279  24.744 0.0000000000
85732  57.828  2.545  25.589 0.0000000000
84675  56.507  1.824  24.888 0.0000000000
84650  56.082  1.721  26.230 0.0000000000
85717  56.122  1.848  26.740 0.0000000000
85695  55.888  1.810  27.025 0.0000000000
51050  29.512  -30.368  59.520 0.0000000000
51049  30.175  -30.202  59.209 0.0000000000
51030  30.541  -30.749  59.889 0.0000000000
51029  31.248  -30.426  59.849 0.0000000000
51011  30.551  -30.804  60.422 0.0000000000
45469  18.772  -34.367  63.995 0.0000000000
45470  17.958  -34.490  63.920 0.0000000000
44407  18.246  -34.702  65.488 0.0000000000
44388  18.360  -34.777  66.283 0.0000000000
44370  19.260  -34.955  67.122 0.0000000000
44371  18.412  -34.706  66.980 0.0000000000
44391  15.467  -34.862  65.663 0.0000000000
44390  15.941  -34.777  65.744 0.0000000000
45451  15.880  -34.850  66.070 0.0000000000
77853  53.073  -4.888  34.295 0.0000000000
77838  53.616  -5.006  35.187 0.0000000000
76788  52.993  -5.523  36.195 0.0000000000
77824  53.729  -5.231  36.328 0.0000000000
78949  54.269  -4.969  37.903 0.0000000000
77811  52.911  -5.454  37.578 0.0000000000
76791  50.261  -6.109  36.175 0.0000000000
75742  50.842  -6.436  36.741 0.0000000000
75725  51.057  -6.561  37.253 0.0000000000
76755  52.266  -6.098  38.638 0.0000000000
77792  52.802  -6.021  38.783 0.0000000000
77791  53.314  -5.727  38.970 0.0000000000
76744  53.578  -6.094  39.658 0.0000000000
76743  54.397  -5.758  39.940 0.0000000000
75666  53.485  -7.113  40.761 0.0000000000
75665  54.197  -6.818  40.788 0.0000000000
74629  53.919  -7.416  41.208 0.0000000000
74611  53.762  -7.835  42.025 0.0000000000
70251  45.096  -11.622  43.583 0.0000000000
70217  46.084  -12.321  44.796 0.0000000000
69144  47.381  -12.642  45.348 0.0000000000
67889  47.076  -13.942  47.663 0.0000000000
67888  48.174  -13.632  48.299 0.0000000000
67887  49.104  -13.597  48.204 0.0000000000
67910  49.504  -13.380  47.456 0.0000000000
69108  50.459  -13.168  47.276 0.0000000000
64372  38.679  -16.973  50.390 0.0000000000
64373  38.538  -15.981  50.745 0.0000000000
63237  39.812  -16.741  51.683 0.0000000000
77882  50.829  -4.106  31.767 0.0000000000
76832  52.346  -5.250  33.698 0.0000000000
89036  52.654  5.124  24.598 0.0000000000
42273  9.577  -36.610  64.959 0.0000000000
42259  8.865  -37.374  66.310 0.0000000000
42225  9.610  -37.189  67.811 0.0000000000
40173  7.667  -38.012  67.079 0.0000000000
40164  7.781  -38.329  67.460 0.0000000000
72481  43.245  -10.252  40.252 0.0000000000
71416  42.384  -10.644  39.871 0.0000000000
70291  41.278  -12.289  40.841 0.0000000000
70306  41.550  -11.400  40.164 0.0000000000
70290  42.502  -11.734  41.140 0.0000000000
70272  43.684  -11.858  42.004 0.0000000000
70273  42.871  -12.238  41.788 0.0000000000
69171  42.372  -13.214  42.869 0.0000000000
69170  43.008  -12.983  43.079 0.0000000000
67959  43.616  -13.749  44.404 0.0000000000
67960  42.995  -13.914  44.030 0.0000000000
67980  40.169  -14.346  42.803 0.0000000000
67938  42.295  -14.971  45.881 0.0000000000
66712  41.885  -15.008  45.103 0.0000000000
67937  43.375  -14.379  45.519 0.0000000000
67892  43.722  -14.452  47.535 0.0000000000
67846  43.212  -14.762  49.103 0.0000000000
67828  43.477  -15.040  49.875 0.0000000000
67827  44.506  -14.961  50.021 0.0000000000
66652  43.659  -15.529  50.676 0.0000000000
55352  35.026  -24.666  51.784 0.0000000000
56469  35.410  -24.605  51.931 0.0000000000
55338  35.278  -25.095  52.329 0.0000000000
54199  33.207  -26.574  53.143 0.0000000000
54222  33.176  -26.294  52.436 0.0000000000
54168  35.435  -27.032  55.204 0.0000000000
54181  35.312  -26.317  54.332 0.0000000000
54180  35.866  -25.964  54.571 0.0000000000
55315  35.869  -25.706  54.129 0.0000000000
54166  36.984  -25.700  55.517 0.0000000000
54150  36.932  -26.060  56.267 0.0000000000
54118  36.938  -26.363  58.289 0.0000000000
55259  37.417  -25.929  58.077 0.0000000000
54100  37.299  -25.765  58.940 0.0000000000
55243  37.876  -25.280  59.363 0.0000000000
55244  37.316  -25.726  59.819 0.0000000000
50022  31.441  -29.515  57.669 0.0000000000
49964  33.438  -29.988  59.893 0.0000000000
48818  33.132  -30.313  58.593 0.0000000000
49987  33.687  -30.231  59.136 0.0000000000
50005  34.660  -29.687  58.083 0.0000000000
49985  34.639  -29.500  59.248 0.0000000000
52047  35.322  -29.040  61.357 0.0000000000
52064  35.468  -28.585  60.560 0.0000000000
53069  36.134  -27.619  60.239 0.0000000000
53048  36.172  -27.233  60.800 0.0000000000
54061  37.011  -27.072  61.919 0.0000000000
55220  37.384  -25.773  61.349 0.0000000000
43404  26.476  -36.084  59.844 0.0000000000
44513  25.125  -35.375  59.173 0.0000000000
42337  24.912  -36.252  60.784 0.0000000000
42352  24.700  -36.059  60.410 0.0000000000
46687  22.725  -33.423  57.832 0.0000000000
45592  23.231  -33.975  58.116 0.0000000000
45593  22.664  -33.744  58.319 0.0000000000
45568  22.620  -34.298  59.541 0.0000000000
43407  23.509  -35.390  60.561 0.0000000000
44497  22.064  -34.566  60.743 0.0000000000
44475  22.665  -35.058  61.417 0.0000000000
45546  20.461  -34.240  60.137 0.0000000000
46617  20.954  -34.324  60.996 0.0000000000
46578  20.732  -34.626  61.722 0.0000000000
46601  19.825  -34.448  61.386 0.0000000000
46730  17.711  -32.661  55.412 0.0000000000
46712  18.263  -33.169  56.209 0.0000000000
47784  15.744  -31.970  55.669 0.0000000000
46715  15.134  -32.347  56.446 0.0000000000
45618  17.811  -33.771  57.539 0.0000000000
45597  17.771  -34.335  58.527 0.0000000000
45575  16.812  -34.288  59.719 0.0000000000
45574  17.714  -34.370  59.580 0.0000000000
45519  19.007  -34.374  61.139 0.0000000000
45520  18.078  -34.255  61.420 0.0000000000
44457  17.801  -34.346  61.812 0.0000000000
45521  17.194  -34.324  61.375 0.0000000000
45522  16.257  -34.381  61.490 0.0000000000
45523  15.315  -34.365  61.634 0.0000000000
45524  14.549  -34.478  61.893 0.0000000000
46646  12.331  -33.038  58.912 0.0000000000
45526  12.219  -34.007  60.539 0.0000000000
45525  12.816  -34.260  60.635 0.0000000000
45499  12.625  -34.434  61.078 0.0000000000
44462  12.922  -34.708  61.925 0.0000000000
44464  10.988  -35.279  61.824 0.0000000000
44448  10.704  -35.738  62.385 0.0000000000
43389  8.754  -35.465  62.111 0.0000000000
43383  8.832  -35.873  62.329 0.0000000000
43390  8.168  -35.466  62.249 0.0000000000
54226  28.747  -26.904  52.221 0.0000000000
53209  29.531  -27.750  53.417 0.0000000000
53210  28.501  -27.488  53.164 0.0000000000
53232  26.115  -26.845  51.527 0.0000000000
54204  26.610  -26.827  51.536 0.0000000000
53187  27.153  -27.754  53.638 0.0000000000
53166  27.584  -28.102  54.374 0.0000000000
52187  28.101  -28.502  55.224 0.0000000000
52164  27.702  -28.509  55.203 0.0000000000
50037  27.136  -29.765  56.533 0.0000000000
50024  27.751  -30.142  57.520 0.0000000000
50025  27.126  -30.361  57.029 0.0000000000
48859  24.862  -30.689  55.742 0.0000000000
48858  26.147  -30.408  55.975 0.0000000000
46683  25.904  -32.263  57.603 0.0000000000
47755  26.201  -31.749  57.590 0.0000000000
47740  26.729  -31.672  57.950 0.0000000000
48821  27.032  -31.407  58.231 0.0000000000
47734  26.932  -31.850  58.442 0.0000000000
46638  26.920  -32.438  58.591 0.0000000000
44511  26.448  -34.972  59.214 0.0000000000
44524  27.345  -34.354  58.879 0.0000000000
44405  20.355  -34.552  65.325 0.0000000000
44404  21.327  -34.654  65.219 0.0000000000
44385  21.220  -34.967  66.199 0.0000000000
43356  10.410  -36.693  65.816 0.0000000000
43355  11.108  -36.409  65.688 0.0000000000
44362  11.510  -36.249  66.863 0.0000000000
42212  13.068  -36.417  67.439 0.0000000000
43317  12.367  -36.206  67.531 0.0000000000
42211  13.392  -36.213  67.392 0.0000000000
43329  13.874  -36.092  67.351 0.0000000000
43343  13.761  -36.689  66.961 0.0000000000
84534  58.359  0.912  36.211 0.0000000000
84533  59.381  1.057  36.455 0.0000000000
84520  59.432  1.977  37.200 0.0000000000
83510  59.686  -0.191  38.257 0.0000000000
77822  55.505  -4.122  35.868 0.0000000000
78976  56.091  -3.515  36.192 0.0000000000
80150  56.724  -2.679  39.435 0.0000000000
80166  56.716  -2.383  38.588 0.0000000000
81366  57.080  -1.884  39.140 0.0000000000
81365  57.701  -1.503  38.765 0.0000000000
81351  57.713  -1.668  39.673 0.0000000000
78910  57.176  -3.066  41.246 0.0000000000
81330  58.056  -2.029  41.251 0.0000000000
82413  58.482  -1.649  41.385 0.0000000000
82421  58.753  -1.309  41.219 0.0000000000
81337  59.279  -1.641  41.428 0.0000000000
81336  59.649  -1.663  41.010 0.0000000000
75710  46.069  -6.800  38.236 0.0000000000
75728  46.515  -6.541  37.634 0.0000000000
75709  46.939  -6.863  38.336 0.0000000000
75708  47.875  -7.099  38.492 0.0000000000
73596  45.886  -8.243  39.852 0.0000000000
74666  46.202  -7.647  39.350 0.0000000000
73595  46.824  -8.177  39.737 0.0000000000
74651  49.306  -7.760  40.039 0.0000000000
73573  50.395  -7.948  40.643 0.0000000000
74649  51.023  -7.562  40.444 0.0000000000
73552  50.717  -8.470  41.280 0.0000000000
73514  52.397  -8.967  43.285 0.0000000000
74597  53.237  -8.521  43.572 0.0000000000
71324  46.222  -10.818  44.140 0.0000000000
71338  46.043  -10.493  43.469 0.0000000000
71323  46.983  -10.403  44.334 0.0000000000
72410  47.487  -9.879  44.455 0.0000000000
73493  48.638  -9.391  44.740 0.0000000000
73505  48.191  -9.271  44.310 0.0000000000
73492  49.230  -8.943  44.987 0.0000000000
73480  51.822  -8.898  46.289 0.0000000000
72390  51.071  -9.395  46.125 0.0000000000
73481  50.903  -8.834  45.863 0.0000000000
73491  50.581  -8.571  45.345 0.0000000000
74579  51.229  -8.493  45.611 0.0000000000
74578  51.491  -8.435  45.414 0.0000000000
67944  36.575  -15.733  45.698 0.0000000000
67943  37.501  -16.006  46.006 0.0000000000
67942  38.438  -15.880  46.032 0.0000000000
67922  37.912  -15.504  46.793 0.0000000000
69096  37.169  -14.356  48.626 0.0000000000
69057  39.751  -14.327  50.365 0.0000000000
69075  40.029  -14.610  49.227 0.0000000000
69093  39.692  -14.749  48.508 0.0000000000
67849  40.598  -14.790  48.733 0.0000000000
69074  40.609  -14.662  49.727 0.0000000000
67791  42.195  -14.921  52.358 0.0000000000
67809  42.096  -15.173  51.545 0.0000000000
67790  42.927  -15.245  52.731 0.0000000000
66626  43.751  -15.437  52.654 0.0000000000
66614  44.030  -15.291  53.511 0.0000000000
57533  38.824  -23.159  54.033 0.0000000000
59905  39.882  -21.153  53.660 0.0000000000
58688  39.230  -21.661  53.182 0.0000000000
59921  39.534  -20.620  52.861 0.0000000000
61104  39.683  -19.845  52.418 0.0000000000
62184  41.266  -18.624  53.817 0.0000000000
62193  40.563  -18.436  52.740 0.0000000000
63226  41.101  -17.458  53.155 0.0000000000
63225  41.654  -17.469  53.963 0.0000000000
57445  39.465  -23.282  62.436 0.0000000000
57457  39.508  -23.417  61.784 0.0000000000
58618  39.825  -22.733  62.042 0.0000000000
59836  40.511  -21.392  61.198 0.0000000000
58630  40.375  -22.057  60.885 0.0000000000
58629  40.737  -21.408  60.503 0.0000000000
59849  40.961  -21.552  59.279 0.0000000000
59848  41.287  -21.066  59.801 0.0000000000
62123  42.383  -18.929  58.788 0.0000000000
62105  42.266  -19.015  59.861 0.0000000000
61035  42.172  -20.079  58.023 0.0000000000
61034  42.306  -19.128  57.462 0.0000000000
61048  42.236  -18.896  57.007 0.0000000000
62139  42.427  -18.347  57.249 0.0000000000
64293  42.048  -15.792  56.501 0.0000000000
63205  42.237  -16.813  55.698 0.0000000000
63206  41.894  -16.419  55.146 0.0000000000
64315  41.481  -16.302  54.551 0.0000000000
65459  40.566  -15.598  54.306 0.0000000000
66585  40.212  -15.117  53.967 0.0000000000
67704  40.729  -14.348  56.453 0.0000000000
67718  40.190  -14.273  55.957 0.0000000000
68937  40.243  -13.791  55.988 0.0000000000
68984  40.607  -13.883  54.555 0.0000000000
68964  40.820  -13.774  55.419 0.0000000000
67673  42.667  -14.739  58.774 0.0000000000
68899  43.139  -14.120  58.999 0.0000000000
70070  42.981  -13.316  57.568 0.0000000000
70107  41.783  -13.539  55.610 0.0000000000
70106  42.496  -13.562  55.781 0.0000000000
68963  43.061  -13.667  55.401 0.0000000000
87990  51.532  4.277  25.486 0.0000000000
82555  51.631  -0.448  29.732 0.0000000000
84655  52.104  1.761  26.537 0.0000000000
85718  52.201  2.068  26.110 0.0000000000
84654  52.776  1.586  26.433 0.0000000000
85674  54.911  1.720  28.826 0.0000000000
84614  55.145  1.429  28.448 0.0000000000
84613  56.335  1.354  28.273 0.0000000000
84595  55.969  1.559  28.978 0.0000000000
84574  55.711  0.505  30.647 0.0000000000
85645  57.229  1.213  30.625 0.0000000000
85654  57.596  1.403  30.159 0.0000000000
85653  58.288  1.542  30.457 0.0000000000
85634  59.549  1.759  32.564 0.0000000000
86850  57.322  2.509  22.158 0.0000000000
86849  57.844  2.761  22.223 0.0000000000
86836  58.262  2.708  22.837 0.0000000000
85714  58.499  2.314  26.488 0.0000000000
44432  12.034  -35.581  63.512 0.0000000000
43372  12.059  -35.610  64.289 0.0000000000
44414  12.064  -35.805  65.169 0.0000000000
44395  12.027  -36.109  65.638 0.0000000000
67826  45.734  -15.058  50.186 0.0000000000
52205  30.630  -27.789  53.297 0.0000000000
51167  31.128  -28.331  53.653 0.0000000000
52185  30.513  -28.430  53.899 0.0000000000
51114  31.805  -29.517  55.863 0.0000000000
47801  22.433  -32.206  55.581 0.0000000000
47781  21.984  -32.513  56.446 0.0000000000
50072  22.097  -30.261  52.985 0.0000000000
50062  22.421  -30.377  53.552 0.0000000000
44440  22.344  -34.786  63.478 0.0000000000
45476  21.846  -34.504  63.454 0.0000000000
44421  22.082  -34.837  64.361 0.0000000000
43371  22.001  -35.212  64.804 0.0000000000
81450  55.928  -1.700  34.549 0.0000000000
82515  56.545  -0.765  35.364 0.0000000000
81438  56.150  -1.490  35.184 0.0000000000
80199  56.713  -2.275  36.386 0.0000000000
75647  55.832  -6.075  42.830 0.0000000000
76703  56.252  -5.406  43.187 0.0000000000
76690  56.256  -5.220  43.671 0.0000000000
77720  56.335  -5.174  44.392 0.0000000000
73580  43.853  -9.540  40.097 0.0000000000
73558  44.866  -9.856  40.960 0.0000000000
72455  45.718  -10.086  41.706 0.0000000000
66656  36.784  -15.051  50.336 0.0000000000
67814  36.852  -14.924  50.703 0.0000000000
67813  37.359  -14.838  50.987 0.0000000000
67794  37.492  -14.985  51.491 0.0000000000
67777  38.424  -14.774  52.879 0.0000000000
67756  39.456  -14.667  53.320 0.0000000000
55257  38.628  -24.825  57.797 0.0000000000
57477  39.491  -23.458  59.984 0.0000000000
79025  53.478  -3.227  32.090 0.0000000000
80238  53.938  -2.788  32.364 0.0000000000
80237  54.395  -2.196  32.031 0.0000000000
81465  55.165  -1.564  32.424 0.0000000000
81459  55.272  -1.851  33.172 0.0000000000
81458  55.716  -1.538  33.818 0.0000000000
84689  55.316  1.574  24.332 0.0000000000
84676  55.781  1.538  24.904 0.0000000000
84677  54.905  1.429  24.764 0.0000000000
84665  54.743  1.263  25.725 0.0000000000
49969  29.551  -30.654  60.248 0.0000000000
45482  16.492  -34.586  63.011 0.0000000000
44426  17.045  -34.640  64.425 0.0000000000
44408  17.224  -34.710  65.449 0.0000000000
45438  14.981  -35.137  66.593 0.0000000000
45437  16.167  -35.124  66.420 0.0000000000
77839  53.009  -5.237  34.779 0.0000000000
76789  52.201  -5.893  36.608 0.0000000000
76770  51.125  -6.464  37.809 0.0000000000
76746  51.896  -6.261  39.069 0.0000000000
75694  52.749  -6.423  39.944 0.0000000000
75695  51.878  -6.446  39.655 0.0000000000
75683  52.225  -6.723  40.307 0.0000000000
74648  51.990  -7.272  40.610 0.0000000000
69157  44.596  -13.086  44.265 0.0000000000
69156  45.155  -13.037  44.512 0.0000000000
69130  46.857  -13.197  46.062 0.0000000000
69111  48.508  -13.665  48.833 0.0000000000
77854  50.952  -5.357  33.699 0.0000000000
42291  7.655  -37.253  64.257 0.0000000000
41242  8.457  -37.619  65.683 0.0000000000
69203  41.659  -12.623  41.609 0.0000000000
67978  41.666  -13.735  43.080 0.0000000000
66735  39.669  -15.100  44.263 0.0000000000
66734  40.593  -15.043  44.317 0.0000000000
67939  41.329  -15.382  45.996 0.0000000000
67893  42.726  -14.435  47.557 0.0000000000
67870  41.949  -14.622  48.332 0.0000000000
67847  42.241  -15.071  49.057 0.0000000000
55339  34.101  -25.844  52.379 0.0000000000
53182  34.196  -27.565  54.414 0.0000000000
53205  33.939  -27.050  54.086 0.0000000000
54169  34.746  -27.304  54.761 0.0000000000
54151  36.322  -26.692  56.184 0.0000000000
54119  36.507  -26.897  58.124 0.0000000000
53108  36.622  -26.525  59.202 0.0000000000
49990  31.127  -29.700  59.051 0.0000000000
49989  31.825  -29.642  59.144 0.0000000000
49965  32.496  -29.837  59.962 0.0000000000
49939  33.264  -29.963  60.655 0.0000000000
52025  35.868  -28.660  62.959 0.0000000000
53031  36.344  -27.888  61.691 0.0000000000
43413  26.076  -35.656  59.527 0.0000000000
44512  25.669  -35.079  59.219 0.0000000000
43425  23.966  -35.164  58.892 0.0000000000
46662  21.526  -33.396  58.233 0.0000000000
45594  22.090  -33.514  58.577 0.0000000000
45570  21.653  -33.647  59.316 0.0000000000
46731  16.724  -32.345  55.530 0.0000000000
46693  14.985  -32.823  57.105 0.0000000000
46666  16.584  -33.856  58.413 0.0000000000
46665  17.057  -34.285  58.394 0.0000000000
45550  16.539  -34.360  60.564 0.0000000000
45578  14.258  -34.103  59.768 0.0000000000
45502  10.286  -34.809  61.045 0.0000000000
52208  25.623  -28.280  52.509 0.0000000000
52190  26.280  -27.971  52.724 0.0000000000
52189  26.324  -28.294  53.460 0.0000000000
52142  27.272  -28.756  55.448 0.0000000000
51138  26.704  -29.138  55.071 0.0000000000
50047  26.546  -29.710  55.693 0.0000000000
48857  26.612  -30.041  56.239 0.0000000000
46659  26.048  -32.793  57.711 0.0000000000
45567  26.678  -32.957  58.366 0.0000000000
43319  10.733  -36.768  67.443 0.0000000000
44347  10.839  -36.552  66.937 0.0000000000
43313  11.461  -36.722  67.597 0.0000000000
42207  12.016  -36.760  67.844 0.0000000000
85598  59.888  0.898  37.962 0.0000000000
85597  59.919  1.548  38.417 0.0000000000
85592  59.911  1.165  39.009 0.0000000000
84504  60.045  0.307  38.999 0.0000000000
82462  59.552  -1.063  38.569 0.0000000000
81363  59.482  -1.596  39.001 0.0000000000
81349  59.514  -1.792  40.027 0.0000000000
78947  55.630  -3.808  37.919 0.0000000000
78935  56.357  -3.251  39.286 0.0000000000
80079  57.930  -3.335  43.128 0.0000000000
80100  57.852  -2.814  42.166 0.0000000000
74676  46.518  -7.259  38.783 0.0000000000
73555  47.471  -9.039  41.387 0.0000000000
73576  47.769  -8.396  40.239 0.0000000000
73554  48.470  -8.820  41.334 0.0000000000
73553  49.466  -8.896  41.561 0.0000000000
73501  51.838  -8.747  44.202 0.0000000000
71306  47.314  -10.822  44.633 0.0000000000
71305  48.460  -10.708  44.959 0.0000000000
75604  52.272  -8.411  46.060 0.0000000000
67945  35.374  -15.588  45.566 0.0000000000
69058  38.930  -14.246  50.389 0.0000000000
67811  40.721  -14.744  50.800 0.0000000000
69036  41.187  -14.492  51.785 0.0000000000
58671  39.677  -22.316  55.791 0.0000000000
58679  40.379  -21.385  55.033 0.0000000000
61103  40.226  -19.516  53.176 0.0000000000
62176  41.192  -19.258  54.519 0.0000000000
62175  41.528  -18.689  54.970 0.0000000000
58607  40.222  -22.277  62.330 0.0000000000
58595  40.345  -22.259  62.822 0.0000000000
59825  40.607  -21.507  61.821 0.0000000000
59824  40.818  -20.987  61.396 0.0000000000
63179  42.159  -17.658  57.996 0.0000000000
63178  42.490  -17.612  57.234 0.0000000000
65441  41.695  -15.085  56.580 0.0000000000
65442  41.527  -14.911  55.902 0.0000000000
65423  41.391  -14.762  56.559 0.0000000000
66559  41.226  -14.555  56.809 0.0000000000
67703  41.049  -14.220  56.874 0.0000000000
82562  52.617  -0.182  29.339 0.0000000000
82563  52.068  -0.028  29.222 0.0000000000
85676  54.060  2.011  28.835 0.0000000000
83570  56.497  0.240  32.366 0.0000000000
84568  56.738  0.646  31.656 0.0000000000
85636  58.193  1.569  32.061 0.0000000000
85629  58.704  1.822  32.921 0.0000000000
85759  58.607  2.628  23.262 0.0000000000
84674  59.207  2.093  24.344 0.0000000000
85692  58.522  2.223  27.543 0.0000000000
85691  59.094  2.254  28.082 0.0000000000
83594  59.383  1.381  29.057 0.0000000000
47732  27.784  -31.651  59.433 0.0000000000
47721  28.416  -31.567  59.888 0.0000000000
46615  28.342  -32.230  59.852 0.0000000000
46597  28.696  -32.564  60.431 0.0000000000
44444  14.064  -34.528  63.427 0.0000000000
44428  15.052  -34.636  64.322 0.0000000000
44429  14.322  -34.840  64.218 0.0000000000
44411  14.480  -34.800  64.959 0.0000000000
44392  14.704  -35.025  65.545 0.0000000000
44393  13.999  -35.249  65.521 0.0000000000
45422  14.553  -35.115  67.008 0.0000000000
44357  14.531  -35.314  67.112 0.0000000000
76792  49.344  -5.930  36.354 0.0000000000
76758  49.644  -6.817  37.945 0.0000000000
76749  49.287  -6.861  38.413 0.0000000000
67914  45.438  -14.201  46.714 0.0000000000
67865  47.475  -13.855  48.953 0.0000000000
67842  47.336  -14.141  49.720 0.0000000000
69092  47.958  -13.792  49.343 0.0000000000
41244  6.657  -37.704  65.113 0.0000000000
41220  6.887  -38.398  66.549 0.0000000000
40183  5.772  -38.073  66.247 0.0000000000
40165  7.185  -38.806  67.478 0.0000000000
40159  7.175  -39.108  67.892 0.0000000000
67941  39.359  -15.551  46.022 0.0000000000
53207  32.574  -27.131  53.166 0.0000000000
52203  32.676  -27.541  53.529 0.0000000000
52184  32.011  -28.057  54.035 0.0000000000
52183  32.853  -27.869  54.218 0.0000000000
52182  33.681  -27.874  54.264 0.0000000000
52159  33.854  -28.383  54.662 0.0000000000
52138  34.595  -28.716  55.361 0.0000000000
52137  35.258  -29.142  56.023 0.0000000000
45614  23.753  -33.847  57.588 0.0000000000
46686  23.040  -33.146  57.502 0.0000000000
46660  22.555  -32.946  57.449 0.0000000000
47743  21.908  -33.046  57.484 0.0000000000
47760  21.699  -32.848  57.152 0.0000000000
47744  21.495  -33.191  57.568 0.0000000000
46664  20.253  -33.459  57.642 0.0000000000
47745  13.865  -32.561  57.352 0.0000000000
46669  12.961  -32.831  58.276 0.0000000000
46670  12.417  -32.595  58.413 0.0000000000
51171  23.973  -29.163  52.834 0.0000000000
51170  24.578  -29.217  53.134 0.0000000000
51157  24.896  -29.346  53.704 0.0000000000
50059  24.837  -29.850  54.371 0.0000000000
48860  23.834  -31.129  55.219 0.0000000000
47799  24.058  -31.353  55.748 0.0000000000
83552  57.694  0.359  35.098 0.0000000000
82514  57.233  -0.679  36.035 0.0000000000
82513  57.709  -0.312  36.408 0.0000000000
84522  58.910  0.435  37.142 0.0000000000
84512  59.103  -0.069  38.072 0.0000000000
83503  58.871  -0.369  38.792 0.0000000000
77782  55.550  -4.774  40.398 0.0000000000
78912  55.900  -4.387  40.533 0.0000000000
77749  56.591  -4.738  42.757 0.0000000000
78881  56.841  -4.298  43.022 0.0000000000
78880  57.259  -3.812  43.100 0.0000000000
67901  35.093  -14.665  47.207 0.0000000000
67900  35.890  -14.459  47.852 0.0000000000
69097  36.504  -14.404  48.566 0.0000000000
69078  37.169  -14.417  49.377 0.0000000000
69059  38.190  -14.352  50.273 0.0000000000
69041  37.539  -14.665  50.649 0.0000000000
69039  39.100  -14.262  51.226 0.0000000000
55313  37.679  -24.686  54.305 0.0000000000
55324  37.821  -24.437  53.718 0.0000000000
56414  38.249  -24.366  55.080 0.0000000000
57505  39.580  -23.079  56.277 0.0000000000
56383  39.234  -24.176  56.988 0.0000000000
57494  39.911  -23.521  56.772 0.0000000000
57504  39.905  -22.542  56.533 0.0000000000
58663  40.036  -21.899  56.668 0.0000000000
59868  40.758  -21.146  57.318 0.0000000000
80256  51.594  -2.160  30.372 0.0000000000
81479  52.887  -1.563  30.265 0.0000000000
81472  53.301  -1.865  30.960 0.0000000000
83585  53.681  -0.059  29.689 0.0000000000
83584  54.324  0.135  29.938 0.0000000000
84583  54.749  0.696  29.709 0.0000000000
83579  55.075  0.013  30.745 0.0000000000
83571  55.841  -0.125  31.831 0.0000000000
82543  55.420  -0.847  31.751 0.0000000000
83562  56.752  0.162  33.176 0.0000000000
84560  57.195  -0.021  33.639 0.0000000000
86862  55.748  2.690  21.882 0.0000000000
85774  56.924  2.303  22.449 0.0000000000
85776  55.421  2.370  23.129 0.0000000000
85775  55.946  2.336  22.696 0.0000000000
85731  58.638  2.275  25.489 0.0000000000
85730  59.138  2.110  26.022 0.0000000000
85715  57.672  2.379  26.560 0.0000000000
84663  56.311  1.798  25.651 0.0000000000
85672  57.071  1.441  27.969 0.0000000000
52140  29.363  -28.500  55.534 0.0000000000
52139  30.040  -28.541  55.590 0.0000000000
51116  29.871  -28.747  56.413 0.0000000000
51070  30.475  -29.456  58.288 0.0000000000
51071  29.769  -29.473  58.431 0.0000000000
49967  31.137  -29.862  59.513 0.0000000000
51028  31.619  -30.146  60.371 0.0000000000
48797  28.760  -30.903  60.193 0.0000000000
48796  29.421  -31.073  60.610 0.0000000000
49968  29.825  -30.879  60.656 0.0000000000
48787  30.086  -30.965  61.123 0.0000000000
48786  30.555  -30.629  61.220 0.0000000000
48881  19.997  -31.793  53.346 0.0000000000
45479  19.421  -34.459  63.239 0.0000000000
45468  19.672  -34.243  64.086 0.0000000000
44423  19.796  -34.473  64.795 0.0000000000
44406  19.235  -34.661  65.543 0.0000000000
45447  20.164  -34.767  66.540 0.0000000000
45434  19.817  -34.817  66.761 0.0000000000
44409  16.199  -34.819  65.330 0.0000000000
45449  17.608  -34.848  66.373 0.0000000000
45436  17.235  -35.057  66.484 0.0000000000
45435  17.851  -34.770  66.700 0.0000000000
77851  54.489  -3.963  33.922 0.0000000000
78990  55.292  -3.519  34.964 0.0000000000
77837  54.728  -4.180  34.961 0.0000000000
77808  55.122  -4.449  36.621 0.0000000000
76803  53.266  -5.396  35.753 0.0000000000
78965  54.496  -4.782  37.580 0.0000000000
77797  54.518  -4.928  38.786 0.0000000000
76790  51.156  -6.192  36.132 0.0000000000
75724  51.557  -6.388  37.469 0.0000000000
76769  52.000  -6.120  37.783 0.0000000000
78924  55.150  -4.980  39.571 0.0000000000
77783  55.095  -5.221  40.012 0.0000000000
76735  54.773  -5.723  40.521 0.0000000000
76721  55.310  -5.751  41.131 0.0000000000
75681  53.592  -6.700  40.468 0.0000000000
75663  55.770  -6.269  41.834 0.0000000000
75648  55.263  -6.850  42.335 0.0000000000
75633  55.243  -6.593  43.609 0.0000000000
70271  44.298  -11.233  42.437 0.0000000000
71340  44.677  -11.055  42.707 0.0000000000
71325  45.508  -11.291  43.823 0.0000000000
70232  46.212  -11.629  44.560 0.0000000000
69142  49.347  -12.428  45.771 0.0000000000
69112  46.530  -13.812  46.744 0.0000000000
67913  47.203  -13.572  46.686 0.0000000000
69128  48.673  -13.097  46.340 0.0000000000
69126  50.921  -12.631  46.564 0.0000000000
64357  38.963  -15.601  51.668 0.0000000000
56321  38.443  -24.452  62.273 0.0000000000
57458  38.967  -24.052  61.627 0.0000000000
57435  39.183  -23.872  62.877 0.0000000000
79027  51.877  -3.454  31.479 0.0000000000
79018  52.348  -3.722  32.102 0.0000000000
77875  51.719  -4.179  32.275 0.0000000000
77874  52.396  -3.930  32.593 0.0000000000
79017  52.940  -3.623  32.527 0.0000000000
79010  53.424  -3.722  32.998 0.0000000000
77865  53.821  -3.992  33.427 0.0000000000
86824  52.817  3.590  24.200 0.0000000000
42302  10.045  -36.250  63.249 0.0000000000
42257  10.267  -36.582  65.461 0.0000000000
43346  10.371  -36.718  66.189 0.0000000000
42240  10.210  -36.538  66.987 0.0000000000
42224  10.194  -36.713  67.383 0.0000000000
42214  10.372  -37.053  67.793 0.0000000000
41231  7.494  -38.247  65.945 0.0000000000
41218  8.086  -37.774  66.870 0.0000000000
41205  9.149  -37.541  68.034 0.0000000000
41199  9.425  -37.817  68.386 0.0000000000
41194  10.146  -37.772  68.545 0.0000000000
72480  43.776  -9.882  40.769 0.0000000000
71380  43.756  -10.649  41.564 0.0000000000
71400  42.754  -10.827  40.365 0.0000000000
71381  43.206  -11.060  40.997 0.0000000000
70253  43.995  -12.336  42.774 0.0000000000
70235  44.190  -12.403  43.288 0.0000000000
69186  42.865  -12.744  42.288 0.0000000000
69169  43.722  -12.822  43.167 0.0000000000
69158  44.051  -12.963  43.707 0.0000000000
67936  44.453  -13.914  45.676 0.0000000000
67998  40.521  -13.655  42.288 0.0000000000
67979  40.762  -13.932  43.096 0.0000000000
66752  41.884  -14.356  43.653 0.0000000000
66733  41.467  -14.783  44.355 0.0000000000
66732  42.404  -14.470  44.249 0.0000000000
66710  43.234  -14.316  44.833 0.0000000000
67915  44.530  -14.344  46.663 0.0000000000
66637  45.654  -15.001  52.256 0.0000000000
56468  36.039  -24.486  52.125 0.0000000000
56451  36.264  -24.727  52.636 0.0000000000
54245  32.855  -26.093  52.037 0.0000000000
55340  33.317  -25.944  52.135 0.0000000000
54198  34.206  -26.398  53.682 0.0000000000
54197  35.024  -26.267  53.727 0.0000000000
55327  35.114  -25.971  53.195 0.0000000000
55314  36.823  -25.174  54.185 0.0000000000
55304  37.478  -25.137  55.223 0.0000000000
55288  37.787  -25.423  56.087 0.0000000000
55274  38.157  -25.265  57.024 0.0000000000
55275  37.306  -25.836  57.375 0.0000000000
51115  30.761  -29.061  55.995 0.0000000000
51091  32.250  -29.741  56.609 0.0000000000
50008  31.988  -29.588  58.332 0.0000000000
50021  32.107  -29.667  57.480 0.0000000000
50020  33.068  -29.912  57.132 0.0000000000
50019  34.156  -29.708  57.167 0.0000000000
50018  34.762  -29.534  57.428 0.0000000000
51069  35.175  -29.227  57.740 0.0000000000
51007  34.070  -30.048  61.167 0.0000000000
52048  34.610  -29.653  61.461 0.0000000000
51026  35.142  -29.459  59.906 0.0000000000
52101  35.495  -28.422  58.228 0.0000000000
53110  35.888  -27.633  58.591 0.0000000000
53091  36.145  -27.441  59.382 0.0000000000
53090  36.376  -26.700  59.728 0.0000000000
54087  36.467  -26.549  60.389 0.0000000000
55245  36.800  -26.079  60.173 0.0000000000
55232  37.286  -25.664  60.559 0.0000000000
56347  37.730  -25.256  60.918 0.0000000000
56334  37.784  -25.032  61.528 0.0000000000
42334  27.386  -36.891  60.518 0.0000000000
42350  25.807  -36.338  60.002 0.0000000000
42336  25.354  -36.937  60.868 0.0000000000
43405  24.720  -36.451  61.234 0.0000000000
44528  23.674  -34.575  58.305 0.0000000000
43426  23.526  -34.828  58.939 0.0000000000
44515  22.708  -34.144  58.753 0.0000000000
44514  22.972  -34.501  59.083 0.0000000000
43416  23.569  -34.955  59.569 0.0000000000
44498  21.639  -34.500  61.065 0.0000000000
44477  21.348  -34.561  61.466 0.0000000000
44456  21.539  -34.762  62.152 0.0000000000
45491  20.907  -34.646  62.237 0.0000000000
45492  20.020  -34.596  62.517 0.0000000000
47820  20.252  -32.134  53.967 0.0000000000
46728  19.749  -32.681  55.566 0.0000000000
46711  19.304  -33.007  56.260 0.0000000000
46689  19.751  -33.215  57.061 0.0000000000
45616  19.708  -33.488  57.540 0.0000000000
46732  16.143  -32.167  55.644 0.0000000000
45633  16.876  -33.229  56.723 0.0000000000
45631  18.326  -33.400  56.966 0.0000000000
45617  19.013  -33.481  57.478 0.0000000000
45595  19.755  -33.756  58.022 0.0000000000
45547  19.556  -34.349  60.313 0.0000000000
46580  19.845  -34.560  62.006 0.0000000000
45494  17.920  -34.421  62.271 0.0000000000
45495  17.002  -34.402  62.200 0.0000000000
44459  15.183  -34.382  62.981 0.0000000000
44460  14.593  -34.336  62.918 0.0000000000
45554  12.678  -33.922  60.213 0.0000000000
44500  13.579  -34.451  60.930 0.0000000000
44499  13.852  -34.453  60.865 0.0000000000
44480  13.809  -34.518  61.443 0.0000000000
45498  14.544  -34.423  62.465 0.0000000000
44463  11.825  -34.811  62.084 0.0000000000
43380  11.178  -36.180  62.922 0.0000000000
43381  10.462  -36.123  62.810 0.0000000000
42303  8.989  -36.418  62.924 0.0000000000
42304  7.721  -36.621  63.073 0.0000000000
53243  30.517  -26.791  51.868 0.0000000000
53244  30.233  -27.057  51.943 0.0000000000
54225  29.418  -27.071  51.910 0.0000000000
53230  29.708  -27.330  52.267 0.0000000000
53184  29.298  -28.160  54.422 0.0000000000
54203  27.086  -26.902  51.942 0.0000000000
54202  27.728  -26.934  52.486 0.0000000000
53211  27.723  -27.411  53.107 0.0000000000
53164  28.792  -28.403  54.781 0.0000000000
52141  28.797  -28.527  55.426 0.0000000000
51118  27.766  -28.978  56.347 0.0000000000
51096  28.035  -29.622  56.977 0.0000000000
50011  27.750  -30.577  58.135 0.0000000000
48820  27.493  -30.981  58.404 0.0000000000
50048  25.773  -29.982  55.351 0.0000000000
48829  25.708  -31.383  57.206 0.0000000000
48811  27.226  -31.469  58.661 0.0000000000
48810  27.544  -31.254  59.051 0.0000000000
45565  27.704  -33.809  59.026 0.0000000000
45460  21.078  -34.435  64.749 0.0000000000
45459  21.368  -34.552  64.665 0.0000000000
43364  11.122  -36.342  65.013 0.0000000000
44396  11.633  -36.365  65.918 0.0000000000
44377  12.147  -35.919  66.377 0.0000000000
44346  11.663  -36.109  67.269 0.0000000000
44361  12.091  -35.658  66.867 0.0000000000
45416  13.036  -35.380  66.982 0.0000000000
44359  13.662  -35.184  67.066 0.0000000000
44375  14.449  -35.612  67.226 0.0000000000
84540  58.932  1.354  35.408 0.0000000000
78989  55.918  -3.202  35.425 0.0000000000
78975  56.483  -2.965  35.966 0.0000000000
80182  56.753  -2.301  37.478 0.0000000000
80183  56.185  -3.234  37.510 0.0000000000
81382  57.709  -1.376  38.262 0.0000000000
82448  58.322  -1.102  39.057 0.0000000000
82447  58.715  -0.771  39.585 0.0000000000
80135  56.886  -2.830  40.275 0.0000000000
81340  57.272  -2.379  40.477 0.0000000000
81339  57.677  -1.932  40.664 0.0000000000
82432  58.643  -0.912  40.448 0.0000000000
82431  59.206  -0.817  40.343 0.0000000000
82419  59.647  -1.297  40.815 0.0000000000
76774  46.939  -6.438  36.886 0.0000000000
75726  48.197  -6.835  37.937 0.0000000000
75707  48.712  -6.931  38.446 0.0000000000
75698  49.304  -6.973  38.909 0.0000000000
74665  47.009  -7.596  39.323 0.0000000000
74664  47.906  -7.537  39.382 0.0000000000
74663  48.889  -7.402  39.412 0.0000000000
74662  49.695  -7.343  39.457 0.0000000000
74661  50.386  -7.288  39.640 0.0000000000
74631  51.808  -7.755  41.114 0.0000000000
73550  52.220  -8.081  41.452 0.0000000000
73532  52.583  -8.546  42.040 0.0000000000
74612  53.097  -8.038  41.934 0.0000000000
74596  53.893  -8.227  43.032 0.0000000000
75634  54.433  -7.491  43.599 0.0000000000
75623  54.516  -7.105  44.466 0.0000000000
71356  45.263  -10.421  42.491 0.0000000000
72420  46.006  -10.248  43.090 0.0000000000
72431  46.971  -9.695  43.276 0.0000000000
72418  47.160  -9.782  43.859 0.0000000000
73519  47.554  -9.452  43.598 0.0000000000
71303  50.672  -10.768  45.556 0.0000000000
71282  49.990  -9.696  45.705 0.0000000000
72391  50.281  -9.281  45.905 0.0000000000
72399  49.643  -9.402  45.491 0.0000000000
73503  49.758  -8.763  44.379 0.0000000000
73502  50.937  -8.587  44.590 0.0000000000
75614  52.644  -8.132  45.872 0.0000000000
74577  52.739  -8.153  45.502 0.0000000000
75613  54.671  -6.669  45.591 0.0000000000
75612  55.223  -6.087  45.477 0.0000000000
66716  38.130  -15.319  45.193 0.0000000000
67920  39.684  -15.240  46.804 0.0000000000
69132  36.625  -14.660  47.265 0.0000000000
67899  37.670  -14.902  47.355 0.0000000000
69115  38.086  -14.738  47.921 0.0000000000
67898  38.323  -15.092  47.440 0.0000000000
67897  39.115  -15.062  47.602 0.0000000000
67896  40.010  -14.932  47.518 0.0000000000
67848  41.104  -14.975  49.178 0.0000000000
67810  41.417  -15.037  51.226 0.0000000000
66654  42.109  -15.243  50.553 0.0000000000
66653  42.760  -15.370  50.546 0.0000000000
66639  43.774  -15.699  51.646 0.0000000000
66638  44.785  -15.455  51.944 0.0000000000
57534  38.370  -23.645  53.575 0.0000000000
57549  38.390  -23.365  53.098 0.0000000000
62199  39.583  -18.457  51.433 0.0000000000
62198  39.893  -18.431  52.075 0.0000000000
63249  39.561  -17.917  51.910 0.0000000000
64344  39.778  -15.983  52.364 0.0000000000
57468  39.376  -23.548  60.941 0.0000000000
57467  40.218  -22.918  60.491 0.0000000000
58651  40.758  -22.101  58.897 0.0000000000
61036  41.358  -20.709  57.670 0.0000000000
60999  41.389  -20.370  61.332 0.0000000000
62094  42.005  -19.194  60.880 0.0000000000
61010  41.610  -20.052  60.381 0.0000000000
59857  41.723  -20.629  58.929 0.0000000000
61050  41.129  -20.201  56.989 0.0000000000
61063  41.448  -19.647  56.275 0.0000000000
62163  41.921  -19.234  55.719 0.0000000000
62174  41.873  -18.292  55.210 0.0000000000
63193  42.368  -17.693  56.526 0.0000000000
63204  42.012  -17.913  55.611 0.0000000000
63217  41.889  -17.375  54.778 0.0000000000
64331  41.044  -16.634  53.796 0.0000000000
64332  40.309  -15.952  53.414 0.0000000000
65480  39.931  -15.379  53.082 0.0000000000
65472  39.656  -15.243  53.119 0.0000000000
66600  39.883  -15.112  53.270 0.0000000000
66572  40.797  -14.520  55.313 0.0000000000
67736  40.246  -14.421  54.340 0.0000000000
67755  39.587  -14.190  53.948 0.0000000000
68985  39.714  -13.848  54.095 0.0000000000
70129  40.284  -13.719  54.162 0.0000000000
70144  40.575  -13.689  53.910 0.0000000000
66526  42.467  -15.072  58.665 0.0000000000
67690  41.605  -14.526  57.978 0.0000000000
68918  41.434  -13.901  57.526 0.0000000000
70054  42.401  -13.690  58.205 0.0000000000
68935  41.705  -13.569  57.326 0.0000000000
68936  41.021  -13.685  56.567 0.0000000000
70087  41.370  -13.577  55.915 0.0000000000
70127  41.541  -13.700  54.851 0.0000000000
68983  41.506  -13.882  54.376 0.0000000000
68982  42.179  -13.751  54.699 0.0000000000
69000  43.068  -14.284  53.998 0.0000000000
68980  44.261  -13.824  55.322 0.0000000000
67754  43.566  -14.684  54.312 0.0000000000
88002  51.939  3.619  25.100 0.0000000000
86814  52.271  2.971  25.348 0.0000000000
85750  52.902  2.529  25.188 0.0000000000
85734  53.159  2.129  25.423 0.0000000000
84652  54.669  1.485  26.629 0.0000000000
84636  54.504  1.392  27.511 0.0000000000
84612  57.299  1.564  28.809 0.0000000000
85648  55.160  0.737  29.858 0.0000000000
85657  55.031  1.078  29.653 0.0000000000
85656  55.788  1.098  29.449 0.0000000000
85646  56.461  0.844  30.531 0.0000000000
84582  56.557  1.321  29.405 0.0000000000
84593  57.618  1.497  29.582 0.0000000000
84592  57.941  1.525  29.524 0.0000000000
85662  58.264  1.618  29.673 0.0000000000
85642  59.325  1.565  32.146 0.0000000000
41192  11.623  -37.252  67.743 0.0000000000
41195  9.941  -37.575  68.500 0.0000000000
41254  7.665  -37.498  64.759 0.0000000000
42210  10.170  -37.525  68.401 0.0000000000
42213  12.383  -36.763  67.663 0.0000000000
42221  13.628  -36.405  67.279 0.0000000000
42222  13.296  -36.620  67.364 0.0000000000
42226  9.065  -37.452  67.796 0.0000000000
42271  11.080  -36.259  64.603 0.0000000000
42275  7.987  -37.518  64.800 0.0000000000
42301  10.601  -36.298  63.315 0.0000000000
42315  8.578  -36.012  62.377 0.0000000000
43312  12.191  -36.530  67.915 0.0000000000
43315  13.495  -35.988  67.384 0.0000000000
43316  12.843  -36.234  67.356 0.0000000000
43330  13.562  -36.674  67.176 0.0000000000
43332  10.727  -36.564  67.099 0.0000000000
43354  11.630  -36.198  65.439 0.0000000000
43362  12.097  -35.671  64.701 0.0000000000
44341  11.202  -36.630  67.411 0.0000000000
44342  10.981  -36.731  67.404 0.0000000000
44343  13.413  -35.607  67.262 0.0000000000
44345  12.436  -35.624  67.199 0.0000000000
44358  14.128  -35.398  67.216 0.0000000000
44360  12.679  -35.424  66.870 0.0000000000
44422  21.578  -34.626  64.590 0.0000000000
44458  17.541  -34.364  61.940 0.0000000000
44478  17.601  -34.321  61.657 0.0000000000
44525  26.941  -34.529  58.737 0.0000000000
44537  24.932  -34.171  57.953 0.0000000000
45415  12.889  -35.389  67.026 0.0000000000
45425  13.177  -35.331  66.703 0.0000000000
45433  20.123  -34.871  66.796 0.0000000000
45441  13.400  -35.362  66.167 0.0000000000
45448  19.919  -34.753  66.559 0.0000000000
45455  13.376  -35.376  65.919 0.0000000000
45461  16.489  -34.748  65.808 0.0000000000
45462  16.176  -34.751  65.790 0.0000000000
45465  22.074  -34.454  63.907 0.0000000000
45518  21.025  -34.436  61.308 0.0000000000
45543  22.446  -34.226  59.720 0.0000000000
45588  27.263  -34.143  58.743 0.0000000000
45632  17.606  -33.400  56.759 0.0000000000
46598  28.400  -33.036  60.097 0.0000000000
46600  20.498  -34.470  61.347 0.0000000000
46618  20.723  -34.325  60.851 0.0000000000
46636  28.034  -31.968  59.622 0.0000000000
46639  26.529  -32.803  58.105 0.0000000000
47742  22.403  -32.821  57.295 0.0000000000
48807  33.572  -30.244  58.799 0.0000000000
48808  33.299  -30.346  58.871 0.0000000000
48817  33.406  -30.254  58.640 0.0000000000
48830  25.152  -31.628  57.145 0.0000000000
48876  24.825  -30.309  54.959 0.0000000000
49921  32.949  -30.042  61.171 0.0000000000
49941  31.843  -30.047  60.570 0.0000000000
49943  30.213  -30.780  60.661 0.0000000000
49944  29.975  -30.666  60.320 0.0000000000
49962  34.757  -29.522  59.464 0.0000000000
49986  34.463  -29.666  59.017 0.0000000000
50007  32.702  -30.046  58.134 0.0000000000
50034  34.055  -29.497  56.613 0.0000000000
51012  30.212  -30.735  60.356 0.0000000000
51025  34.960  -29.336  59.421 0.0000000000
51027  34.254  -29.912  60.447 0.0000000000
51046  34.834  -29.356  59.210 0.0000000000
51089  34.822  -29.354  56.776 0.0000000000
51090  34.300  -29.458  56.643 0.0000000000
51111  34.780  -29.350  56.230 0.0000000000
51136  28.427  -28.536  55.627 0.0000000000
51150  32.674  -28.435  54.853 0.0000000000
51152  31.162  -28.644  54.246 0.0000000000
51153  28.172  -28.511  55.438 0.0000000000
51154  27.928  -28.527  55.393 0.0000000000
52143  26.972  -28.848  55.234 0.0000000000
52163  28.304  -28.482  55.113 0.0000000000
52188  27.920  -28.491  55.107 0.0000000000
52220  31.466  -27.396  52.797 0.0000000000
53032  35.771  -28.514  61.545 0.0000000000
53089  36.565  -26.455  59.511 0.0000000000
53109  36.425  -26.979  58.794 0.0000000000
53144  29.328  -28.499  55.258 0.0000000000
53145  29.105  -28.526  55.181 0.0000000000
53163  29.265  -28.481  54.990 0.0000000000
53183  33.658  -27.559  54.039 0.0000000000
54073  36.699  -26.781  61.162 0.0000000000
54102  36.503  -26.302  59.961 0.0000000000
54117  37.363  -25.858  58.399 0.0000000000
54137  36.075  -27.617  56.864 0.0000000000
54149  37.355  -25.728  56.011 0.0000000000
54165  37.419  -25.519  55.692 0.0000000000
54200  32.632  -26.725  52.669 0.0000000000
55204  37.569  -25.921  62.157 0.0000000000
55219  37.564  -25.869  61.875 0.0000000000
55233  36.855  -26.115  60.792 0.0000000000
55306  36.095  -25.801  54.675 0.0000000000
55328  34.312  -26.167  53.012 0.0000000000
55337  35.977  -24.909  52.505 0.0000000000
56333  38.334  -24.528  61.589 0.0000000000
56382  40.025  -23.678  57.126 0.0000000000
56432  38.793  -23.497  54.552 0.0000000000
56433  38.450  -24.070  54.091 0.0000000000
57469  38.766  -24.177  61.052 0.0000000000
58608  39.713  -22.774  62.569 0.0000000000
58643  40.864  -21.440  60.120 0.0000000000
58664  39.794  -22.425  56.319 0.0000000000
59814  40.737  -21.559  62.443 0.0000000000
59904  40.446  -20.800  54.467 0.0000000000
61000  41.005  -21.029  61.713 0.0000000000
62152  41.913  -19.307  56.313 0.0000000000
62162  42.034  -18.605  55.487 0.0000000000
63216  41.785  -18.043  55.094 0.0000000000
64294  41.820  -15.855  55.417 0.0000000000
64314  41.755  -16.805  54.535 0.0000000000
64316  40.486  -16.074  54.092 0.0000000000
64330  41.625  -16.872  54.296 0.0000000000
65492  37.889  -15.121  51.818 0.0000000000
66599  43.647  -15.090  53.934 0.0000000000
66615  38.381  -15.120  52.989 0.0000000000
66627  43.032  -15.391  52.190 0.0000000000
66641  42.199  -15.218  51.056 0.0000000000
66642  37.308  -14.991  51.170 0.0000000000
66643  37.082  -14.881  50.868 0.0000000000
66655  37.064  -15.080  50.775 0.0000000000
66731  43.027  -14.263  44.474 0.0000000000
67674  42.218  -14.843  58.402 0.0000000000
67689  42.136  -14.470  58.342 0.0000000000
67737  40.042  -14.800  53.630 0.0000000000
67757  38.679  -14.914  53.177 0.0000000000
67775  42.398  -14.558  53.088 0.0000000000
67776  38.956  -14.622  53.041 0.0000000000
67793  37.876  -14.990  51.938 0.0000000000
67831  40.902  -14.947  50.211 0.0000000000
67850  37.075  -14.564  49.760 0.0000000000
67873  39.588  -14.812  48.067 0.0000000000
68887  43.097  -14.372  59.173 0.0000000000
68900  42.514  -14.115  58.524 0.0000000000
68917  41.921  -13.664  58.001 0.0000000000
68986  39.511  -14.213  53.661 0.0000000000
69006  38.768  -14.639  52.880 0.0000000000
69019  42.048  -14.475  52.939 0.0000000000
69073  47.783  -13.888  49.641 0.0000000000
69113  46.011  -14.019  46.723 0.0000000000
69114  38.596  -14.874  47.854 0.0000000000
69116  37.158  -14.549  47.749 0.0000000000
69133  36.511  -14.554  47.479 0.0000000000
69204  40.734  -13.069  41.338 0.0000000000
70053  43.026  -13.758  58.469 0.0000000000
70071  42.313  -13.490  57.737 0.0000000000
70105  43.312  -13.547  56.107 0.0000000000
70108  41.277  -13.687  55.276 0.0000000000
70143  41.120  -13.849  54.272 0.0000000000
70145  40.019  -13.537  53.684 0.0000000000
72409  48.224  -9.643  44.708 0.0000000000
72411  46.899  -10.201  44.069 0.0000000000
72429  49.198  -9.240  42.228 0.0000000000
72430  48.966  -9.279  42.137 0.0000000000
72433  45.772  -10.233  42.468 0.0000000000
72479  44.497  -9.867  41.006 0.0000000000
72501  43.468  -9.792  39.961 0.0000000000
73531  53.359  -8.377  42.331 0.0000000000
73551  51.700  -8.356  41.512 0.0000000000
74567  51.049  -8.605  45.720 0.0000000000
74610  54.587  -7.359  41.762 0.0000000000
74647  52.480  -7.093  40.634 0.0000000000
75592  52.522  -8.376  46.205 0.0000000000
75593  52.465  -8.557  46.312 0.0000000000
75603  52.579  -8.228  46.094 0.0000000000
75615  52.221  -8.343  45.819 0.0000000000
75621  55.438  -5.942  45.021 0.0000000000
75646  56.151  -5.666  42.660 0.0000000000
75664  54.888  -6.609  41.404 0.0000000000
75693  53.368  -6.465  40.172 0.0000000000
75723  51.798  -6.276  37.553 0.0000000000
75740  51.860  -6.344  37.288 0.0000000000
75750  51.207  -6.311  34.972 0.0000000000
75756  51.454  -6.160  34.807 0.0000000000
75757  51.084  -6.153  34.559 0.0000000000
76679  55.560  -5.924  44.570 0.0000000000
76704  55.957  -5.781  43.361 0.0000000000
76722  54.566  -6.139  40.906 0.0000000000
76831  52.738  -4.983  33.901 0.0000000000
77734  56.234  -5.109  44.021 0.0000000000
77768  56.049  -4.950  40.884 0.0000000000
77810  53.856  -5.192  37.361 0.0000000000
78964  55.106  -4.452  37.389 0.0000000000
79009  53.983  -3.257  33.153 0.0000000000
80118  57.173  -2.689  40.856 0.0000000000
80151  56.442  -3.060  38.899 0.0000000000
80211  56.410  -2.378  35.573 0.0000000000
81338  58.916  -1.779  41.580 0.0000000000
82414  58.278  -1.552  41.278 0.0000000000
82445  59.577  -1.142  39.560 0.0000000000
82463  59.538  -1.428  38.015 0.0000000000
82500  57.794  -0.324  36.652 0.0000000000
82535  56.387  -0.140  33.163 0.0000000000
83511  58.481  -0.450  38.070 0.0000000000
83520  59.467  2.106  36.981 0.0000000000
83521  59.549  1.821  36.977 0.0000000000
83522  58.115  -0.385  37.330 0.0000000000
83533  59.489  1.988  36.897 0.0000000000
83534  59.605  1.585  36.788 0.0000000000
83535  57.949  -0.049  36.699 0.0000000000
83536  57.830  -0.365  36.789 0.0000000000
83554  57.016  -0.573  34.140 0.0000000000
83561  57.126  0.454  33.064 0.0000000000
83578  55.733  0.218  31.250 0.0000000000
84506  59.598  0.525  39.023 0.0000000000
84507  59.269  -0.102  38.924 0.0000000000
84510  60.044  0.574  38.514 0.0000000000
84521  59.440  1.426  36.991 0.0000000000
84551  57.419  0.036  33.987 0.0000000000
84552  57.185  -0.400  33.924 0.0000000000
84561  57.199  -0.226  33.786 0.0000000000
84573  56.251  0.602  31.163 0.0000000000
84580  57.477  1.436  29.830 0.0000000000
84581  57.170  1.420  29.697 0.0000000000
84634  56.218  1.446  27.680 0.0000000000
85591  60.163  0.866  39.033 0.0000000000
85593  59.731  1.161  38.742 0.0000000000
85599  59.310  0.457  37.378 0.0000000000
85607  59.585  1.921  37.672 0.0000000000
85609  59.161  0.516  37.080 0.0000000000
85614  60.096  1.955  37.444 0.0000000000
85615  59.840  2.043  37.436 0.0000000000
85638  56.693  0.800  31.172 0.0000000000
85673  56.524  1.393  27.773 0.0000000000
85675  54.625  1.826  28.863 0.0000000000
85735  52.522  2.387  25.606 0.0000000000
85736  52.025  2.440  25.849 0.0000000000
85773  57.545  2.526  22.538 0.0000000000
85784  56.381  2.480  21.968 0.0000000000
85785  56.229  2.393  22.238 0.0000000000
86863  55.315  2.880  22.185 0.0000000000
88000  52.711  4.594  24.145 0.0000000000
