#!ascii label  , from subject 3165 vox2ras=TkReg
1063
58758  34.446  -21.142  48.963 0.0000000000
77843  44.724  -4.265  35.645 0.0000000000
68020  34.941  -14.285  41.527 0.0000000000
50014  11.015  -29.043  57.670 0.0000000000
58730  26.458  -20.366  50.912 0.0000000000
72509  35.190  -9.111  39.765 0.0000000000
52226  17.820  -27.031  51.450 0.0000000000
48866  15.452  -30.964  54.948 0.0000000000
53257  22.191  -26.349  49.394 0.0000000000
76822  49.692  -5.494  34.345 0.0000000000
63253  33.557  -18.090  52.363 0.0000000000
63310  31.981  -17.765  48.215 0.0000000000
61134  38.229  -19.728  49.679 0.0000000000
81460  48.296  -1.340  33.697 0.0000000000
81481  50.734  -1.481  30.507 0.0000000000
80176  40.489  -2.908  38.383 0.0000000000
74678  44.784  -7.688  38.703 0.0000000000
73615  38.865  -8.383  37.773 0.0000000000
69205  39.840  -13.259  41.064 0.0000000000
55355  31.969  -25.281  51.354 0.0000000000
45557  10.074  -33.364  60.341 0.0000000000
46566  6.432  -32.794  63.221 0.0000000000
45456  5.281  -33.182  65.914 0.0000000000
58763  30.165  -21.408  49.153 0.0000000000
55360  26.888  -25.238  50.410 0.0000000000
69135  28.422  -12.523  45.808 0.0000000000
67901  35.093  -14.665  47.207 0.0000000000
86789  50.023  3.546  28.461 0.0000000000
77840  46.927  -4.912  35.271 0.0000000000
76774  46.939  -6.438  36.886 0.0000000000
61135  35.096  -19.657  50.609 0.0000000000
63280  34.707  -18.746  49.372 0.0000000000
58756  36.738  -21.504  49.187 0.0000000000
81445  44.509  -1.638  35.583 0.0000000000
81443  46.735  -0.696  35.645 0.0000000000
80223  46.317  -2.649  34.199 0.0000000000
79011  48.208  -3.610  33.316 0.0000000000
41233  5.359  -37.487  65.844 0.0000000000
76762  39.556  -5.564  38.148 0.0000000000
76751  37.868  -5.664  39.158 0.0000000000
70310  34.184  -11.069  40.140 0.0000000000
70327  37.121  -11.518  39.009 0.0000000000
68018  37.100  -14.041  41.005 0.0000000000
66757  37.349  -15.062  43.400 0.0000000000
50040  13.249  -29.619  56.152 0.0000000000
47762  14.744  -32.230  56.545 0.0000000000
47765  12.148  -30.965  57.461 0.0000000000
46647  11.727  -32.964  59.256 0.0000000000
48798  10.363  -31.413  58.705 0.0000000000
48772  7.139  -30.602  62.547 0.0000000000
46545  5.986  -32.529  64.817 0.0000000000
57609  29.097  -20.782  49.941 0.0000000000
56513  28.331  -22.763  48.626 0.0000000000
56515  26.404  -22.842  48.784 0.0000000000
51185  21.651  -29.197  51.488 0.0000000000
52224  23.693  -28.393  51.675 0.0000000000
65529  36.684  -15.758  49.304 0.0000000000
66675  33.676  -15.676  47.096 0.0000000000
74653  36.204  -6.894  40.806 0.0000000000
72441  34.364  -8.643  41.737 0.0000000000
70277  32.209  -10.626  41.611 0.0000000000
51172  19.319  -29.633  51.967 0.0000000000
48883  17.796  -31.451  53.762 0.0000000000
51175  16.271  -28.329  52.885 0.0000000000
51160  14.429  -27.695  54.607 0.0000000000
53155  12.395  -26.807  56.642 0.0000000000
56517  24.280  -22.593  49.039 0.0000000000
56520  21.565  -23.169  49.809 0.0000000000
52247  19.847  -26.782  49.977 0.0000000000
64362  30.500  -16.542  53.160 0.0000000000
65533  28.916  -15.611  50.531 0.0000000000
63283  31.787  -17.998  50.341 0.0000000000
63293  36.690  -17.814  48.059 0.0000000000
83573  49.462  0.836  32.190 0.0000000000
80239  49.351  -2.566  32.370 0.0000000000
77883  50.302  -4.181  32.056 0.0000000000
78979  42.501  -3.721  36.540 0.0000000000
75744  44.819  -5.920  36.708 0.0000000000
76779  42.230  -5.302  37.043 0.0000000000
74681  41.474  -7.788  37.916 0.0000000000
71417  41.849  -10.667  39.574 0.0000000000
72525  37.281  -9.166  38.112 0.0000000000
71420  39.102  -10.863  38.634 0.0000000000
56492  32.686  -23.664  49.972 0.0000000000
56480  36.108  -23.839  51.437 0.0000000000
81394  42.781  -1.452  38.190 0.0000000000
51039  9.427  -27.887  59.912 0.0000000000
48800  8.515  -30.410  60.117 0.0000000000
46606  7.594  -32.719  61.173 0.0000000000
43390  8.168  -35.466  62.249 0.0000000000
43384  6.703  -35.664  63.198 0.0000000000
43375  5.612  -35.808  64.685 0.0000000000
43347  4.794  -35.482  66.313 0.0000000000
43321  3.798  -34.716  66.938 0.0000000000
58773  32.272  -21.156  48.424 0.0000000000
56494  30.686  -23.662  49.392 0.0000000000
55358  29.027  -25.277  50.303 0.0000000000
54267  24.574  -25.684  50.121 0.0000000000
69159  30.844  -13.191  42.687 0.0000000000
65573  29.413  -15.815  46.847 0.0000000000
66720  31.283  -15.407  44.633 0.0000000000
67963  33.877  -15.794  43.894 0.0000000000
58701  38.224  -22.121  51.633 0.0000000000
86801  51.270  3.288  26.318 0.0000000000
84598  49.867  1.488  29.505 0.0000000000
84618  51.470  1.385  28.187 0.0000000000
77860  45.946  -4.297  35.067 0.0000000000
76810  46.964  -5.176  35.920 0.0000000000
77826  45.710  -4.975  36.002 0.0000000000
59968  34.613  -20.633  49.732 0.0000000000
59967  35.181  -20.501  49.713 0.0000000000
58757  35.533  -21.418  48.985 0.0000000000
80215  44.184  -2.617  35.435 0.0000000000
81444  45.180  -1.822  35.239 0.0000000000
79004  45.803  -3.547  34.721 0.0000000000
79003  46.809  -3.747  34.259 0.0000000000
41222  4.682  -37.190  66.141 0.0000000000
77785  38.588  -4.754  39.946 0.0000000000
76738  38.209  -5.084  40.640 0.0000000000
69207  33.659  -12.728  40.655 0.0000000000
69225  35.764  -12.905  39.930 0.0000000000
68019  36.126  -14.137  41.187 0.0000000000
66788  36.890  -14.559  41.669 0.0000000000
66790  35.496  -14.671  42.123 0.0000000000
50027  12.322  -29.541  57.021 0.0000000000
48833  12.664  -30.397  57.178 0.0000000000
48834  12.002  -30.118  57.445 0.0000000000
47748  11.433  -31.153  57.759 0.0000000000
49998  10.517  -29.318  58.233 0.0000000000
57590  27.694  -20.491  51.292 0.0000000000
57631  27.284  -21.309  49.026 0.0000000000
57632  26.267  -21.588  48.758 0.0000000000
50073  21.141  -30.304  52.701 0.0000000000
67834  29.171  -13.095  50.944 0.0000000000
65518  36.640  -15.299  49.630 0.0000000000
71388  32.836  -10.044  41.450 0.0000000000
71349  31.976  -9.245  42.980 0.0000000000
51188  18.155  -28.234  51.633 0.0000000000
50076  17.809  -30.000  52.509 0.0000000000
52210  16.761  -27.545  52.431 0.0000000000
52192  14.893  -27.044  54.158 0.0000000000
53196  14.469  -26.094  54.940 0.0000000000
52173  13.393  -27.329  55.770 0.0000000000
57614  22.207  -21.766  50.481 0.0000000000
53248  18.739  -25.774  50.722 0.0000000000
54271  19.441  -25.016  50.129 0.0000000000
52238  19.150  -27.000  50.381 0.0000000000
51197  19.454  -27.923  50.659 0.0000000000
64376  31.798  -17.354  51.958 0.0000000000
63268  32.643  -18.219  51.227 0.0000000000
61141  37.633  -19.553  49.063 0.0000000000
62223  35.701  -19.207  48.404 0.0000000000
62221  38.073  -18.553  49.001 0.0000000000
63292  37.908  -17.614  48.845 0.0000000000
62213  38.787  -18.416  49.999 0.0000000000
81453  47.335  -1.254  34.344 0.0000000000
81466  49.194  -1.098  33.039 0.0000000000
81467  48.664  -2.078  32.917 0.0000000000
77856  48.949  -4.989  34.062 0.0000000000
77877  49.726  -4.270  32.549 0.0000000000
77868  50.421  -4.947  33.347 0.0000000000
78966  41.800  -3.239  36.872 0.0000000000
77813  41.812  -4.342  36.870 0.0000000000
77814  40.881  -4.512  37.147 0.0000000000
74683  39.453  -7.470  37.776 0.0000000000
75715  40.979  -6.763  37.712 0.0000000000
73613  40.854  -8.247  37.767 0.0000000000
73599  42.433  -9.223  38.754 0.0000000000
72504  40.659  -9.882  38.404 0.0000000000
73581  35.911  -7.765  40.319 0.0000000000
74672  36.605  -7.349  39.726 0.0000000000
72508  36.006  -9.441  38.810 0.0000000000
69239  38.217  -12.693  39.596 0.0000000000
70326  38.434  -11.834  39.266 0.0000000000
70308  39.279  -12.444  39.715 0.0000000000
70307  40.403  -12.178  40.148 0.0000000000
55377  32.899  -24.453  50.840 0.0000000000
55376  34.028  -24.492  51.057 0.0000000000
80161  40.636  -2.610  39.271 0.0000000000
81395  41.762  -1.760  37.984 0.0000000000
81412  42.590  -1.883  37.149 0.0000000000
48864  17.160  -31.185  54.321 0.0000000000
47807  16.185  -31.746  55.203 0.0000000000
46622  11.159  -33.170  59.627 0.0000000000
45526  12.219  -34.007  60.539 0.0000000000
44482  11.015  -33.858  60.348 0.0000000000
45529  9.586  -33.772  60.719 0.0000000000
51021  8.586  -28.038  61.185 0.0000000000
49978  9.210  -29.259  60.048 0.0000000000
49955  8.011  -29.353  61.139 0.0000000000
46565  6.862  -32.351  62.630 0.0000000000
47713  7.419  -31.840  61.396 0.0000000000
46581  7.279  -32.369  61.857 0.0000000000
45504  8.452  -34.232  61.499 0.0000000000
44468  7.371  -34.616  62.326 0.0000000000
43391  7.400  -35.532  62.607 0.0000000000
44450  6.669  -34.625  62.908 0.0000000000
46539  5.711  -32.256  65.561 0.0000000000
45463  5.535  -33.460  65.074 0.0000000000
44415  5.041  -34.693  65.405 0.0000000000
44416  4.770  -35.049  65.713 0.0000000000
44397  4.781  -33.906  66.166 0.0000000000
58728  31.809  -20.859  50.991 0.0000000000
58745  32.457  -21.180  50.092 0.0000000000
58761  31.743  -21.224  48.840 0.0000000000
57627  31.606  -21.995  48.501 0.0000000000
56530  30.262  -22.233  48.603 0.0000000000
55382  27.565  -24.662  49.795 0.0000000000
55381  28.579  -24.756  49.844 0.0000000000
54266  27.872  -25.291  50.225 0.0000000000
54276  23.154  -24.597  49.037 0.0000000000
55402  24.575  -23.697  49.127 0.0000000000
54268  23.851  -25.352  49.494 0.0000000000
52209  25.352  -27.871  51.945 0.0000000000
75730  44.687  -6.389  37.303 0.0000000000
75729  45.647  -6.354  37.526 0.0000000000
74677  45.689  -7.328  38.748 0.0000000000
70227  29.323  -11.347  45.172 0.0000000000
69160  30.093  -12.271  43.532 0.0000000000
69161  29.369  -12.886  44.012 0.0000000000
64410  30.315  -17.466  49.290 0.0000000000
65548  28.924  -15.844  48.448 0.0000000000
64437  30.249  -16.795  47.720 0.0000000000
66684  33.980  -15.212  46.944 0.0000000000
66697  32.234  -15.616  45.804 0.0000000000
66719  32.673  -15.576  45.194 0.0000000000
67948  32.125  -15.429  44.147 0.0000000000
67946  34.217  -15.521  45.197 0.0000000000
67944  36.575  -15.733  45.698 0.0000000000
56479  37.027  -23.558  51.271 0.0000000000
87964  50.437  4.167  27.884 0.0000000000
81482  49.983  -0.668  30.775 0.0000000000
83588  49.572  0.835  30.422 0.0000000000
82556  50.572  -0.225  30.271 0.0000000000
83598  51.552  0.291  29.020 0.0000000000
83613  53.010  0.551  28.324 0.0000000000
53234  17.407  -25.722  51.855 0.0000000000
52228  16.593  -26.711  52.551 0.0000000000
76823  48.829  -5.443  34.680 0.0000000000
76791  50.261  -6.109  36.175 0.0000000000
76808  48.626  -5.629  35.530 0.0000000000
62207  34.505  -19.029  51.470 0.0000000000
63266  34.138  -18.813  50.864 0.0000000000
62214  34.854  -19.310  49.977 0.0000000000
61143  35.547  -19.864  49.263 0.0000000000
58755  37.539  -21.087  49.167 0.0000000000
82507  46.415  -0.508  36.514 0.0000000000
82521  45.288  -1.130  35.288 0.0000000000
81454  46.468  -1.590  34.437 0.0000000000
80222  46.904  -2.075  33.909 0.0000000000
80231  48.068  -2.717  33.214 0.0000000000
79012  47.629  -3.692  33.876 0.0000000000
77871  47.962  -4.385  34.064 0.0000000000
41245  5.760  -37.486  65.381 0.0000000000
78941  39.916  -3.213  39.162 0.0000000000
77800  40.095  -4.768  37.842 0.0000000000
77801  39.180  -4.541  38.539 0.0000000000
76763  38.496  -5.379  38.754 0.0000000000
74684  38.353  -7.332  38.165 0.0000000000
71424  34.706  -10.224  39.781 0.0000000000
71423  35.450  -10.284  39.007 0.0000000000
69242  35.313  -12.020  39.495 0.0000000000
69224  36.870  -13.102  39.797 0.0000000000
68017  38.155  -13.740  41.137 0.0000000000
66771  38.777  -14.597  42.555 0.0000000000
66756  38.310  -14.871  43.334 0.0000000000
54247  31.159  -26.321  51.664 0.0000000000
50038  14.232  -30.286  55.299 0.0000000000
48846  14.626  -30.822  55.307 0.0000000000
48831  13.998  -30.954  56.444 0.0000000000
47763  14.068  -31.875  56.844 0.0000000000
47746  13.314  -32.364  57.537 0.0000000000
47736  11.330  -32.160  58.634 0.0000000000
47722  10.233  -32.056  59.167 0.0000000000
49916  7.628  -29.243  62.588 0.0000000000
47684  7.200  -30.189  63.850 0.0000000000
46552  6.410  -31.830  63.601 0.0000000000
46553  5.981  -32.616  63.908 0.0000000000
46544  6.247  -31.618  64.517 0.0000000000
46538  5.888  -31.350  65.238 0.0000000000
46534  5.466  -31.660  66.400 0.0000000000
57608  30.155  -20.765  50.064 0.0000000000
57629  29.476  -21.506  48.884 0.0000000000
57630  28.179  -21.457  48.795 0.0000000000
56514  27.253  -23.234  48.665 0.0000000000
56497  26.544  -23.791  49.342 0.0000000000
52235  22.188  -27.697  50.255 0.0000000000
53246  23.052  -27.095  49.984 0.0000000000
51193  23.159  -28.648  51.518 0.0000000000
73612  44.156  -8.536  38.951 0.0000000000
69099  29.268  -12.129  48.085 0.0000000000
64423  34.669  -16.734  47.404 0.0000000000
65546  31.683  -16.863  47.266 0.0000000000
65532  34.937  -15.553  47.681 0.0000000000
66673  35.427  -14.948  48.200 0.0000000000
86783  49.822  4.005  30.390 0.0000000000
41210  4.004  -36.990  66.522 0.0000000000
73564  35.771  -7.384  41.526 0.0000000000
73565  35.321  -7.999  41.251 0.0000000000
72465  34.666  -8.626  41.297 0.0000000000
71403  33.757  -10.265  40.582 0.0000000000
70293  33.125  -10.873  40.853 0.0000000000
69189  32.690  -12.570  41.376 0.0000000000
50074  19.996  -30.239  52.368 0.0000000000
48881  19.997  -31.793  53.346 0.0000000000
48901  18.307  -30.993  52.811 0.0000000000
48902  17.411  -30.647  53.079 0.0000000000
50063  16.073  -29.998  53.738 0.0000000000
52211  16.067  -26.956  53.110 0.0000000000
51159  15.011  -28.476  54.265 0.0000000000
51139  14.648  -29.339  54.633 0.0000000000
51123  13.641  -28.774  55.521 0.0000000000
51125  12.635  -28.223  56.434 0.0000000000
52129  11.737  -27.330  57.072 0.0000000000
58765  25.081  -20.831  49.443 0.0000000000
57612  23.707  -20.646  50.438 0.0000000000
56518  23.156  -22.577  49.218 0.0000000000
54277  22.081  -24.918  48.827 0.0000000000
55387  20.860  -23.550  50.763 0.0000000000
54279  20.579  -25.216  49.450 0.0000000000
53258  21.062  -26.392  49.519 0.0000000000
51196  20.268  -28.313  50.707 0.0000000000
50088  20.002  -29.530  51.759 0.0000000000
66630  29.784  -14.613  53.382 0.0000000000
66658  28.814  -14.546  51.264 0.0000000000
65519  29.847  -16.587  52.124 0.0000000000
64394  30.378  -17.276  50.979 0.0000000000
63298  31.406  -17.862  49.069 0.0000000000
63281  33.860  -18.325  50.240 0.0000000000
62225  34.072  -18.469  48.569 0.0000000000
63308  33.781  -17.894  47.517 0.0000000000
64421  36.177  -17.008  47.775 0.0000000000
64391  37.784  -16.499  49.607 0.0000000000
83565  49.694  0.557  33.252 0.0000000000
82544  49.469  -0.307  32.476 0.0000000000
81474  49.736  -1.502  31.494 0.0000000000
80240  48.716  -2.744  32.787 0.0000000000
79029  50.123  -3.419  31.866 0.0000000000
78978  43.389  -3.372  36.121 0.0000000000
77827  44.984  -4.792  35.996 0.0000000000
77829  43.134  -4.401  36.519 0.0000000000
76778  43.183  -5.350  36.999 0.0000000000
75713  43.127  -7.044  37.788 0.0000000000
76761  40.527  -5.737  37.613 0.0000000000
75714  41.998  -6.816  37.611 0.0000000000
74680  42.547  -7.732  38.257 0.0000000000
74669  42.984  -8.525  38.652 0.0000000000
72501  43.468  -9.792  39.961 0.0000000000
75701  36.920  -6.812  39.765 0.0000000000
74685  37.239  -7.294  38.801 0.0000000000
72524  38.226  -9.220  37.746 0.0000000000
71422  36.574  -10.444  38.540 0.0000000000
72507  37.859  -9.799  38.220 0.0000000000
72505  39.655  -9.979  38.420 0.0000000000
71418  41.057  -10.558  39.130 0.0000000000
56528  33.358  -22.623  48.443 0.0000000000
56507  34.775  -23.286  49.353 0.0000000000
56491  33.809  -23.765  50.209 0.0000000000
56481  35.318  -24.177  51.648 0.0000000000
81411  43.626  -1.082  37.455 0.0000000000
80202  43.262  -2.403  36.120 0.0000000000
52110  11.052  -27.107  58.322 0.0000000000
52091  10.110  -27.078  59.524 0.0000000000
51061  10.131  -28.154  59.119 0.0000000000
49977  9.741  -29.099  59.275 0.0000000000
48799  9.670  -30.558  59.173 0.0000000000
47724  8.545  -31.634  60.260 0.0000000000
48789  7.741  -30.280  60.984 0.0000000000
47725  7.778  -31.551  60.729 0.0000000000
46604  8.863  -33.111  60.659 0.0000000000
45530  8.762  -33.672  61.058 0.0000000000
44466  9.127  -35.223  61.809 0.0000000000
42305  6.796  -36.581  63.633 0.0000000000
45471  5.712  -33.565  64.178 0.0000000000
43385  6.111  -35.744  63.950 0.0000000000
42276  5.714  -36.811  64.936 0.0000000000
42277  5.293  -36.629  65.503 0.0000000000
42260  5.039  -36.354  65.906 0.0000000000
42244  4.505  -36.142  66.290 0.0000000000
44363  4.474  -34.039  66.972 0.0000000000
44364  4.362  -34.360  66.952 0.0000000000
42216  4.068  -35.313  66.796 0.0000000000
58743  34.073  -20.611  49.887 0.0000000000
58744  33.332  -20.990  50.125 0.0000000000
58771  33.540  -21.411  48.528 0.0000000000
56529  32.719  -22.306  48.252 0.0000000000
56493  31.660  -23.735  49.636 0.0000000000
55379  30.734  -24.563  50.131 0.0000000000
56495  29.947  -23.585  49.093 0.0000000000
55380  29.712  -24.535  49.717 0.0000000000
55356  30.885  -25.490  50.917 0.0000000000
56516  25.395  -22.834  48.962 0.0000000000
55401  25.322  -23.906  49.263 0.0000000000
55361  26.075  -25.205  50.711 0.0000000000
53245  24.265  -26.782  50.429 0.0000000000
54253  25.342  -26.092  50.754 0.0000000000
54229  26.367  -26.279  51.250 0.0000000000
76775  46.146  -5.881  37.192 0.0000000000
70243  31.432  -9.889  43.240 0.0000000000
69172  31.166  -12.188  42.460 0.0000000000
68004  32.551  -13.231  41.638 0.0000000000
66666  28.690  -14.566  50.284 0.0000000000
67877  27.965  -14.013  48.249 0.0000000000
67927  28.577  -13.650  46.244 0.0000000000
65558  31.070  -16.452  46.676 0.0000000000
66699  29.835  -15.473  45.654 0.0000000000
66741  29.235  -13.855  44.669 0.0000000000
67965  30.936  -14.579  42.988 0.0000000000
67964  32.690  -15.259  43.421 0.0000000000
68002  34.545  -14.853  42.466 0.0000000000
67981  35.505  -15.454  43.545 0.0000000000
57605  36.435  -22.846  49.919 0.0000000000
57603  37.805  -22.010  50.751 0.0000000000
58721  38.692  -21.028  51.087 0.0000000000
58688  39.230  -21.661  53.182 0.0000000000
59937  38.920  -20.300  52.000 0.0000000000
89018  51.650  5.179  26.149 0.0000000000
85658  49.301  2.693  30.294 0.0000000000
85667  49.817  2.610  29.028 0.0000000000
83586  50.949  0.239  29.701 0.0000000000
84619  50.625  1.690  28.638 0.0000000000
85679  50.227  2.577  28.154 0.0000000000
85697  51.275  2.147  27.145 0.0000000000
85719  51.717  2.339  26.301 0.0000000000
77842  45.371  -4.254  35.390 0.0000000000
77841  46.270  -4.776  35.573 0.0000000000
57625  34.823  -22.228  48.793 0.0000000000
78992  44.546  -3.553  35.470 0.0000000000
78991  45.158  -3.514  35.088 0.0000000000
68021  33.692  -13.254  41.066 0.0000000000
68038  34.569  -13.441  40.835 0.0000000000
66789  36.003  -14.581  41.969 0.0000000000
50028  11.632  -29.287  57.306 0.0000000000
48822  11.257  -30.030  57.752 0.0000000000
57591  27.090  -20.453  50.836 0.0000000000
57611  26.990  -20.848  50.051 0.0000000000
58749  25.972  -20.589  49.561 0.0000000000
48898  21.527  -30.888  53.354 0.0000000000
67816  29.729  -12.775  52.393 0.0000000000
51189  17.435  -27.678  51.974 0.0000000000
53249  17.981  -26.081  51.137 0.0000000000
52239  18.376  -26.752  50.812 0.0000000000
52225  18.667  -27.677  50.982 0.0000000000
64375  32.903  -17.739  52.205 0.0000000000
62222  37.150  -18.781  48.524 0.0000000000
61140  38.383  -19.003  49.554 0.0000000000
62220  38.445  -18.335  49.509 0.0000000000
61133  38.879  -19.334  50.230 0.0000000000
81452  48.088  -0.474  34.956 0.0000000000
77869  49.464  -4.829  33.492 0.0000000000
76834  50.081  -5.276  33.769 0.0000000000
77854  50.952  -5.357  33.699 0.0000000000
41255  7.243  -37.452  64.720 0.0000000000
80192  40.543  -3.365  37.727 0.0000000000
78967  41.034  -3.665  37.170 0.0000000000
74682  40.494  -7.578  37.712 0.0000000000
73614  40.115  -8.613  37.720 0.0000000000
73601  40.540  -9.257  37.971 0.0000000000
72522  40.059  -9.455  37.961 0.0000000000
73603  35.654  -8.391  40.000 0.0000000000
69222  38.642  -13.188  40.073 0.0000000000
70309  38.666  -12.577  39.612 0.0000000000
69221  39.620  -12.932  40.379 0.0000000000
55378  31.794  -24.529  50.468 0.0000000000
80175  41.134  -2.238  38.524 0.0000000000
80191  41.219  -2.633  37.552 0.0000000000
48885  16.079  -30.451  54.354 0.0000000000
48865  16.536  -31.080  54.648 0.0000000000
46623  10.136  -32.759  59.913 0.0000000000
45555  11.196  -33.621  60.175 0.0000000000
45556  10.725  -33.521  60.172 0.0000000000
45528  10.635  -34.086  60.492 0.0000000000
49933  8.139  -28.474  61.569 0.0000000000
45505  7.323  -33.619  61.721 0.0000000000
45483  6.660  -33.625  62.592 0.0000000000
58747  30.675  -21.071  49.824 0.0000000000
57586  31.382  -20.885  51.239 0.0000000000
57606  31.080  -21.133  50.483 0.0000000000
58746  31.526  -21.173  50.200 0.0000000000
58762  30.795  -21.399  49.117 0.0000000000
57628  31.026  -21.919  48.520 0.0000000000
57650  30.349  -21.761  48.680 0.0000000000
55359  27.382  -25.422  50.359 0.0000000000
54250  27.727  -25.827  50.818 0.0000000000
54251  27.134  -25.593  50.885 0.0000000000
54269  22.955  -25.532  49.145 0.0000000000
53256  23.447  -26.271  49.620 0.0000000000
75712  44.146  -6.915  38.126 0.0000000000
75711  45.149  -6.807  38.201 0.0000000000
69118  28.713  -11.820  46.629 0.0000000000
70204  29.264  -11.233  45.874 0.0000000000
69148  29.530  -11.659  44.308 0.0000000000
69149  28.700  -12.106  44.680 0.0000000000
64427  29.667  -16.748  48.347 0.0000000000
64426  30.953  -17.227  47.892 0.0000000000
67902  34.329  -14.985  46.844 0.0000000000
66696  33.645  -15.465  46.240 0.0000000000
67926  34.168  -15.179  46.602 0.0000000000
66718  33.550  -15.496  45.456 0.0000000000
67925  34.583  -15.185  46.383 0.0000000000
67945  35.374  -15.588  45.566 0.0000000000
87957  50.488  4.721  28.766 0.0000000000
89003  50.695  5.126  27.876 0.0000000000
82557  49.852  0.202  30.669 0.0000000000
54234  17.972  -24.388  52.681 0.0000000000
54235  17.057  -25.177  52.788 0.0000000000
54256  18.135  -25.168  51.489 0.0000000000
76824  48.073  -5.393  34.794 0.0000000000
76809  47.627  -5.433  35.524 0.0000000000
76794  47.419  -5.758  36.424 0.0000000000
76793  48.360  -5.918  36.360 0.0000000000
59966  36.085  -20.649  48.753 0.0000000000
59965  37.109  -20.550  48.856 0.0000000000
81428  44.400  -1.009  36.480 0.0000000000
82508  45.332  -0.643  36.238 0.0000000000
82522  44.850  -1.218  35.519 0.0000000000
80224  45.676  -2.667  34.619 0.0000000000
81455  45.669  -1.837  34.779 0.0000000000
80233  46.835  -2.627  33.852 0.0000000000
80232  47.302  -2.686  33.675 0.0000000000
79013  46.919  -3.115  33.847 0.0000000000
77859  46.486  -4.377  34.836 0.0000000000
79002  47.274  -4.047  34.174 0.0000000000
77858  47.379  -4.656  34.450 0.0000000000
77857  48.256  -4.922  34.218 0.0000000000
78942  39.442  -3.679  39.835 0.0000000000
78954  39.459  -3.883  39.062 0.0000000000
77793  38.951  -4.353  39.468 0.0000000000
76764  38.036  -5.706  38.787 0.0000000000
75717  38.913  -6.380  38.108 0.0000000000
75718  37.894  -6.214  38.599 0.0000000000
70329  35.047  -11.126  39.330 0.0000000000
69243  34.631  -11.610  39.667 0.0000000000
68036  36.433  -13.583  40.476 0.0000000000
68035  37.396  -13.521  40.439 0.0000000000
66787  37.520  -14.336  41.439 0.0000000000
66773  36.716  -14.771  42.626 0.0000000000
66737  37.818  -15.231  44.282 0.0000000000
78929  40.087  -2.950  40.204 0.0000000000
50039  13.737  -29.960  55.590 0.0000000000
48847  14.216  -30.776  55.865 0.0000000000
48848  13.686  -30.405  56.140 0.0000000000
47764  12.949  -31.402  57.236 0.0000000000
46669  12.961  -32.831  58.276 0.0000000000
47747  12.371  -31.943  58.053 0.0000000000
48812  10.590  -30.659  58.340 0.0000000000
47671  6.652  -30.772  64.173 0.0000000000
46533  5.714  -31.152  65.878 0.0000000000
57589  28.868  -20.367  51.171 0.0000000000
57588  29.870  -20.560  51.126 0.0000000000
57653  26.863  -21.867  48.679 0.0000000000
57652  27.398  -21.874  48.647 0.0000000000
56533  27.025  -22.419  48.580 0.0000000000
51195  21.364  -28.469  50.844 0.0000000000
51194  22.469  -28.652  51.050 0.0000000000
64408  35.600  -16.184  47.984 0.0000000000
64409  35.139  -16.103  47.760 0.0000000000
66663  36.469  -15.017  49.507 0.0000000000
66664  35.798  -15.015  48.729 0.0000000000
67852  35.840  -14.739  48.582 0.0000000000
42229  3.610  -35.723  66.580 0.0000000000
72484  34.083  -9.755  40.535 0.0000000000
72466  33.969  -9.269  41.009 0.0000000000
70294  32.670  -10.726  41.296 0.0000000000
69209  32.621  -11.292  41.262 0.0000000000
69208  33.127  -12.220  40.892 0.0000000000
69190  32.136  -11.936  41.674 0.0000000000
48900  19.394  -30.929  52.981 0.0000000000
50075  18.852  -30.265  52.329 0.0000000000
51174  17.364  -28.703  52.332 0.0000000000
50077  16.703  -29.696  53.029 0.0000000000
51158  15.846  -29.033  53.643 0.0000000000
53236  16.346  -26.226  52.786 0.0000000000
51140  14.257  -28.537  54.868 0.0000000000
52153  12.952  -27.361  56.187 0.0000000000
52154  12.342  -27.658  56.589 0.0000000000
58751  24.457  -20.417  50.680 0.0000000000
56519  22.009  -22.628  49.717 0.0000000000
57636  22.283  -22.046  49.918 0.0000000000
55404  22.499  -23.658  48.993 0.0000000000
55405  21.266  -23.780  49.424 0.0000000000
53260  19.453  -26.154  50.145 0.0000000000
54270  19.972  -25.108  49.623 0.0000000000
53259  20.135  -25.989  49.599 0.0000000000
53265  20.761  -25.860  49.492 0.0000000000
52246  20.552  -27.016  49.728 0.0000000000
52236  20.978  -27.722  50.232 0.0000000000
52237  20.012  -27.527  50.205 0.0000000000
51187  19.334  -28.776  51.314 0.0000000000
65494  30.279  -15.757  53.607 0.0000000000
65507  29.574  -15.712  52.438 0.0000000000
65506  29.950  -16.323  52.911 0.0000000000
64393  31.430  -17.774  51.191 0.0000000000
63284  30.942  -17.751  49.922 0.0000000000
62215  33.503  -18.603  51.045 0.0000000000
63294  35.375  -18.479  48.066 0.0000000000
63295  34.446  -18.498  48.754 0.0000000000
62230  34.375  -18.472  48.288 0.0000000000
62231  33.983  -18.485  47.986 0.0000000000
63307  34.821  -18.021  47.655 0.0000000000
64422  35.664  -16.953  47.624 0.0000000000
63305  36.431  -17.190  47.852 0.0000000000
63265  38.910  -17.799  50.420 0.0000000000
64390  38.260  -17.070  49.813 0.0000000000
81425  47.051  -0.679  36.216 0.0000000000
80250  49.958  -2.488  31.748 0.0000000000
79020  48.831  -3.560  32.800 0.0000000000
79019  49.486  -3.494  32.343 0.0000000000
77828  44.104  -4.316  36.001 0.0000000000
77812  42.570  -4.714  36.865 0.0000000000
75732  42.675  -6.165  37.259 0.0000000000
74670  42.118  -8.416  38.427 0.0000000000
72503  41.750  -10.034  38.743 0.0000000000
72502  42.733  -10.116  39.529 0.0000000000
75686  37.414  -5.871  40.693 0.0000000000
75687  36.790  -6.543  40.296 0.0000000000
73618  36.483  -8.373  38.758 0.0000000000
74686  36.547  -7.878  38.877 0.0000000000
73617  36.973  -8.314  38.515 0.0000000000
73616  37.849  -8.293  38.227 0.0000000000
70328  35.956  -11.318  39.041 0.0000000000
71421  37.864  -10.644  38.566 0.0000000000
72506  38.668  -9.920  38.343 0.0000000000
71419  40.175  -10.740  38.813 0.0000000000
56508  33.569  -23.488  49.020 0.0000000000
55353  34.342  -24.906  51.849 0.0000000000
55375  34.714  -24.355  51.445 0.0000000000
80203  42.581  -2.710  36.547 0.0000000000
81430  42.930  -2.105  36.475 0.0000000000
80216  43.665  -2.718  35.762 0.0000000000
48882  18.922  -31.799  53.299 0.0000000000
47821  19.571  -32.356  53.904 0.0000000000
47822  18.584  -32.242  54.007 0.0000000000
47785  14.928  -31.700  55.912 0.0000000000
46620  12.827  -33.582  59.725 0.0000000000
53118  11.342  -26.257  58.680 0.0000000000
51020  9.357  -27.264  61.101 0.0000000000
52072  10.067  -26.583  60.418 0.0000000000
47723  9.283  -31.742  59.696 0.0000000000
49934  7.736  -29.234  61.819 0.0000000000
48779  7.470  -30.234  62.130 0.0000000000
47726  7.546  -32.118  60.910 0.0000000000
46626  7.847  -32.366  60.714 0.0000000000
46625  8.427  -32.389  60.495 0.0000000000
46605  8.201  -33.016  60.764 0.0000000000
44467  8.212  -34.740  62.003 0.0000000000
43389  8.754  -35.465  62.111 0.0000000000
45484  6.081  -33.624  63.308 0.0000000000
44433  5.569  -34.660  64.454 0.0000000000
43365  5.314  -35.911  65.268 0.0000000000
44398  4.660  -34.838  65.924 0.0000000000
43366  5.016  -35.571  65.745 0.0000000000
43357  4.989  -35.555  65.899 0.0000000000
42243  4.906  -35.995  66.181 0.0000000000
45443  4.514  -33.603  66.883 0.0000000000
45427  4.406  -33.354  67.152 0.0000000000
43320  4.191  -34.757  66.994 0.0000000000
43333  4.018  -34.986  66.765 0.0000000000
42218  3.688  -34.969  66.768 0.0000000000
59961  34.568  -20.456  50.570 0.0000000000
58760  32.648  -20.783  48.980 0.0000000000
58759  33.499  -20.861  48.999 0.0000000000
58772  32.944  -21.011  48.185 0.0000000000
57647  33.219  -21.778  47.920 0.0000000000
57648  32.378  -21.678  48.093 0.0000000000
56510  31.536  -22.819  49.113 0.0000000000
56512  29.514  -22.817  48.837 0.0000000000
55357  29.831  -25.495  50.525 0.0000000000
54248  29.908  -26.602  51.501 0.0000000000
57634  23.986  -21.295  49.654 0.0000000000
57633  25.033  -21.587  48.904 0.0000000000
55385  24.802  -24.705  49.555 0.0000000000
55384  25.820  -24.457  49.746 0.0000000000
55362  25.328  -25.219  50.206 0.0000000000
52234  23.461  -27.837  51.073 0.0000000000
52233  24.398  -27.458  51.280 0.0000000000
53214  25.692  -27.725  51.995 0.0000000000
53233  25.323  -27.187  51.507 0.0000000000
53232  26.115  -26.845  51.527 0.0000000000
54230  25.833  -26.467  51.244 0.0000000000
76797  44.554  -5.226  36.461 0.0000000000
76796  45.458  -5.550  36.604 0.0000000000
71332  31.557  -9.181  43.893 0.0000000000
71333  30.925  -9.601  44.185 0.0000000000
69173  30.562  -11.154  42.779 0.0000000000
68005  31.783  -12.727  41.935 0.0000000000
67985  31.604  -13.396  42.331 0.0000000000
65560  29.094  -15.761  47.404 0.0000000000
66676  28.446  -14.754  48.778 0.0000000000
66687  28.468  -14.935  47.737 0.0000000000
67903  28.285  -13.940  47.224 0.0000000000
66700  28.950  -14.965  46.430 0.0000000000
65545  32.634  -16.422  47.022 0.0000000000
65557  32.130  -16.106  46.594 0.0000000000
66698  30.978  -15.711  45.677 0.0000000000
66721  30.112  -15.101  44.844 0.0000000000
66722  29.227  -14.338  45.198 0.0000000000
66739  30.296  -14.646  44.091 0.0000000000
67983  33.685  -14.872  43.012 0.0000000000
67982  34.630  -15.400  43.317 0.0000000000
68001  35.161  -15.266  42.775 0.0000000000
56506  35.752  -23.252  49.903 0.0000000000
56489  36.364  -23.271  50.660 0.0000000000
57583  37.584  -23.026  51.216 0.0000000000
57604  37.311  -22.581  50.377 0.0000000000
57582  37.900  -22.364  51.220 0.0000000000
58722  38.189  -21.771  51.161 0.0000000000
61118  39.614  -19.405  51.705 0.0000000000
87977  51.143  4.436  26.546 0.0000000000
89002  51.385  5.457  27.121 0.0000000000
84569  49.486  1.814  32.383 0.0000000000
84584  49.620  1.094  30.028 0.0000000000
84585  49.308  1.650  30.439 0.0000000000
84599  49.382  2.262  29.725 0.0000000000
83614  51.994  0.684  28.355 0.0000000000
83615  51.208  0.894  28.550 0.0000000000
85678  51.004  2.071  27.971 0.0000000000
85698  50.588  2.671  27.582 0.0000000000
76795  46.432  -5.470  36.418 0.0000000000
80214  45.041  -2.638  35.016 0.0000000000
41234  5.007  -37.058  65.888 0.0000000000
76739  37.697  -5.535  39.918 0.0000000000
69226  34.314  -12.523  40.228 0.0000000000
68037  35.358  -13.504  40.679 0.0000000000
51102  12.599  -29.077  56.419 0.0000000000
50026  12.869  -29.850  56.739 0.0000000000
47766  11.692  -30.574  57.569 0.0000000000
47659  6.261  -30.284  65.069 0.0000000000
57610  28.013  -20.996  50.078 0.0000000000
50087  20.861  -29.653  52.021 0.0000000000
50086  21.865  -29.722  52.244 0.0000000000
67853  28.634  -12.733  50.051 0.0000000000
65530  36.185  -15.529  48.784 0.0000000000
65517  37.116  -15.503  50.124 0.0000000000
71367  33.496  -8.809  41.847 0.0000000000
71368  32.153  -9.331  41.874 0.0000000000
51173  18.445  -29.319  51.949 0.0000000000
53218  15.273  -26.123  53.588 0.0000000000
53195  14.571  -25.998  54.036 0.0000000000
52193  14.304  -27.041  54.643 0.0000000000
52172  13.852  -27.340  55.273 0.0000000000
56500  21.371  -23.014  50.474 0.0000000000
54255  18.911  -24.237  51.407 0.0000000000
55366  19.606  -24.308  50.574 0.0000000000
64377  30.610  -16.929  52.452 0.0000000000
63291  38.330  -18.002  49.198 0.0000000000
62205  39.149  -18.438  50.737 0.0000000000
82528  47.269  -0.636  34.938 0.0000000000
82538  49.770  -0.294  33.531 0.0000000000
77870  48.485  -4.360  33.533 0.0000000000
77878  49.058  -4.339  32.997 0.0000000000
77876  50.735  -4.492  32.504 0.0000000000
77867  51.532  -5.027  33.206 0.0000000000
76780  41.264  -5.313  37.102 0.0000000000
75716  39.994  -6.572  37.828 0.0000000000
73600  41.243  -8.926  38.219 0.0000000000
73602  36.061  -8.392  39.311 0.0000000000
72526  36.553  -8.888  38.603 0.0000000000
69240  37.479  -12.434  39.499 0.0000000000
70325  39.717  -11.627  39.238 0.0000000000
55354  33.171  -25.319  51.771 0.0000000000
80145  41.269  -2.016  40.411 0.0000000000
80160  41.285  -1.889  39.354 0.0000000000
81376  41.490  -1.720  38.659 0.0000000000
81413  41.892  -2.190  37.469 0.0000000000
80190  41.999  -2.514  37.104 0.0000000000
47823  17.977  -32.000  54.287 0.0000000000
47806  17.266  -31.902  54.698 0.0000000000
46621  12.108  -33.428  59.821 0.0000000000
46602  11.707  -33.601  60.164 0.0000000000
45527  11.461  -34.033  60.492 0.0000000000
45501  11.240  -34.650  61.169 0.0000000000
45502  10.286  -34.809  61.045 0.0000000000
51040  8.964  -28.310  60.603 0.0000000000
49954  8.475  -29.086  60.748 0.0000000000
48788  8.153  -29.778  60.707 0.0000000000
47699  7.263  -30.808  62.027 0.0000000000
47700  7.162  -31.328  62.189 0.0000000000
45531  8.015  -33.497  61.187 0.0000000000
44380  4.557  -34.322  66.644 0.0000000000
44349  3.715  -34.050  67.451 0.0000000000
57649  31.992  -21.468  48.419 0.0000000000
56511  30.619  -22.708  48.800 0.0000000000
55400  27.740  -23.743  49.058 0.0000000000
55399  28.471  -23.787  49.251 0.0000000000
54265  28.352  -25.488  50.418 0.0000000000
54249  28.755  -25.967  51.102 0.0000000000
55403  23.594  -23.590  49.072 0.0000000000
55386  23.989  -24.402  49.265 0.0000000000
51182  24.473  -28.810  52.522 0.0000000000
52223  24.592  -28.204  51.867 0.0000000000
52222  24.950  -28.551  52.377 0.0000000000
75743  45.270  -6.111  36.975 0.0000000000
75710  46.069  -6.800  38.236 0.0000000000
70203  29.885  -9.797  46.580 0.0000000000
70226  29.952  -10.718  44.901 0.0000000000
71318  30.582  -9.891  44.375 0.0000000000
64411  29.361  -16.517  49.679 0.0000000000
65534  28.961  -15.342  49.480 0.0000000000
64428  29.238  -16.306  48.898 0.0000000000
65547  29.306  -16.275  47.842 0.0000000000
65559  29.851  -16.412  47.276 0.0000000000
66685  32.953  -15.878  46.493 0.0000000000
67947  33.182  -15.623  44.582 0.0000000000
67962  34.940  -15.633  44.364 0.0000000000
56467  37.151  -23.812  52.166 0.0000000000
57565  37.517  -23.356  51.708 0.0000000000
57564  38.241  -22.882  52.075 0.0000000000
87963  50.815  4.589  27.293 0.0000000000
86791  50.798  3.521  27.205 0.0000000000
82548  49.508  -0.147  31.407 0.0000000000
83580  49.327  0.803  31.093 0.0000000000
83587  50.149  0.614  29.968 0.0000000000
85677  51.559  1.648  27.771 0.0000000000
84617  52.295  1.149  27.904 0.0000000000
52227  17.104  -26.796  52.073 0.0000000000
53235  16.699  -25.988  52.352 0.0000000000
76807  49.533  -5.785  35.372 0.0000000000
76792  49.344  -5.930  36.354 0.0000000000
63252  34.003  -18.364  52.478 0.0000000000
63267  33.485  -18.366  51.568 0.0000000000
61142  36.549  -19.779  48.678 0.0000000000
59959  37.823  -20.435  49.461 0.0000000000
82520  46.225  -0.656  35.512 0.0000000000
82530  45.908  -1.050  34.782 0.0000000000
82529  46.655  -0.817  34.789 0.0000000000
81461  47.518  -1.948  33.614 0.0000000000
41244  6.657  -37.704  65.113 0.0000000000
78953  39.986  -3.798  38.318 0.0000000000
77802  38.722  -4.729  38.996 0.0000000000
72510  34.775  -9.578  39.957 0.0000000000
69241  36.424  -12.210  39.491 0.0000000000
69223  37.773  -13.126  39.893 0.0000000000
68034  37.979  -13.337  40.435 0.0000000000
69206  39.108  -13.380  40.819 0.0000000000
68000  38.752  -14.323  41.825 0.0000000000
66772  37.834  -14.690  42.173 0.0000000000
66755  39.376  -14.774  43.241 0.0000000000
54246  32.252  -26.122  51.771 0.0000000000
54224  31.747  -26.646  52.124 0.0000000000
50050  14.604  -30.215  54.766 0.0000000000
47786  14.303  -31.332  56.279 0.0000000000
48832  13.368  -30.640  56.703 0.0000000000
46646  12.331  -33.038  58.912 0.0000000000
48771  7.310  -29.890  63.079 0.0000000000
47685  6.705  -30.906  63.091 0.0000000000
58748  30.117  -21.181  49.471 0.0000000000
57651  29.989  -21.626  48.834 0.0000000000
56532  27.644  -22.371  48.548 0.0000000000
56496  27.168  -23.961  49.456 0.0000000000
55383  26.676  -24.618  49.883 0.0000000000
53247  22.403  -27.117  49.806 0.0000000000
51184  22.597  -29.156  51.780 0.0000000000
51183  23.552  -28.861  52.229 0.0000000000
73611  44.392  -8.269  38.834 0.0000000000
64424  33.313  -17.030  47.431 0.0000000000
64425  32.179  -17.279  47.532 0.0000000000
65544  34.060  -15.990  47.491 0.0000000000
65531  35.400  -15.576  48.091 0.0000000000
66665  35.319  -15.184  48.029 0.0000000000
66674  34.760  -15.201  47.463 0.0000000000
67876  34.724  -14.863  47.212 0.0000000000
86786  49.773  3.770  29.429 0.0000000000
80257  50.992  -2.268  30.623 0.0000000000
74638  36.539  -6.877  41.706 0.0000000000
73582  35.424  -8.172  40.596 0.0000000000
72482  34.979  -8.474  40.830 0.0000000000
72483  34.517  -9.372  40.386 0.0000000000
71402  34.249  -10.151  40.293 0.0000000000
70311  33.669  -10.962  40.503 0.0000000000
71387  33.387  -9.830  41.121 0.0000000000
69227  33.638  -11.557  40.458 0.0000000000
48899  20.471  -30.900  53.223 0.0000000000
48884  16.790  -30.660  53.828 0.0000000000
50064  15.360  -29.809  54.301 0.0000000000
52212  15.506  -26.994  53.664 0.0000000000
52191  15.557  -27.819  53.572 0.0000000000
51122  14.159  -29.537  55.098 0.0000000000
52152  13.435  -27.863  55.811 0.0000000000
51124  13.079  -28.490  56.073 0.0000000000
51103  11.971  -28.526  56.741 0.0000000000
51104  11.373  -28.330  57.422 0.0000000000
58750  25.357  -20.518  50.331 0.0000000000
58766  24.705  -20.692  49.956 0.0000000000
57613  23.063  -21.098  50.517 0.0000000000
57635  22.751  -21.863  49.822 0.0000000000
55389  19.704  -24.549  50.179 0.0000000000
55388  20.157  -24.344  49.982 0.0000000000
55406  20.788  -24.563  49.462 0.0000000000
54278  21.264  -24.946  49.231 0.0000000000
53263  21.703  -25.492  49.171 0.0000000000
52245  21.504  -27.118  49.728 0.0000000000
51186  20.569  -29.054  51.314 0.0000000000
66657  29.382  -13.838  51.873 0.0000000000
66645  29.361  -14.813  52.108 0.0000000000
65520  29.350  -15.924  51.512 0.0000000000
64395  29.441  -16.397  50.703 0.0000000000
62208  33.503  -18.505  51.328 0.0000000000
62216  33.260  -18.462  50.783 0.0000000000
63282  33.090  -17.966  50.134 0.0000000000
63296  33.642  -18.369  49.215 0.0000000000
63297  32.643  -18.321  48.854 0.0000000000
62232  33.315  -18.366  48.041 0.0000000000
63309  32.784  -17.994  47.747 0.0000000000
64407  36.593  -16.533  48.444 0.0000000000
64406  37.295  -17.059  48.675 0.0000000000
64392  37.002  -16.061  49.404 0.0000000000
84563  49.541  1.558  33.097 0.0000000000
81473  50.240  -1.845  30.963 0.0000000000
80249  50.492  -2.413  31.163 0.0000000000
78977  43.971  -3.614  35.783 0.0000000000
76798  43.807  -5.018  36.555 0.0000000000
77830  42.485  -4.288  36.675 0.0000000000
76777  44.101  -5.777  36.803 0.0000000000
75731  43.652  -6.314  37.331 0.0000000000
78968  40.493  -4.118  37.603 0.0000000000
76781  40.530  -5.001  37.254 0.0000000000
76760  41.328  -6.131  37.435 0.0000000000
75733  41.870  -6.021  37.079 0.0000000000
74679  43.708  -8.083  38.529 0.0000000000
74668  43.446  -8.576  38.773 0.0000000000
73598  43.586  -8.993  39.337 0.0000000000
75700  37.261  -6.310  39.541 0.0000000000
74671  36.997  -6.957  39.455 0.0000000000
71432  36.714  -9.588  38.435 0.0000000000
71431  37.267  -9.937  38.369 0.0000000000
72523  39.262  -9.301  37.874 0.0000000000
70324  40.722  -11.281  39.464 0.0000000000
70323  41.294  -10.974  39.574 0.0000000000
57646  33.960  -22.009  48.413 0.0000000000
56527  34.153  -22.878  48.592 0.0000000000
56490  35.047  -23.702  50.776 0.0000000000
81429  43.509  -1.679  36.340 0.0000000000
81446  43.706  -2.121  35.678 0.0000000000
78993  43.924  -3.177  35.665 0.0000000000
47805  18.221  -32.423  54.711 0.0000000000
47808  15.579  -31.589  55.447 0.0000000000
52109  11.630  -26.595  57.948 0.0000000000
52130  11.309  -27.522  57.781 0.0000000000
51081  10.731  -28.151  58.115 0.0000000000
52111  10.501  -27.356  58.779 0.0000000000
51060  10.386  -28.541  58.606 0.0000000000
49999  10.179  -28.976  58.819 0.0000000000
48813  10.167  -29.730  58.807 0.0000000000
46624  9.298  -32.671  60.337 0.0000000000
47712  7.390  -30.991  61.541 0.0000000000
48801  8.162  -30.968  60.517 0.0000000000
45503  9.354  -34.517  61.301 0.0000000000
44465  10.049  -35.377  61.690 0.0000000000
42316  8.143  -36.126  62.454 0.0000000000
42292  6.463  -36.844  64.396 0.0000000000
44451  6.045  -34.661  63.610 0.0000000000
42261  4.860  -36.588  66.014 0.0000000000
45442  4.672  -33.010  66.639 0.0000000000
44379  4.644  -33.784  66.575 0.0000000000
45428  4.255  -33.696  67.281 0.0000000000
44381  4.432  -34.614  66.759 0.0000000000
43348  4.551  -35.163  66.806 0.0000000000
42227  4.121  -36.004  66.582 0.0000000000
42228  3.882  -35.933  66.571 0.0000000000
65493  30.900  -15.919  53.932 0.0000000000
56509  32.517  -23.025  48.957 0.0000000000
57626  32.150  -22.340  48.559 0.0000000000
56531  29.887  -21.965  48.581 0.0000000000
55398  29.230  -23.906  49.348 0.0000000000
58764  25.557  -20.953  48.939 0.0000000000
56498  25.906  -23.559  49.298 0.0000000000
53255  24.031  -26.054  49.914 0.0000000000
54252  25.952  -25.929  51.066 0.0000000000
55342  26.252  -25.727  51.074 0.0000000000
55341  26.619  -25.632  51.051 0.0000000000
54228  27.036  -26.258  51.287 0.0000000000
76776  45.667  -5.926  37.123 0.0000000000
70260  31.289  -10.529  42.421 0.0000000000
70244  30.709  -10.383  43.533 0.0000000000
70261  30.827  -10.704  42.888 0.0000000000
68003  33.634  -14.204  41.981 0.0000000000
67835  28.695  -13.930  50.694 0.0000000000
67854  28.569  -13.600  50.005 0.0000000000
66667  28.551  -14.410  49.553 0.0000000000
67855  28.251  -13.827  49.091 0.0000000000
69082  28.231  -13.434  48.631 0.0000000000
69100  28.239  -13.104  48.026 0.0000000000
69119  28.747  -12.920  47.007 0.0000000000
64436  30.544  -16.698  47.403 0.0000000000
65572  29.839  -15.988  46.384 0.0000000000
66686  31.870  -15.824  46.299 0.0000000000
65571  30.438  -15.903  46.076 0.0000000000
66723  28.736  -14.115  45.743 0.0000000000
67950  28.740  -13.259  45.378 0.0000000000
67967  29.211  -13.392  44.340 0.0000000000
67966  29.730  -13.789  43.694 0.0000000000
67984  32.521  -14.269  42.543 0.0000000000
66775  35.204  -14.832  42.299 0.0000000000
66774  35.807  -14.983  42.702 0.0000000000
66758  36.411  -15.323  43.539 0.0000000000
67961  35.984  -15.920  44.529 0.0000000000
66738  36.946  -15.450  44.444 0.0000000000
57624  35.777  -22.374  49.441 0.0000000000
57623  36.640  -22.225  49.759 0.0000000000
56488  37.128  -23.221  50.787 0.0000000000
58742  37.178  -21.988  49.754 0.0000000000
58741  37.852  -21.367  50.131 0.0000000000
58740  38.500  -20.690  50.565 0.0000000000
57563  38.917  -22.229  52.610 0.0000000000
58700  38.929  -21.648  51.984 0.0000000000
59950  38.968  -20.065  50.960 0.0000000000
61127  39.371  -19.163  50.957 0.0000000000
84576  49.415  1.711  31.561 0.0000000000
86784  49.545  3.312  30.807 0.0000000000
86787  49.476  3.382  30.100 0.0000000000
85668  49.448  2.966  29.678 0.0000000000
83599  50.660  0.787  29.144 0.0000000000
86792  50.294  3.283  27.796 0.0000000000
85696  51.816  1.520  27.532 0.0000000000
44483  10.773  -33.871  60.399 0.0000000000
44501  10.963  -33.622  60.210 0.0000000000
44502  10.873  -33.697  60.271 0.0000000000
46603  11.441  -33.576  60.136 0.0000000000
48780  7.212  -30.726  62.252 0.0000000000
51082  10.452  -28.065  58.686 0.0000000000
52244  22.083  -27.107  49.767 0.0000000000
53264  21.261  -25.732  49.375 0.0000000000
54236  16.498  -25.624  52.889 0.0000000000
56534  26.621  -22.144  48.669 0.0000000000
57607  30.787  -21.010  50.586 0.0000000000
57654  26.579  -21.882  48.668 0.0000000000
58729  27.096  -20.415  51.206 0.0000000000
58774  32.016  -21.251  48.535 0.0000000000
58775  30.242  -21.537  48.940 0.0000000000
58776  29.957  -21.494  49.044 0.0000000000
59958  38.394  -20.282  50.159 0.0000000000
62209  33.280  -18.480  51.212 0.0000000000
62224  34.322  -18.481  48.553 0.0000000000
62226  33.535  -18.427  48.516 0.0000000000
63269  31.906  -17.920  51.212 0.0000000000
63278  38.464  -17.648  49.712 0.0000000000
63279  38.177  -17.163  49.493 0.0000000000
63306  35.888  -17.573  47.723 0.0000000000
64374  33.346  -17.961  52.306 0.0000000000
64412  29.103  -16.009  49.129 0.0000000000
65495  29.769  -15.484  53.045 0.0000000000
65543  34.820  -15.941  47.699 0.0000000000
66631  29.624  -14.907  52.715 0.0000000000
66695  34.005  -15.386  45.858 0.0000000000
66740  29.548  -14.255  44.404 0.0000000000
67875  35.451  -14.775  47.860 0.0000000000
67949  28.989  -13.401  44.826 0.0000000000
68022  33.039  -12.810  41.301 0.0000000000
69081  28.513  -12.878  49.126 0.0000000000
69134  28.401  -11.732  45.701 0.0000000000
69150  28.575  -12.626  45.269 0.0000000000
70330  34.609  -11.036  39.686 0.0000000000
71401  42.144  -10.929  40.097 0.0000000000
76750  38.240  -5.206  39.638 0.0000000000
76833  50.370  -5.284  33.727 0.0000000000
77794  38.564  -4.869  39.362 0.0000000000
77815  40.493  -4.610  37.450 0.0000000000
77855  50.608  -5.300  33.710 0.0000000000
81442  47.054  -0.793  35.803 0.0000000000
82509  44.760  -0.952  35.713 0.0000000000
82519  46.896  -0.677  35.345 0.0000000000
82531  45.605  -1.285  34.907 0.0000000000
